<!DOCTYPE html>
<html lang="en">
<head>
<link rel="stylesheet" type="text/css" href="/assets/62ff72f1/jquery.jqplot.min.css" media="screen, projection, print" />
<style type="text/css">
/*<![CDATA[*/
.jqplot-title {font-size:1.8em;padding:3px;}.jqplot-xaxis {font-size:0.8em;padding-top:3px;}.jqplot-yaxis {font-size:0.8em;padding-right:3px;}
/*]]>*/
</style>
<!--[if lt IE 9]><script type="text/javascript" src="/assets/62ff72f1/excanvas.min.js"></script></script><![endif]-->
<script type="text/javascript" src="/assets/780cfc96/jquery.min.js"></script>
<script type="text/javascript" src="/assets/62ff72f1/jquery.min.js"></script>
<script type="text/javascript" src="/assets/62ff72f1/jquery.jqplot.min.js"></script>
<script type="text/javascript">
/*<![CDATA[*/
var jqplots = [];

/*]]>*/
</script>
<title>Airfoil polar plot</title>
<meta http-equiv="Content-Language" content="en-gb"/>
<meta http-equiv="Content-Type" content="text/html; charset=windows-1252"/>
<meta content="none" name="robots" />
<meta name="copyright" content="Copyright 2010-2013. All Rights Reserved" />
</head>
<body>

<table style="width:800px;">
<tr><td>
<div id="liftdrag" style="height:400px;width:398px;margin:auto;display:inline-block;"></div>
</td><td>
<div id="liftaoa" style="height:400px;width:398px;margin:auto;display:inline-block;"></div>
</td></tr>
<tr><td>
<div id="effaoa" style="height:400px;width:398px;margin:auto;display:inline-block;"></div>
</td><td>
<div id="dragaoa" style="height:400px;width:398px;margin:auto;display:inline-block;"></div>
</td></tr>
<tr><td>
<div id="momentaoa" style="height:400px;width:398px;margin:auto;display:inline-block;"></div>
</td><td>
</td></tr>

</table>
<script type="text/javascript">
/*<![CDATA[*/
jQuery(window).load(function() {
var p = $.jqplot('liftdrag',[[[0.09748,-0.4701],[0.09438,-0.4664],[0.09154,-0.4659],[0.08759,-0.4551],[0.08413,-0.4557],[0.05895,-0.6138],[0.05312,-0.6030],[0.04890,-0.5904],[0.04482,-0.5789],[0.04133,-0.5645],[0.03805,-0.5456],[0.03522,-0.5254],[0.03275,-0.5040],[0.03063,-0.4819],[0.02896,-0.4595],[0.02719,-0.4380],[0.02582,-0.4157],[0.02444,-0.3948],[0.02322,-0.3755],[0.02186,-0.3576],[0.01839,-0.3512],[0.01918,-0.3605],[0.01999,-0.3652],[0.02306,-0.1838],[0.02203,-0.1089],[0.02096,-0.0414],[0.02043,-0.0165],[0.02034,-0.0247],[0.02028,-0.0371],[0.02018,-0.0517],[0.01999,-0.0676],[0.01972,-0.0841],[0.01940,-0.0975],[0.01926,-0.0972],[0.01934,-0.0843],[0.01958,-0.0664],[0.01991,-0.0469],[0.02031,-0.0268],[0.02077,-0.0064],[0.02129,0.0138],[0.02191,0.0362],[0.02305,0.0811],[0.02415,0.1239],[0.02521,0.1645],[0.02626,0.2042],[0.02728,0.2424],[0.02829,0.2801],[0.02928,0.3172],[0.03025,0.3544],[0.03120,0.3945],[0.03210,0.4421],[0.03292,0.4708],[0.03334,0.5236],[0.03295,0.5772],[0.02243,0.6805],[0.02044,0.6853],[0.02437,0.6752],[0.02659,0.6915],[0.02844,0.7183],[0.03046,0.7524],[0.03262,0.7863],[0.03548,0.8188],[0.03781,0.8440],[0.04047,0.8670],[0.04369,0.8884],[0.04733,0.9068],[0.05134,0.9222],[0.05604,0.9398],[0.06054,0.9294],[0.06590,0.9361],[0.07169,0.9094],[0.07775,0.9018],[0.08420,0.8494],[0.09392,0.8109],],[[0.09208,-0.4652],[0.08783,-0.4470],[0.09036,-0.5520],[0.08670,-0.5424],[0.08227,-0.5625],[0.07902,-0.5491],[0.07352,-0.5866],[0.07069,-0.5673],[0.06687,-0.5701],[0.06382,-0.5686],[0.04111,-0.5938],[0.03760,-0.5765],[0.03376,-0.5601],[0.03175,-0.5403],[0.02941,-0.5213],[0.02681,-0.5029],[0.02512,-0.4830],[0.02364,-0.4629],[0.02221,-0.4430],[0.02099,-0.4236],[0.01999,-0.4045],[0.01914,-0.3857],[0.01844,-0.3668],[0.01764,-0.3477],[0.01695,-0.3274],[0.01383,-0.3088],[0.01387,-0.2963],[0.01414,-0.2821],[0.01466,-0.2664],[0.01550,-0.2472],[0.01606,-0.2293],[0.01632,-0.2007],[0.01645,-0.1613],[0.01649,-0.1228],[0.01659,-0.0702],[0.01662,-0.0212],[0.01666,0.0408],[0.01665,0.1041],[0.01654,0.1702],[0.01635,0.2354],[0.01613,0.2945],[0.01579,0.3560],[0.01574,0.3799],[0.01575,0.4011],[0.01583,0.4203],[0.01596,0.4380],[0.01614,0.4553],[0.01631,0.4735],[0.01642,0.4944],[0.01648,0.5170],[0.01648,0.5384],[0.01586,0.5612],[0.01502,0.5825],[0.01425,0.6026],[0.01388,0.6235],[0.01382,0.6448],[0.01560,0.6472],[0.01846,0.6553],[0.01972,0.6747],[0.02089,0.6955],[0.02232,0.7174],[0.02350,0.7424],[0.02499,0.7689],[0.02674,0.7966],[0.02877,0.8248],[0.03100,0.8523],[0.03336,0.8784],[0.03617,0.9011],[0.03891,0.9219],[0.04287,0.9370],[0.04767,0.9513],[0.05480,0.9611],[0.11135,0.8305],[0.11917,0.7691],[0.12249,0.6480],],[[0.09075,-0.4609],[0.08983,-0.5610],[0.08597,-0.5593],[0.08121,-0.5622],[0.07419,-0.5750],[0.06830,-0.5953],[0.06385,-0.6099],[0.05948,-0.6197],[0.05884,-0.6341],[0.05044,-0.6309],[0.04816,-0.6152],[0.04531,-0.6170],[0.04199,-0.6008],[0.03256,-0.5918],[0.02972,-0.5774],[0.02744,-0.5616],[0.02605,-0.5452],[0.02418,-0.5294],[0.02226,-0.5129],[0.02084,-0.4955],[0.01973,-0.4728],[0.01882,-0.4325],[0.01735,-0.3956],[0.01595,-0.3579],[0.01486,-0.3205],[0.01410,-0.2818],[0.01349,-0.2390],[0.01263,-0.2033],[0.01023,-0.1709],[0.01009,-0.1383],[0.01003,-0.1023],[0.01010,-0.0746],[0.01019,-0.0465],[0.01020,-0.0173],[0.01025,0.0071],[0.01024,0.0333],[0.01016,0.0609],[0.01015,0.0867],[0.01014,0.1118],[0.01014,0.1376],[0.01017,0.1626],[0.01020,0.1870],[0.01022,0.2108],[0.01024,0.2342],[0.01025,0.2573],[0.01024,0.2804],[0.01021,0.3035],[0.01017,0.3286],[0.01011,0.3584],[0.01004,0.3940],[0.00984,0.4324],[0.00960,0.4723],[0.00947,0.5116],[0.00948,0.5284],[0.00953,0.5479],[0.00968,0.5707],[0.00999,0.5936],[0.01405,0.6175],[0.01558,0.6653],[0.01635,0.6888],[0.01722,0.7119],[0.01820,0.7348],[0.01936,0.7578],[0.02069,0.7821],[0.02219,0.8077],[0.02373,0.8342],[0.02583,0.8605],[0.02860,0.8857],[0.03045,0.9104],[0.03208,0.9344],[0.03462,0.9560],[0.03788,0.9744],[0.15763,0.7977],[0.16192,0.8017],],[[0.06088,-0.6413],[0.05575,-0.6635],[0.05158,-0.6833],[0.04596,-0.6996],[0.04060,-0.7056],[0.03497,-0.7083],[0.03008,-0.7045],[0.02839,-0.6898],[0.02383,-0.6830],[0.02328,-0.6637],[0.02222,-0.6457],[0.02176,-0.6268],[0.01907,-0.6108],[0.01857,-0.5745],[0.01760,-0.5383],[0.01730,-0.5017],[0.01569,-0.4661],[0.01443,-0.4303],[0.01342,-0.3972],[0.01253,-0.3624],[0.01175,-0.3335],[0.01115,-0.3060],[0.01067,-0.2799],[0.01024,-0.2545],[0.00989,-0.2289],[0.00960,-0.2031],[0.00939,-0.1768],[0.00921,-0.1502],[0.00863,-0.1241],[0.00731,-0.0998],[0.00678,-0.0739],[0.00671,-0.0464],[0.00665,-0.0186],[0.00654,0.0084],[0.00646,0.0359],[0.00646,0.0636],[0.00645,0.0916],[0.00645,0.1194],[0.00646,0.1469],[0.00646,0.1751],[0.00648,0.2032],[0.00649,0.2309],[0.00649,0.2588],[0.00650,0.2863],[0.00653,0.3137],[0.00655,0.3408],[0.00659,0.3675],[0.00663,0.3941],[0.00671,0.4202],[0.00684,0.4460],[0.00700,0.4714],[0.00731,0.4948],[0.00803,0.5152],[0.00948,0.5309],[0.01046,0.5490],[0.01072,0.5704],[0.01094,0.5954],[0.01126,0.6295],[0.01167,0.6572],[0.01214,0.6841],[0.01267,0.7103],[0.01328,0.7357],[0.01395,0.7604],[0.01471,0.7846],[0.01550,0.8085],[0.01637,0.8321],[0.01733,0.8559],[0.01840,0.8799],[0.01961,0.9042],[0.02095,0.9286],[0.02325,0.9516],[0.02522,0.9733],[0.02626,0.9963],[0.02761,1.0180],[0.02843,1.0395],[0.02898,1.0607],[0.03425,1.0686],[0.03457,1.0849],[0.03656,1.0979],[0.03849,1.1087],[0.03969,1.1214],[0.04038,1.1359],[0.04376,1.1331],[0.04858,1.1097],[0.05343,1.0798],[0.05744,1.0602],[0.06231,1.0377],[0.06813,1.0131],[0.07239,1.0034],[0.07874,0.9846],[0.08503,0.9712],[0.14073,0.8258],[0.14514,0.8288],],[[0.07479,-0.8792],[0.05971,-0.9188],[0.04873,-0.9614],[0.04295,-0.9818],[0.03889,-0.9952],[0.03423,-1.0224],[0.03137,-1.0391],[0.02905,-1.0394],[0.02518,-1.0467],[0.02288,-1.0385],[0.02156,-1.0221],[0.02058,-1.0027],[0.01981,-0.9817],[0.01920,-0.9595],[0.01852,-0.9374],[0.01775,-0.9155],[0.01701,-0.8935],[0.01627,-0.8714],[0.01643,-0.8451],[0.01654,-0.8195],[0.01655,-0.7948],[0.01674,-0.7699],[0.01610,-0.7497],[0.01616,-0.7273],[0.01612,-0.7004],[0.01606,-0.6649],[0.01637,-0.6280],[0.01417,-0.5989],[0.01368,-0.5648],[0.01318,-0.5315],[0.01278,-0.5003],[0.01248,-0.4715],[0.01259,-0.4443],[0.01133,-0.4227],[0.01074,-0.3993],[0.01028,-0.3754],[0.00988,-0.3502],[0.00953,-0.3241],[0.00918,-0.2975],[0.00888,-0.2704],[0.00863,-0.2428],[0.00840,-0.2152],[0.00818,-0.1872],[0.00801,-0.1593],[0.00784,-0.1311],[0.00771,-0.1030],[0.00751,-0.0749],[0.00682,-0.0476],[0.00595,-0.0207],[0.00552,0.0070],[0.00534,0.0352],[0.00534,0.0636],[0.00526,0.0920],[0.00521,0.1203],[0.00517,0.1488],[0.00516,0.1772],[0.00517,0.2054],[0.00519,0.2336],[0.00522,0.2620],[0.00525,0.2903],[0.00530,0.3184],[0.00541,0.3461],[0.00557,0.3734],[0.00580,0.4003],[0.00622,0.4261],[0.00729,0.4485],[0.00831,0.4715],[0.00884,0.4969],[0.00902,0.5241],[0.00917,0.5513],[0.00935,0.5783],[0.00956,0.6051],[0.00978,0.6313],[0.01004,0.6569],[0.01034,0.6820],[0.01067,0.7063],[0.01103,0.7295],[0.01141,0.7514],[0.01179,0.7730],[0.01234,0.8013],[0.01294,0.8265],[0.01361,0.8512],[0.01433,0.8755],[0.01511,0.8995],[0.01624,0.9219],[0.01848,0.9425],[0.01837,0.9686],[0.01872,0.9938],[0.01934,1.0180],[0.02002,1.0417],[0.02062,1.0651],[0.02116,1.0881],[0.02182,1.1102],[0.02495,1.1244],[0.02457,1.1485],[0.02472,1.1712],[0.02509,1.1927],[0.02515,1.2147],[0.02518,1.2366],[0.02520,1.2582],[0.02641,1.2717],[0.02641,1.2936],[0.02673,1.3130],[0.02695,1.3306],[0.02738,1.3449],[0.02734,1.3644],[0.02760,1.3814],[0.02837,1.3929],[0.02993,1.3963],[0.03145,1.4011],[0.03346,1.4017],[0.03526,1.4055],[0.03727,1.4081],[0.03955,1.4093],[0.04239,1.4065],[0.04522,1.4052],[0.04854,1.4013],[0.05175,1.3996],[0.05669,1.3867],[0.06151,1.3770],[0.06888,1.3536],[0.07724,1.3290],[0.08640,1.3043],[0.10969,1.2233],],],
{"title":"Cl v Cd","sortData":false,"legend":{"show":false,"placement":"insideGrid","location":"ne"},"series":[{"showLabel":true,"index":0,"showLine":true,"trendline":{"type":"none","show":false},"color":"#4bb2c5"},{"showLabel":true,"index":0,"showLine":true,"trendline":{"type":"none","show":false},"color":"#EAA228"},{"showLabel":true,"index":0,"showLine":true,"trendline":{"type":"none","show":false},"color":"#839557"},{"showLabel":true,"index":0,"showLine":true,"trendline":{"type":"none","show":false},"color":"#953579"},{"showLabel":true,"index":0,"showLine":true,"trendline":{"type":"none","show":false},"color":"#d8b83f"}],"show":"$.jqplot.config.enablePlugins","axes":{"xaxis":{"max":0.18,"min":0,"tickInterval":0.02,"tickOptions":{"formatString":"%.2f"},"forceTickAt0":true,"rendererOptions":{"forceTickAt0":true}},"yaxis":{"max":1.5,"min":-1.5,"tickInterval":0.5,"tickOptions":{"formatString":"%.2f"},"forceTickAt0":true,"rendererOptions":{"forceTickAt0":true}}},"seriesDefaults":{"lineWidth":1,"showLabel":true,"markerOptions":{"size":5,"show":false}}});
jqplots.push(p);

var p = $.jqplot('liftaoa',[[[-8.500,-0.4701],[-8.250,-0.4664],[-8.000,-0.4659],[-7.750,-0.4551],[-7.500,-0.4557],[-7.250,-0.6138],[-7.000,-0.6030],[-6.750,-0.5904],[-6.500,-0.5789],[-6.250,-0.5645],[-6.000,-0.5456],[-5.750,-0.5254],[-5.500,-0.5040],[-5.250,-0.4819],[-5.000,-0.4595],[-4.750,-0.4380],[-4.500,-0.4157],[-4.250,-0.3948],[-4.000,-0.3755],[-3.750,-0.3576],[-3.500,-0.3512],[-3.250,-0.3605],[-3.000,-0.3652],[-2.750,-0.1838],[-2.500,-0.1089],[-2.250,-0.0414],[-2.000,-0.0165],[-1.750,-0.0247],[-1.500,-0.0371],[-1.250,-0.0517],[-1.000,-0.0676],[-0.750,-0.0841],[-0.500,-0.0975],[-0.250,-0.0972],[0.000,-0.0843],[0.250,-0.0664],[0.500,-0.0469],[0.750,-0.0268],[1.000,-0.0064],[1.250,0.0138],[1.500,0.0362],[1.750,0.0811],[2.000,0.1239],[2.250,0.1645],[2.500,0.2042],[2.750,0.2424],[3.000,0.2801],[3.250,0.3172],[3.500,0.3544],[3.750,0.3945],[4.000,0.4421],[4.250,0.4708],[4.500,0.5236],[4.750,0.5772],[5.000,0.6805],[5.250,0.6853],[5.500,0.6752],[5.750,0.6915],[6.000,0.7183],[6.250,0.7524],[6.500,0.7863],[6.750,0.8188],[7.000,0.8440],[7.250,0.8670],[7.500,0.8884],[7.750,0.9068],[8.000,0.9222],[8.250,0.9398],[8.500,0.9294],[8.750,0.9361],[9.000,0.9094],[9.250,0.9018],[9.500,0.8494],[9.750,0.8109],],[[-9.500,-0.4652],[-9.250,-0.4470],[-9.000,-0.5520],[-8.750,-0.5424],[-8.500,-0.5625],[-8.250,-0.5491],[-8.000,-0.5866],[-7.750,-0.5673],[-7.500,-0.5701],[-7.250,-0.5686],[-6.750,-0.5938],[-6.500,-0.5765],[-6.250,-0.5601],[-6.000,-0.5403],[-5.750,-0.5213],[-5.500,-0.5029],[-5.250,-0.4830],[-5.000,-0.4629],[-4.750,-0.4430],[-4.500,-0.4236],[-4.250,-0.4045],[-4.000,-0.3857],[-3.750,-0.3668],[-3.500,-0.3477],[-3.250,-0.3274],[-3.000,-0.3088],[-2.750,-0.2963],[-2.500,-0.2821],[-2.250,-0.2664],[-2.000,-0.2472],[-1.750,-0.2293],[-1.500,-0.2007],[-1.250,-0.1613],[-1.000,-0.1228],[-0.750,-0.0702],[-0.500,-0.0212],[-0.250,0.0408],[0.000,0.1041],[0.250,0.1702],[0.500,0.2354],[0.750,0.2945],[1.000,0.3560],[1.250,0.3799],[1.500,0.4011],[1.750,0.4203],[2.000,0.4380],[2.250,0.4553],[2.500,0.4735],[2.750,0.4944],[3.000,0.5170],[3.250,0.5384],[3.500,0.5612],[3.750,0.5825],[4.000,0.6026],[4.250,0.6235],[4.500,0.6448],[4.750,0.6472],[5.000,0.6553],[5.250,0.6747],[5.500,0.6955],[5.750,0.7174],[6.000,0.7424],[6.250,0.7689],[6.500,0.7966],[6.750,0.8248],[7.000,0.8523],[7.250,0.8784],[7.500,0.9011],[7.750,0.9219],[8.000,0.9370],[8.250,0.9513],[8.500,0.9611],[10.500,0.8305],[10.750,0.7691],[11.000,0.6480],],[[-10.000,-0.4609],[-9.750,-0.5610],[-9.500,-0.5593],[-9.250,-0.5622],[-9.000,-0.5750],[-8.750,-0.5953],[-8.500,-0.6099],[-8.250,-0.6197],[-8.000,-0.6341],[-7.750,-0.6309],[-7.500,-0.6152],[-7.250,-0.6170],[-7.000,-0.6008],[-6.750,-0.5918],[-6.500,-0.5774],[-6.250,-0.5616],[-6.000,-0.5452],[-5.750,-0.5294],[-5.500,-0.5129],[-5.250,-0.4955],[-5.000,-0.4728],[-4.750,-0.4325],[-4.500,-0.3956],[-4.250,-0.3579],[-4.000,-0.3205],[-3.750,-0.2818],[-3.500,-0.2390],[-3.250,-0.2033],[-3.000,-0.1709],[-2.750,-0.1383],[-2.500,-0.1023],[-2.250,-0.0746],[-2.000,-0.0465],[-1.750,-0.0173],[-1.500,0.0071],[-1.250,0.0333],[-1.000,0.0609],[-0.750,0.0867],[-0.500,0.1118],[-0.250,0.1376],[0.000,0.1626],[0.250,0.1870],[0.500,0.2108],[0.750,0.2342],[1.000,0.2573],[1.250,0.2804],[1.500,0.3035],[1.750,0.3286],[2.000,0.3584],[2.250,0.3940],[2.500,0.4324],[2.750,0.4723],[3.000,0.5116],[3.250,0.5284],[3.500,0.5479],[3.750,0.5707],[4.000,0.5936],[4.500,0.6175],[5.000,0.6653],[5.250,0.6888],[5.500,0.7119],[5.750,0.7348],[6.000,0.7578],[6.250,0.7821],[6.500,0.8077],[6.750,0.8342],[7.000,0.8605],[7.250,0.8857],[7.500,0.9104],[7.750,0.9344],[8.000,0.9560],[8.250,0.9744],[13.250,0.7977],[13.500,0.8017],],[[-9.750,-0.6413],[-9.500,-0.6635],[-9.250,-0.6833],[-9.000,-0.6996],[-8.750,-0.7056],[-8.500,-0.7083],[-8.250,-0.7045],[-8.000,-0.6898],[-7.750,-0.6830],[-7.500,-0.6637],[-7.250,-0.6457],[-7.000,-0.6268],[-6.750,-0.6108],[-6.500,-0.5745],[-6.250,-0.5383],[-6.000,-0.5017],[-5.750,-0.4661],[-5.500,-0.4303],[-5.250,-0.3972],[-5.000,-0.3624],[-4.750,-0.3335],[-4.500,-0.3060],[-4.250,-0.2799],[-4.000,-0.2545],[-3.750,-0.2289],[-3.500,-0.2031],[-3.250,-0.1768],[-3.000,-0.1502],[-2.750,-0.1241],[-2.500,-0.0998],[-2.250,-0.0739],[-2.000,-0.0464],[-1.750,-0.0186],[-1.500,0.0084],[-1.250,0.0359],[-1.000,0.0636],[-0.750,0.0916],[-0.500,0.1194],[-0.250,0.1469],[0.000,0.1751],[0.250,0.2032],[0.500,0.2309],[0.750,0.2588],[1.000,0.2863],[1.250,0.3137],[1.500,0.3408],[1.750,0.3675],[2.000,0.3941],[2.250,0.4202],[2.500,0.4460],[2.750,0.4714],[3.000,0.4948],[3.250,0.5152],[3.500,0.5309],[3.750,0.5490],[4.000,0.5704],[4.250,0.5954],[4.500,0.6295],[4.750,0.6572],[5.000,0.6841],[5.250,0.7103],[5.500,0.7357],[5.750,0.7604],[6.000,0.7846],[6.250,0.8085],[6.500,0.8321],[6.750,0.8559],[7.000,0.8799],[7.250,0.9042],[7.500,0.9286],[7.750,0.9516],[8.000,0.9733],[8.250,0.9963],[8.500,1.0180],[8.750,1.0395],[9.000,1.0607],[9.250,1.0686],[9.500,1.0849],[9.750,1.0979],[10.000,1.1087],[10.250,1.1214],[10.500,1.1359],[10.750,1.1331],[11.000,1.1097],[11.250,1.0798],[11.500,1.0602],[11.750,1.0377],[12.000,1.0131],[12.250,1.0034],[12.500,0.9846],[12.750,0.9712],[13.000,0.8258],[13.250,0.8288],],[[-13.750,-0.8792],[-13.500,-0.9188],[-13.250,-0.9614],[-13.000,-0.9818],[-12.750,-0.9952],[-12.500,-1.0224],[-12.250,-1.0391],[-12.000,-1.0394],[-11.750,-1.0467],[-11.500,-1.0385],[-11.250,-1.0221],[-11.000,-1.0027],[-10.750,-0.9817],[-10.500,-0.9595],[-10.250,-0.9374],[-10.000,-0.9155],[-9.750,-0.8935],[-9.500,-0.8714],[-9.250,-0.8451],[-9.000,-0.8195],[-8.750,-0.7948],[-8.500,-0.7699],[-8.250,-0.7497],[-8.000,-0.7273],[-7.750,-0.7004],[-7.500,-0.6649],[-7.250,-0.6280],[-7.000,-0.5989],[-6.750,-0.5648],[-6.500,-0.5315],[-6.250,-0.5003],[-6.000,-0.4715],[-5.750,-0.4443],[-5.500,-0.4227],[-5.250,-0.3993],[-5.000,-0.3754],[-4.750,-0.3502],[-4.500,-0.3241],[-4.250,-0.2975],[-4.000,-0.2704],[-3.750,-0.2428],[-3.500,-0.2152],[-3.250,-0.1872],[-3.000,-0.1593],[-2.750,-0.1311],[-2.500,-0.1030],[-2.250,-0.0749],[-2.000,-0.0476],[-1.750,-0.0207],[-1.500,0.0070],[-1.250,0.0352],[-1.000,0.0636],[-0.750,0.0920],[-0.500,0.1203],[-0.250,0.1488],[0.000,0.1772],[0.250,0.2054],[0.500,0.2336],[0.750,0.2620],[1.000,0.2903],[1.250,0.3184],[1.500,0.3461],[1.750,0.3734],[2.000,0.4003],[2.250,0.4261],[2.500,0.4485],[2.750,0.4715],[3.000,0.4969],[3.250,0.5241],[3.500,0.5513],[3.750,0.5783],[4.000,0.6051],[4.250,0.6313],[4.500,0.6569],[4.750,0.6820],[5.000,0.7063],[5.250,0.7295],[5.500,0.7514],[5.750,0.7730],[6.000,0.8013],[6.250,0.8265],[6.500,0.8512],[6.750,0.8755],[7.000,0.8995],[7.250,0.9219],[7.500,0.9425],[7.750,0.9686],[8.000,0.9938],[8.250,1.0180],[8.500,1.0417],[8.750,1.0651],[9.000,1.0881],[9.250,1.1102],[9.500,1.1244],[9.750,1.1485],[10.000,1.1712],[10.250,1.1927],[10.500,1.2147],[10.750,1.2366],[11.000,1.2582],[11.250,1.2717],[11.500,1.2936],[11.750,1.3130],[12.000,1.3306],[12.250,1.3449],[12.500,1.3644],[12.750,1.3814],[13.000,1.3929],[13.250,1.3963],[13.500,1.4011],[13.750,1.4017],[14.000,1.4055],[14.250,1.4081],[14.500,1.4093],[14.750,1.4065],[15.000,1.4052],[15.250,1.4013],[15.500,1.3996],[15.750,1.3867],[16.000,1.3770],[16.250,1.3536],[16.500,1.3290],[16.750,1.3043],[17.000,1.2233],],],
{"title":"Cl v Alpha","sortData":false,"legend":{"show":false,"placement":"insideGrid","location":"ne"},"series":[{"showLabel":true,"index":0,"showLine":true,"trendline":{"type":"none","show":false},"color":"#4bb2c5"},{"showLabel":true,"index":0,"showLine":true,"trendline":{"type":"none","show":false},"color":"#EAA228"},{"showLabel":true,"index":0,"showLine":true,"trendline":{"type":"none","show":false},"color":"#839557"},{"showLabel":true,"index":0,"showLine":true,"trendline":{"type":"none","show":false},"color":"#953579"},{"showLabel":true,"index":0,"showLine":true,"trendline":{"type":"none","show":false},"color":"#d8b83f"}],"show":"$.jqplot.config.enablePlugins","axes":{"xaxis":{"max":20,"min":-15,"tickInterval":5,"tickOptions":{"formatString":"%.1f"},"forceTickAt0":true,"rendererOptions":{"forceTickAt0":true}},"yaxis":{"max":1.5,"min":-1.5,"tickInterval":0.5,"tickOptions":{"formatString":"%.2f"},"forceTickAt0":true,"rendererOptions":{"forceTickAt0":true}}},"seriesDefaults":{"lineWidth":1,"showLabel":true,"markerOptions":{"size":5,"show":false}}});
jqplots.push(p);

var p = $.jqplot('momentaoa',[[[-8.500,0.0051],[-8.250,0.0052],[-8.000,0.0053],[-7.750,0.0047],[-7.500,0.0038],[-7.250,-0.0379],[-7.000,-0.0386],[-6.750,-0.0383],[-6.500,-0.0380],[-6.250,-0.0373],[-6.000,-0.0364],[-5.750,-0.0353],[-5.500,-0.0342],[-5.250,-0.0330],[-5.000,-0.0317],[-4.750,-0.0304],[-4.500,-0.0288],[-4.250,-0.0270],[-4.000,-0.0250],[-3.750,-0.0233],[-3.500,-0.0204],[-3.250,-0.0085],[-3.000,0.0015],[-2.750,-0.0081],[-2.500,-0.0183],[-2.250,-0.0277],[-2.000,-0.0298],[-1.750,-0.0261],[-1.500,-0.0218],[-1.250,-0.0173],[-1.000,-0.0128],[-0.750,-0.0081],[-0.500,-0.0040],[-0.250,-0.0018],[0.000,-0.0015],[0.250,-0.0018],[0.500,-0.0023],[0.750,-0.0029],[1.000,-0.0034],[1.250,-0.0040],[1.500,-0.0049],[1.750,-0.0100],[2.000,-0.0146],[2.250,-0.0187],[2.500,-0.0225],[2.750,-0.0259],[3.000,-0.0291],[3.250,-0.0320],[3.500,-0.0348],[3.750,-0.0378],[4.000,-0.0416],[4.250,-0.0423],[4.500,-0.0456],[4.750,-0.0473],[5.000,-0.0355],[5.250,-0.0248],[5.500,-0.0190],[5.750,-0.0172],[6.000,-0.0163],[6.250,-0.0161],[6.500,-0.0161],[6.750,-0.0163],[7.000,-0.0155],[7.250,-0.0147],[7.500,-0.0138],[7.750,-0.0128],[8.000,-0.0118],[8.250,-0.0114],[8.500,-0.0095],[8.750,-0.0091],[9.000,-0.0091],[9.250,-0.0099],[9.500,-0.0126],[9.750,-0.0204],],[[-9.500,-0.0194],[-9.250,-0.0176],[-9.000,-0.0198],[-8.750,-0.0188],[-8.500,-0.0239],[-8.250,-0.0218],[-8.000,-0.0300],[-7.750,-0.0267],[-7.500,-0.0277],[-7.250,-0.0275],[-6.750,-0.0386],[-6.500,-0.0374],[-6.250,-0.0361],[-6.000,-0.0339],[-5.750,-0.0326],[-5.500,-0.0314],[-5.250,-0.0299],[-5.000,-0.0284],[-4.750,-0.0270],[-4.500,-0.0256],[-4.250,-0.0242],[-4.000,-0.0228],[-3.750,-0.0215],[-3.500,-0.0205],[-3.250,-0.0198],[-3.000,-0.0197],[-2.750,-0.0160],[-2.500,-0.0132],[-2.250,-0.0099],[-2.000,-0.0058],[-1.750,-0.0017],[-1.500,-0.0010],[-1.250,-0.0033],[-1.000,-0.0056],[-0.750,-0.0107],[-0.500,-0.0153],[-0.250,-0.0224],[0.000,-0.0298],[0.250,-0.0378],[0.500,-0.0455],[0.750,-0.0523],[1.000,-0.0593],[1.250,-0.0594],[1.500,-0.0589],[1.750,-0.0578],[2.000,-0.0563],[2.250,-0.0547],[2.500,-0.0530],[2.750,-0.0514],[3.000,-0.0500],[3.250,-0.0482],[3.500,-0.0451],[3.750,-0.0413],[4.000,-0.0376],[4.250,-0.0348],[4.500,-0.0327],[4.750,-0.0278],[5.000,-0.0255],[5.250,-0.0242],[5.500,-0.0231],[5.750,-0.0222],[6.000,-0.0216],[6.250,-0.0212],[6.500,-0.0210],[6.750,-0.0208],[7.000,-0.0204],[7.250,-0.0198],[7.500,-0.0186],[7.750,-0.0178],[8.000,-0.0161],[8.250,-0.0148],[8.500,-0.0132],[10.500,-0.0275],[10.750,-0.0403],[11.000,-0.0356],],[[-10.000,-0.0191],[-9.750,-0.0220],[-9.500,-0.0236],[-9.250,-0.0266],[-9.000,-0.0330],[-8.750,-0.0381],[-8.500,-0.0402],[-8.250,-0.0417],[-8.000,-0.0416],[-7.750,-0.0424],[-7.500,-0.0418],[-7.250,-0.0407],[-7.000,-0.0401],[-6.750,-0.0364],[-6.500,-0.0346],[-6.250,-0.0328],[-6.000,-0.0309],[-5.750,-0.0291],[-5.500,-0.0274],[-5.250,-0.0258],[-5.000,-0.0251],[-4.750,-0.0278],[-4.500,-0.0297],[-4.250,-0.0320],[-4.000,-0.0344],[-3.750,-0.0370],[-3.500,-0.0403],[-3.250,-0.0423],[-3.000,-0.0450],[-2.750,-0.0458],[-2.500,-0.0469],[-2.250,-0.0463],[-2.000,-0.0456],[-1.750,-0.0453],[-1.500,-0.0438],[-1.250,-0.0429],[-1.000,-0.0425],[-0.750,-0.0418],[-0.500,-0.0409],[-0.250,-0.0400],[0.000,-0.0393],[0.250,-0.0383],[0.500,-0.0370],[0.750,-0.0358],[1.000,-0.0345],[1.250,-0.0331],[1.500,-0.0318],[1.750,-0.0309],[2.000,-0.0310],[2.250,-0.0323],[2.500,-0.0341],[2.750,-0.0361],[3.000,-0.0383],[3.250,-0.0363],[3.500,-0.0347],[3.750,-0.0338],[4.000,-0.0329],[4.500,-0.0293],[5.000,-0.0284],[5.250,-0.0279],[5.500,-0.0273],[5.750,-0.0266],[6.000,-0.0260],[6.250,-0.0255],[6.500,-0.0251],[6.750,-0.0248],[7.000,-0.0246],[7.250,-0.0244],[7.500,-0.0238],[7.750,-0.0231],[8.000,-0.0221],[8.250,-0.0211],[13.250,-0.0585],[13.500,-0.0608],],[[-9.750,-0.0411],[-9.500,-0.0438],[-9.250,-0.0437],[-9.000,-0.0435],[-8.750,-0.0427],[-8.500,-0.0414],[-8.250,-0.0395],[-8.000,-0.0380],[-7.750,-0.0364],[-7.500,-0.0355],[-7.250,-0.0341],[-7.000,-0.0325],[-6.750,-0.0314],[-6.500,-0.0339],[-6.250,-0.0359],[-6.000,-0.0379],[-5.750,-0.0399],[-5.500,-0.0418],[-5.250,-0.0431],[-5.000,-0.0448],[-4.750,-0.0452],[-4.500,-0.0453],[-4.250,-0.0449],[-4.000,-0.0444],[-3.750,-0.0439],[-3.500,-0.0433],[-3.250,-0.0429],[-3.000,-0.0425],[-2.750,-0.0424],[-2.500,-0.0428],[-2.250,-0.0428],[-2.000,-0.0427],[-1.750,-0.0426],[-1.500,-0.0423],[-1.250,-0.0421],[-1.000,-0.0420],[-0.750,-0.0419],[-0.500,-0.0418],[-0.250,-0.0416],[0.000,-0.0415],[0.250,-0.0415],[0.500,-0.0414],[0.750,-0.0413],[1.000,-0.0411],[1.250,-0.0409],[1.500,-0.0406],[1.750,-0.0402],[2.000,-0.0398],[2.250,-0.0393],[2.500,-0.0388],[2.750,-0.0382],[3.000,-0.0373],[3.250,-0.0360],[3.500,-0.0345],[3.750,-0.0329],[4.000,-0.0315],[4.250,-0.0308],[4.500,-0.0323],[4.750,-0.0325],[5.000,-0.0326],[5.250,-0.0326],[5.500,-0.0324],[5.750,-0.0320],[6.000,-0.0316],[6.250,-0.0311],[6.500,-0.0306],[6.750,-0.0301],[7.000,-0.0296],[7.250,-0.0292],[7.500,-0.0287],[7.750,-0.0284],[8.000,-0.0278],[8.250,-0.0272],[8.500,-0.0265],[8.750,-0.0259],[9.000,-0.0256],[9.250,-0.0243],[9.500,-0.0229],[9.750,-0.0214],[10.000,-0.0200],[10.250,-0.0189],[10.500,-0.0182],[10.750,-0.0162],[11.000,-0.0124],[11.250,-0.0094],[11.500,-0.0084],[11.750,-0.0088],[12.000,-0.0108],[12.250,-0.0130],[12.500,-0.0169],[12.750,-0.0214],[13.000,-0.0537],[13.250,-0.0560],],[[-13.750,-0.0246],[-13.500,-0.0358],[-13.250,-0.0441],[-13.000,-0.0475],[-12.750,-0.0490],[-12.500,-0.0487],[-12.250,-0.0461],[-12.000,-0.0445],[-11.750,-0.0424],[-11.500,-0.0411],[-11.250,-0.0404],[-11.000,-0.0397],[-10.750,-0.0393],[-10.500,-0.0388],[-10.250,-0.0384],[-10.000,-0.0379],[-9.750,-0.0373],[-9.500,-0.0368],[-9.250,-0.0366],[-9.000,-0.0363],[-8.750,-0.0359],[-8.500,-0.0354],[-8.250,-0.0345],[-8.000,-0.0337],[-7.750,-0.0339],[-7.500,-0.0358],[-7.250,-0.0379],[-7.000,-0.0392],[-6.750,-0.0409],[-6.500,-0.0424],[-6.250,-0.0434],[-6.000,-0.0437],[-5.750,-0.0435],[-5.500,-0.0425],[-5.250,-0.0416],[-5.000,-0.0408],[-4.750,-0.0403],[-4.500,-0.0401],[-4.250,-0.0399],[-4.000,-0.0398],[-3.750,-0.0398],[-3.500,-0.0398],[-3.250,-0.0398],[-3.000,-0.0399],[-2.750,-0.0399],[-2.500,-0.0400],[-2.250,-0.0401],[-2.000,-0.0405],[-1.750,-0.0410],[-1.500,-0.0413],[-1.250,-0.0414],[-1.000,-0.0415],[-0.750,-0.0416],[-0.500,-0.0417],[-0.250,-0.0418],[0.000,-0.0419],[0.250,-0.0419],[0.500,-0.0419],[0.750,-0.0420],[1.000,-0.0421],[1.250,-0.0421],[1.500,-0.0421],[1.750,-0.0420],[2.000,-0.0419],[2.250,-0.0417],[2.500,-0.0413],[2.750,-0.0409],[3.000,-0.0406],[3.250,-0.0405],[3.500,-0.0404],[3.750,-0.0402],[4.000,-0.0400],[4.250,-0.0397],[4.500,-0.0393],[4.750,-0.0387],[5.000,-0.0380],[5.250,-0.0370],[5.500,-0.0358],[5.750,-0.0345],[6.000,-0.0350],[6.250,-0.0347],[6.500,-0.0344],[6.750,-0.0340],[7.000,-0.0335],[7.250,-0.0330],[7.500,-0.0321],[7.750,-0.0321],[8.000,-0.0318],[8.250,-0.0315],[8.500,-0.0311],[8.750,-0.0308],[9.000,-0.0304],[9.250,-0.0300],[9.500,-0.0289],[9.750,-0.0285],[10.000,-0.0280],[10.250,-0.0274],[10.500,-0.0269],[10.750,-0.0265],[11.000,-0.0260],[11.250,-0.0247],[11.500,-0.0241],[11.750,-0.0232],[12.000,-0.0220],[12.250,-0.0204],[12.500,-0.0195],[12.750,-0.0184],[13.000,-0.0169],[13.250,-0.0149],[13.500,-0.0133],[13.750,-0.0118],[14.000,-0.0108],[14.250,-0.0100],[14.500,-0.0094],[14.750,-0.0092],[15.000,-0.0093],[15.250,-0.0098],[15.500,-0.0105],[15.750,-0.0122],[16.000,-0.0142],[16.250,-0.0178],[16.500,-0.0224],[16.750,-0.0280],[17.000,-0.0428],],],
{"title":"Cm v Alpha","sortData":false,"legend":{"show":false,"placement":"insideGrid","location":"ne"},"series":[{"showLabel":true,"index":0,"showLine":true,"trendline":{"type":"none","show":false},"color":"#4bb2c5"},{"showLabel":true,"index":0,"showLine":true,"trendline":{"type":"none","show":false},"color":"#EAA228"},{"showLabel":true,"index":0,"showLine":true,"trendline":{"type":"none","show":false},"color":"#839557"},{"showLabel":true,"index":0,"showLine":true,"trendline":{"type":"none","show":false},"color":"#953579"},{"showLabel":true,"index":0,"showLine":true,"trendline":{"type":"none","show":false},"color":"#d8b83f"}],"show":"$.jqplot.config.enablePlugins","axes":{"xaxis":{"max":20,"min":-15,"tickInterval":5,"tickOptions":{"formatString":"%.1f"},"forceTickAt0":true,"rendererOptions":{"forceTickAt0":true}},"yaxis":{"max":0.01,"min":-0.07,"tickInterval":0.01,"tickOptions":{"formatString":"%.2f"},"forceTickAt0":true,"rendererOptions":{"forceTickAt0":true}}},"seriesDefaults":{"lineWidth":1,"showLabel":true,"markerOptions":{"size":5,"show":false}}});
jqplots.push(p);

var p = $.jqplot('dragaoa',[[[-8.500,0.09748],[-8.250,0.09438],[-8.000,0.09154],[-7.750,0.08759],[-7.500,0.08413],[-7.250,0.05895],[-7.000,0.05312],[-6.750,0.04890],[-6.500,0.04482],[-6.250,0.04133],[-6.000,0.03805],[-5.750,0.03522],[-5.500,0.03275],[-5.250,0.03063],[-5.000,0.02896],[-4.750,0.02719],[-4.500,0.02582],[-4.250,0.02444],[-4.000,0.02322],[-3.750,0.02186],[-3.500,0.01839],[-3.250,0.01918],[-3.000,0.01999],[-2.750,0.02306],[-2.500,0.02203],[-2.250,0.02096],[-2.000,0.02043],[-1.750,0.02034],[-1.500,0.02028],[-1.250,0.02018],[-1.000,0.01999],[-0.750,0.01972],[-0.500,0.01940],[-0.250,0.01926],[0.000,0.01934],[0.250,0.01958],[0.500,0.01991],[0.750,0.02031],[1.000,0.02077],[1.250,0.02129],[1.500,0.02191],[1.750,0.02305],[2.000,0.02415],[2.250,0.02521],[2.500,0.02626],[2.750,0.02728],[3.000,0.02829],[3.250,0.02928],[3.500,0.03025],[3.750,0.03120],[4.000,0.03210],[4.250,0.03292],[4.500,0.03334],[4.750,0.03295],[5.000,0.02243],[5.250,0.02044],[5.500,0.02437],[5.750,0.02659],[6.000,0.02844],[6.250,0.03046],[6.500,0.03262],[6.750,0.03548],[7.000,0.03781],[7.250,0.04047],[7.500,0.04369],[7.750,0.04733],[8.000,0.05134],[8.250,0.05604],[8.500,0.06054],[8.750,0.06590],[9.000,0.07169],[9.250,0.07775],[9.500,0.08420],[9.750,0.09392],],[[-9.500,0.09208],[-9.250,0.08783],[-9.000,0.09036],[-8.750,0.08670],[-8.500,0.08227],[-8.250,0.07902],[-8.000,0.07352],[-7.750,0.07069],[-7.500,0.06687],[-7.250,0.06382],[-6.750,0.04111],[-6.500,0.03760],[-6.250,0.03376],[-6.000,0.03175],[-5.750,0.02941],[-5.500,0.02681],[-5.250,0.02512],[-5.000,0.02364],[-4.750,0.02221],[-4.500,0.02099],[-4.250,0.01999],[-4.000,0.01914],[-3.750,0.01844],[-3.500,0.01764],[-3.250,0.01695],[-3.000,0.01383],[-2.750,0.01387],[-2.500,0.01414],[-2.250,0.01466],[-2.000,0.01550],[-1.750,0.01606],[-1.500,0.01632],[-1.250,0.01645],[-1.000,0.01649],[-0.750,0.01659],[-0.500,0.01662],[-0.250,0.01666],[0.000,0.01665],[0.250,0.01654],[0.500,0.01635],[0.750,0.01613],[1.000,0.01579],[1.250,0.01574],[1.500,0.01575],[1.750,0.01583],[2.000,0.01596],[2.250,0.01614],[2.500,0.01631],[2.750,0.01642],[3.000,0.01648],[3.250,0.01648],[3.500,0.01586],[3.750,0.01502],[4.000,0.01425],[4.250,0.01388],[4.500,0.01382],[4.750,0.01560],[5.000,0.01846],[5.250,0.01972],[5.500,0.02089],[5.750,0.02232],[6.000,0.02350],[6.250,0.02499],[6.500,0.02674],[6.750,0.02877],[7.000,0.03100],[7.250,0.03336],[7.500,0.03617],[7.750,0.03891],[8.000,0.04287],[8.250,0.04767],[8.500,0.05480],[10.500,0.11135],[10.750,0.11917],[11.000,0.12249],],[[-10.000,0.09075],[-9.750,0.08983],[-9.500,0.08597],[-9.250,0.08121],[-9.000,0.07419],[-8.750,0.06830],[-8.500,0.06385],[-8.250,0.05948],[-8.000,0.05884],[-7.750,0.05044],[-7.500,0.04816],[-7.250,0.04531],[-7.000,0.04199],[-6.750,0.03256],[-6.500,0.02972],[-6.250,0.02744],[-6.000,0.02605],[-5.750,0.02418],[-5.500,0.02226],[-5.250,0.02084],[-5.000,0.01973],[-4.750,0.01882],[-4.500,0.01735],[-4.250,0.01595],[-4.000,0.01486],[-3.750,0.01410],[-3.500,0.01349],[-3.250,0.01263],[-3.000,0.01023],[-2.750,0.01009],[-2.500,0.01003],[-2.250,0.01010],[-2.000,0.01019],[-1.750,0.01020],[-1.500,0.01025],[-1.250,0.01024],[-1.000,0.01016],[-0.750,0.01015],[-0.500,0.01014],[-0.250,0.01014],[0.000,0.01017],[0.250,0.01020],[0.500,0.01022],[0.750,0.01024],[1.000,0.01025],[1.250,0.01024],[1.500,0.01021],[1.750,0.01017],[2.000,0.01011],[2.250,0.01004],[2.500,0.00984],[2.750,0.00960],[3.000,0.00947],[3.250,0.00948],[3.500,0.00953],[3.750,0.00968],[4.000,0.00999],[4.500,0.01405],[5.000,0.01558],[5.250,0.01635],[5.500,0.01722],[5.750,0.01820],[6.000,0.01936],[6.250,0.02069],[6.500,0.02219],[6.750,0.02373],[7.000,0.02583],[7.250,0.02860],[7.500,0.03045],[7.750,0.03208],[8.000,0.03462],[8.250,0.03788],[13.250,0.15763],[13.500,0.16192],],[[-9.750,0.06088],[-9.500,0.05575],[-9.250,0.05158],[-9.000,0.04596],[-8.750,0.04060],[-8.500,0.03497],[-8.250,0.03008],[-8.000,0.02839],[-7.750,0.02383],[-7.500,0.02328],[-7.250,0.02222],[-7.000,0.02176],[-6.750,0.01907],[-6.500,0.01857],[-6.250,0.01760],[-6.000,0.01730],[-5.750,0.01569],[-5.500,0.01443],[-5.250,0.01342],[-5.000,0.01253],[-4.750,0.01175],[-4.500,0.01115],[-4.250,0.01067],[-4.000,0.01024],[-3.750,0.00989],[-3.500,0.00960],[-3.250,0.00939],[-3.000,0.00921],[-2.750,0.00863],[-2.500,0.00731],[-2.250,0.00678],[-2.000,0.00671],[-1.750,0.00665],[-1.500,0.00654],[-1.250,0.00646],[-1.000,0.00646],[-0.750,0.00645],[-0.500,0.00645],[-0.250,0.00646],[0.000,0.00646],[0.250,0.00648],[0.500,0.00649],[0.750,0.00649],[1.000,0.00650],[1.250,0.00653],[1.500,0.00655],[1.750,0.00659],[2.000,0.00663],[2.250,0.00671],[2.500,0.00684],[2.750,0.00700],[3.000,0.00731],[3.250,0.00803],[3.500,0.00948],[3.750,0.01046],[4.000,0.01072],[4.250,0.01094],[4.500,0.01126],[4.750,0.01167],[5.000,0.01214],[5.250,0.01267],[5.500,0.01328],[5.750,0.01395],[6.000,0.01471],[6.250,0.01550],[6.500,0.01637],[6.750,0.01733],[7.000,0.01840],[7.250,0.01961],[7.500,0.02095],[7.750,0.02325],[8.000,0.02522],[8.250,0.02626],[8.500,0.02761],[8.750,0.02843],[9.000,0.02898],[9.250,0.03425],[9.500,0.03457],[9.750,0.03656],[10.000,0.03849],[10.250,0.03969],[10.500,0.04038],[10.750,0.04376],[11.000,0.04858],[11.250,0.05343],[11.500,0.05744],[11.750,0.06231],[12.000,0.06813],[12.250,0.07239],[12.500,0.07874],[12.750,0.08503],[13.000,0.14073],[13.250,0.14514],],[[-13.750,0.07479],[-13.500,0.05971],[-13.250,0.04873],[-13.000,0.04295],[-12.750,0.03889],[-12.500,0.03423],[-12.250,0.03137],[-12.000,0.02905],[-11.750,0.02518],[-11.500,0.02288],[-11.250,0.02156],[-11.000,0.02058],[-10.750,0.01981],[-10.500,0.01920],[-10.250,0.01852],[-10.000,0.01775],[-9.750,0.01701],[-9.500,0.01627],[-9.250,0.01643],[-9.000,0.01654],[-8.750,0.01655],[-8.500,0.01674],[-8.250,0.01610],[-8.000,0.01616],[-7.750,0.01612],[-7.500,0.01606],[-7.250,0.01637],[-7.000,0.01417],[-6.750,0.01368],[-6.500,0.01318],[-6.250,0.01278],[-6.000,0.01248],[-5.750,0.01259],[-5.500,0.01133],[-5.250,0.01074],[-5.000,0.01028],[-4.750,0.00988],[-4.500,0.00953],[-4.250,0.00918],[-4.000,0.00888],[-3.750,0.00863],[-3.500,0.00840],[-3.250,0.00818],[-3.000,0.00801],[-2.750,0.00784],[-2.500,0.00771],[-2.250,0.00751],[-2.000,0.00682],[-1.750,0.00595],[-1.500,0.00552],[-1.250,0.00534],[-1.000,0.00534],[-0.750,0.00526],[-0.500,0.00521],[-0.250,0.00517],[0.000,0.00516],[0.250,0.00517],[0.500,0.00519],[0.750,0.00522],[1.000,0.00525],[1.250,0.00530],[1.500,0.00541],[1.750,0.00557],[2.000,0.00580],[2.250,0.00622],[2.500,0.00729],[2.750,0.00831],[3.000,0.00884],[3.250,0.00902],[3.500,0.00917],[3.750,0.00935],[4.000,0.00956],[4.250,0.00978],[4.500,0.01004],[4.750,0.01034],[5.000,0.01067],[5.250,0.01103],[5.500,0.01141],[5.750,0.01179],[6.000,0.01234],[6.250,0.01294],[6.500,0.01361],[6.750,0.01433],[7.000,0.01511],[7.250,0.01624],[7.500,0.01848],[7.750,0.01837],[8.000,0.01872],[8.250,0.01934],[8.500,0.02002],[8.750,0.02062],[9.000,0.02116],[9.250,0.02182],[9.500,0.02495],[9.750,0.02457],[10.000,0.02472],[10.250,0.02509],[10.500,0.02515],[10.750,0.02518],[11.000,0.02520],[11.250,0.02641],[11.500,0.02641],[11.750,0.02673],[12.000,0.02695],[12.250,0.02738],[12.500,0.02734],[12.750,0.02760],[13.000,0.02837],[13.250,0.02993],[13.500,0.03145],[13.750,0.03346],[14.000,0.03526],[14.250,0.03727],[14.500,0.03955],[14.750,0.04239],[15.000,0.04522],[15.250,0.04854],[15.500,0.05175],[15.750,0.05669],[16.000,0.06151],[16.250,0.06888],[16.500,0.07724],[16.750,0.08640],[17.000,0.10969],],],
{"title":"Cd v Alpha","sortData":false,"legend":{"show":false,"placement":"insideGrid","location":"ne"},"series":[{"showLabel":true,"index":0,"showLine":true,"trendline":{"type":"none","show":false},"color":"#4bb2c5"},{"showLabel":true,"index":0,"showLine":true,"trendline":{"type":"none","show":false},"color":"#EAA228"},{"showLabel":true,"index":0,"showLine":true,"trendline":{"type":"none","show":false},"color":"#839557"},{"showLabel":true,"index":0,"showLine":true,"trendline":{"type":"none","show":false},"color":"#953579"},{"showLabel":true,"index":0,"showLine":true,"trendline":{"type":"none","show":false},"color":"#d8b83f"}],"show":"$.jqplot.config.enablePlugins","axes":{"xaxis":{"max":20,"min":-15,"tickInterval":5,"tickOptions":{"formatString":"%.1f"},"forceTickAt0":true,"rendererOptions":{"forceTickAt0":true}},"yaxis":{"max":0.18,"min":0,"tickInterval":0.02,"tickOptions":{"formatString":"%.2f"},"forceTickAt0":true,"rendererOptions":{"forceTickAt0":true}}},"seriesDefaults":{"lineWidth":1,"showLabel":true,"markerOptions":{"size":5,"show":false}}});
jqplots.push(p);

var p = $.jqplot('effaoa',[[[-8.500,-4.8225276979893],[-8.250,-4.9417249417249],[-8.000,-5.0895783264147],[-7.750,-5.1957986071469],[-7.500,-5.4166171401403],[-7.250,-10.412213740458],[-7.000,-11.351656626506],[-6.750,-12.073619631902],[-6.500,-12.916108879964],[-6.250,-13.658359545125],[-6.000,-14.339027595269],[-5.750,-14.917660420216],[-5.500,-15.389312977099],[-5.250,-15.732941560562],[-5.000,-15.866712707182],[-4.750,-16.108863552777],[-4.500,-16.099922540666],[-4.250,-16.153846153846],[-4.000,-16.171403962102],[-3.750,-16.358645928637],[-3.500,-19.097335508428],[-3.250,-18.795620437956],[-3.000,-18.269134567284],[-2.750,-7.9705117085863],[-2.500,-4.9432591920109],[-2.250,-1.9751908396947],[-2.000,-0.80763582966226],[-1.750,-1.2143559488692],[-1.500,-1.8293885601578],[-1.250,-2.5619425173439],[-1.000,-3.3816908454227],[-0.750,-4.2647058823529],[-0.500,-5.0257731958763],[-0.250,-5.0467289719626],[0.000,-4.358841778697],[0.250,-3.391215526047],[0.500,-2.3556002009041],[0.750,-1.3195470211718],[1.000,-0.30813673567646],[1.250,0.64819163926726],[1.500,1.6522136010954],[1.750,3.5184381778742],[2.000,5.1304347826087],[2.250,6.5251884172947],[2.500,7.7760853008378],[2.750,8.8856304985337],[3.000,9.9010250972075],[3.250,10.833333333333],[3.500,11.715702479339],[3.750,12.644230769231],[4.000,13.772585669782],[4.250,14.301336573512],[4.500,15.704859028194],[4.750,17.517450682853],[5.000,30.338831921534],[5.250,33.527397260274],[5.500,27.706196142799],[5.750,26.006017299737],[6.000,25.256680731364],[6.250,24.701247537754],[6.500,24.1048436542],[6.750,23.077790304397],[7.000,22.322137000793],[7.250,21.423276501112],[7.500,20.334172579538],[7.750,19.159095710966],[8.000,17.962602259447],[8.250,16.770164168451],[8.500,15.351833498513],[8.750,14.204855842185],[9.000,12.685172269494],[9.250,11.598713826367],[9.500,10.087885985748],[9.750,8.6339437819421],],[[-9.500,-5.0521285838401],[-9.250,-5.0893772059661],[-9.000,-6.1088977423639],[-8.750,-6.2560553633218],[-8.500,-6.8372432235323],[-8.250,-6.94887370286],[-8.000,-7.9787812840044],[-7.750,-8.0251803649738],[-7.500,-8.525497233438],[-7.250,-8.9094327796929],[-6.750,-14.444174166869],[-6.500,-15.332446808511],[-6.250,-16.590639810427],[-6.000,-17.017322834646],[-5.750,-17.725263515811],[-5.500,-18.75792614696],[-5.250,-19.227707006369],[-5.000,-19.581218274112],[-4.750,-19.945970283656],[-4.500,-20.181038589805],[-4.250,-20.235117558779],[-4.000,-20.151515151515],[-3.750,-19.891540130152],[-3.500,-19.710884353741],[-3.250,-19.315634218289],[-3.000,-22.32827187274],[-2.750,-21.362653208363],[-2.500,-19.950495049505],[-2.250,-18.171896316508],[-2.000,-15.948387096774],[-1.750,-14.277708592777],[-1.500,-12.297794117647],[-1.250,-9.8054711246201],[-1.000,-7.4469375379018],[-0.750,-4.2314647377939],[-0.500,-1.2755716004813],[-0.250,2.4489795918367],[0.000,6.2522522522523],[0.250,10.290205562273],[0.500,14.39755351682],[0.750,18.257904525728],[1.000,22.545915136162],[1.250,24.135959339263],[1.500,25.466666666667],[1.750,26.550852811118],[2.000,27.443609022556],[2.250,28.209417596035],[2.500,29.031269160025],[2.750,30.109622411693],[3.000,31.371359223301],[3.250,32.669902912621],[3.500,35.384615384615],[3.750,38.781624500666],[4.000,42.287719298246],[4.250,44.920749279539],[4.500,46.657018813314],[4.750,41.487179487179],[5.000,35.498374864572],[5.250,34.213995943205],[5.500,33.2934418382],[5.750,32.141577060932],[6.000,31.591489361702],[6.250,30.768307322929],[6.500,29.79057591623],[6.750,28.668752172402],[7.000,27.493548387097],[7.250,26.330935251799],[7.500,24.912911252419],[7.750,23.693138010794],[8.000,21.856776300443],[8.250,19.955947136564],[8.500,17.538321167883],[10.500,7.4584643017512],[10.750,6.4538054879584],[11.000,5.2902277736958],],[[-10.000,-5.0787878787879],[-9.750,-6.2451296894133],[-9.500,-6.5057578224962],[-9.250,-6.9227927595124],[-9.000,-7.7503706699016],[-8.750,-8.7159590043924],[-8.500,-9.5520751761942],[-8.250,-10.418628110289],[-8.000,-10.776682528892],[-7.750,-12.507930214116],[-7.500,-12.774086378738],[-7.250,-13.617303023615],[-7.000,-14.308168611574],[-6.750,-18.175675675676],[-6.500,-19.42799461642],[-6.250,-20.466472303207],[-6.000,-20.928982725528],[-5.750,-21.894127377998],[-5.500,-23.041329739443],[-5.250,-23.776391554702],[-5.000,-23.963507349214],[-4.750,-22.98087141339],[-4.500,-22.801152737752],[-4.250,-22.438871473354],[-4.000,-21.56796769852],[-3.750,-19.985815602837],[-3.500,-17.716827279466],[-3.250,-16.096595407759],[-3.000,-16.705767350929],[-2.750,-13.706640237859],[-2.500,-10.199401794616],[-2.250,-7.3861386138614],[-2.000,-4.5632973503435],[-1.750,-1.6960784313725],[-1.500,0.69268292682927],[-1.250,3.251953125],[-1.000,5.994094488189],[-0.750,8.5418719211823],[-0.500,11.025641025641],[-0.250,13.570019723866],[0.000,15.98820058997],[0.250,18.333333333333],[0.500,20.626223091977],[0.750,22.87109375],[1.000,25.10243902439],[1.250,27.3828125],[1.500,29.725759059745],[1.750,32.310717797443],[2.000,35.450049455984],[2.250,39.243027888446],[2.500,43.943089430894],[2.750,49.197916666667],[3.000,54.0232312566],[3.250,55.738396624473],[3.500,57.492130115425],[3.750,58.956611570248],[4.000,59.419419419419],[4.500,43.950177935943],[5.000,42.702182284981],[5.250,42.128440366972],[5.500,41.341463414634],[5.750,40.373626373626],[6.000,39.142561983471],[6.250,37.8008699855],[6.500,36.399278954484],[6.750,35.153813737885],[7.000,33.313975996903],[7.250,30.968531468531],[7.500,29.898193760263],[7.750,29.127182044888],[8.000,27.614095898325],[8.250,25.723336853221],[13.250,5.0605849140392],[13.500,4.9512104743083],],[[-9.750,-10.533837056505],[-9.500,-11.90134529148],[-9.250,-13.247382706475],[-9.000,-15.221932114883],[-8.750,-17.379310344828],[-8.500,-20.254503860452],[-8.250,-23.420877659574],[-8.000,-24.297287777386],[-7.750,-28.661351237935],[-7.500,-28.509450171821],[-7.250,-29.059405940594],[-7.000,-28.805147058824],[-6.750,-32.029365495543],[-6.500,-30.936995153473],[-6.250,-30.585227272727],[-6.000,-29],[-5.750,-29.706819630338],[-5.500,-29.81981981982],[-5.250,-29.597615499255],[-5.000,-28.922585794094],[-4.750,-28.382978723404],[-4.500,-27.443946188341],[-4.250,-26.232427366448],[-4.000,-24.853515625],[-3.750,-23.14459049545],[-3.500,-21.15625],[-3.250,-18.828541001065],[-3.000,-16.308360477742],[-2.750,-14.380069524913],[-2.500,-13.652530779754],[-2.250,-10.899705014749],[-2.000,-6.9150521609538],[-1.750,-2.796992481203],[-1.500,1.2844036697248],[-1.250,5.5572755417957],[-1.000,9.8452012383901],[-0.750,14.201550387597],[-0.500,18.511627906977],[-0.250,22.739938080495],[0.000,27.105263157895],[0.250,31.358024691358],[0.500,35.57781201849],[0.750,39.876733436055],[1.000,44.046153846154],[1.250,48.039816232772],[1.500,52.030534351145],[1.750,55.766312594841],[2.000,59.441930618401],[2.250,62.622950819672],[2.500,65.204678362573],[2.750,67.342857142857],[3.000,67.688098495212],[3.250,64.159402241594],[3.500,56.002109704641],[3.750,52.485659655832],[4.000,53.208955223881],[4.250,54.424131627057],[4.500,55.905861456483],[4.750,56.315338474722],[5.000,56.350906095552],[5.250,56.061562746646],[5.500,55.399096385542],[5.750,54.508960573477],[6.000,53.337865397689],[6.250,52.161290322581],[6.500,50.830788026878],[6.750,49.388343912291],[7.000,47.820652173913],[7.250,46.10912799592],[7.500,44.324582338902],[7.750,40.929032258065],[8.000,38.592386994449],[8.250,37.939832444783],[8.500,36.870699022093],[8.750,36.563489271896],[9.000,36.6011042098],[9.250,31.2],[9.500,31.382701764536],[9.750,30.030087527352],[10.000,28.804884385555],[10.250,28.253968253968],[10.500,28.130262506191],[10.750,25.893510054845],[11.000,22.842733635241],[11.250,20.209620063635],[11.500,18.457520891365],[11.750,16.653827636013],[12.000,14.87010127697],[12.250,13.861030529079],[12.500,12.50444500889],[12.750,11.421851111372],[13.000,5.8679741348682],[13.250,5.71034862891],],[[-13.750,-11.755582297099],[-13.500,-15.387707251717],[-13.250,-19.729119638826],[-13.000,-22.859138533178],[-12.750,-25.5901259964],[-12.500,-29.868536371604],[-12.250,-33.124003825311],[-12.000,-35.779690189329],[-11.750,-41.568705321684],[-11.500,-45.388986013986],[-11.250,-47.407235621521],[-11.000,-48.722060252672],[-10.750,-49.555779909137],[-10.500,-49.973958333333],[-10.250,-50.61555075594],[-10.000,-51.577464788732],[-9.750,-52.527924750147],[-9.500,-53.558696988322],[-9.250,-51.436396835058],[-9.000,-49.546553808948],[-8.750,-48.02416918429],[-8.500,-45.991636798088],[-8.250,-46.565217391304],[-8.000,-45.006188118812],[-7.750,-43.449131513648],[-7.500,-41.40099626401],[-7.250,-38.36285888821],[-7.000,-42.26534932957],[-6.750,-41.286549707602],[-6.500,-40.326251896813],[-6.250,-39.14710485133],[-6.000,-37.780448717949],[-5.750,-35.289912629071],[-5.500,-37.308031774051],[-5.250,-37.178770949721],[-5.000,-36.517509727626],[-4.750,-35.445344129555],[-4.500,-34.008394543547],[-4.250,-32.407407407407],[-4.000,-30.45045045045],[-3.750,-28.134414831981],[-3.500,-25.619047619048],[-3.250,-22.885085574572],[-3.000,-19.887640449438],[-2.750,-16.72193877551],[-2.500,-13.359273670558],[-2.250,-9.9733688415446],[-2.000,-6.9794721407625],[-1.750,-3.4789915966387],[-1.500,1.268115942029],[-1.250,6.5917602996255],[-1.000,11.910112359551],[-0.750,17.490494296578],[-0.500,23.090211132438],[-0.250,28.781431334623],[0.000,34.341085271318],[0.250,39.72920696325],[0.500,45.009633911368],[0.750,50.191570881226],[1.000,55.295238095238],[1.250,60.075471698113],[1.500,63.974121996303],[1.750,67.037701974865],[2.000,69.01724137931],[2.250,68.504823151125],[2.500,61.522633744856],[2.750,56.738868832732],[3.000,56.210407239819],[3.250,58.10421286031],[3.500,60.119956379498],[3.750,61.850267379679],[4.000,63.294979079498],[4.250,64.550102249489],[4.500,65.42828685259],[4.750,65.957446808511],[5.000,66.194939081537],[5.250,66.137805983681],[5.500,65.854513584575],[5.750,65.564037319763],[6.000,64.935170178282],[6.250,63.87171561051],[6.500,62.542248346804],[6.750,61.095603628751],[7.000,59.530112508273],[7.250,56.76724137931],[7.500,51.001082251082],[7.750,52.727272727273],[8.000,53.087606837607],[8.250,52.637021716649],[8.500,52.032967032967],[8.750,51.653734238603],[9.000,51.422495274102],[9.250,50.879926672777],[9.500,45.066132264529],[9.750,46.743996743997],[10.000,47.378640776699],[10.250,47.5368672778],[10.500,48.298210735586],[10.750,49.1104050834],[11.000,49.928571428571],[11.250,48.152215070049],[11.500,48.98144642181],[11.750,49.120838009727],[12.000,49.372912801484],[12.250,49.119795471147],[12.500,49.904901243599],[12.750,50.050724637681],[13.000,49.09763835037],[13.250,46.652188439693],[13.500,44.550079491256],[13.750,41.891811117753],[14.000,39.861032331254],[14.250,37.781057150523],[14.500,35.633375474083],[14.750,33.179995281906],[15.000,31.074745687749],[15.250,28.868974042027],[15.500,27.045410628019],[15.750,24.461104251191],[16.000,22.386603804259],[16.250,19.651567944251],[16.500,17.206110823408],[16.750,15.096064814815],[17.000,11.152338408241],],],
{"title":"Cl\/Cd v Alpha","sortData":false,"legend":{"show":false,"placement":"insideGrid","location":"ne"},"series":[{"showLabel":true,"index":0,"showLine":true,"trendline":{"type":"none","show":false},"color":"#4bb2c5"},{"showLabel":true,"index":0,"showLine":true,"trendline":{"type":"none","show":false},"color":"#EAA228"},{"showLabel":true,"index":0,"showLine":true,"trendline":{"type":"none","show":false},"color":"#839557"},{"showLabel":true,"index":0,"showLine":true,"trendline":{"type":"none","show":false},"color":"#953579"},{"showLabel":true,"index":0,"showLine":true,"trendline":{"type":"none","show":false},"color":"#d8b83f"}],"show":"$.jqplot.config.enablePlugins","axes":{"xaxis":{"max":20,"min":-15,"tickInterval":5,"tickOptions":{"formatString":"%.1f"},"forceTickAt0":true,"rendererOptions":{"forceTickAt0":true}},"yaxis":{"max":80,"min":-60,"tickInterval":20,"tickOptions":{"formatString":"%d"},"forceTickAt0":true,"rendererOptions":{"forceTickAt0":true}}},"seriesDefaults":{"lineWidth":1,"showLabel":true,"markerOptions":{"size":5,"show":false}}});
jqplots.push(p);

});
/*]]>*/
</script>
</body>
</html>