<!DOCTYPE html>
<html lang="en">
<head>
<link rel="stylesheet" type="text/css" href="/assets/62ff72f1/jquery.jqplot.min.css" media="screen, projection, print" />
<style type="text/css">
/*<![CDATA[*/
.jqplot-title {font-size:1.8em;padding:3px;}.jqplot-xaxis {font-size:0.8em;padding-top:3px;}.jqplot-yaxis {font-size:0.8em;padding-right:3px;}
/*]]>*/
</style>
<!--[if lt IE 9]><script type="text/javascript" src="/assets/62ff72f1/excanvas.min.js"></script></script><![endif]-->
<script type="text/javascript" src="/assets/780cfc96/jquery.min.js"></script>
<script type="text/javascript" src="/assets/62ff72f1/jquery.min.js"></script>
<script type="text/javascript" src="/assets/62ff72f1/jquery.jqplot.min.js"></script>
<script type="text/javascript">
/*<![CDATA[*/
var jqplots = [];

/*]]>*/
</script>
<title>Airfoil polar plot</title>
<meta http-equiv="Content-Language" content="en-gb"/>
<meta http-equiv="Content-Type" content="text/html; charset=windows-1252"/>
<meta content="none" name="robots" />
<meta name="copyright" content="Copyright 2010-2013. All Rights Reserved" />
</head>
<body>

<table style="width:800px;">
<tr><td>
<div id="liftdrag" style="height:400px;width:398px;margin:auto;display:inline-block;"></div>
</td><td>
<div id="liftaoa" style="height:400px;width:398px;margin:auto;display:inline-block;"></div>
</td></tr>
<tr><td>
<div id="effaoa" style="height:400px;width:398px;margin:auto;display:inline-block;"></div>
</td><td>
<div id="dragaoa" style="height:400px;width:398px;margin:auto;display:inline-block;"></div>
</td></tr>
<tr><td>
<div id="momentaoa" style="height:400px;width:398px;margin:auto;display:inline-block;"></div>
</td><td>
</td></tr>

</table>
<script type="text/javascript">
/*<![CDATA[*/
jQuery(window).load(function() {
var p = $.jqplot('liftdrag',[[[0.12267,-0.2982],[0.11935,-0.2755],[0.11916,-0.2992],[0.11479,-0.2706],[0.10474,-0.3613],[0.10095,-0.3604],[0.09700,-0.3710],[0.09312,-0.3894],[0.08835,-0.4244],[0.08846,-0.3907],[0.08510,-0.4108],[0.07973,-0.4622],[0.08093,-0.4190],[0.07738,-0.4505],[0.06724,-0.5754],[0.05462,-0.7731],[0.06548,-0.5731],[0.04951,-0.8460],[0.05914,-0.6417],[0.04711,-0.8631],[0.04994,-0.7941],[0.04431,-0.8870],[0.04659,-0.8262],[0.04389,-0.8598],[0.04377,-0.8435],[0.04291,-0.8412],[0.04125,-0.8563],[0.04191,-0.8283],[0.04184,-0.8145],[0.04119,-0.8120],[0.04049,-0.8119],[0.04153,-0.7815],[0.04220,-0.7589],[0.04237,-0.7462],[0.04489,-0.6693],[0.04652,-0.6108],[0.04901,-0.5317],[0.05228,-0.4185],[0.05352,-0.3556],[0.05371,-0.3305],[0.05628,-0.2163],[0.05733,-0.1457],[0.05787,-0.0776],[0.05787,-0.0674],[0.05811,0.0000],[0.05787,0.0673],[0.05787,0.0772],[0.05734,0.1450],[0.05628,0.2162],[0.05370,0.3303],[0.05350,0.3558],[0.05222,0.4197],[0.04902,0.5307],[0.04648,0.6115],[0.04493,0.6683],[0.04244,0.7443],[0.04219,0.7587],[0.04150,0.7819],[0.04049,0.8116],[0.04115,0.8123],[0.04182,0.8145],[0.04188,0.8284],[0.04120,0.8566],[0.04293,0.8406],[0.04373,0.8437],[0.04382,0.8605],[0.04658,0.8262],[0.04430,0.8872],[0.04991,0.7944],[0.04706,0.8639],[0.05872,0.6487],[0.04950,0.8453],[0.06516,0.5770],[0.07422,0.4591],[0.06689,0.5795],[0.07728,0.4513],[0.08095,0.4184],[0.07961,0.4636],[0.08500,0.4116],[0.08827,0.3923],[0.08828,0.4250],[0.09303,0.3891],[0.09691,0.3713],[0.10086,0.3605],[0.10467,0.3600],],[[0.17853,-0.4740],[0.08888,-0.9007],[0.07792,-0.9645],[0.07321,-0.9631],[0.06468,-1.0241],[0.05888,-1.0688],[0.06023,-1.0271],[0.05676,-1.0478],[0.05262,-1.0830],[0.05212,-1.0650],[0.05027,-1.0731],[0.04735,-1.1029],[0.04664,-1.0897],[0.04536,-1.0945],[0.04335,-1.1206],[0.04249,-1.1108],[0.04166,-1.1098],[0.04032,-1.1308],[0.03926,-1.1348],[0.03875,-1.1209],[0.03785,-1.1379],[0.03711,-1.1667],[0.03642,-1.1352],[0.03584,-1.1483],[0.03525,-1.1730],[0.03455,-1.1542],[0.03400,-1.1586],[0.03333,-1.1781],[0.03279,-1.1562],[0.03224,-1.1646],[0.03172,-1.1575],[0.03130,-1.1576],[0.03077,-1.1546],[0.03043,-1.1479],[0.02989,-1.1466],[0.02957,-1.1343],[0.02904,-1.1358],[0.02868,-1.1170],[0.02826,-1.1107],[0.02785,-1.0993],[0.02755,-1.0883],[0.02714,-1.0811],[0.02723,-1.0390],[0.02711,-1.0010],[0.02704,-0.9663],[0.02699,-0.9254],[0.02685,-0.8939],[0.02689,-0.8535],[0.02671,-0.8308],[0.02672,-0.7935],[0.02661,-0.7687],[0.02661,-0.7386],[0.02658,-0.7070],[0.02661,-0.6736],[0.02657,-0.6405],[0.02647,-0.5901],[0.02637,-0.5811],[0.02617,-0.5343],[0.02636,-0.5138],[0.02618,-0.4657],[0.02619,-0.4570],[0.02624,-0.4014],[0.02606,-0.3414],[0.02613,-0.3456],[0.02612,-0.2715],[0.02587,-0.2079],[0.02624,-0.2008],[0.02631,-0.1221],[0.02608,-0.0559],[0.02678,0.0003],[0.02640,0.1030],[0.02629,0.1223],[0.02624,0.2006],[0.02586,0.2080],[0.02611,0.2715],[0.02613,0.3458],[0.02605,0.3414],[0.02624,0.4016],[0.02619,0.4661],[0.02636,0.5139],[0.02617,0.5344],[0.02637,0.5810],[0.02646,0.5898],[0.02656,0.6403],[0.02661,0.6736],[0.02658,0.7071],[0.02660,0.7384],[0.02661,0.7685],[0.02673,0.7932],[0.02670,0.8307],[0.02688,0.8536],[0.02685,0.8940],[0.02698,0.9257],[0.02703,0.9662],[0.02710,1.0012],[0.02722,1.0389],[0.02713,1.0809],[0.02753,1.0881],[0.02784,1.0992],[0.02825,1.1105],[0.02867,1.1169],[0.02903,1.1357],[0.02957,1.1342],[0.02987,1.1466],[0.03042,1.1479],[0.03076,1.1546],[0.03129,1.1573],[0.03171,1.1574],[0.03223,1.1647],[0.03278,1.1561],[0.03333,1.1781],[0.03399,1.1586],[0.03454,1.1543],[0.03524,1.1731],[0.03583,1.1483],[0.03640,1.1352],[0.03710,1.1665],[0.03785,1.1381],[0.03873,1.1210],[0.03920,1.1368],[0.04032,1.1315],[0.04164,1.1102],[0.04245,1.1121],[0.04335,1.1208],[0.04533,1.0951],[0.04660,1.0909],[0.04736,1.1028],[0.05024,1.0741],[0.05206,1.0668],[0.05259,1.0840],[0.05673,1.0490],[0.06015,1.0291],[0.05892,1.0689],[0.06468,1.0251],[0.07312,0.9650],[0.07257,1.0166],[0.08518,0.9304],[0.17877,0.4757],],[[0.08839,-1.0724],[0.08546,-1.0727],[0.08173,-1.0790],[0.07759,-1.0890],[0.07481,-1.0896],[0.07297,-1.0830],[0.07026,-1.0833],[0.06712,-1.0876],[0.06366,-1.0953],[0.06257,-1.0833],[0.06033,-1.0813],[0.05762,-1.0839],[0.05564,-1.0804],[0.05377,-1.0767],[0.05135,-1.0783],[0.04954,-1.0746],[0.04750,-1.0742],[0.04525,-1.0763],[0.04354,-1.0739],[0.04156,-1.0752],[0.03986,-1.0743],[0.03820,-1.0745],[0.03667,-1.0737],[0.03530,-1.0731],[0.03402,-1.0724],[0.03288,-1.0702],[0.03185,-1.0687],[0.03088,-1.0681],[0.02999,-1.0658],[0.02920,-1.0649],[0.02846,-1.0662],[0.02775,-1.0658],[0.02714,-1.0659],[0.02659,-1.0693],[0.02608,-1.0745],[0.02555,-1.0744],[0.02516,-1.0808],[0.02484,-1.0901],[0.02438,-1.0908],[0.02407,-1.0968],[0.02384,-1.1053],[0.02337,-1.0789],[0.02314,-1.0501],[0.02266,-1.0226],[0.02244,-0.9938],[0.02205,-0.9642],[0.02178,-0.9392],[0.02141,-0.9029],[0.02111,-0.8807],[0.02074,-0.8481],[0.02037,-0.8091],[0.02005,-0.7902],[0.01966,-0.7565],[0.01919,-0.7169],[0.01891,-0.7025],[0.01846,-0.6676],[0.01793,-0.6274],[0.01766,-0.6162],[0.01717,-0.5778],[0.01671,-0.5345],[0.01653,-0.5214],[0.01615,-0.4852],[0.01576,-0.4456],[0.01564,-0.4316],[0.01530,-0.3944],[0.01511,-0.3703],[0.01486,-0.3407],[0.01453,-0.3005],[0.01447,-0.2859],[0.01418,-0.2469],[0.01412,-0.2318],[0.01387,-0.1934],[0.01381,-0.1785],[0.01364,-0.1452],[0.01352,-0.1239],[0.01343,-0.0994],[0.01331,-0.0699],[0.01327,-0.0522],[0.01324,-0.0225],[0.01321,0.0000],[0.01324,0.0225],[0.01327,0.0521],[0.01331,0.0700],[0.01343,0.0993],[0.01352,0.1240],[0.01364,0.1451],[0.01381,0.1785],[0.01387,0.1933],[0.01412,0.2318],[0.01418,0.2470],[0.01447,0.2859],[0.01454,0.3006],[0.01487,0.3409],[0.01511,0.3703],[0.01530,0.3945],[0.01564,0.4318],[0.01576,0.4456],[0.01614,0.4852],[0.01652,0.5212],[0.01671,0.5347],[0.01717,0.5779],[0.01766,0.6161],[0.01793,0.6273],[0.01845,0.6675],[0.01891,0.7025],[0.01919,0.7170],[0.01965,0.7566],[0.02005,0.7905],[0.02036,0.8095],[0.02074,0.8484],[0.02111,0.8809],[0.02140,0.9032],[0.02177,0.9396],[0.02204,0.9646],[0.02243,0.9943],[0.02266,1.0231],[0.02312,1.0499],[0.02336,1.0793],[0.02382,1.1054],[0.02405,1.0967],[0.02437,1.0907],[0.02483,1.0904],[0.02514,1.0806],[0.02553,1.0744],[0.02606,1.0745],[0.02657,1.0693],[0.02711,1.0660],[0.02773,1.0659],[0.02844,1.0659],[0.02917,1.0654],[0.02996,1.0661],[0.03085,1.0684],[0.03182,1.0695],[0.03286,1.0707],[0.03400,1.0729],[0.03526,1.0738],[0.03662,1.0749],[0.03816,1.0755],[0.03981,1.0756],[0.04151,1.0765],[0.04348,1.0754],[0.04516,1.0781],[0.04742,1.0760],[0.04947,1.0764],[0.05126,1.0804],[0.05368,1.0787],[0.05557,1.0825],[0.05747,1.0868],[0.06024,1.0836],[0.06245,1.0859],[0.06344,1.0988],[0.06711,1.0894],[0.07025,1.0853],[0.07284,1.0860],[0.07468,1.0925],[0.07752,1.0917],[0.08168,1.0816],],[[0.08601,-1.0918],[0.08216,-1.0990],[0.07848,-1.1050],[0.07512,-1.1090],[0.07179,-1.1129],[0.06858,-1.1159],[0.06493,-1.1238],[0.06146,-1.1307],[0.05843,-1.1342],[0.05565,-1.1358],[0.05267,-1.1401],[0.04988,-1.1433],[0.04747,-1.1434],[0.04501,-1.1448],[0.04289,-1.1433],[0.04089,-1.1413],[0.03896,-1.1392],[0.03729,-1.1350],[0.03542,-1.1344],[0.03426,-1.1256],[0.03241,-1.1275],[0.03096,-1.1251],[0.02994,-1.1175],[0.02847,-1.1187],[0.02722,-1.1181],[0.02626,-1.1142],[0.02531,-1.1120],[0.02426,-1.1144],[0.02342,-1.1148],[0.02272,-1.1141],[0.02195,-1.1182],[0.02129,-1.1230],[0.02059,-1.1066],[0.01990,-1.0756],[0.01927,-1.0439],[0.01868,-1.0143],[0.01827,-0.9825],[0.01769,-0.9531],[0.01733,-0.9190],[0.01684,-0.8861],[0.01637,-0.8623],[0.01606,-0.8295],[0.01552,-0.7982],[0.01507,-0.7639],[0.01474,-0.7265],[0.01428,-0.7053],[0.01382,-0.6720],[0.01347,-0.6331],[0.01295,-0.5961],[0.01261,-0.5713],[0.01221,-0.5386],[0.01183,-0.5096],[0.01147,-0.4876],[0.01114,-0.4646],[0.01081,-0.4450],[0.01054,-0.4276],[0.01029,-0.4071],[0.01011,-0.3909],[0.00990,-0.3708],[0.00976,-0.3555],[0.00964,-0.3333],[0.00951,-0.3202],[0.00943,-0.2995],[0.00935,-0.2859],[0.00929,-0.2685],[0.00924,-0.2521],[0.00918,-0.2349],[0.00914,-0.2153],[0.00907,-0.1974],[0.00905,-0.1787],[0.00900,-0.1604],[0.00896,-0.1214],[0.00898,-0.1011],[0.00897,-0.0817],[0.00900,-0.0614],[0.00898,-0.0410],[0.00903,-0.0206],[0.00899,0.0000],[0.00903,0.0206],[0.00898,0.0409],[0.00900,0.0615],[0.00897,0.0818],[0.00898,0.1012],[0.00896,0.1214],[0.00900,0.1603],[0.00905,0.1787],[0.00907,0.1975],[0.00914,0.2153],[0.00918,0.2349],[0.00924,0.2522],[0.00929,0.2686],[0.00935,0.2859],[0.00943,0.2997],[0.00951,0.3203],[0.00964,0.3334],[0.00976,0.3556],[0.00989,0.3709],[0.01011,0.3910],[0.01029,0.4071],[0.01055,0.4276],[0.01082,0.4448],[0.01114,0.4644],[0.01147,0.4877],[0.01183,0.5097],[0.01221,0.5388],[0.01261,0.5716],[0.01295,0.5965],[0.01347,0.6334],[0.01382,0.6725],[0.01428,0.7057],[0.01473,0.7270],[0.01507,0.7646],[0.01551,0.7988],[0.01605,0.8300],[0.01637,0.8628],[0.01684,0.8867],[0.01732,0.9198],[0.01768,0.9538],[0.01826,0.9833],[0.01867,1.0150],[0.01925,1.0449],[0.01988,1.0768],[0.02058,1.1074],[0.02126,1.1232],[0.02192,1.1182],[0.02269,1.1142],[0.02338,1.1151],[0.02424,1.1143],[0.02529,1.1121],[0.02621,1.1149],[0.02720,1.1184],[0.02844,1.1191],[0.02989,1.1184],[0.03091,1.1261],[0.03234,1.1289],[0.03419,1.1269],[0.03536,1.1357],[0.03722,1.1365],[0.03887,1.1410],[0.04079,1.1432],[0.04277,1.1455],[0.04490,1.1470],[0.04734,1.1459],[0.04974,1.1460],[0.05251,1.1431],[0.05557,1.1380],[0.05825,1.1375],[0.06133,1.1336],[0.06491,1.1259],[0.06860,1.1177],[0.07166,1.1160],[0.07491,1.1128],[0.07834,1.1085],[0.08212,1.1017],],[[0.07772,-1.1869],[0.07458,-1.1887],[0.07074,-1.1966],[0.06669,-1.2069],[0.06310,-1.2141],[0.05986,-1.2189],[0.05683,-1.2222],[0.05423,-1.2221],[0.05171,-1.2219],[0.04943,-1.2198],[0.04657,-1.2241],[0.04399,-1.2264],[0.04169,-1.2267],[0.03963,-1.2252],[0.03779,-1.2218],[0.03584,-1.2206],[0.03387,-1.2211],[0.03215,-1.2196],[0.03063,-1.2166],[0.02899,-1.2166],[0.02756,-1.2152],[0.02621,-1.2147],[0.02501,-1.2134],[0.02403,-1.2103],[0.02323,-1.2057],[0.02247,-1.2022],[0.02167,-1.2013],[0.02104,-1.1988],[0.02045,-1.1743],[0.01957,-1.1498],[0.01887,-1.1221],[0.01834,-1.0915],[0.01759,-1.0644],[0.01688,-1.0418],[0.01631,-1.0147],[0.01562,-0.9877],[0.01500,-0.9589],[0.01427,-0.9317],[0.01368,-0.9106],[0.01328,-0.8825],[0.01283,-0.8532],[0.01257,-0.8184],[0.01214,-0.7829],[0.01185,-0.7568],[0.01164,-0.7183],[0.01126,-0.6792],[0.01097,-0.6471],[0.01073,-0.6119],[0.01055,-0.5790],[0.01026,-0.5510],[0.01003,-0.5291],[0.00986,-0.5047],[0.00970,-0.4825],[0.00951,-0.4649],[0.00936,-0.4456],[0.00920,-0.4277],[0.00901,-0.4109],[0.00881,-0.3953],[0.00862,-0.3795],[0.00842,-0.3646],[0.00824,-0.3495],[0.00809,-0.3336],[0.00796,-0.3160],[0.00786,-0.2993],[0.00774,-0.2823],[0.00769,-0.2642],[0.00763,-0.2490],[0.00762,-0.2178],[0.00762,-0.2010],[0.00760,-0.1830],[0.00760,-0.1643],[0.00760,-0.1447],[0.00758,-0.1246],[0.00759,-0.1045],[0.00755,-0.0841],[0.00753,-0.0428],[0.00756,-0.0218],[0.00753,0.0000],[0.00756,0.0217],[0.00753,0.0429],[0.00755,0.0843],[0.00759,0.1045],[0.00758,0.1246],[0.00760,0.1449],[0.00761,0.1642],[0.00760,0.1829],[0.00762,0.2010],[0.00762,0.2181],[0.00763,0.2330],[0.00764,0.2490],[0.00769,0.2644],[0.00774,0.2824],[0.00786,0.2994],[0.00796,0.3161],[0.00810,0.3334],[0.00824,0.3495],[0.00841,0.3644],[0.00862,0.3794],[0.00881,0.3953],[0.00901,0.4109],[0.00920,0.4276],[0.00936,0.4457],[0.00951,0.4650],[0.00970,0.4825],[0.00986,0.5049],[0.01003,0.5295],[0.01025,0.5515],[0.01055,0.5791],[0.01073,0.6119],[0.01096,0.6474],[0.01126,0.6798],[0.01164,0.7187],[0.01185,0.7572],[0.01214,0.7835],[0.01256,0.8190],[0.01283,0.8538],[0.01329,0.8831],[0.01368,0.9111],[0.01427,0.9323],[0.01500,0.9596],[0.01562,0.9884],[0.01630,1.0156],[0.01686,1.0427],[0.01760,1.0650],[0.01831,1.0930],[0.01885,1.1234],[0.01955,1.1511],[0.02045,1.1755],[0.02101,1.1990],[0.02163,1.2020],[0.02244,1.2023],[0.02318,1.2062],[0.02396,1.2113],[0.02496,1.2143],[0.02617,1.2154],[0.02752,1.2161],[0.02893,1.2178],[0.03056,1.2179],[0.03210,1.2207],[0.03381,1.2224],[0.03578,1.2221],[0.03769,1.2239],[0.03951,1.2275],[0.04157,1.2292],[0.04383,1.2293],[0.04645,1.2267],[0.04931,1.2225],[0.05158,1.2247],[0.05410,1.2252],[0.05668,1.2254],[0.05961,1.2230],[0.06291,1.2178],[0.06658,1.2101],[0.07067,1.1995],],],
{"title":"Cl v Cd","sortData":false,"legend":{"show":false,"placement":"insideGrid","location":"ne"},"series":[{"showLabel":true,"index":0,"showLine":true,"trendline":{"type":"none","show":false},"color":"#4bb2c5"},{"showLabel":true,"index":0,"showLine":true,"trendline":{"type":"none","show":false},"color":"#EAA228"},{"showLabel":true,"index":0,"showLine":true,"trendline":{"type":"none","show":false},"color":"#839557"},{"showLabel":true,"index":0,"showLine":true,"trendline":{"type":"none","show":false},"color":"#953579"},{"showLabel":true,"index":0,"showLine":true,"trendline":{"type":"none","show":false},"color":"#d8b83f"}],"show":"$.jqplot.config.enablePlugins","axes":{"xaxis":{"max":0.18,"min":0,"tickInterval":0.02,"tickOptions":{"formatString":"%.2f"},"forceTickAt0":true,"rendererOptions":{"forceTickAt0":true}},"yaxis":{"max":1.5,"min":-1.5,"tickInterval":0.5,"tickOptions":{"formatString":"%.2f"},"forceTickAt0":true,"rendererOptions":{"forceTickAt0":true}}},"seriesDefaults":{"lineWidth":1,"showLabel":true,"markerOptions":{"size":5,"show":false}}});
jqplots.push(p);

var p = $.jqplot('liftaoa',[[[-11.000,-0.2982],[-10.750,-0.2755],[-10.500,-0.2992],[-10.250,-0.2706],[-10.000,-0.3613],[-9.750,-0.3604],[-9.500,-0.3710],[-9.250,-0.3894],[-9.000,-0.4244],[-8.750,-0.3907],[-8.500,-0.4108],[-8.250,-0.4622],[-8.000,-0.4190],[-7.750,-0.4505],[-7.500,-0.5754],[-7.250,-0.7731],[-7.000,-0.5731],[-6.750,-0.8460],[-6.500,-0.6417],[-6.250,-0.8631],[-6.000,-0.7941],[-5.750,-0.8870],[-5.500,-0.8262],[-5.250,-0.8598],[-5.000,-0.8435],[-4.750,-0.8412],[-4.500,-0.8563],[-4.250,-0.8283],[-4.000,-0.8145],[-3.750,-0.8120],[-3.500,-0.8119],[-3.250,-0.7815],[-3.000,-0.7589],[-2.750,-0.7462],[-2.500,-0.6693],[-2.250,-0.6108],[-2.000,-0.5317],[-1.750,-0.4185],[-1.500,-0.3556],[-1.250,-0.3305],[-1.000,-0.2163],[-0.750,-0.1457],[-0.500,-0.0776],[-0.250,-0.0674],[0.000,0.0000],[0.250,0.0673],[0.500,0.0772],[0.750,0.1450],[1.000,0.2162],[1.250,0.3303],[1.500,0.3558],[1.750,0.4197],[2.000,0.5307],[2.250,0.6115],[2.500,0.6683],[2.750,0.7443],[3.000,0.7587],[3.250,0.7819],[3.500,0.8116],[3.750,0.8123],[4.000,0.8145],[4.250,0.8284],[4.500,0.8566],[4.750,0.8406],[5.000,0.8437],[5.250,0.8605],[5.500,0.8262],[5.750,0.8872],[6.000,0.7944],[6.250,0.8639],[6.500,0.6487],[6.750,0.8453],[7.000,0.5770],[7.250,0.4591],[7.500,0.5795],[7.750,0.4513],[8.000,0.4184],[8.250,0.4636],[8.500,0.4116],[8.750,0.3923],[9.000,0.4250],[9.250,0.3891],[9.500,0.3713],[9.750,0.3605],[10.000,0.3600],],[[-17.500,-0.4740],[-17.250,-0.9007],[-17.000,-0.9645],[-16.500,-0.9631],[-16.250,-1.0241],[-16.000,-1.0688],[-15.750,-1.0271],[-15.500,-1.0478],[-15.250,-1.0830],[-15.000,-1.0650],[-14.750,-1.0731],[-14.500,-1.1029],[-14.250,-1.0897],[-14.000,-1.0945],[-13.750,-1.1206],[-13.500,-1.1108],[-13.250,-1.1098],[-13.000,-1.1308],[-12.750,-1.1348],[-12.500,-1.1209],[-12.250,-1.1379],[-12.000,-1.1667],[-11.750,-1.1352],[-11.500,-1.1483],[-11.250,-1.1730],[-11.000,-1.1542],[-10.750,-1.1586],[-10.500,-1.1781],[-10.250,-1.1562],[-10.000,-1.1646],[-9.750,-1.1575],[-9.500,-1.1576],[-9.250,-1.1546],[-9.000,-1.1479],[-8.750,-1.1466],[-8.500,-1.1343],[-8.250,-1.1358],[-8.000,-1.1170],[-7.750,-1.1107],[-7.500,-1.0993],[-7.250,-1.0883],[-7.000,-1.0811],[-6.750,-1.0390],[-6.500,-1.0010],[-6.250,-0.9663],[-6.000,-0.9254],[-5.750,-0.8939],[-5.500,-0.8535],[-5.250,-0.8308],[-5.000,-0.7935],[-4.750,-0.7687],[-4.500,-0.7386],[-4.250,-0.7070],[-4.000,-0.6736],[-3.750,-0.6405],[-3.500,-0.5901],[-3.250,-0.5811],[-3.000,-0.5343],[-2.750,-0.5138],[-2.500,-0.4657],[-2.250,-0.4570],[-2.000,-0.4014],[-1.750,-0.3414],[-1.500,-0.3456],[-1.250,-0.2715],[-1.000,-0.2079],[-0.750,-0.2008],[-0.500,-0.1221],[-0.250,-0.0559],[0.000,0.0003],[0.250,0.1030],[0.500,0.1223],[0.750,0.2006],[1.000,0.2080],[1.250,0.2715],[1.500,0.3458],[1.750,0.3414],[2.000,0.4016],[2.500,0.4661],[2.750,0.5139],[3.000,0.5344],[3.250,0.5810],[3.500,0.5898],[3.750,0.6403],[4.000,0.6736],[4.250,0.7071],[4.500,0.7384],[4.750,0.7685],[5.000,0.7932],[5.250,0.8307],[5.500,0.8536],[5.750,0.8940],[6.000,0.9257],[6.250,0.9662],[6.500,1.0012],[6.750,1.0389],[7.000,1.0809],[7.250,1.0881],[7.500,1.0992],[7.750,1.1105],[8.000,1.1169],[8.250,1.1357],[8.500,1.1342],[8.750,1.1466],[9.000,1.1479],[9.250,1.1546],[9.500,1.1573],[9.750,1.1574],[10.000,1.1647],[10.250,1.1561],[10.500,1.1781],[10.750,1.1586],[11.000,1.1543],[11.250,1.1731],[11.500,1.1483],[11.750,1.1352],[12.000,1.1665],[12.250,1.1381],[12.500,1.1210],[12.750,1.1368],[13.000,1.1315],[13.250,1.1102],[13.500,1.1121],[13.750,1.1208],[14.000,1.0951],[14.250,1.0909],[14.500,1.1028],[14.750,1.0741],[15.000,1.0668],[15.250,1.0840],[15.500,1.0490],[15.750,1.0291],[16.000,1.0689],[16.250,1.0251],[16.500,0.9650],[17.000,1.0166],[17.250,0.9304],[17.500,0.4757],],[[-19.750,-1.0724],[-19.500,-1.0727],[-19.250,-1.0790],[-19.000,-1.0890],[-18.750,-1.0896],[-18.500,-1.0830],[-18.250,-1.0833],[-18.000,-1.0876],[-17.750,-1.0953],[-17.500,-1.0833],[-17.250,-1.0813],[-17.000,-1.0839],[-16.750,-1.0804],[-16.500,-1.0767],[-16.250,-1.0783],[-16.000,-1.0746],[-15.750,-1.0742],[-15.500,-1.0763],[-15.250,-1.0739],[-15.000,-1.0752],[-14.750,-1.0743],[-14.500,-1.0745],[-14.250,-1.0737],[-14.000,-1.0731],[-13.750,-1.0724],[-13.500,-1.0702],[-13.250,-1.0687],[-13.000,-1.0681],[-12.750,-1.0658],[-12.500,-1.0649],[-12.250,-1.0662],[-12.000,-1.0658],[-11.750,-1.0659],[-11.500,-1.0693],[-11.250,-1.0745],[-11.000,-1.0744],[-10.750,-1.0808],[-10.500,-1.0901],[-10.250,-1.0908],[-10.000,-1.0968],[-9.750,-1.1053],[-9.500,-1.0789],[-9.250,-1.0501],[-9.000,-1.0226],[-8.750,-0.9938],[-8.500,-0.9642],[-8.250,-0.9392],[-8.000,-0.9029],[-7.750,-0.8807],[-7.500,-0.8481],[-7.250,-0.8091],[-7.000,-0.7902],[-6.750,-0.7565],[-6.500,-0.7169],[-6.250,-0.7025],[-6.000,-0.6676],[-5.750,-0.6274],[-5.500,-0.6162],[-5.250,-0.5778],[-5.000,-0.5345],[-4.750,-0.5214],[-4.500,-0.4852],[-4.250,-0.4456],[-4.000,-0.4316],[-3.750,-0.3944],[-3.500,-0.3703],[-3.250,-0.3407],[-3.000,-0.3005],[-2.750,-0.2859],[-2.500,-0.2469],[-2.250,-0.2318],[-2.000,-0.1934],[-1.750,-0.1785],[-1.500,-0.1452],[-1.250,-0.1239],[-1.000,-0.0994],[-0.750,-0.0699],[-0.500,-0.0522],[-0.250,-0.0225],[0.000,0.0000],[0.250,0.0225],[0.500,0.0521],[0.750,0.0700],[1.000,0.0993],[1.250,0.1240],[1.500,0.1451],[1.750,0.1785],[2.000,0.1933],[2.250,0.2318],[2.500,0.2470],[2.750,0.2859],[3.000,0.3006],[3.250,0.3409],[3.500,0.3703],[3.750,0.3945],[4.000,0.4318],[4.250,0.4456],[4.500,0.4852],[4.750,0.5212],[5.000,0.5347],[5.250,0.5779],[5.500,0.6161],[5.750,0.6273],[6.000,0.6675],[6.250,0.7025],[6.500,0.7170],[6.750,0.7566],[7.000,0.7905],[7.250,0.8095],[7.500,0.8484],[7.750,0.8809],[8.000,0.9032],[8.250,0.9396],[8.500,0.9646],[8.750,0.9943],[9.000,1.0231],[9.250,1.0499],[9.500,1.0793],[9.750,1.1054],[10.000,1.0967],[10.250,1.0907],[10.500,1.0904],[10.750,1.0806],[11.000,1.0744],[11.250,1.0745],[11.500,1.0693],[11.750,1.0660],[12.000,1.0659],[12.250,1.0659],[12.500,1.0654],[12.750,1.0661],[13.000,1.0684],[13.250,1.0695],[13.500,1.0707],[13.750,1.0729],[14.000,1.0738],[14.250,1.0749],[14.500,1.0755],[14.750,1.0756],[15.000,1.0765],[15.250,1.0754],[15.500,1.0781],[15.750,1.0760],[16.000,1.0764],[16.250,1.0804],[16.500,1.0787],[16.750,1.0825],[17.000,1.0868],[17.250,1.0836],[17.500,1.0859],[17.750,1.0988],[18.000,1.0894],[18.250,1.0853],[18.500,1.0860],[18.750,1.0925],[19.000,1.0917],[19.250,1.0816],],[[-19.500,-1.0918],[-19.250,-1.0990],[-19.000,-1.1050],[-18.750,-1.1090],[-18.500,-1.1129],[-18.250,-1.1159],[-18.000,-1.1238],[-17.750,-1.1307],[-17.500,-1.1342],[-17.250,-1.1358],[-17.000,-1.1401],[-16.750,-1.1433],[-16.500,-1.1434],[-16.250,-1.1448],[-16.000,-1.1433],[-15.750,-1.1413],[-15.500,-1.1392],[-15.250,-1.1350],[-15.000,-1.1344],[-14.750,-1.1256],[-14.500,-1.1275],[-14.250,-1.1251],[-14.000,-1.1175],[-13.750,-1.1187],[-13.500,-1.1181],[-13.250,-1.1142],[-13.000,-1.1120],[-12.750,-1.1144],[-12.500,-1.1148],[-12.250,-1.1141],[-12.000,-1.1182],[-11.750,-1.1230],[-11.500,-1.1066],[-11.250,-1.0756],[-11.000,-1.0439],[-10.750,-1.0143],[-10.500,-0.9825],[-10.250,-0.9531],[-10.000,-0.9190],[-9.750,-0.8861],[-9.500,-0.8623],[-9.250,-0.8295],[-9.000,-0.7982],[-8.750,-0.7639],[-8.500,-0.7265],[-8.250,-0.7053],[-8.000,-0.6720],[-7.750,-0.6331],[-7.500,-0.5961],[-7.250,-0.5713],[-7.000,-0.5386],[-6.750,-0.5096],[-6.500,-0.4876],[-6.250,-0.4646],[-6.000,-0.4450],[-5.750,-0.4276],[-5.500,-0.4071],[-5.250,-0.3909],[-5.000,-0.3708],[-4.750,-0.3555],[-4.500,-0.3333],[-4.250,-0.3202],[-4.000,-0.2995],[-3.750,-0.2859],[-3.500,-0.2685],[-3.250,-0.2521],[-3.000,-0.2349],[-2.750,-0.2153],[-2.500,-0.1974],[-2.250,-0.1787],[-2.000,-0.1604],[-1.500,-0.1214],[-1.250,-0.1011],[-1.000,-0.0817],[-0.750,-0.0614],[-0.500,-0.0410],[-0.250,-0.0206],[0.000,0.0000],[0.250,0.0206],[0.500,0.0409],[0.750,0.0615],[1.000,0.0818],[1.250,0.1012],[1.500,0.1214],[2.000,0.1603],[2.250,0.1787],[2.500,0.1975],[2.750,0.2153],[3.000,0.2349],[3.250,0.2522],[3.500,0.2686],[3.750,0.2859],[4.000,0.2997],[4.250,0.3203],[4.500,0.3334],[4.750,0.3556],[5.000,0.3709],[5.250,0.3910],[5.500,0.4071],[5.750,0.4276],[6.000,0.4448],[6.250,0.4644],[6.500,0.4877],[6.750,0.5097],[7.000,0.5388],[7.250,0.5716],[7.500,0.5965],[7.750,0.6334],[8.000,0.6725],[8.250,0.7057],[8.500,0.7270],[8.750,0.7646],[9.000,0.7988],[9.250,0.8300],[9.500,0.8628],[9.750,0.8867],[10.000,0.9198],[10.250,0.9538],[10.500,0.9833],[10.750,1.0150],[11.000,1.0449],[11.250,1.0768],[11.500,1.1074],[11.750,1.1232],[12.000,1.1182],[12.250,1.1142],[12.500,1.1151],[12.750,1.1143],[13.000,1.1121],[13.250,1.1149],[13.500,1.1184],[13.750,1.1191],[14.000,1.1184],[14.250,1.1261],[14.500,1.1289],[14.750,1.1269],[15.000,1.1357],[15.250,1.1365],[15.500,1.1410],[15.750,1.1432],[16.000,1.1455],[16.250,1.1470],[16.500,1.1459],[16.750,1.1460],[17.000,1.1431],[17.250,1.1380],[17.500,1.1375],[17.750,1.1336],[18.000,1.1259],[18.250,1.1177],[18.500,1.1160],[18.750,1.1128],[19.000,1.1085],[19.250,1.1017],],[[-19.750,-1.1869],[-19.500,-1.1887],[-19.250,-1.1966],[-19.000,-1.2069],[-18.750,-1.2141],[-18.500,-1.2189],[-18.250,-1.2222],[-18.000,-1.2221],[-17.750,-1.2219],[-17.500,-1.2198],[-17.250,-1.2241],[-17.000,-1.2264],[-16.750,-1.2267],[-16.500,-1.2252],[-16.250,-1.2218],[-16.000,-1.2206],[-15.750,-1.2211],[-15.500,-1.2196],[-15.250,-1.2166],[-15.000,-1.2166],[-14.750,-1.2152],[-14.500,-1.2147],[-14.250,-1.2134],[-14.000,-1.2103],[-13.750,-1.2057],[-13.500,-1.2022],[-13.250,-1.2013],[-13.000,-1.1988],[-12.750,-1.1743],[-12.500,-1.1498],[-12.250,-1.1221],[-12.000,-1.0915],[-11.750,-1.0644],[-11.500,-1.0418],[-11.250,-1.0147],[-11.000,-0.9877],[-10.750,-0.9589],[-10.500,-0.9317],[-10.250,-0.9106],[-10.000,-0.8825],[-9.750,-0.8532],[-9.500,-0.8184],[-9.250,-0.7829],[-9.000,-0.7568],[-8.750,-0.7183],[-8.500,-0.6792],[-8.250,-0.6471],[-8.000,-0.6119],[-7.750,-0.5790],[-7.500,-0.5510],[-7.250,-0.5291],[-7.000,-0.5047],[-6.750,-0.4825],[-6.500,-0.4649],[-6.250,-0.4456],[-6.000,-0.4277],[-5.750,-0.4109],[-5.500,-0.3953],[-5.250,-0.3795],[-5.000,-0.3646],[-4.750,-0.3495],[-4.500,-0.3336],[-4.250,-0.3160],[-4.000,-0.2993],[-3.750,-0.2823],[-3.500,-0.2642],[-3.250,-0.2490],[-2.750,-0.2178],[-2.500,-0.2010],[-2.250,-0.1830],[-2.000,-0.1643],[-1.750,-0.1447],[-1.500,-0.1246],[-1.250,-0.1045],[-1.000,-0.0841],[-0.500,-0.0428],[-0.250,-0.0218],[0.000,0.0000],[0.250,0.0217],[0.500,0.0429],[1.000,0.0843],[1.250,0.1045],[1.500,0.1246],[1.750,0.1449],[2.000,0.1642],[2.250,0.1829],[2.500,0.2010],[2.750,0.2181],[3.000,0.2330],[3.250,0.2490],[3.500,0.2644],[3.750,0.2824],[4.000,0.2994],[4.250,0.3161],[4.500,0.3334],[4.750,0.3495],[5.000,0.3644],[5.250,0.3794],[5.500,0.3953],[5.750,0.4109],[6.000,0.4276],[6.250,0.4457],[6.500,0.4650],[6.750,0.4825],[7.000,0.5049],[7.250,0.5295],[7.500,0.5515],[7.750,0.5791],[8.000,0.6119],[8.250,0.6474],[8.500,0.6798],[8.750,0.7187],[9.000,0.7572],[9.250,0.7835],[9.500,0.8190],[9.750,0.8538],[10.000,0.8831],[10.250,0.9111],[10.500,0.9323],[10.750,0.9596],[11.000,0.9884],[11.250,1.0156],[11.500,1.0427],[11.750,1.0650],[12.000,1.0930],[12.250,1.1234],[12.500,1.1511],[12.750,1.1755],[13.000,1.1990],[13.250,1.2020],[13.500,1.2023],[13.750,1.2062],[14.000,1.2113],[14.250,1.2143],[14.500,1.2154],[14.750,1.2161],[15.000,1.2178],[15.250,1.2179],[15.500,1.2207],[15.750,1.2224],[16.000,1.2221],[16.250,1.2239],[16.500,1.2275],[16.750,1.2292],[17.000,1.2293],[17.250,1.2267],[17.500,1.2225],[17.750,1.2247],[18.000,1.2252],[18.250,1.2254],[18.500,1.2230],[18.750,1.2178],[19.000,1.2101],[19.250,1.1995],],],
{"title":"Cl v Alpha","sortData":false,"legend":{"show":false,"placement":"insideGrid","location":"ne"},"series":[{"showLabel":true,"index":0,"showLine":true,"trendline":{"type":"none","show":false},"color":"#4bb2c5"},{"showLabel":true,"index":0,"showLine":true,"trendline":{"type":"none","show":false},"color":"#EAA228"},{"showLabel":true,"index":0,"showLine":true,"trendline":{"type":"none","show":false},"color":"#839557"},{"showLabel":true,"index":0,"showLine":true,"trendline":{"type":"none","show":false},"color":"#953579"},{"showLabel":true,"index":0,"showLine":true,"trendline":{"type":"none","show":false},"color":"#d8b83f"}],"show":"$.jqplot.config.enablePlugins","axes":{"xaxis":{"max":20,"min":-20,"tickInterval":5,"tickOptions":{"formatString":"%.1f"},"forceTickAt0":true,"rendererOptions":{"forceTickAt0":true}},"yaxis":{"max":1.5,"min":-1.5,"tickInterval":0.5,"tickOptions":{"formatString":"%.2f"},"forceTickAt0":true,"rendererOptions":{"forceTickAt0":true}}},"seriesDefaults":{"lineWidth":1,"showLabel":true,"markerOptions":{"size":5,"show":false}}});
jqplots.push(p);

var p = $.jqplot('momentaoa',[[[-11.000,-0.0184],[-10.750,-0.0187],[-10.500,-0.0165],[-10.250,-0.0174],[-10.000,-0.0206],[-9.750,-0.0205],[-9.500,-0.0201],[-9.250,-0.0191],[-9.000,-0.0176],[-8.750,-0.0161],[-8.500,-0.0142],[-8.250,-0.0112],[-8.000,-0.0099],[-7.750,-0.0067],[-7.500,0.0000],[-7.250,0.0172],[-7.000,0.0063],[-6.750,0.0320],[-6.500,0.0167],[-6.250,0.0414],[-6.000,0.0381],[-5.750,0.0517],[-5.500,0.0487],[-5.250,0.0560],[-5.000,0.0577],[-4.750,0.0610],[-4.500,0.0663],[-4.250,0.0667],[-4.000,0.0687],[-3.750,0.0721],[-3.500,0.0757],[-3.250,0.0757],[-3.000,0.0765],[-2.750,0.0786],[-2.500,0.0700],[-2.250,0.0642],[-2.000,0.0558],[-1.750,0.0423],[-1.500,0.0358],[-1.250,0.0350],[-1.000,0.0215],[-0.750,0.0139],[-0.500,0.0065],[-0.250,0.0077],[0.000,0.0000],[0.250,-0.0077],[0.500,-0.0065],[0.750,-0.0139],[1.000,-0.0215],[1.250,-0.0350],[1.500,-0.0358],[1.750,-0.0425],[2.000,-0.0557],[2.250,-0.0643],[2.500,-0.0699],[2.750,-0.0783],[3.000,-0.0765],[3.250,-0.0758],[3.500,-0.0757],[3.750,-0.0721],[4.000,-0.0687],[4.250,-0.0667],[4.500,-0.0664],[4.750,-0.0609],[5.000,-0.0577],[5.250,-0.0561],[5.500,-0.0487],[5.750,-0.0517],[6.000,-0.0382],[6.250,-0.0415],[6.500,-0.0172],[6.750,-0.0319],[7.000,-0.0065],[7.250,0.0011],[7.500,-0.0002],[7.750,0.0067],[8.000,0.0099],[8.250,0.0112],[8.500,0.0142],[8.750,0.0162],[9.000,0.0176],[9.250,0.0192],[9.500,0.0201],[9.750,0.0205],[10.000,0.0206],],[[-17.500,-0.0215],[-17.250,-0.0653],[-17.000,-0.0689],[-16.500,-0.0688],[-16.250,-0.0699],[-16.000,-0.0692],[-15.750,-0.0686],[-15.500,-0.0675],[-15.250,-0.0653],[-15.000,-0.0644],[-14.750,-0.0624],[-14.500,-0.0589],[-14.250,-0.0576],[-14.000,-0.0549],[-13.750,-0.0500],[-13.500,-0.0482],[-13.250,-0.0452],[-13.000,-0.0396],[-12.750,-0.0357],[-12.500,-0.0339],[-12.250,-0.0278],[-12.000,-0.0194],[-11.750,-0.0203],[-11.500,-0.0141],[-11.250,-0.0059],[-11.000,-0.0048],[-10.750,0.0002],[-10.500,0.0076],[-10.250,0.0083],[-10.000,0.0139],[-9.750,0.0170],[-9.500,0.0214],[-9.250,0.0252],[-9.000,0.0285],[-8.750,0.0325],[-8.500,0.0349],[-8.250,0.0394],[-8.000,0.0406],[-7.750,0.0439],[-7.500,0.0462],[-7.250,0.0487],[-7.000,0.0517],[-6.750,0.0482],[-6.500,0.0455],[-6.250,0.0434],[-6.000,0.0404],[-5.750,0.0392],[-5.500,0.0364],[-5.250,0.0370],[-5.000,0.0350],[-4.750,0.0354],[-4.500,0.0349],[-4.250,0.0343],[-4.000,0.0333],[-3.750,0.0325],[-3.500,0.0286],[-3.250,0.0319],[-3.000,0.0287],[-2.750,0.0302],[-2.500,0.0269],[-2.250,0.0304],[-2.000,0.0260],[-1.750,0.0209],[-1.500,0.0265],[-1.250,0.0192],[-1.000,0.0134],[-0.750,0.0174],[-0.500,0.0095],[-0.250,0.0039],[0.000,0.0000],[0.250,-0.0116],[0.500,-0.0095],[0.750,-0.0173],[1.000,-0.0134],[1.250,-0.0192],[1.500,-0.0266],[1.750,-0.0209],[2.000,-0.0260],[2.500,-0.0270],[2.750,-0.0302],[3.000,-0.0288],[3.250,-0.0319],[3.500,-0.0285],[3.750,-0.0324],[4.000,-0.0333],[4.250,-0.0343],[4.500,-0.0349],[4.750,-0.0354],[5.000,-0.0350],[5.250,-0.0370],[5.500,-0.0365],[5.750,-0.0392],[6.000,-0.0405],[6.250,-0.0434],[6.500,-0.0456],[6.750,-0.0482],[7.000,-0.0516],[7.250,-0.0486],[7.500,-0.0462],[7.750,-0.0439],[8.000,-0.0406],[8.250,-0.0394],[8.500,-0.0349],[8.750,-0.0326],[9.000,-0.0285],[9.250,-0.0252],[9.500,-0.0213],[9.750,-0.0170],[10.000,-0.0139],[10.250,-0.0082],[10.500,-0.0076],[10.750,-0.0002],[11.000,0.0048],[11.250,0.0059],[11.500,0.0141],[11.750,0.0203],[12.000,0.0195],[12.250,0.0278],[12.500,0.0339],[12.750,0.0355],[13.000,0.0395],[13.250,0.0452],[13.500,0.0480],[13.750,0.0500],[14.000,0.0548],[14.250,0.0575],[14.500,0.0588],[14.750,0.0623],[15.000,0.0643],[15.250,0.0652],[15.500,0.0673],[15.750,0.0684],[16.000,0.0691],[16.250,0.0697],[16.500,0.0686],[17.000,0.0705],[17.250,0.0668],[17.500,0.0212],],[[-19.750,-0.0636],[-19.500,-0.0645],[-19.250,-0.0657],[-19.000,-0.0670],[-18.750,-0.0675],[-18.500,-0.0676],[-18.250,-0.0681],[-18.000,-0.0687],[-17.750,-0.0692],[-17.500,-0.0687],[-17.250,-0.0687],[-17.000,-0.0687],[-16.750,-0.0683],[-16.500,-0.0678],[-16.250,-0.0675],[-16.000,-0.0667],[-15.750,-0.0660],[-15.500,-0.0652],[-15.250,-0.0642],[-15.000,-0.0631],[-14.750,-0.0618],[-14.500,-0.0604],[-14.250,-0.0588],[-14.000,-0.0570],[-13.750,-0.0550],[-13.500,-0.0529],[-13.250,-0.0505],[-13.000,-0.0479],[-12.750,-0.0452],[-12.500,-0.0422],[-12.250,-0.0388],[-12.000,-0.0353],[-11.750,-0.0317],[-11.500,-0.0275],[-11.250,-0.0228],[-11.000,-0.0189],[-10.750,-0.0139],[-10.500,-0.0083],[-10.250,-0.0041],[-10.000,0.0011],[-9.750,0.0068],[-9.500,0.0060],[-9.250,0.0048],[-9.000,0.0040],[-8.750,0.0030],[-8.500,0.0019],[-8.250,0.0018],[-8.000,-0.0005],[-7.750,0.0001],[-7.500,-0.0012],[-7.250,-0.0039],[-7.000,-0.0025],[-6.750,-0.0039],[-6.500,-0.0065],[-6.250,-0.0041],[-6.000,-0.0056],[-5.750,-0.0082],[-5.500,-0.0049],[-5.250,-0.0070],[-5.000,-0.0100],[-4.750,-0.0069],[-4.500,-0.0084],[-4.250,-0.0105],[-4.000,-0.0075],[-3.750,-0.0091],[-3.500,-0.0081],[-3.250,-0.0081],[-3.000,-0.0103],[-2.750,-0.0074],[-2.500,-0.0093],[-2.250,-0.0066],[-2.000,-0.0084],[-1.750,-0.0056],[-1.500,-0.0063],[-1.250,-0.0047],[-1.000,-0.0037],[-0.750,-0.0037],[-0.500,-0.0014],[-0.250,-0.0014],[0.000,0.0000],[0.250,0.0014],[0.500,0.0014],[0.750,0.0037],[1.000,0.0037],[1.250,0.0047],[1.500,0.0063],[1.750,0.0056],[2.000,0.0084],[2.250,0.0066],[2.500,0.0093],[2.750,0.0074],[3.000,0.0103],[3.250,0.0081],[3.500,0.0081],[3.750,0.0090],[4.000,0.0074],[4.250,0.0105],[4.500,0.0084],[4.750,0.0070],[5.000,0.0100],[5.250,0.0070],[5.500,0.0049],[5.750,0.0082],[6.000,0.0057],[6.250,0.0041],[6.500,0.0065],[6.750,0.0039],[7.000,0.0024],[7.250,0.0038],[7.500,0.0012],[7.750,-0.0002],[8.000,0.0004],[8.250,-0.0019],[8.500,-0.0020],[8.750,-0.0031],[9.000,-0.0041],[9.250,-0.0048],[9.500,-0.0061],[9.750,-0.0068],[10.000,-0.0011],[10.250,0.0041],[10.500,0.0082],[10.750,0.0139],[11.000,0.0189],[11.250,0.0228],[11.500,0.0275],[11.750,0.0317],[12.000,0.0353],[12.250,0.0388],[12.500,0.0422],[12.750,0.0452],[13.000,0.0479],[13.250,0.0505],[13.500,0.0528],[13.750,0.0549],[14.000,0.0569],[14.250,0.0587],[14.500,0.0603],[14.750,0.0617],[15.000,0.0630],[15.250,0.0640],[15.500,0.0651],[15.750,0.0659],[16.000,0.0665],[16.250,0.0673],[16.500,0.0676],[16.750,0.0681],[17.000,0.0685],[17.250,0.0684],[17.500,0.0685],[17.750,0.0690],[18.000,0.0684],[18.250,0.0678],[18.500,0.0673],[18.750,0.0672],[19.000,0.0667],[19.250,0.0654],],[[-19.500,-0.0555],[-19.250,-0.0566],[-19.000,-0.0576],[-18.750,-0.0584],[-18.500,-0.0592],[-18.250,-0.0598],[-18.000,-0.0605],[-17.750,-0.0610],[-17.500,-0.0613],[-17.250,-0.0615],[-17.000,-0.0616],[-16.750,-0.0615],[-16.500,-0.0613],[-16.250,-0.0609],[-16.000,-0.0605],[-15.750,-0.0599],[-15.500,-0.0591],[-15.250,-0.0582],[-15.000,-0.0571],[-14.750,-0.0561],[-14.500,-0.0544],[-14.250,-0.0528],[-14.000,-0.0513],[-13.750,-0.0490],[-13.500,-0.0466],[-13.250,-0.0442],[-13.000,-0.0415],[-12.750,-0.0382],[-12.500,-0.0349],[-12.250,-0.0314],[-12.000,-0.0273],[-11.750,-0.0229],[-11.500,-0.0223],[-11.250,-0.0244],[-11.000,-0.0265],[-10.750,-0.0280],[-10.500,-0.0296],[-10.250,-0.0310],[-10.000,-0.0330],[-9.750,-0.0349],[-9.500,-0.0349],[-9.250,-0.0364],[-9.000,-0.0379],[-8.750,-0.0399],[-8.500,-0.0423],[-8.250,-0.0415],[-8.000,-0.0432],[-7.750,-0.0459],[-7.500,-0.0484],[-7.250,-0.0481],[-7.000,-0.0495],[-6.750,-0.0502],[-6.500,-0.0493],[-6.250,-0.0487],[-6.000,-0.0473],[-5.750,-0.0454],[-5.500,-0.0440],[-5.250,-0.0417],[-5.000,-0.0402],[-4.750,-0.0376],[-4.500,-0.0364],[-4.250,-0.0334],[-4.000,-0.0319],[-3.750,-0.0288],[-3.500,-0.0265],[-3.250,-0.0240],[-3.000,-0.0218],[-2.750,-0.0199],[-2.500,-0.0178],[-2.250,-0.0158],[-2.000,-0.0137],[-1.500,-0.0100],[-1.250,-0.0083],[-1.000,-0.0065],[-0.750,-0.0048],[-0.500,-0.0032],[-0.250,-0.0016],[0.000,0.0000],[0.250,0.0016],[0.500,0.0032],[0.750,0.0048],[1.000,0.0065],[1.250,0.0083],[1.500,0.0100],[2.000,0.0137],[2.250,0.0158],[2.500,0.0177],[2.750,0.0199],[3.000,0.0218],[3.250,0.0240],[3.500,0.0265],[3.750,0.0288],[4.000,0.0318],[4.250,0.0334],[4.500,0.0364],[4.750,0.0376],[5.000,0.0402],[5.250,0.0417],[5.500,0.0440],[5.750,0.0453],[6.000,0.0473],[6.250,0.0487],[6.500,0.0493],[6.750,0.0502],[7.000,0.0495],[7.250,0.0481],[7.500,0.0483],[7.750,0.0458],[8.000,0.0431],[8.250,0.0415],[8.500,0.0422],[8.750,0.0398],[9.000,0.0378],[9.250,0.0363],[9.500,0.0348],[9.750,0.0348],[10.000,0.0329],[10.250,0.0309],[10.500,0.0294],[10.750,0.0278],[11.000,0.0263],[11.250,0.0242],[11.500,0.0222],[11.750,0.0229],[12.000,0.0273],[12.250,0.0314],[12.500,0.0348],[12.750,0.0382],[13.000,0.0415],[13.250,0.0442],[13.500,0.0466],[13.750,0.0489],[14.000,0.0512],[14.250,0.0527],[14.500,0.0543],[14.750,0.0560],[15.000,0.0570],[15.250,0.0581],[15.500,0.0589],[15.750,0.0597],[16.000,0.0603],[16.250,0.0607],[16.500,0.0611],[16.750,0.0613],[17.000,0.0613],[17.250,0.0612],[17.500,0.0610],[17.750,0.0607],[18.000,0.0601],[18.250,0.0595],[18.500,0.0588],[18.750,0.0581],[19.000,0.0572],[19.250,0.0562],],[[-19.750,-0.0559],[-19.500,-0.0567],[-19.250,-0.0577],[-19.000,-0.0586],[-18.750,-0.0593],[-18.500,-0.0598],[-18.250,-0.0601],[-18.000,-0.0603],[-17.750,-0.0604],[-17.500,-0.0604],[-17.250,-0.0603],[-17.000,-0.0600],[-16.750,-0.0595],[-16.500,-0.0589],[-16.250,-0.0583],[-16.000,-0.0574],[-15.750,-0.0562],[-15.500,-0.0549],[-15.250,-0.0535],[-15.000,-0.0517],[-14.750,-0.0498],[-14.500,-0.0475],[-14.250,-0.0451],[-14.000,-0.0426],[-13.750,-0.0401],[-13.500,-0.0373],[-13.250,-0.0340],[-13.000,-0.0308],[-12.750,-0.0315],[-12.500,-0.0326],[-12.250,-0.0340],[-12.000,-0.0357],[-11.750,-0.0370],[-11.500,-0.0373],[-11.250,-0.0382],[-11.000,-0.0393],[-10.750,-0.0406],[-10.500,-0.0417],[-10.250,-0.0413],[-10.000,-0.0420],[-9.750,-0.0430],[-9.500,-0.0449],[-9.250,-0.0471],[-9.000,-0.0472],[-8.750,-0.0498],[-8.500,-0.0527],[-8.250,-0.0541],[-8.000,-0.0560],[-7.750,-0.0574],[-7.500,-0.0578],[-7.250,-0.0569],[-7.000,-0.0565],[-6.750,-0.0555],[-6.500,-0.0536],[-6.250,-0.0520],[-6.000,-0.0502],[-5.750,-0.0481],[-5.500,-0.0457],[-5.250,-0.0434],[-5.000,-0.0408],[-4.750,-0.0383],[-4.500,-0.0358],[-4.250,-0.0337],[-4.000,-0.0314],[-3.750,-0.0291],[-3.500,-0.0271],[-3.250,-0.0244],[-2.750,-0.0191],[-2.500,-0.0167],[-2.250,-0.0146],[-2.000,-0.0127],[-1.750,-0.0109],[-1.500,-0.0092],[-1.250,-0.0076],[-1.000,-0.0059],[-0.500,-0.0028],[-0.250,-0.0013],[0.000,0.0000],[0.250,0.0013],[0.500,0.0028],[1.000,0.0059],[1.250,0.0076],[1.500,0.0092],[1.750,0.0108],[2.000,0.0127],[2.250,0.0146],[2.500,0.0167],[2.750,0.0191],[3.000,0.0218],[3.250,0.0244],[3.500,0.0270],[3.750,0.0291],[4.000,0.0314],[4.250,0.0337],[4.500,0.0359],[4.750,0.0383],[5.000,0.0408],[5.250,0.0434],[5.500,0.0457],[5.750,0.0481],[6.000,0.0501],[6.250,0.0520],[6.500,0.0536],[6.750,0.0555],[7.000,0.0564],[7.250,0.0569],[7.500,0.0577],[7.750,0.0573],[8.000,0.0560],[8.250,0.0540],[8.500,0.0526],[8.750,0.0497],[9.000,0.0472],[9.250,0.0470],[9.500,0.0448],[9.750,0.0429],[10.000,0.0419],[10.250,0.0412],[10.500,0.0416],[10.750,0.0404],[11.000,0.0391],[11.250,0.0380],[11.500,0.0371],[11.750,0.0369],[12.000,0.0355],[12.250,0.0338],[12.500,0.0324],[12.750,0.0312],[13.000,0.0308],[13.250,0.0340],[13.500,0.0373],[13.750,0.0401],[14.000,0.0425],[14.250,0.0450],[14.500,0.0475],[14.750,0.0497],[15.000,0.0516],[15.250,0.0534],[15.500,0.0548],[15.750,0.0560],[16.000,0.0572],[16.250,0.0581],[16.500,0.0587],[16.750,0.0593],[17.000,0.0597],[17.250,0.0600],[17.500,0.0601],[17.750,0.0601],[18.000,0.0600],[18.250,0.0598],[18.500,0.0595],[18.750,0.0589],[19.000,0.0582],[19.250,0.0573],],],
{"title":"Cm v Alpha","sortData":false,"legend":{"show":false,"placement":"insideGrid","location":"ne"},"series":[{"showLabel":true,"index":0,"showLine":true,"trendline":{"type":"none","show":false},"color":"#4bb2c5"},{"showLabel":true,"index":0,"showLine":true,"trendline":{"type":"none","show":false},"color":"#EAA228"},{"showLabel":true,"index":0,"showLine":true,"trendline":{"type":"none","show":false},"color":"#839557"},{"showLabel":true,"index":0,"showLine":true,"trendline":{"type":"none","show":false},"color":"#953579"},{"showLabel":true,"index":0,"showLine":true,"trendline":{"type":"none","show":false},"color":"#d8b83f"}],"show":"$.jqplot.config.enablePlugins","axes":{"xaxis":{"max":20,"min":-20,"tickInterval":5,"tickOptions":{"formatString":"%.1f"},"forceTickAt0":true,"rendererOptions":{"forceTickAt0":true}},"yaxis":{"max":0.08,"min":-0.08,"tickInterval":0.02,"tickOptions":{"formatString":"%.2f"},"forceTickAt0":true,"rendererOptions":{"forceTickAt0":true}}},"seriesDefaults":{"lineWidth":1,"showLabel":true,"markerOptions":{"size":5,"show":false}}});
jqplots.push(p);

var p = $.jqplot('dragaoa',[[[-11.000,0.12267],[-10.750,0.11935],[-10.500,0.11916],[-10.250,0.11479],[-10.000,0.10474],[-9.750,0.10095],[-9.500,0.09700],[-9.250,0.09312],[-9.000,0.08835],[-8.750,0.08846],[-8.500,0.08510],[-8.250,0.07973],[-8.000,0.08093],[-7.750,0.07738],[-7.500,0.06724],[-7.250,0.05462],[-7.000,0.06548],[-6.750,0.04951],[-6.500,0.05914],[-6.250,0.04711],[-6.000,0.04994],[-5.750,0.04431],[-5.500,0.04659],[-5.250,0.04389],[-5.000,0.04377],[-4.750,0.04291],[-4.500,0.04125],[-4.250,0.04191],[-4.000,0.04184],[-3.750,0.04119],[-3.500,0.04049],[-3.250,0.04153],[-3.000,0.04220],[-2.750,0.04237],[-2.500,0.04489],[-2.250,0.04652],[-2.000,0.04901],[-1.750,0.05228],[-1.500,0.05352],[-1.250,0.05371],[-1.000,0.05628],[-0.750,0.05733],[-0.500,0.05787],[-0.250,0.05787],[0.000,0.05811],[0.250,0.05787],[0.500,0.05787],[0.750,0.05734],[1.000,0.05628],[1.250,0.05370],[1.500,0.05350],[1.750,0.05222],[2.000,0.04902],[2.250,0.04648],[2.500,0.04493],[2.750,0.04244],[3.000,0.04219],[3.250,0.04150],[3.500,0.04049],[3.750,0.04115],[4.000,0.04182],[4.250,0.04188],[4.500,0.04120],[4.750,0.04293],[5.000,0.04373],[5.250,0.04382],[5.500,0.04658],[5.750,0.04430],[6.000,0.04991],[6.250,0.04706],[6.500,0.05872],[6.750,0.04950],[7.000,0.06516],[7.250,0.07422],[7.500,0.06689],[7.750,0.07728],[8.000,0.08095],[8.250,0.07961],[8.500,0.08500],[8.750,0.08827],[9.000,0.08828],[9.250,0.09303],[9.500,0.09691],[9.750,0.10086],[10.000,0.10467],],[[-17.500,0.17853],[-17.250,0.08888],[-17.000,0.07792],[-16.500,0.07321],[-16.250,0.06468],[-16.000,0.05888],[-15.750,0.06023],[-15.500,0.05676],[-15.250,0.05262],[-15.000,0.05212],[-14.750,0.05027],[-14.500,0.04735],[-14.250,0.04664],[-14.000,0.04536],[-13.750,0.04335],[-13.500,0.04249],[-13.250,0.04166],[-13.000,0.04032],[-12.750,0.03926],[-12.500,0.03875],[-12.250,0.03785],[-12.000,0.03711],[-11.750,0.03642],[-11.500,0.03584],[-11.250,0.03525],[-11.000,0.03455],[-10.750,0.03400],[-10.500,0.03333],[-10.250,0.03279],[-10.000,0.03224],[-9.750,0.03172],[-9.500,0.03130],[-9.250,0.03077],[-9.000,0.03043],[-8.750,0.02989],[-8.500,0.02957],[-8.250,0.02904],[-8.000,0.02868],[-7.750,0.02826],[-7.500,0.02785],[-7.250,0.02755],[-7.000,0.02714],[-6.750,0.02723],[-6.500,0.02711],[-6.250,0.02704],[-6.000,0.02699],[-5.750,0.02685],[-5.500,0.02689],[-5.250,0.02671],[-5.000,0.02672],[-4.750,0.02661],[-4.500,0.02661],[-4.250,0.02658],[-4.000,0.02661],[-3.750,0.02657],[-3.500,0.02647],[-3.250,0.02637],[-3.000,0.02617],[-2.750,0.02636],[-2.500,0.02618],[-2.250,0.02619],[-2.000,0.02624],[-1.750,0.02606],[-1.500,0.02613],[-1.250,0.02612],[-1.000,0.02587],[-0.750,0.02624],[-0.500,0.02631],[-0.250,0.02608],[0.000,0.02678],[0.250,0.02640],[0.500,0.02629],[0.750,0.02624],[1.000,0.02586],[1.250,0.02611],[1.500,0.02613],[1.750,0.02605],[2.000,0.02624],[2.500,0.02619],[2.750,0.02636],[3.000,0.02617],[3.250,0.02637],[3.500,0.02646],[3.750,0.02656],[4.000,0.02661],[4.250,0.02658],[4.500,0.02660],[4.750,0.02661],[5.000,0.02673],[5.250,0.02670],[5.500,0.02688],[5.750,0.02685],[6.000,0.02698],[6.250,0.02703],[6.500,0.02710],[6.750,0.02722],[7.000,0.02713],[7.250,0.02753],[7.500,0.02784],[7.750,0.02825],[8.000,0.02867],[8.250,0.02903],[8.500,0.02957],[8.750,0.02987],[9.000,0.03042],[9.250,0.03076],[9.500,0.03129],[9.750,0.03171],[10.000,0.03223],[10.250,0.03278],[10.500,0.03333],[10.750,0.03399],[11.000,0.03454],[11.250,0.03524],[11.500,0.03583],[11.750,0.03640],[12.000,0.03710],[12.250,0.03785],[12.500,0.03873],[12.750,0.03920],[13.000,0.04032],[13.250,0.04164],[13.500,0.04245],[13.750,0.04335],[14.000,0.04533],[14.250,0.04660],[14.500,0.04736],[14.750,0.05024],[15.000,0.05206],[15.250,0.05259],[15.500,0.05673],[15.750,0.06015],[16.000,0.05892],[16.250,0.06468],[16.500,0.07312],[17.000,0.07257],[17.250,0.08518],[17.500,0.17877],],[[-19.750,0.08839],[-19.500,0.08546],[-19.250,0.08173],[-19.000,0.07759],[-18.750,0.07481],[-18.500,0.07297],[-18.250,0.07026],[-18.000,0.06712],[-17.750,0.06366],[-17.500,0.06257],[-17.250,0.06033],[-17.000,0.05762],[-16.750,0.05564],[-16.500,0.05377],[-16.250,0.05135],[-16.000,0.04954],[-15.750,0.04750],[-15.500,0.04525],[-15.250,0.04354],[-15.000,0.04156],[-14.750,0.03986],[-14.500,0.03820],[-14.250,0.03667],[-14.000,0.03530],[-13.750,0.03402],[-13.500,0.03288],[-13.250,0.03185],[-13.000,0.03088],[-12.750,0.02999],[-12.500,0.02920],[-12.250,0.02846],[-12.000,0.02775],[-11.750,0.02714],[-11.500,0.02659],[-11.250,0.02608],[-11.000,0.02555],[-10.750,0.02516],[-10.500,0.02484],[-10.250,0.02438],[-10.000,0.02407],[-9.750,0.02384],[-9.500,0.02337],[-9.250,0.02314],[-9.000,0.02266],[-8.750,0.02244],[-8.500,0.02205],[-8.250,0.02178],[-8.000,0.02141],[-7.750,0.02111],[-7.500,0.02074],[-7.250,0.02037],[-7.000,0.02005],[-6.750,0.01966],[-6.500,0.01919],[-6.250,0.01891],[-6.000,0.01846],[-5.750,0.01793],[-5.500,0.01766],[-5.250,0.01717],[-5.000,0.01671],[-4.750,0.01653],[-4.500,0.01615],[-4.250,0.01576],[-4.000,0.01564],[-3.750,0.01530],[-3.500,0.01511],[-3.250,0.01486],[-3.000,0.01453],[-2.750,0.01447],[-2.500,0.01418],[-2.250,0.01412],[-2.000,0.01387],[-1.750,0.01381],[-1.500,0.01364],[-1.250,0.01352],[-1.000,0.01343],[-0.750,0.01331],[-0.500,0.01327],[-0.250,0.01324],[0.000,0.01321],[0.250,0.01324],[0.500,0.01327],[0.750,0.01331],[1.000,0.01343],[1.250,0.01352],[1.500,0.01364],[1.750,0.01381],[2.000,0.01387],[2.250,0.01412],[2.500,0.01418],[2.750,0.01447],[3.000,0.01454],[3.250,0.01487],[3.500,0.01511],[3.750,0.01530],[4.000,0.01564],[4.250,0.01576],[4.500,0.01614],[4.750,0.01652],[5.000,0.01671],[5.250,0.01717],[5.500,0.01766],[5.750,0.01793],[6.000,0.01845],[6.250,0.01891],[6.500,0.01919],[6.750,0.01965],[7.000,0.02005],[7.250,0.02036],[7.500,0.02074],[7.750,0.02111],[8.000,0.02140],[8.250,0.02177],[8.500,0.02204],[8.750,0.02243],[9.000,0.02266],[9.250,0.02312],[9.500,0.02336],[9.750,0.02382],[10.000,0.02405],[10.250,0.02437],[10.500,0.02483],[10.750,0.02514],[11.000,0.02553],[11.250,0.02606],[11.500,0.02657],[11.750,0.02711],[12.000,0.02773],[12.250,0.02844],[12.500,0.02917],[12.750,0.02996],[13.000,0.03085],[13.250,0.03182],[13.500,0.03286],[13.750,0.03400],[14.000,0.03526],[14.250,0.03662],[14.500,0.03816],[14.750,0.03981],[15.000,0.04151],[15.250,0.04348],[15.500,0.04516],[15.750,0.04742],[16.000,0.04947],[16.250,0.05126],[16.500,0.05368],[16.750,0.05557],[17.000,0.05747],[17.250,0.06024],[17.500,0.06245],[17.750,0.06344],[18.000,0.06711],[18.250,0.07025],[18.500,0.07284],[18.750,0.07468],[19.000,0.07752],[19.250,0.08168],],[[-19.500,0.08601],[-19.250,0.08216],[-19.000,0.07848],[-18.750,0.07512],[-18.500,0.07179],[-18.250,0.06858],[-18.000,0.06493],[-17.750,0.06146],[-17.500,0.05843],[-17.250,0.05565],[-17.000,0.05267],[-16.750,0.04988],[-16.500,0.04747],[-16.250,0.04501],[-16.000,0.04289],[-15.750,0.04089],[-15.500,0.03896],[-15.250,0.03729],[-15.000,0.03542],[-14.750,0.03426],[-14.500,0.03241],[-14.250,0.03096],[-14.000,0.02994],[-13.750,0.02847],[-13.500,0.02722],[-13.250,0.02626],[-13.000,0.02531],[-12.750,0.02426],[-12.500,0.02342],[-12.250,0.02272],[-12.000,0.02195],[-11.750,0.02129],[-11.500,0.02059],[-11.250,0.01990],[-11.000,0.01927],[-10.750,0.01868],[-10.500,0.01827],[-10.250,0.01769],[-10.000,0.01733],[-9.750,0.01684],[-9.500,0.01637],[-9.250,0.01606],[-9.000,0.01552],[-8.750,0.01507],[-8.500,0.01474],[-8.250,0.01428],[-8.000,0.01382],[-7.750,0.01347],[-7.500,0.01295],[-7.250,0.01261],[-7.000,0.01221],[-6.750,0.01183],[-6.500,0.01147],[-6.250,0.01114],[-6.000,0.01081],[-5.750,0.01054],[-5.500,0.01029],[-5.250,0.01011],[-5.000,0.00990],[-4.750,0.00976],[-4.500,0.00964],[-4.250,0.00951],[-4.000,0.00943],[-3.750,0.00935],[-3.500,0.00929],[-3.250,0.00924],[-3.000,0.00918],[-2.750,0.00914],[-2.500,0.00907],[-2.250,0.00905],[-2.000,0.00900],[-1.500,0.00896],[-1.250,0.00898],[-1.000,0.00897],[-0.750,0.00900],[-0.500,0.00898],[-0.250,0.00903],[0.000,0.00899],[0.250,0.00903],[0.500,0.00898],[0.750,0.00900],[1.000,0.00897],[1.250,0.00898],[1.500,0.00896],[2.000,0.00900],[2.250,0.00905],[2.500,0.00907],[2.750,0.00914],[3.000,0.00918],[3.250,0.00924],[3.500,0.00929],[3.750,0.00935],[4.000,0.00943],[4.250,0.00951],[4.500,0.00964],[4.750,0.00976],[5.000,0.00989],[5.250,0.01011],[5.500,0.01029],[5.750,0.01055],[6.000,0.01082],[6.250,0.01114],[6.500,0.01147],[6.750,0.01183],[7.000,0.01221],[7.250,0.01261],[7.500,0.01295],[7.750,0.01347],[8.000,0.01382],[8.250,0.01428],[8.500,0.01473],[8.750,0.01507],[9.000,0.01551],[9.250,0.01605],[9.500,0.01637],[9.750,0.01684],[10.000,0.01732],[10.250,0.01768],[10.500,0.01826],[10.750,0.01867],[11.000,0.01925],[11.250,0.01988],[11.500,0.02058],[11.750,0.02126],[12.000,0.02192],[12.250,0.02269],[12.500,0.02338],[12.750,0.02424],[13.000,0.02529],[13.250,0.02621],[13.500,0.02720],[13.750,0.02844],[14.000,0.02989],[14.250,0.03091],[14.500,0.03234],[14.750,0.03419],[15.000,0.03536],[15.250,0.03722],[15.500,0.03887],[15.750,0.04079],[16.000,0.04277],[16.250,0.04490],[16.500,0.04734],[16.750,0.04974],[17.000,0.05251],[17.250,0.05557],[17.500,0.05825],[17.750,0.06133],[18.000,0.06491],[18.250,0.06860],[18.500,0.07166],[18.750,0.07491],[19.000,0.07834],[19.250,0.08212],],[[-19.750,0.07772],[-19.500,0.07458],[-19.250,0.07074],[-19.000,0.06669],[-18.750,0.06310],[-18.500,0.05986],[-18.250,0.05683],[-18.000,0.05423],[-17.750,0.05171],[-17.500,0.04943],[-17.250,0.04657],[-17.000,0.04399],[-16.750,0.04169],[-16.500,0.03963],[-16.250,0.03779],[-16.000,0.03584],[-15.750,0.03387],[-15.500,0.03215],[-15.250,0.03063],[-15.000,0.02899],[-14.750,0.02756],[-14.500,0.02621],[-14.250,0.02501],[-14.000,0.02403],[-13.750,0.02323],[-13.500,0.02247],[-13.250,0.02167],[-13.000,0.02104],[-12.750,0.02045],[-12.500,0.01957],[-12.250,0.01887],[-12.000,0.01834],[-11.750,0.01759],[-11.500,0.01688],[-11.250,0.01631],[-11.000,0.01562],[-10.750,0.01500],[-10.500,0.01427],[-10.250,0.01368],[-10.000,0.01328],[-9.750,0.01283],[-9.500,0.01257],[-9.250,0.01214],[-9.000,0.01185],[-8.750,0.01164],[-8.500,0.01126],[-8.250,0.01097],[-8.000,0.01073],[-7.750,0.01055],[-7.500,0.01026],[-7.250,0.01003],[-7.000,0.00986],[-6.750,0.00970],[-6.500,0.00951],[-6.250,0.00936],[-6.000,0.00920],[-5.750,0.00901],[-5.500,0.00881],[-5.250,0.00862],[-5.000,0.00842],[-4.750,0.00824],[-4.500,0.00809],[-4.250,0.00796],[-4.000,0.00786],[-3.750,0.00774],[-3.500,0.00769],[-3.250,0.00763],[-2.750,0.00762],[-2.500,0.00762],[-2.250,0.00760],[-2.000,0.00760],[-1.750,0.00760],[-1.500,0.00758],[-1.250,0.00759],[-1.000,0.00755],[-0.500,0.00753],[-0.250,0.00756],[0.000,0.00753],[0.250,0.00756],[0.500,0.00753],[1.000,0.00755],[1.250,0.00759],[1.500,0.00758],[1.750,0.00760],[2.000,0.00761],[2.250,0.00760],[2.500,0.00762],[2.750,0.00762],[3.000,0.00763],[3.250,0.00764],[3.500,0.00769],[3.750,0.00774],[4.000,0.00786],[4.250,0.00796],[4.500,0.00810],[4.750,0.00824],[5.000,0.00841],[5.250,0.00862],[5.500,0.00881],[5.750,0.00901],[6.000,0.00920],[6.250,0.00936],[6.500,0.00951],[6.750,0.00970],[7.000,0.00986],[7.250,0.01003],[7.500,0.01025],[7.750,0.01055],[8.000,0.01073],[8.250,0.01096],[8.500,0.01126],[8.750,0.01164],[9.000,0.01185],[9.250,0.01214],[9.500,0.01256],[9.750,0.01283],[10.000,0.01329],[10.250,0.01368],[10.500,0.01427],[10.750,0.01500],[11.000,0.01562],[11.250,0.01630],[11.500,0.01686],[11.750,0.01760],[12.000,0.01831],[12.250,0.01885],[12.500,0.01955],[12.750,0.02045],[13.000,0.02101],[13.250,0.02163],[13.500,0.02244],[13.750,0.02318],[14.000,0.02396],[14.250,0.02496],[14.500,0.02617],[14.750,0.02752],[15.000,0.02893],[15.250,0.03056],[15.500,0.03210],[15.750,0.03381],[16.000,0.03578],[16.250,0.03769],[16.500,0.03951],[16.750,0.04157],[17.000,0.04383],[17.250,0.04645],[17.500,0.04931],[17.750,0.05158],[18.000,0.05410],[18.250,0.05668],[18.500,0.05961],[18.750,0.06291],[19.000,0.06658],[19.250,0.07067],],],
{"title":"Cd v Alpha","sortData":false,"legend":{"show":false,"placement":"insideGrid","location":"ne"},"series":[{"showLabel":true,"index":0,"showLine":true,"trendline":{"type":"none","show":false},"color":"#4bb2c5"},{"showLabel":true,"index":0,"showLine":true,"trendline":{"type":"none","show":false},"color":"#EAA228"},{"showLabel":true,"index":0,"showLine":true,"trendline":{"type":"none","show":false},"color":"#839557"},{"showLabel":true,"index":0,"showLine":true,"trendline":{"type":"none","show":false},"color":"#953579"},{"showLabel":true,"index":0,"showLine":true,"trendline":{"type":"none","show":false},"color":"#d8b83f"}],"show":"$.jqplot.config.enablePlugins","axes":{"xaxis":{"max":20,"min":-20,"tickInterval":5,"tickOptions":{"formatString":"%.1f"},"forceTickAt0":true,"rendererOptions":{"forceTickAt0":true}},"yaxis":{"max":0.18,"min":0,"tickInterval":0.02,"tickOptions":{"formatString":"%.2f"},"forceTickAt0":true,"rendererOptions":{"forceTickAt0":true}}},"seriesDefaults":{"lineWidth":1,"showLabel":true,"markerOptions":{"size":5,"show":false}}});
jqplots.push(p);

var p = $.jqplot('effaoa',[[[-11.000,-2.4309122034727],[-10.750,-2.3083368244659],[-10.500,-2.510909701242],[-10.250,-2.3573482010628],[-10.000,-3.449493985106],[-9.750,-3.5700842000991],[-9.500,-3.8247422680412],[-9.250,-4.1817010309278],[-9.000,-4.8036219581211],[-8.750,-4.416685507574],[-8.500,-4.8272620446533],[-8.250,-5.7970650946946],[-8.000,-5.177313727913],[-7.750,-5.8219178082192],[-7.500,-8.5574063057704],[-7.250,-14.154155986818],[-7.000,-8.7522907758094],[-6.750,-17.087457079378],[-6.500,-10.850524179912],[-6.250,-18.320950965825],[-6.000,-15.901081297557],[-5.750,-20.018054615211],[-5.500,-17.733419188667],[-5.250,-19.58988380041],[-5.000,-19.271190313],[-4.750,-19.603821952925],[-4.500,-20.758787878788],[-4.250,-19.763779527559],[-4.000,-19.467017208413],[-3.750,-19.713522699684],[-3.500,-20.05186465794],[-3.250,-18.817722128582],[-3.000,-17.983412322275],[-2.750,-17.611517583196],[-2.500,-14.909779460904],[-2.250,-13.129836629407],[-2.000,-10.848806366048],[-1.750,-8.0049732211171],[-1.500,-6.644245142003],[-1.250,-6.153416495997],[-1.000,-3.8432835820896],[-0.750,-2.5414268271411],[-0.500,-1.3409365819941],[-0.250,-1.1646794539485],[0.000,0],[0.250,1.1629514428892],[0.500,1.334024537757],[0.750,2.5287757237531],[1.000,3.8415067519545],[1.250,6.1508379888268],[1.500,6.6504672897196],[1.750,8.0371505170433],[2.000,10.826193390453],[2.250,13.156196213425],[2.500,14.874248831516],[2.750,17.537700282752],[3.000,17.982934344631],[3.250,18.840963855422],[3.500,20.044455421092],[3.750,19.739975698663],[4.000,19.476327116212],[4.250,19.780324737345],[4.500,20.791262135922],[4.750,19.58071278826],[5.000,19.293391264578],[5.250,19.637151985395],[5.500,17.737226277372],[5.750,20.027088036117],[6.000,15.916649969946],[6.250,18.357416064598],[6.500,11.047343324251],[6.750,17.076767676768],[7.000,8.8551258440761],[7.250,6.1856642414444],[7.500,8.6634773508746],[7.750,5.8398033126294],[8.000,5.1686226065473],[8.250,5.8233890214797],[8.500,4.8423529411765],[8.750,4.4443185680299],[9.000,4.8142274580879],[9.250,4.1825217671719],[9.500,3.8313899494376],[9.750,3.5742613523696],[10.000,3.4393809114359],],[[-17.500,-2.6550159637036],[-17.250,-10.133888388839],[-17.000,-12.378080082136],[-16.500,-13.155306652097],[-16.250,-15.833333333333],[-16.000,-18.152173913043],[-15.750,-17.052963639382],[-15.500,-18.460183227625],[-15.250,-20.581527936146],[-15.000,-20.433614735226],[-14.750,-21.346727670579],[-14.500,-23.292502639916],[-14.250,-23.364065180103],[-14.000,-24.129188712522],[-13.750,-25.850057670127],[-13.500,-26.142621793363],[-13.250,-26.63946231397],[-13.000,-28.045634920635],[-12.750,-28.904737646459],[-12.500,-28.926451612903],[-12.250,-30.063408190225],[-12.000,-31.43896523848],[-11.750,-31.169686985173],[-11.500,-32.039620535714],[-11.250,-33.276595744681],[-11.000,-33.406657018813],[-10.750,-34.076470588235],[-10.500,-35.346534653465],[-10.250,-35.260750228728],[-10.000,-36.122828784119],[-9.750,-36.491172761665],[-9.500,-36.984025559105],[-9.250,-37.523561910952],[-9.000,-37.722642129477],[-8.750,-38.360655737705],[-8.500,-38.359824146094],[-8.250,-39.111570247934],[-8.000,-38.9470013947],[-7.750,-39.302901627742],[-7.500,-39.472172351885],[-7.250,-39.502722323049],[-7.000,-39.834193072955],[-6.750,-38.156445097319],[-6.500,-36.923644411656],[-6.250,-35.735946745562],[-6.000,-34.286772878844],[-5.750,-33.292364990689],[-5.500,-31.740423949424],[-5.250,-31.104455260202],[-5.000,-29.696856287425],[-4.750,-28.887636226982],[-4.500,-27.756482525366],[-4.250,-26.598946576373],[-4.000,-25.313791807591],[-3.750,-24.106134738427],[-3.500,-22.293162070268],[-3.250,-22.036405005688],[-3.000,-20.41650745128],[-2.750,-19.491654021244],[-2.500,-17.788388082506],[-2.250,-17.449408171058],[-2.000,-15.297256097561],[-1.750,-13.100537221796],[-1.500,-13.226176808266],[-1.250,-10.394333843798],[-1.000,-8.0363355237727],[-0.750,-7.6524390243902],[-0.500,-4.6408209806157],[-0.250,-2.1434049079755],[0.000,0.011202389843167],[0.250,3.9015151515152],[0.500,4.6519589197413],[0.750,7.6448170731707],[1.000,8.0433101314772],[1.250,10.398314821907],[1.500,13.233830845771],[1.750,13.10556621881],[2.000,15.30487804878],[2.500,17.796869033982],[2.750,19.495447647951],[3.000,20.420328620558],[3.250,22.032612817596],[3.500,22.290249433107],[3.750,24.107680722892],[4.000,25.313791807591],[4.250,26.602708803612],[4.500,27.759398496241],[4.750,28.880120255543],[5.000,29.674523007856],[5.250,31.112359550562],[5.500,31.755952380952],[5.750,33.296089385475],[6.000,34.310600444774],[6.250,35.74546799852],[6.500,36.944649446494],[6.750,38.166789125643],[7.000,39.841503870254],[7.250,39.524155466764],[7.500,39.48275862069],[7.750,39.309734513274],[8.000,38.957098011859],[8.250,39.121598346538],[8.500,38.35644234021],[8.750,38.386340810177],[9.000,37.735042735043],[9.250,37.535760728218],[9.500,36.986257590284],[9.750,36.499526963103],[10.000,36.137139311201],[10.250,35.268456375839],[10.500,35.346534653465],[10.750,34.086496028244],[11.000,33.419224088014],[11.250,33.288876276958],[11.500,32.048562656991],[11.750,31.186813186813],[12.000,31.44204851752],[12.250,30.068692206077],[12.500,28.943971081849],[12.750,29],[13.000,28.062996031746],[13.250,26.661863592699],[13.500,26.197879858657],[13.750,25.854671280277],[14.000,24.158393999559],[14.250,23.409871244635],[14.500,23.285472972973],[14.750,21.379378980892],[15.000,20.491740299654],[15.250,20.612283704126],[15.500,18.491098184382],[15.750,17.10889443059],[16.000,18.141547861507],[16.250,15.84879406308],[16.500,13.197483588621],[17.000,14.008543475265],[17.250,10.922751819676],[17.500,2.6609610113554],],[[-19.750,-12.132594184863],[-19.500,-12.552071144395],[-19.250,-13.202006607121],[-19.000,-14.035313829102],[-18.750,-14.564897740944],[-18.500,-14.841715773606],[-18.250,-15.418445772844],[-18.000,-16.203814064362],[-17.750,-17.205466540999],[-17.500,-17.31340898194],[-17.250,-17.923089673463],[-17.000,-18.811176674766],[-16.750,-19.41768511862],[-16.500,-20.0241770504],[-16.250,-20.999026290166],[-16.000,-21.691562373839],[-15.750,-22.614736842105],[-15.500,-23.785635359116],[-15.250,-24.664676159853],[-15.000,-25.871029836381],[-14.750,-26.951831409935],[-14.500,-28.128272251309],[-14.250,-29.280065448596],[-14.000,-30.399433427762],[-13.750,-31.522633744856],[-13.500,-32.548661800487],[-13.250,-33.554160125589],[-13.000,-34.588730569948],[-12.750,-35.538512837613],[-12.500,-36.469178082192],[-12.250,-37.463106113844],[-12.000,-38.407207207207],[-11.750,-39.274134119381],[-11.500,-40.214366303121],[-11.250,-41.200153374233],[-11.000,-42.050880626223],[-10.750,-42.957074721781],[-10.500,-43.884863123994],[-10.250,-44.741591468417],[-10.000,-45.567095970087],[-9.750,-46.363255033557],[-9.500,-46.166024818143],[-9.250,-45.38029386344],[-9.000,-45.127978817299],[-8.750,-44.286987522282],[-8.500,-43.727891156463],[-8.250,-43.122130394858],[-8.000,-42.171882297992],[-7.750,-41.719564187589],[-7.500,-40.891996142719],[-7.250,-39.720176730486],[-7.000,-39.411471321696],[-6.750,-38.479145473042],[-6.500,-37.357998957791],[-6.250,-37.149656266526],[-6.000,-36.164680390033],[-5.750,-34.991634132738],[-5.500,-34.892412231031],[-5.250,-33.651718112988],[-5.000,-31.986834230999],[-4.750,-31.542649727768],[-4.500,-30.043343653251],[-4.250,-28.274111675127],[-4.000,-27.595907928389],[-3.750,-25.777777777778],[-3.500,-24.506949040371],[-3.250,-22.92732166891],[-3.000,-20.681348933242],[-2.750,-19.758120248791],[-2.500,-17.411847672779],[-2.250,-16.416430594901],[-2.000,-13.943763518385],[-1.750,-12.925416364953],[-1.500,-10.645161290323],[-1.250,-9.164201183432],[-1.000,-7.4013402829486],[-0.750,-5.251690458302],[-0.500,-3.9336850037679],[-0.250,-1.6993957703927],[0.000,0],[0.250,1.6993957703927],[0.500,3.9261492087415],[0.750,5.259203606311],[1.000,7.3938942665674],[1.250,9.1715976331361],[1.500,10.637829912023],[1.750,12.925416364953],[2.000,13.93655371305],[2.250,16.416430594901],[2.500,17.418899858956],[2.750,19.758120248791],[3.000,20.674002751032],[3.250,22.925353059852],[3.500,24.506949040371],[3.750,25.78431372549],[4.000,27.608695652174],[4.250,28.274111675127],[4.500,30.061957868649],[4.750,31.549636803874],[5.000,31.998803111909],[5.250,33.657542224811],[5.500,34.886749716874],[5.750,34.986056887897],[6.000,36.178861788618],[6.250,37.149656266526],[6.500,37.363210005211],[6.750,38.503816793893],[7.000,39.426433915212],[7.250,39.759332023576],[7.500,40.906460945034],[7.750,41.729038370441],[8.000,42.205607476636],[8.250,43.160312356454],[8.500,43.765880217786],[8.750,44.329023629068],[9.000,45.150044130627],[9.250,45.410899653979],[9.500,46.202910958904],[9.750,46.406381192275],[10.000,45.600831600832],[10.250,44.755847353303],[10.500,43.914619412002],[10.750,42.983293556086],[11.000,42.083822953388],[11.250,41.231772831926],[11.500,40.244636808431],[11.750,39.321283659166],[12.000,38.438514244501],[12.250,37.478902953586],[12.500,36.523825848474],[12.750,35.584112149533],[13.000,34.63209076175],[13.250,33.610936517913],[13.500,32.583688374924],[13.750,31.555882352941],[14.000,30.45377197958],[14.250,29.352812670672],[14.500,28.183962264151],[14.750,27.018337101231],[15.000,25.933509997591],[15.250,24.733210671573],[15.500,23.872896368468],[15.750,22.690847743568],[16.000,21.75864160097],[16.250,21.076863051112],[16.500,20.095007451565],[16.750,19.479935216844],[17.000,18.910736036193],[17.250,17.988047808765],[17.500,17.388310648519],[17.750,17.320302648172],[18.000,16.233050216063],[18.250,15.449110320285],[18.500,14.909390444811],[18.750,14.629084092126],[19.000,14.082817337461],[19.250,13.241919686582],],[[-19.500,-12.693872805488],[-19.250,-13.376338851022],[-19.000,-14.08002038736],[-18.750,-14.763045793397],[-18.500,-15.50215907508],[-18.250,-16.271507728201],[-18.000,-17.307870013861],[-17.750,-18.397331597787],[-17.500,-19.411261338354],[-17.250,-20.409703504043],[-17.000,-21.646098348206],[-16.750,-22.92101042502],[-16.500,-24.086791657889],[-16.250,-25.434347922684],[-16.000,-26.656563301469],[-15.750,-27.911469797016],[-15.500,-29.240246406571],[-15.250,-30.437114507911],[-15.000,-32.027103331451],[-14.750,-32.854640980736],[-14.500,-34.78864547979],[-14.250,-36.340439276486],[-14.000,-37.324649298597],[-13.750,-39.293993677555],[-13.500,-41.076414401176],[-13.250,-42.429550647372],[-13.000,-43.935203476887],[-12.750,-45.935696619951],[-12.500,-47.600341588386],[-12.250,-49.036091549296],[-12.000,-50.9430523918],[-11.750,-52.747768905589],[-11.500,-53.744536182613],[-11.250,-54.050251256281],[-11.000,-54.172288531396],[-10.750,-54.298715203426],[-10.500,-53.776683087028],[-10.250,-53.877897117015],[-10.000,-53.029428736295],[-9.750,-52.618764845606],[-9.500,-52.675626145388],[-9.250,-51.650062266501],[-9.000,-51.430412371134],[-8.750,-50.690112806901],[-8.500,-49.287652645862],[-8.250,-49.390756302521],[-8.000,-48.62518089725],[-7.750,-47.000742390497],[-7.500,-46.030888030888],[-7.250,-45.305313243458],[-7.000,-44.111384111384],[-6.750,-43.076923076923],[-6.500,-42.510897994769],[-6.250,-41.705565529623],[-6.000,-41.165587419056],[-5.750,-40.569259962049],[-5.500,-39.562682215743],[-5.250,-38.6646884273],[-5.000,-37.454545454545],[-4.750,-36.424180327869],[-4.500,-34.57468879668],[-4.250,-33.669821240799],[-4.000,-31.760339342524],[-3.750,-30.577540106952],[-3.500,-28.902045209903],[-3.250,-27.28354978355],[-3.000,-25.588235294118],[-2.750,-23.55579868709],[-2.500,-21.764057331863],[-2.250,-19.745856353591],[-2.000,-17.822222222222],[-1.500,-13.549107142857],[-1.250,-11.258351893096],[-1.000,-9.108138238573],[-0.750,-6.8222222222222],[-0.500,-4.56570155902],[-0.250,-2.281284606866],[0.000,0],[0.250,2.281284606866],[0.500,4.554565701559],[0.750,6.8333333333333],[1.000,9.1192865105909],[1.250,11.269487750557],[1.500,13.549107142857],[2.000,17.811111111111],[2.250,19.745856353591],[2.500,21.775082690187],[2.750,23.55579868709],[3.000,25.588235294118],[3.250,27.294372294372],[3.500,28.912809472551],[3.750,30.577540106952],[4.000,31.781548250265],[4.250,33.680336487907],[4.500,34.585062240664],[4.750,36.434426229508],[5.000,37.502527805865],[5.250,38.674579624135],[5.500,39.562682215743],[5.750,40.530805687204],[6.000,41.109057301294],[6.250,41.687612208259],[6.500,42.519616390584],[6.750,43.085376162299],[7.000,44.127764127764],[7.250,45.329103885805],[7.500,46.061776061776],[7.750,47.023014105419],[8.000,48.661360347323],[8.250,49.418767507003],[8.500,49.355057705363],[8.750,50.736562707366],[9.000,51.50225660864],[9.250,51.713395638629],[9.500,52.706169822847],[9.750,52.654394299287],[10.000,53.10623556582],[10.250,53.947963800905],[10.500,53.849945235487],[10.750,54.365291912159],[11.000,54.280519480519],[11.250,54.164989939638],[11.500,53.809523809524],[11.750,52.831608654751],[12.000,51.012773722628],[12.250,49.105332745703],[12.500,47.694610778443],[12.750,45.969471947195],[13.000,43.973902728351],[13.250,42.537199542159],[13.500,41.117647058824],[13.750,39.349507735584],[14.000,37.417196386751],[14.250,36.431575541896],[14.500,34.907235621521],[14.750,32.959929804036],[15.000,32.118212669683],[15.250,30.534658785599],[15.500,29.354257782351],[15.750,28.026477077715],[16.000,26.782791676409],[16.250,25.54565701559],[16.500,24.205745669624],[16.750,23.039806996381],[17.000,21.769186821558],[17.250,20.478675544358],[17.500,19.527896995708],[17.750,18.48361323985],[18.000,17.345555384378],[18.250,16.293002915452],[18.500,15.573541724812],[18.750,14.855159524763],[19.000,14.149859586418],[19.250,13.415733073551],],[[-19.750,-15.271487390633],[-19.500,-15.938589434165],[-19.250,-16.915465083404],[-19.000,-18.097165991903],[-18.750,-19.24088748019],[-18.500,-20.362512529235],[-18.250,-21.506246700686],[-18.000,-22.535496957404],[-17.750,-23.62985882808],[-17.500,-24.677321464698],[-17.250,-26.285162121537],[-17.000,-27.879063423505],[-16.750,-29.424322379467],[-16.500,-30.915972747918],[-16.250,-32.331304577931],[-16.000,-34.056919642857],[-15.750,-36.052553882492],[-15.500,-37.93468118196],[-15.250,-39.719229513549],[-15.000,-41.966195239738],[-14.750,-44.092888243832],[-14.500,-46.344906524227],[-14.250,-48.516593362655],[-14.000,-50.366208905535],[-13.750,-51.902712010331],[-13.500,-53.502447708055],[-13.250,-55.436086755884],[-13.000,-56.977186311787],[-12.750,-57.422982885086],[-12.500,-58.753193663771],[-12.250,-59.464758876524],[-12.000,-59.514721919302],[-11.750,-60.511654349062],[-11.500,-61.718009478673],[-11.250,-62.213366033109],[-11.000,-63.233034571063],[-10.750,-63.926666666667],[-10.500,-65.290819901892],[-10.250,-66.56432748538],[-10.000,-66.453313253012],[-9.750,-66.500389711613],[-9.500,-65.107398568019],[-9.250,-64.489291598023],[-9.000,-63.864978902954],[-8.750,-61.709621993127],[-8.500,-60.319715808171],[-8.250,-58.988149498633],[-8.000,-57.027027027027],[-7.750,-54.881516587678],[-7.500,-53.703703703704],[-7.250,-52.751744765703],[-7.000,-51.186612576065],[-6.750,-49.742268041237],[-6.500,-48.885383806519],[-6.250,-47.606837606838],[-6.000,-46.489130434783],[-5.750,-45.604883462819],[-5.500,-44.869466515323],[-5.250,-44.025522041763],[-5.000,-43.301662707838],[-4.750,-42.415048543689],[-4.500,-41.23609394314],[-4.250,-39.698492462312],[-4.000,-38.078880407125],[-3.750,-36.472868217054],[-3.500,-34.356306892068],[-3.250,-32.634338138925],[-2.750,-28.582677165354],[-2.500,-26.377952755906],[-2.250,-24.078947368421],[-2.000,-21.618421052632],[-1.750,-19.039473684211],[-1.500,-16.437994722955],[-1.250,-13.768115942029],[-1.000,-11.139072847682],[-0.500,-5.6839309428951],[-0.250,-2.8835978835979],[0.000,0],[0.250,2.8703703703704],[0.500,5.6972111553785],[1.000,11.165562913907],[1.250,13.768115942029],[1.500,16.437994722955],[1.750,19.065789473684],[2.000,21.576872536137],[2.250,24.065789473684],[2.500,26.377952755906],[2.750,28.622047244094],[3.000,30.537352555701],[3.250,32.591623036649],[3.500,34.382314694408],[3.750,36.485788113695],[4.000,38.091603053435],[4.250,39.711055276382],[4.500,41.16049382716],[4.750,42.415048543689],[5.000,43.32936979786],[5.250,44.013921113689],[5.500,44.869466515323],[5.750,45.604883462819],[6.000,46.478260869565],[6.250,47.617521367521],[6.500,48.895899053628],[6.750,49.742268041237],[7.000,51.206896551724],[7.250,52.791625124626],[7.500,53.80487804878],[7.750,54.890995260664],[8.000,57.027027027027],[8.250,59.069343065693],[8.500,60.373001776199],[8.750,61.743986254296],[9.000,63.898734177215],[9.250,64.538714991763],[9.500,65.207006369427],[9.750,66.547155105222],[10.000,66.448457486832],[10.250,66.600877192982],[10.500,65.332866152768],[10.750,63.973333333333],[11.000,63.277848911652],[11.250,62.306748466258],[11.500,61.844602609727],[11.750,60.511363636364],[12.000,59.694156198798],[12.250,59.596816976127],[12.500,58.879795396419],[12.750,57.481662591687],[13.000,57.068062827225],[13.250,55.570966250578],[13.500,53.578431372549],[13.750,52.036238136324],[14.000,50.5550918197],[14.250,48.64983974359],[14.500,46.442491402369],[14.750,44.189680232558],[15.000,42.094711372278],[15.250,39.852748691099],[15.500,38.028037383178],[15.750,36.154983732623],[16.000,34.155953046395],[16.250,32.472804457416],[16.500,31.06808402936],[16.750,29.569401010344],[17.000,28.046999771846],[17.250,26.409041980624],[17.500,24.792131413506],[17.750,23.743699108181],[18.000,22.646950092421],[18.250,21.619618913197],[18.500,20.51669183023],[18.750,19.357812748371],[19.000,18.175127665966],[19.250,16.973255978492],],],
{"title":"Cl\/Cd v Alpha","sortData":false,"legend":{"show":false,"placement":"insideGrid","location":"ne"},"series":[{"showLabel":true,"index":0,"showLine":true,"trendline":{"type":"none","show":false},"color":"#4bb2c5"},{"showLabel":true,"index":0,"showLine":true,"trendline":{"type":"none","show":false},"color":"#EAA228"},{"showLabel":true,"index":0,"showLine":true,"trendline":{"type":"none","show":false},"color":"#839557"},{"showLabel":true,"index":0,"showLine":true,"trendline":{"type":"none","show":false},"color":"#953579"},{"showLabel":true,"index":0,"showLine":true,"trendline":{"type":"none","show":false},"color":"#d8b83f"}],"show":"$.jqplot.config.enablePlugins","axes":{"xaxis":{"max":20,"min":-20,"tickInterval":5,"tickOptions":{"formatString":"%.1f"},"forceTickAt0":true,"rendererOptions":{"forceTickAt0":true}},"yaxis":{"max":80,"min":-80,"tickInterval":20,"tickOptions":{"formatString":"%d"},"forceTickAt0":true,"rendererOptions":{"forceTickAt0":true}}},"seriesDefaults":{"lineWidth":1,"showLabel":true,"markerOptions":{"size":5,"show":false}}});
jqplots.push(p);

});
/*]]>*/
</script>
</body>
</html>