<!DOCTYPE html>
<html lang="en">
<head>
<link rel="stylesheet" type="text/css" href="/assets/62ff72f1/jquery.jqplot.min.css" media="screen, projection, print" />
<style type="text/css">
/*<![CDATA[*/
.jqplot-title {font-size:1.8em;padding:3px;}.jqplot-xaxis {font-size:0.8em;padding-top:3px;}.jqplot-yaxis {font-size:0.8em;padding-right:3px;}
/*]]>*/
</style>
<!--[if lt IE 9]><script type="text/javascript" src="/assets/62ff72f1/excanvas.min.js"></script></script><![endif]-->
<script type="text/javascript" src="/assets/780cfc96/jquery.min.js"></script>
<script type="text/javascript" src="/assets/62ff72f1/jquery.min.js"></script>
<script type="text/javascript" src="/assets/62ff72f1/jquery.jqplot.min.js"></script>
<script type="text/javascript">
/*<![CDATA[*/
var jqplots = [];

/*]]>*/
</script>
<title>Airfoil polar plot</title>
<meta http-equiv="Content-Language" content="en-gb"/>
<meta http-equiv="Content-Type" content="text/html; charset=windows-1252"/>
<meta content="none" name="robots" />
<meta name="copyright" content="Copyright 2010-2013. All Rights Reserved" />
</head>
<body>

<table style="width:800px;">
<tr><td>
<div id="liftdrag" style="height:400px;width:398px;margin:auto;display:inline-block;"></div>
</td><td>
<div id="liftaoa" style="height:400px;width:398px;margin:auto;display:inline-block;"></div>
</td></tr>
<tr><td>
<div id="effaoa" style="height:400px;width:398px;margin:auto;display:inline-block;"></div>
</td><td>
<div id="dragaoa" style="height:400px;width:398px;margin:auto;display:inline-block;"></div>
</td></tr>
<tr><td>
<div id="momentaoa" style="height:400px;width:398px;margin:auto;display:inline-block;"></div>
</td><td>
</td></tr>

</table>
<script type="text/javascript">
/*<![CDATA[*/
jQuery(window).load(function() {
var p = $.jqplot('liftdrag',[[[0.10340,-0.4475],[0.10044,-0.4477],[0.09781,-0.4526],[0.09300,-0.4246],[0.09093,-0.4326],[0.08789,-0.4223],[0.08399,-0.3957],[0.08146,-0.3874],[0.07792,-0.3637],[0.07553,-0.3489],[0.04971,-0.4895],[0.04513,-0.4697],[0.04194,-0.4523],[0.03931,-0.4348],[0.03688,-0.4152],[0.03521,-0.3926],[0.03339,-0.3700],[0.03144,-0.3468],[0.03003,-0.3217],[0.02881,-0.2953],[0.02792,-0.2689],[0.02686,-0.2397],[0.02609,-0.2097],[0.02147,-0.0814],[0.02169,-0.0684],[0.02192,-0.0559],[0.02218,-0.0431],[0.02248,-0.0299],[0.02282,-0.0161],[0.02320,-0.0020],[0.02363,0.0125],[0.02412,0.0271],[0.02466,0.0419],[0.02569,0.0919],[0.02692,0.1734],[0.02770,0.2513],[0.02790,0.3314],[0.02748,0.4069],[0.02647,0.4703],[0.02497,0.5225],[0.02352,0.5563],[0.02241,0.5800],[0.02174,0.6018],[0.02183,0.6229],[0.02239,0.6451],[0.02313,0.6680],[0.02403,0.6914],[0.02495,0.7153],[0.02594,0.7393],[0.02699,0.7630],[0.02808,0.7864],[0.02925,0.8085],[0.03055,0.8303],[0.03190,0.8539],[0.03348,0.8736],[0.03502,0.8953],[0.03677,0.9124],[0.03843,0.9336],[0.04086,0.9449],[0.04308,0.9602],[0.04519,0.9789],[0.04860,0.9777],[0.05158,0.9831],[0.05373,1.0038],[0.05852,0.9898],[0.06454,0.9620],[0.07158,0.9265],[0.07873,0.8946],],[[0.09620,-0.4654],[0.09151,-0.4846],[0.08817,-0.5117],[0.08303,-0.4789],[0.07984,-0.4742],[0.07627,-0.4929],[0.07240,-0.5060],[0.06981,-0.4867],[0.06890,-0.5157],[0.06482,-0.5124],[0.06290,-0.5123],[0.06037,-0.5244],[0.05815,-0.5191],[0.05558,-0.5218],[0.05343,-0.5213],[0.05127,-0.5171],[0.04900,-0.5099],[0.04715,-0.5020],[0.03596,-0.4512],[0.03282,-0.4267],[0.03027,-0.4041],[0.02814,-0.3793],[0.02678,-0.3558],[0.02572,-0.3325],[0.02449,-0.2915],[0.02366,-0.2490],[0.02286,-0.2053],[0.02198,-0.1689],[0.02150,-0.1276],[0.01782,0.0198],[0.01783,0.0965],[0.01770,0.1638],[0.01757,0.2208],[0.01740,0.2707],[0.01716,0.3160],[0.01699,0.3472],[0.01679,0.3749],[0.01655,0.3993],[0.01629,0.4213],[0.01603,0.4410],[0.01574,0.4604],[0.01536,0.4802],[0.01501,0.4997],[0.01467,0.5193],[0.01437,0.5390],[0.01418,0.5580],[0.01459,0.5755],[0.01544,0.5947],[0.01618,0.6160],[0.01685,0.6382],[0.01750,0.6611],[0.01814,0.6842],[0.01880,0.7075],[0.01949,0.7313],[0.02011,0.7549],[0.02085,0.7790],[0.02155,0.8029],[0.02232,0.8265],[0.02305,0.8503],[0.02391,0.8737],[0.02472,0.8970],[0.02575,0.9217],[0.02669,0.9432],[0.02758,0.9656],[0.02867,0.9896],[0.02981,1.0089],[0.03084,1.0298],[0.03179,1.0532],[0.03298,1.0690],[0.03384,1.0895],[0.03502,1.1119],[0.03649,1.1234],[0.03756,1.1426],[0.03885,1.1664],[0.04104,1.1694],[0.04257,1.1825],[0.04333,1.2103],[0.04626,1.2017],[0.04756,1.2132],[0.04830,1.2392],[0.05212,1.2161],[0.05432,1.2127],[0.05343,1.2551],[0.05794,1.2188],[0.06272,1.1761],[0.06963,1.1231],[0.08034,1.0572],[0.06862,1.1773],[0.07505,1.1411],[0.14472,0.5643],],[[0.08912,-0.4759],[0.08462,-0.4758],[0.07942,-0.4801],[0.07463,-0.4854],[0.06926,-0.4915],[0.06651,-0.5142],[0.06505,-0.5298],[0.06134,-0.5470],[0.05726,-0.5469],[0.05442,-0.5260],[0.05342,-0.4982],[0.03271,-0.4236],[0.02789,-0.4059],[0.02556,-0.3793],[0.03784,-0.4031],[0.03552,-0.3719],[0.03320,-0.3482],[0.02709,-0.3089],[0.02364,-0.2729],[0.02255,-0.2453],[0.02103,-0.2114],[0.01983,-0.1751],[0.01836,-0.1459],[0.01760,-0.1163],[0.01683,-0.0814],[0.01633,-0.0569],[0.01570,-0.0319],[0.01499,-0.0094],[0.01460,0.0127],[0.01408,0.0350],[0.01274,0.0496],[0.01130,0.1428],[0.01129,0.2252],[0.01113,0.2450],[0.01100,0.2677],[0.01088,0.2902],[0.01075,0.3127],[0.01061,0.3353],[0.01050,0.3583],[0.01040,0.3820],[0.01032,0.4061],[0.01025,0.4302],[0.01020,0.4547],[0.01018,0.4788],[0.01031,0.5023],[0.01095,0.5243],[0.01227,0.5698],[0.01275,0.5931],[0.01316,0.6166],[0.01357,0.6400],[0.01400,0.6632],[0.01436,0.6866],[0.01476,0.7100],[0.01523,0.7328],[0.01554,0.7564],[0.01606,0.7791],[0.01638,0.8026],[0.01680,0.8257],[0.01732,0.8488],[0.01771,0.8721],[0.01819,0.8952],[0.01882,0.9185],[0.01921,0.9413],[0.01961,0.9640],[0.02027,0.9869],[0.02062,1.0086],[0.02102,1.0308],[0.02164,1.0537],[0.02230,1.0758],[0.02281,1.0972],[0.02332,1.1188],[0.02392,1.1412],[0.02478,1.1625],[0.02533,1.1817],[0.02579,1.2015],[0.02643,1.2229],[0.02697,1.2386],[0.02730,1.2553],[0.02786,1.2750],[0.02851,1.2878],[0.02894,1.3022],[0.02975,1.3206],[0.03040,1.3282],[0.03095,1.3392],[0.03187,1.3539],[0.03271,1.3541],[0.03356,1.3588],[0.03438,1.3658],[0.03579,1.3710],[0.03717,1.3721],[0.03842,1.3760],[0.03994,1.3816],[0.04211,1.3787],[0.04425,1.3775],[0.04630,1.3778],[0.04858,1.3790],[0.05197,1.3699],[0.05550,1.3616],[0.05906,1.3544],[0.06265,1.3479],[0.06615,1.3430],[0.07056,1.3331],[0.07680,1.3134],[0.08398,1.2906],[0.09233,1.2634],[0.10257,1.2286],[0.11767,1.1723],],[[0.09470,-0.5045],[0.08827,-0.5066],[0.08132,-0.5092],[0.07430,-0.5157],[0.06837,-0.5221],[0.06260,-0.5254],[0.05001,-0.5550],[0.04740,-0.5369],[0.04158,-0.5280],[0.02485,-0.5627],[0.02532,-0.5401],[0.02546,-0.5198],[0.02258,-0.5049],[0.02083,-0.4888],[0.02078,-0.4644],[0.02057,-0.4417],[0.01933,-0.4198],[0.01880,-0.3961],[0.01836,-0.3728],[0.01733,-0.3469],[0.01703,-0.3213],[0.01533,-0.2974],[0.01460,-0.2706],[0.01407,-0.2451],[0.01360,-0.2194],[0.01308,-0.1939],[0.01269,-0.1675],[0.01182,-0.1434],[0.01130,-0.1183],[0.01095,-0.0926],[0.01062,-0.0662],[0.01038,-0.0400],[0.01009,-0.0131],[0.00978,0.0130],[0.00957,0.0403],[0.00929,0.0668],[0.00734,0.0785],[0.00626,0.1110],[0.00662,0.1661],[0.00715,0.2316],[0.00733,0.2992],[0.00734,0.3345],[0.00737,0.3614],[0.00754,0.3888],[0.00800,0.4169],[0.00851,0.4445],[0.00893,0.4713],[0.00922,0.4976],[0.00943,0.5237],[0.00962,0.5497],[0.00981,0.5755],[0.01001,0.6011],[0.01017,0.6266],[0.01034,0.6520],[0.01055,0.6769],[0.01071,0.7018],[0.01092,0.7263],[0.01111,0.7509],[0.01131,0.7752],[0.01157,0.7991],[0.01173,0.8235],[0.01199,0.8471],[0.01226,0.8705],[0.01246,0.8945],[0.01272,0.9177],[0.01309,0.9399],[0.01326,0.9638],[0.01351,0.9869],[0.01382,1.0093],[0.01431,1.0300],[0.01450,1.0533],[0.01476,1.0759],[0.01504,1.0980],[0.01539,1.1194],[0.01592,1.1390],[0.01617,1.1610],[0.01637,1.1832],[0.01663,1.2045],[0.01710,1.2234],[0.01742,1.2439],[0.01766,1.2651],[0.01797,1.2850],[0.01856,1.3009],[0.01877,1.3219],[0.01909,1.3408],[0.01970,1.3548],[0.01999,1.3741],[0.02050,1.3873],[0.02109,1.3990],[0.02167,1.4125],[0.02248,1.4231],[0.02322,1.4358],[0.02432,1.4439],[0.02526,1.4550],[0.02645,1.4631],[0.02818,1.4646],[0.02923,1.4761],[0.03071,1.4825],[0.03269,1.4838],[0.03498,1.4827],[0.03659,1.4901],[0.03862,1.4935],[0.04114,1.4931],[0.04425,1.4882],[0.04834,1.4766],[0.05184,1.4719],[0.05580,1.4654],[0.06054,1.4552],[0.06630,1.4402],[0.07310,1.4202],[0.08080,1.3962],[0.08909,1.3690],[0.09753,1.3411],],[[0.13211,-0.3992],[0.12921,-0.3959],[0.03218,-1.0395],[0.02924,-1.0326],[0.02699,-1.0201],[0.02516,-1.0040],[0.02355,-0.9858],[0.02215,-0.9658],[0.02084,-0.9413],[0.01974,-0.9185],[0.01886,-0.9001],[0.01808,-0.8814],[0.01728,-0.8640],[0.01638,-0.8438],[0.01598,-0.8223],[0.01559,-0.7980],[0.01521,-0.7741],[0.01471,-0.7513],[0.01460,-0.7247],[0.01437,-0.6996],[0.01394,-0.6749],[0.01392,-0.6478],[0.01388,-0.6217],[0.01371,-0.5946],[0.01355,-0.5680],[0.01299,-0.5433],[0.01292,-0.5157],[0.01282,-0.4890],[0.01257,-0.4618],[0.01237,-0.4346],[0.01191,-0.4086],[0.01138,-0.3823],[0.01122,-0.3551],[0.01111,-0.3272],[0.01111,-0.2992],[0.01043,-0.2738],[0.01017,-0.2470],[0.00996,-0.2194],[0.00951,-0.1647],[0.00937,-0.1372],[0.00889,-0.1110],[0.00870,-0.0837],[0.00852,-0.0557],[0.00840,-0.0279],[0.00827,0.0004],[0.00813,0.0283],[0.00796,0.0563],[0.00784,0.0844],[0.00716,0.1082],[0.00606,0.1270],[0.00512,0.1415],[0.00492,0.1742],[0.00550,0.2274],[0.00628,0.2737],[0.00686,0.3144],[0.00728,0.3574],[0.00762,0.4012],[0.00785,0.4449],[0.00799,0.4820],[0.00811,0.5159],[0.00823,0.5495],[0.00836,0.5815],[0.00844,0.6078],[0.00857,0.6339],[0.00866,0.6600],[0.00881,0.6860],[0.00890,0.7120],[0.00904,0.7377],[0.00918,0.7634],[0.00930,0.7889],[0.00947,0.8139],[0.00963,0.8388],[0.00976,0.8637],[0.00994,0.8882],[0.01016,0.9124],[0.01029,0.9371],[0.01047,0.9614],[0.01070,0.9852],[0.01095,1.0088],[0.01111,1.0330],[0.01129,1.0569],[0.01151,1.0805],[0.01177,1.1036],[0.01209,1.1260],[0.01225,1.1498],[0.01243,1.1732],[0.01267,1.1959],[0.01298,1.2178],[0.01326,1.2398],[0.01346,1.2626],[0.01371,1.2847],[0.01405,1.3055],[0.01434,1.3267],[0.01462,1.3480],[0.01504,1.3673],[0.01548,1.3861],[0.01602,1.4032],[0.01659,1.4196],[0.01711,1.4360],[0.01772,1.4507],[0.01823,1.4661],[0.01873,1.4794],[0.01937,1.4881],[0.02015,1.4969],[0.02071,1.5107],[0.02138,1.5236],[0.02232,1.5333],[0.02324,1.5440],[0.02429,1.5534],[0.02556,1.5604],[0.02670,1.5698],[0.02800,1.5775],[0.02955,1.5829],[0.03135,1.5861],[0.03321,1.5895],[0.03491,1.5952],[0.03691,1.5984],[0.03928,1.5988],[0.04208,1.5960],[0.04537,1.5901],[0.04927,1.5809],[0.05356,1.5708],[0.05800,1.5617],[0.06356,1.5468],[0.07065,1.5239],[0.07994,1.4897],[0.09352,1.4313],],],
{"title":"Cl v Cd","sortData":false,"legend":{"show":false,"placement":"insideGrid","location":"ne"},"series":[{"showLabel":true,"index":0,"showLine":true,"trendline":{"type":"none","show":false},"color":"#4bb2c5"},{"showLabel":true,"index":0,"showLine":true,"trendline":{"type":"none","show":false},"color":"#EAA228"},{"showLabel":true,"index":0,"showLine":true,"trendline":{"type":"none","show":false},"color":"#839557"},{"showLabel":true,"index":0,"showLine":true,"trendline":{"type":"none","show":false},"color":"#953579"},{"showLabel":true,"index":0,"showLine":true,"trendline":{"type":"none","show":false},"color":"#d8b83f"}],"show":"$.jqplot.config.enablePlugins","axes":{"xaxis":{"max":0.16,"min":0,"tickInterval":0.02,"tickOptions":{"formatString":"%.2f"},"forceTickAt0":true,"rendererOptions":{"forceTickAt0":true}},"yaxis":{"max":2,"min":-1.5,"tickInterval":0.5,"tickOptions":{"formatString":"%.2f"},"forceTickAt0":true,"rendererOptions":{"forceTickAt0":true}}},"seriesDefaults":{"lineWidth":1,"showLabel":true,"markerOptions":{"size":5,"show":false}}});
jqplots.push(p);

var p = $.jqplot('liftaoa',[[[-8.500,-0.4475],[-8.250,-0.4477],[-8.000,-0.4526],[-7.750,-0.4246],[-7.500,-0.4326],[-7.250,-0.4223],[-7.000,-0.3957],[-6.750,-0.3874],[-6.500,-0.3637],[-6.250,-0.3489],[-4.750,-0.4895],[-4.500,-0.4697],[-4.250,-0.4523],[-4.000,-0.4348],[-3.750,-0.4152],[-3.500,-0.3926],[-3.250,-0.3700],[-3.000,-0.3468],[-2.750,-0.3217],[-2.500,-0.2953],[-2.250,-0.2689],[-2.000,-0.2397],[-1.750,-0.2097],[-1.500,-0.0814],[-1.250,-0.0684],[-1.000,-0.0559],[-0.750,-0.0431],[-0.500,-0.0299],[-0.250,-0.0161],[0.000,-0.0020],[0.250,0.0125],[0.500,0.0271],[0.750,0.0419],[1.000,0.0919],[1.250,0.1734],[1.500,0.2513],[1.750,0.3314],[2.000,0.4069],[2.250,0.4703],[2.500,0.5225],[2.750,0.5563],[3.000,0.5800],[3.250,0.6018],[3.500,0.6229],[3.750,0.6451],[4.000,0.6680],[4.250,0.6914],[4.500,0.7153],[4.750,0.7393],[5.000,0.7630],[5.250,0.7864],[5.500,0.8085],[5.750,0.8303],[6.000,0.8539],[6.250,0.8736],[6.500,0.8953],[6.750,0.9124],[7.000,0.9336],[7.250,0.9449],[7.500,0.9602],[7.750,0.9789],[8.000,0.9777],[8.250,0.9831],[8.500,1.0038],[8.750,0.9898],[9.000,0.9620],[9.250,0.9265],[9.500,0.8946],],[[-8.750,-0.4654],[-8.500,-0.4846],[-8.250,-0.5117],[-8.000,-0.4789],[-7.750,-0.4742],[-7.500,-0.4929],[-7.250,-0.5060],[-7.000,-0.4867],[-6.750,-0.5157],[-6.500,-0.5124],[-6.250,-0.5123],[-6.000,-0.5244],[-5.750,-0.5191],[-5.500,-0.5218],[-5.250,-0.5213],[-5.000,-0.5171],[-4.750,-0.5099],[-4.500,-0.5020],[-4.000,-0.4512],[-3.750,-0.4267],[-3.500,-0.4041],[-3.250,-0.3793],[-3.000,-0.3558],[-2.750,-0.3325],[-2.500,-0.2915],[-2.250,-0.2490],[-2.000,-0.2053],[-1.750,-0.1689],[-1.500,-0.1276],[-1.250,0.0198],[-1.000,0.0965],[-0.750,0.1638],[-0.500,0.2208],[-0.250,0.2707],[0.000,0.3160],[0.250,0.3472],[0.500,0.3749],[0.750,0.3993],[1.000,0.4213],[1.250,0.4410],[1.500,0.4604],[1.750,0.4802],[2.000,0.4997],[2.250,0.5193],[2.500,0.5390],[2.750,0.5580],[3.000,0.5755],[3.250,0.5947],[3.500,0.6160],[3.750,0.6382],[4.000,0.6611],[4.250,0.6842],[4.500,0.7075],[4.750,0.7313],[5.000,0.7549],[5.250,0.7790],[5.500,0.8029],[5.750,0.8265],[6.000,0.8503],[6.250,0.8737],[6.500,0.8970],[6.750,0.9217],[7.000,0.9432],[7.250,0.9656],[7.500,0.9896],[7.750,1.0089],[8.000,1.0298],[8.250,1.0532],[8.500,1.0690],[8.750,1.0895],[9.000,1.1119],[9.250,1.1234],[9.500,1.1426],[9.750,1.1664],[10.000,1.1694],[10.250,1.1825],[10.500,1.2103],[10.750,1.2017],[11.000,1.2132],[11.250,1.2392],[11.500,1.2161],[11.750,1.2127],[12.000,1.2551],[12.250,1.2188],[12.500,1.1761],[12.750,1.1231],[13.000,1.0572],[13.250,1.1773],[13.500,1.1411],[13.750,0.5643],],[[-8.750,-0.4759],[-8.500,-0.4758],[-8.250,-0.4801],[-8.000,-0.4854],[-7.750,-0.4915],[-7.500,-0.5142],[-7.250,-0.5298],[-7.000,-0.5470],[-6.750,-0.5469],[-6.500,-0.5260],[-6.250,-0.4982],[-6.000,-0.4236],[-5.750,-0.4059],[-5.500,-0.3793],[-5.250,-0.4031],[-5.000,-0.3719],[-4.750,-0.3482],[-4.500,-0.3089],[-4.250,-0.2729],[-4.000,-0.2453],[-3.750,-0.2114],[-3.500,-0.1751],[-3.250,-0.1459],[-3.000,-0.1163],[-2.750,-0.0814],[-2.500,-0.0569],[-2.250,-0.0319],[-2.000,-0.0094],[-1.750,0.0127],[-1.500,0.0350],[-1.250,0.0496],[-1.000,0.1428],[-0.750,0.2252],[-0.500,0.2450],[-0.250,0.2677],[0.000,0.2902],[0.250,0.3127],[0.500,0.3353],[0.750,0.3583],[1.000,0.3820],[1.250,0.4061],[1.500,0.4302],[1.750,0.4547],[2.000,0.4788],[2.250,0.5023],[2.500,0.5243],[3.000,0.5698],[3.250,0.5931],[3.500,0.6166],[3.750,0.6400],[4.000,0.6632],[4.250,0.6866],[4.500,0.7100],[4.750,0.7328],[5.000,0.7564],[5.250,0.7791],[5.500,0.8026],[5.750,0.8257],[6.000,0.8488],[6.250,0.8721],[6.500,0.8952],[6.750,0.9185],[7.000,0.9413],[7.250,0.9640],[7.500,0.9869],[7.750,1.0086],[8.000,1.0308],[8.250,1.0537],[8.500,1.0758],[8.750,1.0972],[9.000,1.1188],[9.250,1.1412],[9.500,1.1625],[9.750,1.1817],[10.000,1.2015],[10.250,1.2229],[10.500,1.2386],[10.750,1.2553],[11.000,1.2750],[11.250,1.2878],[11.500,1.3022],[11.750,1.3206],[12.000,1.3282],[12.250,1.3392],[12.500,1.3539],[12.750,1.3541],[13.000,1.3588],[13.250,1.3658],[13.500,1.3710],[13.750,1.3721],[14.000,1.3760],[14.250,1.3816],[14.500,1.3787],[14.750,1.3775],[15.000,1.3778],[15.250,1.3790],[15.500,1.3699],[15.750,1.3616],[16.000,1.3544],[16.250,1.3479],[16.500,1.3430],[16.750,1.3331],[17.000,1.3134],[17.250,1.2906],[17.500,1.2634],[17.750,1.2286],[18.000,1.1723],],[[-9.500,-0.5045],[-9.250,-0.5066],[-9.000,-0.5092],[-8.750,-0.5157],[-8.500,-0.5221],[-8.250,-0.5254],[-8.000,-0.5550],[-7.750,-0.5369],[-7.500,-0.5280],[-7.250,-0.5627],[-7.000,-0.5401],[-6.750,-0.5198],[-6.500,-0.5049],[-6.250,-0.4888],[-6.000,-0.4644],[-5.750,-0.4417],[-5.500,-0.4198],[-5.250,-0.3961],[-5.000,-0.3728],[-4.750,-0.3469],[-4.500,-0.3213],[-4.250,-0.2974],[-4.000,-0.2706],[-3.750,-0.2451],[-3.500,-0.2194],[-3.250,-0.1939],[-3.000,-0.1675],[-2.750,-0.1434],[-2.500,-0.1183],[-2.250,-0.0926],[-2.000,-0.0662],[-1.750,-0.0400],[-1.500,-0.0131],[-1.250,0.0130],[-1.000,0.0403],[-0.750,0.0668],[-0.500,0.0785],[-0.250,0.1110],[0.000,0.1661],[0.250,0.2316],[0.500,0.2992],[0.750,0.3345],[1.000,0.3614],[1.250,0.3888],[1.500,0.4169],[1.750,0.4445],[2.000,0.4713],[2.250,0.4976],[2.500,0.5237],[2.750,0.5497],[3.000,0.5755],[3.250,0.6011],[3.500,0.6266],[3.750,0.6520],[4.000,0.6769],[4.250,0.7018],[4.500,0.7263],[4.750,0.7509],[5.000,0.7752],[5.250,0.7991],[5.500,0.8235],[5.750,0.8471],[6.000,0.8705],[6.250,0.8945],[6.500,0.9177],[6.750,0.9399],[7.000,0.9638],[7.250,0.9869],[7.500,1.0093],[7.750,1.0300],[8.000,1.0533],[8.250,1.0759],[8.500,1.0980],[8.750,1.1194],[9.000,1.1390],[9.250,1.1610],[9.500,1.1832],[9.750,1.2045],[10.000,1.2234],[10.250,1.2439],[10.500,1.2651],[10.750,1.2850],[11.000,1.3009],[11.250,1.3219],[11.500,1.3408],[11.750,1.3548],[12.000,1.3741],[12.250,1.3873],[12.500,1.3990],[12.750,1.4125],[13.000,1.4231],[13.250,1.4358],[13.500,1.4439],[13.750,1.4550],[14.000,1.4631],[14.250,1.4646],[14.500,1.4761],[14.750,1.4825],[15.000,1.4838],[15.250,1.4827],[15.500,1.4901],[15.750,1.4935],[16.000,1.4931],[16.250,1.4882],[16.500,1.4766],[16.750,1.4719],[17.000,1.4654],[17.250,1.4552],[17.500,1.4402],[17.750,1.4202],[18.000,1.3962],[18.250,1.3690],[18.500,1.3411],],[[-12.500,-0.3992],[-12.250,-0.3959],[-12.000,-1.0395],[-11.750,-1.0326],[-11.500,-1.0201],[-11.250,-1.0040],[-11.000,-0.9858],[-10.750,-0.9658],[-10.500,-0.9413],[-10.250,-0.9185],[-10.000,-0.9001],[-9.750,-0.8814],[-9.500,-0.8640],[-9.250,-0.8438],[-9.000,-0.8223],[-8.750,-0.7980],[-8.500,-0.7741],[-8.250,-0.7513],[-8.000,-0.7247],[-7.750,-0.6996],[-7.500,-0.6749],[-7.250,-0.6478],[-7.000,-0.6217],[-6.750,-0.5946],[-6.500,-0.5680],[-6.250,-0.5433],[-6.000,-0.5157],[-5.750,-0.4890],[-5.500,-0.4618],[-5.250,-0.4346],[-5.000,-0.4086],[-4.750,-0.3823],[-4.500,-0.3551],[-4.250,-0.3272],[-4.000,-0.2992],[-3.750,-0.2738],[-3.500,-0.2470],[-3.250,-0.2194],[-2.750,-0.1647],[-2.500,-0.1372],[-2.250,-0.1110],[-2.000,-0.0837],[-1.750,-0.0557],[-1.500,-0.0279],[-1.250,0.0004],[-1.000,0.0283],[-0.750,0.0563],[-0.500,0.0844],[-0.250,0.1082],[0.000,0.1270],[0.250,0.1415],[0.500,0.1742],[0.750,0.2274],[1.000,0.2737],[1.250,0.3144],[1.500,0.3574],[1.750,0.4012],[2.000,0.4449],[2.250,0.4820],[2.500,0.5159],[2.750,0.5495],[3.000,0.5815],[3.250,0.6078],[3.500,0.6339],[3.750,0.6600],[4.000,0.6860],[4.250,0.7120],[4.500,0.7377],[4.750,0.7634],[5.000,0.7889],[5.250,0.8139],[5.500,0.8388],[5.750,0.8637],[6.000,0.8882],[6.250,0.9124],[6.500,0.9371],[6.750,0.9614],[7.000,0.9852],[7.250,1.0088],[7.500,1.0330],[7.750,1.0569],[8.000,1.0805],[8.250,1.1036],[8.500,1.1260],[8.750,1.1498],[9.000,1.1732],[9.250,1.1959],[9.500,1.2178],[9.750,1.2398],[10.000,1.2626],[10.250,1.2847],[10.500,1.3055],[10.750,1.3267],[11.000,1.3480],[11.250,1.3673],[11.500,1.3861],[11.750,1.4032],[12.000,1.4196],[12.250,1.4360],[12.500,1.4507],[12.750,1.4661],[13.000,1.4794],[13.250,1.4881],[13.500,1.4969],[13.750,1.5107],[14.000,1.5236],[14.250,1.5333],[14.500,1.5440],[14.750,1.5534],[15.000,1.5604],[15.250,1.5698],[15.500,1.5775],[15.750,1.5829],[16.000,1.5861],[16.250,1.5895],[16.500,1.5952],[16.750,1.5984],[17.000,1.5988],[17.250,1.5960],[17.500,1.5901],[17.750,1.5809],[18.000,1.5708],[18.250,1.5617],[18.500,1.5468],[18.750,1.5239],[19.000,1.4897],[19.250,1.4313],],],
{"title":"Cl v Alpha","sortData":false,"legend":{"show":false,"placement":"insideGrid","location":"ne"},"series":[{"showLabel":true,"index":0,"showLine":true,"trendline":{"type":"none","show":false},"color":"#4bb2c5"},{"showLabel":true,"index":0,"showLine":true,"trendline":{"type":"none","show":false},"color":"#EAA228"},{"showLabel":true,"index":0,"showLine":true,"trendline":{"type":"none","show":false},"color":"#839557"},{"showLabel":true,"index":0,"showLine":true,"trendline":{"type":"none","show":false},"color":"#953579"},{"showLabel":true,"index":0,"showLine":true,"trendline":{"type":"none","show":false},"color":"#d8b83f"}],"show":"$.jqplot.config.enablePlugins","axes":{"xaxis":{"max":20,"min":-15,"tickInterval":5,"tickOptions":{"formatString":"%.1f"},"forceTickAt0":true,"rendererOptions":{"forceTickAt0":true}},"yaxis":{"max":2,"min":-1.5,"tickInterval":0.5,"tickOptions":{"formatString":"%.2f"},"forceTickAt0":true,"rendererOptions":{"forceTickAt0":true}}},"seriesDefaults":{"lineWidth":1,"showLabel":true,"markerOptions":{"size":5,"show":false}}});
jqplots.push(p);

var p = $.jqplot('momentaoa',[[[-8.500,-0.0007],[-8.250,-0.0006],[-8.000,-0.0006],[-7.750,0.0018],[-7.500,0.0027],[-7.250,0.0051],[-7.000,0.0082],[-6.750,0.0111],[-6.500,0.0136],[-6.250,0.0174],[-4.750,-0.0066],[-4.500,-0.0059],[-4.250,-0.0043],[-4.000,-0.0028],[-3.750,-0.0013],[-3.500,0.0005],[-3.250,0.0016],[-3.000,0.0023],[-2.750,0.0030],[-2.500,0.0037],[-2.250,0.0043],[-2.000,0.0043],[-1.750,0.0043],[-1.500,-0.0109],[-1.250,-0.0084],[-1.000,-0.0063],[-0.750,-0.0043],[-0.500,-0.0024],[-0.250,-0.0008],[0.000,0.0007],[0.250,0.0021],[0.500,0.0032],[0.750,0.0043],[1.000,-0.0015],[1.250,-0.0127],[1.500,-0.0224],[1.750,-0.0315],[2.000,-0.0388],[2.250,-0.0425],[2.500,-0.0428],[2.750,-0.0396],[3.000,-0.0351],[3.250,-0.0308],[3.500,-0.0278],[3.750,-0.0258],[4.000,-0.0243],[4.250,-0.0232],[4.500,-0.0222],[4.750,-0.0214],[5.000,-0.0206],[5.250,-0.0199],[5.500,-0.0191],[5.750,-0.0183],[6.000,-0.0176],[6.250,-0.0168],[6.500,-0.0160],[6.750,-0.0150],[7.000,-0.0142],[7.250,-0.0129],[7.500,-0.0119],[7.750,-0.0110],[8.000,-0.0092],[8.250,-0.0077],[8.500,-0.0070],[8.750,-0.0052],[9.000,-0.0036],[9.250,-0.0030],[9.500,-0.0033],],[[-8.750,-0.0155],[-8.500,-0.0247],[-8.250,-0.0308],[-8.000,-0.0251],[-7.750,-0.0253],[-7.500,-0.0298],[-7.250,-0.0293],[-7.000,-0.0260],[-6.750,-0.0237],[-6.500,-0.0209],[-6.250,-0.0177],[-6.000,-0.0152],[-5.750,-0.0123],[-5.500,-0.0098],[-5.250,-0.0075],[-5.000,-0.0051],[-4.750,-0.0025],[-4.500,0.0001],[-4.000,0.0014],[-3.750,0.0033],[-3.500,0.0043],[-3.250,0.0055],[-3.000,0.0065],[-2.750,0.0073],[-2.500,0.0051],[-2.250,0.0024],[-2.000,-0.0005],[-1.750,-0.0023],[-1.500,-0.0050],[-1.250,-0.0257],[-1.000,-0.0350],[-0.750,-0.0425],[-0.500,-0.0480],[-0.250,-0.0520],[0.000,-0.0548],[0.250,-0.0548],[0.500,-0.0539],[0.750,-0.0522],[1.000,-0.0499],[1.250,-0.0472],[1.500,-0.0444],[1.750,-0.0414],[2.000,-0.0384],[2.250,-0.0355],[2.500,-0.0326],[2.750,-0.0296],[3.000,-0.0266],[3.250,-0.0248],[3.500,-0.0237],[3.750,-0.0227],[4.000,-0.0218],[4.250,-0.0210],[4.500,-0.0202],[4.750,-0.0196],[5.000,-0.0189],[5.250,-0.0182],[5.500,-0.0176],[5.750,-0.0169],[6.000,-0.0163],[6.250,-0.0157],[6.500,-0.0150],[6.750,-0.0146],[7.000,-0.0137],[7.250,-0.0129],[7.500,-0.0125],[7.750,-0.0113],[8.000,-0.0104],[8.250,-0.0099],[8.500,-0.0084],[8.750,-0.0075],[9.000,-0.0070],[9.250,-0.0050],[9.500,-0.0040],[9.750,-0.0037],[10.000,-0.0009],[10.250,0.0007],[10.500,0.0006],[10.750,0.0042],[11.000,0.0059],[11.250,0.0060],[11.500,0.0104],[11.750,0.0130],[12.000,0.0121],[12.250,0.0168],[12.500,0.0211],[12.750,0.0226],[13.000,0.0198],[13.250,0.0247],[13.500,0.0245],[13.750,-0.0084],],[[-8.750,-0.0167],[-8.500,-0.0204],[-8.250,-0.0259],[-8.000,-0.0295],[-7.750,-0.0334],[-7.500,-0.0316],[-7.250,-0.0268],[-7.000,-0.0226],[-6.750,-0.0204],[-6.500,-0.0217],[-6.250,-0.0236],[-6.000,-0.0333],[-5.750,-0.0343],[-5.500,-0.0356],[-5.250,-0.0297],[-5.000,-0.0315],[-4.750,-0.0317],[-4.500,-0.0289],[-4.250,-0.0306],[-4.000,-0.0302],[-3.750,-0.0311],[-3.500,-0.0324],[-3.250,-0.0327],[-3.000,-0.0329],[-2.750,-0.0338],[-2.500,-0.0326],[-2.250,-0.0312],[-2.000,-0.0294],[-1.750,-0.0277],[-1.500,-0.0257],[-1.250,-0.0230],[-1.000,-0.0330],[-0.750,-0.0435],[-0.500,-0.0415],[-0.250,-0.0403],[0.000,-0.0390],[0.250,-0.0376],[0.500,-0.0362],[0.750,-0.0348],[1.000,-0.0336],[1.250,-0.0325],[1.500,-0.0314],[1.750,-0.0305],[2.000,-0.0294],[2.250,-0.0281],[2.500,-0.0270],[3.000,-0.0258],[3.250,-0.0252],[3.500,-0.0245],[3.750,-0.0239],[4.000,-0.0231],[4.250,-0.0224],[4.500,-0.0217],[4.750,-0.0209],[5.000,-0.0202],[5.250,-0.0194],[5.500,-0.0186],[5.750,-0.0179],[6.000,-0.0171],[6.250,-0.0163],[6.500,-0.0156],[6.750,-0.0149],[7.000,-0.0141],[7.250,-0.0133],[7.500,-0.0127],[7.750,-0.0117],[8.000,-0.0108],[8.250,-0.0102],[8.500,-0.0094],[8.750,-0.0084],[9.000,-0.0076],[9.250,-0.0069],[9.500,-0.0061],[9.750,-0.0049],[10.000,-0.0038],[10.250,-0.0031],[10.500,-0.0014],[10.750,0.0001],[11.000,0.0010],[11.250,0.0030],[11.500,0.0047],[11.750,0.0057],[12.000,0.0083],[12.250,0.0104],[12.500,0.0117],[12.750,0.0151],[13.000,0.0177],[13.250,0.0196],[13.500,0.0215],[13.750,0.0235],[14.000,0.0250],[14.250,0.0262],[14.500,0.0275],[14.750,0.0284],[15.000,0.0290],[15.250,0.0296],[15.500,0.0296],[15.750,0.0293],[16.000,0.0287],[16.250,0.0278],[16.500,0.0270],[16.750,0.0261],[17.000,0.0233],[17.250,0.0196],[17.500,0.0151],[17.750,0.0092],[18.000,0.0003],],[[-9.500,-0.0106],[-9.250,-0.0162],[-9.000,-0.0235],[-8.750,-0.0307],[-8.500,-0.0337],[-8.250,-0.0357],[-8.000,-0.0367],[-7.750,-0.0383],[-7.500,-0.0387],[-7.250,-0.0307],[-7.000,-0.0298],[-6.750,-0.0284],[-6.500,-0.0256],[-6.250,-0.0234],[-6.000,-0.0229],[-5.750,-0.0218],[-5.500,-0.0202],[-5.250,-0.0197],[-5.000,-0.0186],[-4.750,-0.0179],[-4.500,-0.0170],[-4.250,-0.0161],[-4.000,-0.0158],[-3.750,-0.0151],[-3.500,-0.0144],[-3.250,-0.0135],[-3.000,-0.0129],[-2.750,-0.0119],[-2.500,-0.0112],[-2.250,-0.0105],[-2.000,-0.0100],[-1.750,-0.0093],[-1.500,-0.0089],[-1.250,-0.0083],[-1.000,-0.0080],[-0.750,-0.0075],[-0.500,-0.0050],[-0.250,-0.0051],[0.000,-0.0103],[0.250,-0.0177],[0.500,-0.0259],[0.750,-0.0275],[1.000,-0.0274],[1.250,-0.0273],[1.500,-0.0277],[1.750,-0.0281],[2.000,-0.0283],[2.250,-0.0283],[2.500,-0.0281],[2.750,-0.0279],[3.000,-0.0277],[3.250,-0.0274],[3.500,-0.0270],[3.750,-0.0267],[4.000,-0.0262],[4.250,-0.0257],[4.500,-0.0252],[4.750,-0.0247],[5.000,-0.0241],[5.250,-0.0235],[5.500,-0.0229],[5.750,-0.0222],[6.000,-0.0215],[6.250,-0.0208],[6.500,-0.0201],[6.750,-0.0192],[7.000,-0.0186],[7.250,-0.0178],[7.500,-0.0169],[7.750,-0.0158],[8.000,-0.0151],[8.250,-0.0142],[8.500,-0.0134],[8.750,-0.0124],[9.000,-0.0111],[9.250,-0.0103],[9.500,-0.0094],[9.750,-0.0085],[10.000,-0.0072],[10.250,-0.0061],[10.500,-0.0052],[10.750,-0.0040],[11.000,-0.0024],[11.250,-0.0014],[11.500,-0.0002],[11.750,0.0017],[12.000,0.0028],[12.250,0.0049],[12.500,0.0071],[12.750,0.0088],[13.000,0.0108],[13.250,0.0124],[13.500,0.0143],[13.750,0.0157],[14.000,0.0173],[14.250,0.0192],[14.500,0.0202],[14.750,0.0213],[15.000,0.0225],[15.250,0.0235],[15.500,0.0241],[15.750,0.0246],[16.000,0.0249],[16.250,0.0249],[16.500,0.0244],[16.750,0.0236],[17.000,0.0225],[17.250,0.0207],[17.500,0.0182],[17.750,0.0151],[18.000,0.0114],[18.250,0.0075],[18.500,0.0036],],[[-12.500,0.0003],[-12.250,-0.0007],[-12.000,-0.0302],[-11.750,-0.0287],[-11.500,-0.0275],[-11.250,-0.0265],[-11.000,-0.0257],[-10.750,-0.0251],[-10.500,-0.0251],[-10.250,-0.0247],[-10.000,-0.0230],[-9.750,-0.0212],[-9.500,-0.0192],[-9.250,-0.0178],[-9.000,-0.0165],[-8.750,-0.0157],[-8.500,-0.0148],[-8.250,-0.0138],[-8.000,-0.0134],[-7.750,-0.0127],[-7.500,-0.0120],[-7.250,-0.0118],[-7.000,-0.0113],[-6.750,-0.0110],[-6.500,-0.0106],[-6.250,-0.0099],[-6.000,-0.0098],[-5.750,-0.0094],[-5.500,-0.0092],[-5.250,-0.0089],[-5.000,-0.0084],[-4.750,-0.0081],[-4.500,-0.0079],[-4.250,-0.0077],[-4.000,-0.0076],[-3.750,-0.0070],[-3.500,-0.0067],[-3.250,-0.0065],[-2.750,-0.0060],[-2.500,-0.0057],[-2.250,-0.0053],[-2.000,-0.0050],[-1.750,-0.0049],[-1.500,-0.0047],[-1.250,-0.0047],[-1.000,-0.0046],[-0.750,-0.0044],[-0.500,-0.0043],[-0.250,-0.0037],[0.000,-0.0022],[0.250,0.0007],[0.500,0.0001],[0.750,-0.0053],[1.000,-0.0094],[1.250,-0.0123],[1.500,-0.0158],[1.750,-0.0194],[2.000,-0.0229],[2.250,-0.0251],[2.500,-0.0265],[2.750,-0.0279],[3.000,-0.0290],[3.250,-0.0287],[3.500,-0.0285],[3.750,-0.0282],[4.000,-0.0280],[4.250,-0.0277],[4.500,-0.0274],[4.750,-0.0271],[5.000,-0.0267],[5.250,-0.0263],[5.500,-0.0258],[5.750,-0.0253],[6.000,-0.0248],[6.250,-0.0242],[6.500,-0.0237],[6.750,-0.0231],[7.000,-0.0225],[7.250,-0.0218],[7.500,-0.0212],[7.750,-0.0206],[8.000,-0.0199],[8.250,-0.0192],[8.500,-0.0184],[8.750,-0.0177],[9.000,-0.0170],[9.250,-0.0163],[9.500,-0.0154],[9.750,-0.0145],[10.000,-0.0138],[10.250,-0.0129],[10.500,-0.0119],[10.750,-0.0109],[11.000,-0.0100],[11.250,-0.0088],[11.500,-0.0075],[11.750,-0.0061],[12.000,-0.0045],[12.250,-0.0029],[12.500,-0.0011],[12.750,0.0006],[13.000,0.0027],[13.250,0.0055],[13.500,0.0080],[13.750,0.0096],[14.000,0.0112],[14.250,0.0130],[14.500,0.0146],[14.750,0.0161],[15.000,0.0177],[15.250,0.0189],[15.500,0.0201],[15.750,0.0213],[16.000,0.0224],[16.250,0.0232],[16.500,0.0238],[16.750,0.0244],[17.000,0.0247],[17.250,0.0248],[17.500,0.0246],[17.750,0.0239],[18.000,0.0228],[18.250,0.0212],[18.500,0.0189],[18.750,0.0157],[19.000,0.0113],[19.250,0.0049],],],
{"title":"Cm v Alpha","sortData":false,"legend":{"show":false,"placement":"insideGrid","location":"ne"},"series":[{"showLabel":true,"index":0,"showLine":true,"trendline":{"type":"none","show":false},"color":"#4bb2c5"},{"showLabel":true,"index":0,"showLine":true,"trendline":{"type":"none","show":false},"color":"#EAA228"},{"showLabel":true,"index":0,"showLine":true,"trendline":{"type":"none","show":false},"color":"#839557"},{"showLabel":true,"index":0,"showLine":true,"trendline":{"type":"none","show":false},"color":"#953579"},{"showLabel":true,"index":0,"showLine":true,"trendline":{"type":"none","show":false},"color":"#d8b83f"}],"show":"$.jqplot.config.enablePlugins","axes":{"xaxis":{"max":20,"min":-15,"tickInterval":5,"tickOptions":{"formatString":"%.1f"},"forceTickAt0":true,"rendererOptions":{"forceTickAt0":true}},"yaxis":{"max":0.03,"min":-0.06,"tickInterval":0.01,"tickOptions":{"formatString":"%.2f"},"forceTickAt0":true,"rendererOptions":{"forceTickAt0":true}}},"seriesDefaults":{"lineWidth":1,"showLabel":true,"markerOptions":{"size":5,"show":false}}});
jqplots.push(p);

var p = $.jqplot('dragaoa',[[[-8.500,0.10340],[-8.250,0.10044],[-8.000,0.09781],[-7.750,0.09300],[-7.500,0.09093],[-7.250,0.08789],[-7.000,0.08399],[-6.750,0.08146],[-6.500,0.07792],[-6.250,0.07553],[-4.750,0.04971],[-4.500,0.04513],[-4.250,0.04194],[-4.000,0.03931],[-3.750,0.03688],[-3.500,0.03521],[-3.250,0.03339],[-3.000,0.03144],[-2.750,0.03003],[-2.500,0.02881],[-2.250,0.02792],[-2.000,0.02686],[-1.750,0.02609],[-1.500,0.02147],[-1.250,0.02169],[-1.000,0.02192],[-0.750,0.02218],[-0.500,0.02248],[-0.250,0.02282],[0.000,0.02320],[0.250,0.02363],[0.500,0.02412],[0.750,0.02466],[1.000,0.02569],[1.250,0.02692],[1.500,0.02770],[1.750,0.02790],[2.000,0.02748],[2.250,0.02647],[2.500,0.02497],[2.750,0.02352],[3.000,0.02241],[3.250,0.02174],[3.500,0.02183],[3.750,0.02239],[4.000,0.02313],[4.250,0.02403],[4.500,0.02495],[4.750,0.02594],[5.000,0.02699],[5.250,0.02808],[5.500,0.02925],[5.750,0.03055],[6.000,0.03190],[6.250,0.03348],[6.500,0.03502],[6.750,0.03677],[7.000,0.03843],[7.250,0.04086],[7.500,0.04308],[7.750,0.04519],[8.000,0.04860],[8.250,0.05158],[8.500,0.05373],[8.750,0.05852],[9.000,0.06454],[9.250,0.07158],[9.500,0.07873],],[[-8.750,0.09620],[-8.500,0.09151],[-8.250,0.08817],[-8.000,0.08303],[-7.750,0.07984],[-7.500,0.07627],[-7.250,0.07240],[-7.000,0.06981],[-6.750,0.06890],[-6.500,0.06482],[-6.250,0.06290],[-6.000,0.06037],[-5.750,0.05815],[-5.500,0.05558],[-5.250,0.05343],[-5.000,0.05127],[-4.750,0.04900],[-4.500,0.04715],[-4.000,0.03596],[-3.750,0.03282],[-3.500,0.03027],[-3.250,0.02814],[-3.000,0.02678],[-2.750,0.02572],[-2.500,0.02449],[-2.250,0.02366],[-2.000,0.02286],[-1.750,0.02198],[-1.500,0.02150],[-1.250,0.01782],[-1.000,0.01783],[-0.750,0.01770],[-0.500,0.01757],[-0.250,0.01740],[0.000,0.01716],[0.250,0.01699],[0.500,0.01679],[0.750,0.01655],[1.000,0.01629],[1.250,0.01603],[1.500,0.01574],[1.750,0.01536],[2.000,0.01501],[2.250,0.01467],[2.500,0.01437],[2.750,0.01418],[3.000,0.01459],[3.250,0.01544],[3.500,0.01618],[3.750,0.01685],[4.000,0.01750],[4.250,0.01814],[4.500,0.01880],[4.750,0.01949],[5.000,0.02011],[5.250,0.02085],[5.500,0.02155],[5.750,0.02232],[6.000,0.02305],[6.250,0.02391],[6.500,0.02472],[6.750,0.02575],[7.000,0.02669],[7.250,0.02758],[7.500,0.02867],[7.750,0.02981],[8.000,0.03084],[8.250,0.03179],[8.500,0.03298],[8.750,0.03384],[9.000,0.03502],[9.250,0.03649],[9.500,0.03756],[9.750,0.03885],[10.000,0.04104],[10.250,0.04257],[10.500,0.04333],[10.750,0.04626],[11.000,0.04756],[11.250,0.04830],[11.500,0.05212],[11.750,0.05432],[12.000,0.05343],[12.250,0.05794],[12.500,0.06272],[12.750,0.06963],[13.000,0.08034],[13.250,0.06862],[13.500,0.07505],[13.750,0.14472],],[[-8.750,0.08912],[-8.500,0.08462],[-8.250,0.07942],[-8.000,0.07463],[-7.750,0.06926],[-7.500,0.06651],[-7.250,0.06505],[-7.000,0.06134],[-6.750,0.05726],[-6.500,0.05442],[-6.250,0.05342],[-6.000,0.03271],[-5.750,0.02789],[-5.500,0.02556],[-5.250,0.03784],[-5.000,0.03552],[-4.750,0.03320],[-4.500,0.02709],[-4.250,0.02364],[-4.000,0.02255],[-3.750,0.02103],[-3.500,0.01983],[-3.250,0.01836],[-3.000,0.01760],[-2.750,0.01683],[-2.500,0.01633],[-2.250,0.01570],[-2.000,0.01499],[-1.750,0.01460],[-1.500,0.01408],[-1.250,0.01274],[-1.000,0.01130],[-0.750,0.01129],[-0.500,0.01113],[-0.250,0.01100],[0.000,0.01088],[0.250,0.01075],[0.500,0.01061],[0.750,0.01050],[1.000,0.01040],[1.250,0.01032],[1.500,0.01025],[1.750,0.01020],[2.000,0.01018],[2.250,0.01031],[2.500,0.01095],[3.000,0.01227],[3.250,0.01275],[3.500,0.01316],[3.750,0.01357],[4.000,0.01400],[4.250,0.01436],[4.500,0.01476],[4.750,0.01523],[5.000,0.01554],[5.250,0.01606],[5.500,0.01638],[5.750,0.01680],[6.000,0.01732],[6.250,0.01771],[6.500,0.01819],[6.750,0.01882],[7.000,0.01921],[7.250,0.01961],[7.500,0.02027],[7.750,0.02062],[8.000,0.02102],[8.250,0.02164],[8.500,0.02230],[8.750,0.02281],[9.000,0.02332],[9.250,0.02392],[9.500,0.02478],[9.750,0.02533],[10.000,0.02579],[10.250,0.02643],[10.500,0.02697],[10.750,0.02730],[11.000,0.02786],[11.250,0.02851],[11.500,0.02894],[11.750,0.02975],[12.000,0.03040],[12.250,0.03095],[12.500,0.03187],[12.750,0.03271],[13.000,0.03356],[13.250,0.03438],[13.500,0.03579],[13.750,0.03717],[14.000,0.03842],[14.250,0.03994],[14.500,0.04211],[14.750,0.04425],[15.000,0.04630],[15.250,0.04858],[15.500,0.05197],[15.750,0.05550],[16.000,0.05906],[16.250,0.06265],[16.500,0.06615],[16.750,0.07056],[17.000,0.07680],[17.250,0.08398],[17.500,0.09233],[17.750,0.10257],[18.000,0.11767],],[[-9.500,0.09470],[-9.250,0.08827],[-9.000,0.08132],[-8.750,0.07430],[-8.500,0.06837],[-8.250,0.06260],[-8.000,0.05001],[-7.750,0.04740],[-7.500,0.04158],[-7.250,0.02485],[-7.000,0.02532],[-6.750,0.02546],[-6.500,0.02258],[-6.250,0.02083],[-6.000,0.02078],[-5.750,0.02057],[-5.500,0.01933],[-5.250,0.01880],[-5.000,0.01836],[-4.750,0.01733],[-4.500,0.01703],[-4.250,0.01533],[-4.000,0.01460],[-3.750,0.01407],[-3.500,0.01360],[-3.250,0.01308],[-3.000,0.01269],[-2.750,0.01182],[-2.500,0.01130],[-2.250,0.01095],[-2.000,0.01062],[-1.750,0.01038],[-1.500,0.01009],[-1.250,0.00978],[-1.000,0.00957],[-0.750,0.00929],[-0.500,0.00734],[-0.250,0.00626],[0.000,0.00662],[0.250,0.00715],[0.500,0.00733],[0.750,0.00734],[1.000,0.00737],[1.250,0.00754],[1.500,0.00800],[1.750,0.00851],[2.000,0.00893],[2.250,0.00922],[2.500,0.00943],[2.750,0.00962],[3.000,0.00981],[3.250,0.01001],[3.500,0.01017],[3.750,0.01034],[4.000,0.01055],[4.250,0.01071],[4.500,0.01092],[4.750,0.01111],[5.000,0.01131],[5.250,0.01157],[5.500,0.01173],[5.750,0.01199],[6.000,0.01226],[6.250,0.01246],[6.500,0.01272],[6.750,0.01309],[7.000,0.01326],[7.250,0.01351],[7.500,0.01382],[7.750,0.01431],[8.000,0.01450],[8.250,0.01476],[8.500,0.01504],[8.750,0.01539],[9.000,0.01592],[9.250,0.01617],[9.500,0.01637],[9.750,0.01663],[10.000,0.01710],[10.250,0.01742],[10.500,0.01766],[10.750,0.01797],[11.000,0.01856],[11.250,0.01877],[11.500,0.01909],[11.750,0.01970],[12.000,0.01999],[12.250,0.02050],[12.500,0.02109],[12.750,0.02167],[13.000,0.02248],[13.250,0.02322],[13.500,0.02432],[13.750,0.02526],[14.000,0.02645],[14.250,0.02818],[14.500,0.02923],[14.750,0.03071],[15.000,0.03269],[15.250,0.03498],[15.500,0.03659],[15.750,0.03862],[16.000,0.04114],[16.250,0.04425],[16.500,0.04834],[16.750,0.05184],[17.000,0.05580],[17.250,0.06054],[17.500,0.06630],[17.750,0.07310],[18.000,0.08080],[18.250,0.08909],[18.500,0.09753],],[[-12.500,0.13211],[-12.250,0.12921],[-12.000,0.03218],[-11.750,0.02924],[-11.500,0.02699],[-11.250,0.02516],[-11.000,0.02355],[-10.750,0.02215],[-10.500,0.02084],[-10.250,0.01974],[-10.000,0.01886],[-9.750,0.01808],[-9.500,0.01728],[-9.250,0.01638],[-9.000,0.01598],[-8.750,0.01559],[-8.500,0.01521],[-8.250,0.01471],[-8.000,0.01460],[-7.750,0.01437],[-7.500,0.01394],[-7.250,0.01392],[-7.000,0.01388],[-6.750,0.01371],[-6.500,0.01355],[-6.250,0.01299],[-6.000,0.01292],[-5.750,0.01282],[-5.500,0.01257],[-5.250,0.01237],[-5.000,0.01191],[-4.750,0.01138],[-4.500,0.01122],[-4.250,0.01111],[-4.000,0.01111],[-3.750,0.01043],[-3.500,0.01017],[-3.250,0.00996],[-2.750,0.00951],[-2.500,0.00937],[-2.250,0.00889],[-2.000,0.00870],[-1.750,0.00852],[-1.500,0.00840],[-1.250,0.00827],[-1.000,0.00813],[-0.750,0.00796],[-0.500,0.00784],[-0.250,0.00716],[0.000,0.00606],[0.250,0.00512],[0.500,0.00492],[0.750,0.00550],[1.000,0.00628],[1.250,0.00686],[1.500,0.00728],[1.750,0.00762],[2.000,0.00785],[2.250,0.00799],[2.500,0.00811],[2.750,0.00823],[3.000,0.00836],[3.250,0.00844],[3.500,0.00857],[3.750,0.00866],[4.000,0.00881],[4.250,0.00890],[4.500,0.00904],[4.750,0.00918],[5.000,0.00930],[5.250,0.00947],[5.500,0.00963],[5.750,0.00976],[6.000,0.00994],[6.250,0.01016],[6.500,0.01029],[6.750,0.01047],[7.000,0.01070],[7.250,0.01095],[7.500,0.01111],[7.750,0.01129],[8.000,0.01151],[8.250,0.01177],[8.500,0.01209],[8.750,0.01225],[9.000,0.01243],[9.250,0.01267],[9.500,0.01298],[9.750,0.01326],[10.000,0.01346],[10.250,0.01371],[10.500,0.01405],[10.750,0.01434],[11.000,0.01462],[11.250,0.01504],[11.500,0.01548],[11.750,0.01602],[12.000,0.01659],[12.250,0.01711],[12.500,0.01772],[12.750,0.01823],[13.000,0.01873],[13.250,0.01937],[13.500,0.02015],[13.750,0.02071],[14.000,0.02138],[14.250,0.02232],[14.500,0.02324],[14.750,0.02429],[15.000,0.02556],[15.250,0.02670],[15.500,0.02800],[15.750,0.02955],[16.000,0.03135],[16.250,0.03321],[16.500,0.03491],[16.750,0.03691],[17.000,0.03928],[17.250,0.04208],[17.500,0.04537],[17.750,0.04927],[18.000,0.05356],[18.250,0.05800],[18.500,0.06356],[18.750,0.07065],[19.000,0.07994],[19.250,0.09352],],],
{"title":"Cd v Alpha","sortData":false,"legend":{"show":false,"placement":"insideGrid","location":"ne"},"series":[{"showLabel":true,"index":0,"showLine":true,"trendline":{"type":"none","show":false},"color":"#4bb2c5"},{"showLabel":true,"index":0,"showLine":true,"trendline":{"type":"none","show":false},"color":"#EAA228"},{"showLabel":true,"index":0,"showLine":true,"trendline":{"type":"none","show":false},"color":"#839557"},{"showLabel":true,"index":0,"showLine":true,"trendline":{"type":"none","show":false},"color":"#953579"},{"showLabel":true,"index":0,"showLine":true,"trendline":{"type":"none","show":false},"color":"#d8b83f"}],"show":"$.jqplot.config.enablePlugins","axes":{"xaxis":{"max":20,"min":-15,"tickInterval":5,"tickOptions":{"formatString":"%.1f"},"forceTickAt0":true,"rendererOptions":{"forceTickAt0":true}},"yaxis":{"max":0.16,"min":0,"tickInterval":0.02,"tickOptions":{"formatString":"%.2f"},"forceTickAt0":true,"rendererOptions":{"forceTickAt0":true}}},"seriesDefaults":{"lineWidth":1,"showLabel":true,"markerOptions":{"size":5,"show":false}}});
jqplots.push(p);

var p = $.jqplot('effaoa',[[[-8.500,-4.3278529980658],[-8.250,-4.4573874950219],[-8.000,-4.6273387179225],[-7.750,-4.5655913978495],[-7.500,-4.7575057736721],[-7.250,-4.804869723518],[-7.000,-4.7112751518038],[-6.750,-4.7557083231034],[-6.500,-4.6676078028747],[-6.250,-4.6193565470674],[-4.750,-9.84711325689],[-4.500,-10.407711056947],[-4.250,-10.784453981879],[-4.000,-11.060798778937],[-3.750,-11.258134490239],[-3.500,-11.150241408691],[-3.250,-11.081162024558],[-3.000,-11.030534351145],[-2.750,-10.712620712621],[-2.500,-10.249913224575],[-2.250,-9.6310888252149],[-2.000,-8.9240506329114],[-1.750,-8.0375622844002],[-1.500,-3.791336748952],[-1.250,-3.1535269709544],[-1.000,-2.5501824817518],[-0.750,-1.9431920649234],[-0.500,-1.3300711743772],[-0.250,-0.70552147239264],[0.000,-0.086206896551724],[0.250,0.5289885738468],[0.500,1.1235489220564],[0.750,1.6991078669911],[1.000,3.5772674192293],[1.250,6.4413075780089],[1.500,9.072202166065],[1.750,11.878136200717],[2.000,14.807132459971],[2.250,17.767283717416],[2.500,20.925110132159],[2.750,23.652210884354],[3.000,25.881302989737],[3.250,27.681692732291],[3.500,28.534127347687],[3.750,28.811969629299],[4.000,28.880242109814],[4.250,28.772367873491],[4.500,28.669338677355],[4.750,28.500385505012],[5.000,28.269729529455],[5.250,28.005698005698],[5.500,27.641025641026],[5.750,27.178396072013],[6.000,26.76802507837],[6.250,26.093189964158],[6.500,25.565391205026],[6.750,24.813706826217],[7.000,24.293520686963],[7.250,23.125305922663],[7.500,22.288765088208],[7.750,21.661872095596],[8.000,20.117283950617],[8.250,19.05971306708],[8.500,18.682300390843],[8.750,16.913875598086],[9.000,14.905484970561],[9.250,12.943559653535],[9.500,11.36288581227],],[[-8.750,-4.8378378378378],[-8.500,-5.2955961097148],[-8.250,-5.8035613020302],[-8.000,-5.7677947729736],[-7.750,-5.939378757515],[-7.500,-6.4625671954897],[-7.250,-6.9889502762431],[-7.000,-6.9717805471995],[-6.750,-7.4847605224964],[-6.500,-7.9049676025918],[-6.250,-8.1446740858506],[-6.000,-8.6864336591022],[-5.750,-8.926913155632],[-5.500,-9.3882691615689],[-5.250,-9.7566909975669],[-5.000,-10.085820167739],[-4.750,-10.40612244898],[-4.500,-10.646871686108],[-4.000,-12.547274749722],[-3.750,-13.001218769043],[-3.500,-13.349851337958],[-3.250,-13.479033404407],[-3.000,-13.286034353996],[-2.750,-12.92768273717],[-2.500,-11.902817476521],[-2.250,-10.524091293322],[-2.000,-8.9807524059493],[-1.750,-7.6842584167425],[-1.500,-5.9348837209302],[-1.250,1.1111111111111],[-1.000,5.4122265844083],[-0.750,9.2542372881356],[-0.500,12.56687535572],[-0.250,15.557471264368],[0.000,18.414918414918],[0.250,20.43555032372],[0.500,22.328767123288],[0.750,24.126888217523],[1.000,25.862492326581],[1.250,27.510917030568],[1.500,29.250317662008],[1.750,31.263020833333],[2.000,33.291139240506],[2.250,35.398773006135],[2.500,37.508698677801],[2.750,39.35119887165],[3.000,39.444825222755],[3.250,38.516839378238],[3.500,38.071693448702],[3.750,37.875370919881],[4.000,37.777142857143],[4.250,37.717750826902],[4.500,37.632978723404],[4.750,37.521806054387],[5.000,37.538538040776],[5.250,37.362110311751],[5.500,37.257540603248],[5.750,37.029569892473],[6.000,36.889370932755],[6.250,36.541196152238],[6.500,36.28640776699],[6.750,35.794174757282],[7.000,35.339078306482],[7.250,35.010877447426],[7.500,34.5169166376],[7.750,33.844347534384],[8.000,33.391699092088],[8.250,33.129915067631],[8.500,32.413583990297],[8.750,32.195626477541],[9.000,31.75042832667],[9.250,30.786516853933],[9.500,30.42066027689],[9.750,30.023166023166],[10.000,28.494152046784],[10.250,27.777777777778],[10.500,27.932148626817],[10.750,25.977086035452],[11.000,25.508830950378],[11.250,25.656314699793],[11.500,23.332693783576],[11.750,22.325110456554],[12.000,23.490548381059],[12.250,21.035554021401],[12.500,18.751594387755],[12.750,16.129541864139],[13.000,13.159073935773],[13.250,17.156805596036],[13.500,15.204530313125],[13.750,3.8992537313433],],[[-8.750,-5.3399910233393],[-8.500,-5.6227842117703],[-8.250,-6.0450768068497],[-8.000,-6.5040868283532],[-7.750,-7.0964481663298],[-7.500,-7.7311682453766],[-7.250,-8.1445042275173],[-7.000,-8.9175089664167],[-6.750,-9.5511701012924],[-6.500,-9.6655641308343],[-6.250,-9.3260950954699],[-6.000,-12.950168144298],[-5.750,-14.553603442094],[-5.500,-14.839593114241],[-5.250,-10.652748414376],[-5.000,-10.470157657658],[-4.750,-10.487951807229],[-4.500,-11.40273163529],[-4.250,-11.54399323181],[-4.000,-10.878048780488],[-3.750,-10.052306229196],[-3.500,-8.8300554715078],[-3.250,-7.9466230936819],[-3.000,-6.6079545454545],[-2.750,-4.8366013071895],[-2.500,-3.4843845682792],[-2.250,-2.031847133758],[-2.000,-0.62708472314877],[-1.750,0.86986301369863],[-1.500,2.4857954545455],[-1.250,3.8932496075353],[-1.000,12.637168141593],[-0.750,19.946855624446],[-0.500,22.012578616352],[-0.250,24.336363636364],[0.000,26.672794117647],[0.250,29.088372093023],[0.500,31.602262016965],[0.750,34.12380952381],[1.000,36.730769230769],[1.250,39.350775193798],[1.500,41.970731707317],[1.750,44.578431372549],[2.000,47.033398821218],[2.250,48.719689621726],[2.500,47.881278538813],[3.000,46.438467807661],[3.250,46.517647058824],[3.500,46.854103343465],[3.750,47.162859248342],[4.000,47.371428571429],[4.250,47.813370473538],[4.500,48.10298102981],[4.750,48.115561391989],[5.000,48.674388674389],[5.250,48.511830635118],[5.500,48.998778998779],[5.750,49.14880952381],[6.000,49.006928406467],[6.250,49.243365330322],[6.500,49.213853765805],[6.750,48.804463336876],[7.000,49.000520562207],[7.250,49.158592554819],[7.500,48.687715836211],[7.750,48.913676042677],[8.000,49.039010466223],[8.250,48.692236598891],[8.500,48.242152466368],[8.750,48.101709776414],[9.000,47.975986277873],[9.250,47.709030100334],[9.500,46.912832929782],[9.750,46.652191077773],[10.000,46.587824738271],[10.250,46.269390843738],[10.500,45.925101965146],[10.750,45.981684981685],[11.000,45.764536970567],[11.250,45.17011574886],[11.500,44.996544574983],[11.750,44.389915966387],[12.000,43.690789473684],[12.250,43.269789983845],[12.500,42.481957954189],[12.750,41.397126261082],[13.000,40.488676996424],[13.250,39.726585223967],[13.500,38.306789606035],[13.750,36.914178100619],[14.000,35.814679854243],[14.250,34.591887831748],[14.500,32.740441700309],[14.750,31.129943502825],[15.000,29.758099352052],[15.250,28.386167146974],[15.500,26.359438137387],[15.750,24.533333333333],[16.000,22.932610904165],[16.250,21.514764565044],[16.500,20.302343159486],[16.750,18.893140589569],[17.000,17.1015625],[17.250,15.36794474875],[17.500,13.6835264811],[17.750,11.978161255728],[18.000,9.9626072915781],],[[-9.500,-5.3273495248152],[-9.250,-5.7392092443639],[-9.000,-6.2616822429907],[-8.750,-6.9407806191117],[-8.500,-7.6363902296329],[-8.250,-8.3929712460064],[-8.000,-11.097780443911],[-7.750,-11.327004219409],[-7.500,-12.698412698413],[-7.250,-22.643863179074],[-7.000,-21.330963665087],[-6.750,-20.416339355852],[-6.500,-22.360496014172],[-6.250,-23.466154584734],[-6.000,-22.348411934552],[-5.750,-21.47301895965],[-5.500,-21.717537506467],[-5.250,-21.06914893617],[-5.000,-20.305010893246],[-4.750,-20.01731102135],[-4.500,-18.866705813271],[-4.250,-19.399869536856],[-4.000,-18.534246575342],[-3.750,-17.420042643923],[-3.500,-16.132352941176],[-3.250,-14.824159021407],[-3.000,-13.199369582348],[-2.750,-12.131979695431],[-2.500,-10.469026548673],[-2.250,-8.4566210045662],[-2.000,-6.2335216572505],[-1.750,-3.8535645472062],[-1.500,-1.2983151635282],[-1.250,1.3292433537832],[-1.000,4.2110762800418],[-0.750,7.1905274488698],[-0.500,10.694822888283],[-0.250,17.731629392971],[0.000,25.090634441088],[0.250,32.391608391608],[0.500,40.818553888131],[0.750,45.572207084469],[1.000,49.036635006784],[1.250,51.564986737401],[1.500,52.1125],[1.750,52.232667450059],[2.000,52.777155655095],[2.250,53.969631236443],[2.500,55.535524920467],[2.750,57.141372141372],[3.000,58.664627930683],[3.250,60.04995004995],[3.500,61.612586037365],[3.750,63.056092843327],[4.000,64.161137440758],[4.250,65.527544351074],[4.500,66.510989010989],[4.750,67.587758775878],[5.000,68.541114058355],[5.250,69.066551426102],[5.500,70.204603580563],[5.750,70.650542118432],[6.000,71.003262642741],[6.250,71.789727126806],[6.500,72.146226415094],[6.750,71.802902979374],[7.000,72.684766214178],[7.250,73.049592894152],[7.500,73.031837916064],[7.750,71.977638015374],[8.000,72.641379310345],[8.250,72.892953929539],[8.500,73.005319148936],[8.750,72.735542560104],[9.000,71.545226130653],[9.250,71.799628942486],[9.500,72.278558338424],[9.750,72.429344558028],[10.000,71.543859649123],[10.250,71.406429391504],[10.500,71.636466591166],[10.750,71.508069003895],[11.000,70.091594827586],[11.250,70.42621204049],[11.500,70.235725510739],[11.750,68.771573604061],[12.000,68.739369684842],[12.250,67.673170731707],[12.500,66.33475580844],[12.750,65.182279649285],[13.000,63.305160142349],[13.250,61.834625322997],[13.500,59.370888157895],[13.750,57.600950118765],[14.000,55.315689981096],[14.250,51.973030518098],[14.500,50.499486828601],[14.750,48.27417779225],[15.000,45.390027531355],[15.250,42.387078330475],[15.500,40.724241596065],[15.750,38.671672708441],[16.000,36.293145357316],[16.250,33.631638418079],[16.500,30.54613156806],[16.750,28.393132716049],[17.000,26.26164874552],[17.250,24.03700033036],[17.500,21.722473604827],[17.750,19.428180574555],[18.000,17.279702970297],[18.250,15.366483331463],[18.500,13.750640828463],],[[-12.500,-3.0217243206419],[-12.250,-3.0640043340299],[-12.000,-32.302672467371],[-11.750,-35.3146374829],[-11.500,-37.795479807336],[-11.250,-39.904610492846],[-11.000,-41.859872611465],[-10.750,-43.602708803612],[-10.500,-45.167946257198],[-10.250,-46.529888551165],[-10.000,-47.725344644751],[-9.750,-48.75],[-9.500,-50],[-9.250,-51.514041514042],[-9.000,-51.458072590738],[-8.750,-51.186658114176],[-8.500,-50.894148586456],[-8.250,-51.074099252209],[-8.000,-49.63698630137],[-7.750,-48.684759916493],[-7.500,-48.414634146341],[-7.250,-46.537356321839],[-7.000,-44.791066282421],[-6.750,-43.369803063457],[-6.500,-41.918819188192],[-6.250,-41.824480369515],[-6.000,-39.914860681115],[-5.750,-38.14352574103],[-5.500,-36.738265712013],[-5.250,-35.133387227162],[-5.000,-34.307304785894],[-4.750,-33.594024604569],[-4.500,-31.648841354724],[-4.250,-29.450945094509],[-4.000,-26.930693069307],[-3.750,-26.251198465964],[-3.500,-24.287118977384],[-3.250,-22.028112449799],[-2.750,-17.318611987382],[-2.500,-14.642475987193],[-2.250,-12.485939257593],[-2.000,-9.6206896551724],[-1.750,-6.537558685446],[-1.500,-3.3214285714286],[-1.250,0.048367593712213],[-1.000,3.4809348093481],[-0.750,7.072864321608],[-0.500,10.765306122449],[-0.250,15.111731843575],[0.000,20.957095709571],[0.250,27.63671875],[0.500,35.406504065041],[0.750,41.345454545455],[1.000,43.582802547771],[1.250,45.830903790087],[1.500,49.093406593407],[1.750,52.650918635171],[2.000,56.675159235669],[2.250,60.325406758448],[2.500,63.612823674476],[2.750,66.767922235723],[3.000,69.557416267943],[3.250,72.014218009479],[3.500,73.967327887981],[3.750,76.21247113164],[4.000,77.866061293984],[4.250,80],[4.500,81.603982300885],[4.750,83.159041394336],[5.000,84.827956989247],[5.250,85.945089757128],[5.500,87.102803738318],[5.750,88.493852459016],[6.000,89.356136820926],[6.250,89.803149606299],[6.500,91.068999028183],[6.750,91.824259789876],[7.000,92.07476635514],[7.250,92.127853881279],[7.500,92.979297929793],[7.750,93.613817537644],[8.000,93.874891398784],[8.250,93.763806287171],[8.500,93.13482216708],[8.750,93.861224489796],[9.000,94.384553499598],[9.250,94.388318863457],[9.500,93.82126348228],[9.750,93.499245852187],[10.000,93.803863298663],[10.250,93.705324580598],[10.500,92.918149466192],[10.750,92.517433751743],[11.000,92.202462380301],[11.250,90.910904255319],[11.500,89.541343669251],[11.750,87.590511860175],[12.000,85.569620253165],[12.250,83.927527761543],[12.500,81.867945823928],[12.750,80.422380691168],[13.000,78.985584623599],[13.250,76.824987093443],[13.500,74.287841191067],[13.750,72.945436986963],[14.000,71.262862488307],[14.250,68.69623655914],[14.500,66.437177280551],[14.750,63.952243721696],[15.000,61.048513302034],[15.250,58.794007490637],[15.500,56.339285714286],[15.750,53.566835871404],[16.000,50.593301435407],[16.250,47.862089732008],[16.500,45.694643368662],[16.750,43.305337306963],[17.000,40.702647657841],[17.250,37.927756653992],[17.500,35.047388141944],[17.750,32.086462350315],[18.000,29.32785660941],[18.250,26.925862068966],[18.500,24.336060415356],[18.750,21.569709837226],[19.000,18.635226419815],[19.250,15.304747647562],],],
{"title":"Cl\/Cd v Alpha","sortData":false,"legend":{"show":false,"placement":"insideGrid","location":"ne"},"series":[{"showLabel":true,"index":0,"showLine":true,"trendline":{"type":"none","show":false},"color":"#4bb2c5"},{"showLabel":true,"index":0,"showLine":true,"trendline":{"type":"none","show":false},"color":"#EAA228"},{"showLabel":true,"index":0,"showLine":true,"trendline":{"type":"none","show":false},"color":"#839557"},{"showLabel":true,"index":0,"showLine":true,"trendline":{"type":"none","show":false},"color":"#953579"},{"showLabel":true,"index":0,"showLine":true,"trendline":{"type":"none","show":false},"color":"#d8b83f"}],"show":"$.jqplot.config.enablePlugins","axes":{"xaxis":{"max":20,"min":-15,"tickInterval":5,"tickOptions":{"formatString":"%.1f"},"forceTickAt0":true,"rendererOptions":{"forceTickAt0":true}},"yaxis":{"max":100,"min":-60,"tickInterval":20,"tickOptions":{"formatString":"%d"},"forceTickAt0":true,"rendererOptions":{"forceTickAt0":true}}},"seriesDefaults":{"lineWidth":1,"showLabel":true,"markerOptions":{"size":5,"show":false}}});
jqplots.push(p);

});
/*]]>*/
</script>
</body>
</html>