<!DOCTYPE html>
<html lang="en">
<head>
<link rel="stylesheet" type="text/css" href="/assets/62ff72f1/jquery.jqplot.min.css" media="screen, projection, print" />
<style type="text/css">
/*<![CDATA[*/
.jqplot-title {font-size:1.8em;padding:3px;}.jqplot-xaxis {font-size:0.8em;padding-top:3px;}.jqplot-yaxis {font-size:0.8em;padding-right:3px;}
/*]]>*/
</style>
<!--[if lt IE 9]><script type="text/javascript" src="/assets/62ff72f1/excanvas.min.js"></script></script><![endif]-->
<script type="text/javascript" src="/assets/780cfc96/jquery.min.js"></script>
<script type="text/javascript" src="/assets/62ff72f1/jquery.min.js"></script>
<script type="text/javascript" src="/assets/62ff72f1/jquery.jqplot.min.js"></script>
<script type="text/javascript">
/*<![CDATA[*/
var jqplots = [];

/*]]>*/
</script>
<title>Airfoil polar plot</title>
<meta http-equiv="Content-Language" content="en-gb"/>
<meta http-equiv="Content-Type" content="text/html; charset=windows-1252"/>
<meta content="none" name="robots" />
<meta name="copyright" content="Copyright 2010-2013. All Rights Reserved" />
</head>
<body>

<table style="width:800px;">
<tr><td>
<div id="liftdrag" style="height:400px;width:398px;margin:auto;display:inline-block;"></div>
</td><td>
<div id="liftaoa" style="height:400px;width:398px;margin:auto;display:inline-block;"></div>
</td></tr>
<tr><td>
<div id="effaoa" style="height:400px;width:398px;margin:auto;display:inline-block;"></div>
</td><td>
<div id="dragaoa" style="height:400px;width:398px;margin:auto;display:inline-block;"></div>
</td></tr>
<tr><td>
<div id="momentaoa" style="height:400px;width:398px;margin:auto;display:inline-block;"></div>
</td><td>
</td></tr>

</table>
<script type="text/javascript">
/*<![CDATA[*/
jQuery(window).load(function() {
var p = $.jqplot('liftdrag',[[[0.07075,-0.4470],[0.05847,-0.5684],[0.05217,-0.5508],[0.04797,-0.5337],[0.04382,-0.5121],[0.03999,-0.4912],[0.03653,-0.4676],[0.03339,-0.4416],[0.03080,-0.4148],[0.02844,-0.3892],[0.02646,-0.3643],[0.02453,-0.3418],[0.02128,-0.3160],[0.01982,-0.3320],[0.02017,-0.3478],[0.02005,-0.3565],[0.02085,-0.2340],[0.02039,-0.1483],[0.01977,-0.1297],[0.01904,-0.1350],[0.01829,-0.1407],[0.01776,-0.1327],[0.01755,-0.1104],[0.01751,-0.0840],[0.01757,-0.0569],[0.01768,-0.0303],[0.01783,-0.0044],[0.01802,0.0209],[0.01824,0.0457],[0.01848,0.0699],[0.01875,0.0938],[0.01904,0.1172],[0.01937,0.1403],[0.01972,0.1630],[0.02011,0.1854],[0.02053,0.2073],[0.02099,0.2288],[0.02149,0.2499],[0.02205,0.2706],[0.02267,0.2907],[0.02336,0.3101],[0.02412,0.3288],[0.02498,0.3465],[0.02597,0.3632],[0.02902,0.6695],[0.03296,0.7122],[0.03670,0.7445],[0.04015,0.7703],[0.04315,0.7896],[0.04663,0.8068],[0.05113,0.8245],[0.05556,0.8384],[0.06075,0.8486],[0.05882,0.8026],],[[0.09099,-0.5345],[0.08767,-0.5570],[0.08375,-0.5786],[0.08074,-0.5555],[0.07696,-0.5614],[0.07268,-0.5747],[0.06808,-0.5882],[0.06507,-0.5777],[0.06076,-0.5820],[0.05763,-0.5725],[0.05394,-0.5658],[0.05049,-0.5561],[0.03583,-0.4938],[0.03257,-0.4669],[0.02908,-0.4432],[0.02639,-0.4175],[0.02407,-0.3908],[0.02213,-0.3648],[0.02053,-0.3399],[0.01919,-0.3152],[0.01806,-0.2899],[0.01453,-0.2679],[0.01506,-0.2651],[0.01508,-0.2499],[0.01504,-0.2373],[0.01490,-0.2225],[0.01472,-0.2034],[0.01455,-0.1837],[0.01436,-0.1644],[0.01417,-0.1426],[0.01399,-0.1004],[0.01386,-0.0658],[0.01396,-0.0338],[0.01413,-0.0044],[0.01434,0.0230],[0.01458,0.0489],[0.01485,0.0737],[0.01514,0.0977],[0.01546,0.1212],[0.01581,0.1441],[0.01619,0.1665],[0.01660,0.1885],[0.01705,0.2100],[0.01754,0.2310],[0.01832,0.2660],[0.01922,0.3245],[0.01956,0.3976],[0.01472,0.5639],[0.01865,0.6097],[0.02077,0.6314],[0.02271,0.6578],[0.02579,0.6897],[0.02903,0.7211],[0.03145,0.7494],[0.03551,0.7738],[0.04046,0.7971],[0.06973,0.8692],[0.08740,0.8799],[0.08999,0.8623],[0.09314,0.8437],],[[0.08797,-0.5186],[0.08381,-0.5295],[0.08042,-0.5454],[0.07695,-0.5596],[0.07378,-0.5701],[0.07073,-0.5779],[0.06772,-0.5819],[0.06459,-0.5823],[0.05631,-0.5879],[0.05269,-0.5813],[0.04950,-0.5725],[0.04617,-0.5611],[0.04663,-0.5400],[0.02445,-0.4268],[0.02159,-0.3996],[0.01934,-0.3724],[0.01764,-0.3464],[0.01633,-0.3207],[0.01530,-0.2948],[0.01456,-0.2686],[0.01407,-0.2426],[0.01173,-0.2143],[0.01173,-0.1964],[0.01186,-0.1764],[0.01195,-0.1557],[0.01199,-0.1334],[0.01204,-0.1109],[0.01209,-0.0887],[0.01215,-0.0668],[0.01226,-0.0417],[0.01252,-0.0069],[0.01265,0.0253],[0.01284,0.1081],[0.01292,0.1437],[0.01324,0.1870],[0.01336,0.2227],[0.01356,0.2683],[0.01356,0.3061],[0.01348,0.3526],[0.01291,0.4104],[0.01165,0.4809],[0.00979,0.5500],[0.00937,0.6070],[0.01241,0.5943],[0.01461,0.6061],[0.01628,0.6246],[0.01788,0.6482],[0.01997,0.6762],[0.02259,0.7065],[0.02515,0.7341],[0.03029,0.7735],[0.02615,0.7759],[0.03051,0.7876],[0.03441,0.7987],[0.03853,0.8071],[0.04279,0.8134],[0.04716,0.8175],[0.05162,0.8197],[0.05641,0.8203],[0.06249,0.8159],[0.08286,0.7514],[0.08739,0.7337],],[[0.08243,-0.4439],[0.07837,-0.4509],[0.07485,-0.4579],[0.07064,-0.4684],[0.06628,-0.4816],[0.05978,-0.5046],[0.05718,-0.5307],[0.05034,-0.5313],[0.04384,-0.5258],[0.03902,-0.5178],[0.03468,-0.5056],[0.03041,-0.4890],[0.02629,-0.4679],[0.02226,-0.4432],[0.01903,-0.4142],[0.01998,-0.3903],[0.01315,-0.3733],[0.01059,-0.3474],[0.00871,-0.3186],[0.01860,-0.3122],[0.01581,-0.2815],[0.01387,-0.2524],[0.01259,-0.2214],[0.01182,-0.1886],[0.01144,-0.1550],[0.01125,-0.1229],[0.01109,-0.1004],[0.00975,-0.0724],[0.00906,-0.0430],[0.00886,-0.0121],[0.00885,0.0213],[0.00882,0.0559],[0.00878,0.0829],[0.00871,0.1117],[0.00861,0.1459],[0.00850,0.1820],[0.00835,0.2202],[0.00815,0.2610],[0.00802,0.2851],[0.00771,0.3268],[0.00726,0.3751],[0.00685,0.4116],[0.00637,0.4507],[0.00611,0.4820],[0.00589,0.5097],[0.00571,0.5350],[0.00572,0.5575],[0.00660,0.5631],[0.00838,0.5738],[0.00979,0.5880],[0.01117,0.6058],[0.01208,0.6279],[0.01314,0.6495],[0.01382,0.6731],[0.01680,0.6940],[0.01750,0.7201],[0.01954,0.7460],[0.02258,0.7698],[0.02692,0.7878],[0.03169,0.8125],[0.03545,0.8276],[0.03903,0.8410],[0.04276,0.8523],[0.04644,0.8617],[0.05016,0.8691],[0.05394,0.8741],[0.05774,0.8766],[0.06160,0.8765],[0.06556,0.8731],[0.06941,0.8670],[0.07307,0.8546],[0.07703,0.8388],[0.08179,0.8225],],[[0.09119,-0.4385],[0.08738,-0.4441],[0.08358,-0.4507],[0.07815,-0.4499],[0.07233,-0.4495],[0.06602,-0.4500],[0.05849,-0.4531],[0.04663,-0.4728],[0.04019,-0.4714],[0.03469,-0.4619],[0.02972,-0.4465],[0.02518,-0.4272],[0.02176,-0.4139],[0.01844,-0.3951],[0.01583,-0.3701],[0.01625,-0.3367],[0.01354,-0.3105],[0.01934,-0.3134],[0.01741,-0.2838],[0.01602,-0.2525],[0.01542,-0.2191],[0.06364,-1.2480],[0.01028,-0.1756],[0.00933,-0.1452],[0.00891,-0.1134],[0.00833,-0.0812],[0.00809,-0.0482],[0.00791,-0.0149],[0.00765,0.0178],[0.00691,0.0492],[0.00572,0.0787],[0.00556,0.1011],[0.00547,0.1307],[0.00536,0.1626],[0.00523,0.1962],[0.00509,0.2300],[0.00502,0.2563],[0.00491,0.2870],[0.00481,0.3178],[0.00473,0.3449],[0.00467,0.3732],[0.00456,0.4269],[0.00454,0.4529],[0.00454,0.4803],[0.00518,0.5178],[0.00604,0.5299],[0.00709,0.5434],[0.00801,0.5603],[0.00865,0.5806],[0.00956,0.5995],[0.01007,0.6197],[0.01009,0.6438],[0.01070,0.6694],[0.01122,0.6936],[0.01168,0.7181],[0.01392,0.7362],[0.03377,0.8012],[0.03331,0.8311],[0.03612,0.8486],[0.03981,0.8615],[0.04381,0.8717],[0.04794,0.8797],[0.05227,0.8850],[0.05670,0.8876],[0.06113,0.8874],[0.06570,0.8833],[0.06994,0.8768],[0.07390,0.8629],[0.07776,0.8448],[0.08238,0.8268],],],
{"title":"Cl v Cd","sortData":false,"legend":{"show":false,"placement":"insideGrid","location":"ne"},"series":[{"showLabel":true,"index":0,"showLine":true,"trendline":{"type":"none","show":false},"color":"#4bb2c5"},{"showLabel":true,"index":0,"showLine":true,"trendline":{"type":"none","show":false},"color":"#EAA228"},{"showLabel":true,"index":0,"showLine":true,"trendline":{"type":"none","show":false},"color":"#839557"},{"showLabel":true,"index":0,"showLine":true,"trendline":{"type":"none","show":false},"color":"#953579"},{"showLabel":true,"index":0,"showLine":true,"trendline":{"type":"none","show":false},"color":"#d8b83f"}],"show":"$.jqplot.config.enablePlugins","axes":{"xaxis":{"max":0.1,"min":0,"tickInterval":0.01,"tickOptions":{"formatString":"%.2f"},"forceTickAt0":true,"rendererOptions":{"forceTickAt0":true}},"yaxis":{"max":1,"min":-1.5,"tickInterval":0.5,"tickOptions":{"formatString":"%.2f"},"forceTickAt0":true,"rendererOptions":{"forceTickAt0":true}}},"seriesDefaults":{"lineWidth":1,"showLabel":true,"markerOptions":{"size":5,"show":false}}});
jqplots.push(p);

var p = $.jqplot('liftaoa',[[[-6.500,-0.4470],[-6.000,-0.5684],[-5.750,-0.5508],[-5.500,-0.5337],[-5.250,-0.5121],[-5.000,-0.4912],[-4.750,-0.4676],[-4.500,-0.4416],[-4.250,-0.4148],[-4.000,-0.3892],[-3.750,-0.3643],[-3.500,-0.3418],[-3.250,-0.3160],[-3.000,-0.3320],[-2.750,-0.3478],[-2.500,-0.3565],[-2.250,-0.2340],[-2.000,-0.1483],[-1.750,-0.1297],[-1.500,-0.1350],[-1.250,-0.1407],[-1.000,-0.1327],[-0.750,-0.1104],[-0.500,-0.0840],[-0.250,-0.0569],[0.000,-0.0303],[0.250,-0.0044],[0.500,0.0209],[0.750,0.0457],[1.000,0.0699],[1.250,0.0938],[1.500,0.1172],[1.750,0.1403],[2.000,0.1630],[2.250,0.1854],[2.500,0.2073],[2.750,0.2288],[3.000,0.2499],[3.250,0.2706],[3.500,0.2907],[3.750,0.3101],[4.000,0.3288],[4.250,0.3465],[4.500,0.3632],[4.750,0.6695],[5.000,0.7122],[5.250,0.7445],[5.500,0.7703],[5.750,0.7896],[6.000,0.8068],[6.250,0.8245],[6.500,0.8384],[6.750,0.8486],[7.000,0.8026],],[[-8.250,-0.5345],[-8.000,-0.5570],[-7.750,-0.5786],[-7.500,-0.5555],[-7.250,-0.5614],[-7.000,-0.5747],[-6.750,-0.5882],[-6.500,-0.5777],[-6.250,-0.5820],[-6.000,-0.5725],[-5.750,-0.5658],[-5.500,-0.5561],[-5.000,-0.4938],[-4.750,-0.4669],[-4.500,-0.4432],[-4.250,-0.4175],[-4.000,-0.3908],[-3.750,-0.3648],[-3.500,-0.3399],[-3.250,-0.3152],[-3.000,-0.2899],[-2.750,-0.2679],[-2.500,-0.2651],[-2.250,-0.2499],[-2.000,-0.2373],[-1.750,-0.2225],[-1.500,-0.2034],[-1.250,-0.1837],[-1.000,-0.1644],[-0.750,-0.1426],[-0.500,-0.1004],[-0.250,-0.0658],[0.000,-0.0338],[0.250,-0.0044],[0.500,0.0230],[0.750,0.0489],[1.000,0.0737],[1.250,0.0977],[1.500,0.1212],[1.750,0.1441],[2.000,0.1665],[2.250,0.1885],[2.500,0.2100],[2.750,0.2310],[3.000,0.2660],[3.250,0.3245],[3.500,0.3976],[3.750,0.5639],[4.000,0.6097],[4.250,0.6314],[4.500,0.6578],[4.750,0.6897],[5.000,0.7211],[5.250,0.7494],[5.500,0.7738],[5.750,0.7971],[7.250,0.8692],[8.250,0.8799],[8.500,0.8623],[8.750,0.8437],],[[-8.500,-0.5186],[-8.250,-0.5295],[-8.000,-0.5454],[-7.750,-0.5596],[-7.500,-0.5701],[-7.250,-0.5779],[-7.000,-0.5819],[-6.750,-0.5823],[-6.500,-0.5879],[-6.250,-0.5813],[-6.000,-0.5725],[-5.750,-0.5611],[-5.500,-0.5400],[-4.250,-0.4268],[-4.000,-0.3996],[-3.750,-0.3724],[-3.500,-0.3464],[-3.250,-0.3207],[-3.000,-0.2948],[-2.750,-0.2686],[-2.500,-0.2426],[-2.250,-0.2143],[-2.000,-0.1964],[-1.750,-0.1764],[-1.500,-0.1557],[-1.250,-0.1334],[-1.000,-0.1109],[-0.750,-0.0887],[-0.500,-0.0668],[-0.250,-0.0417],[0.000,-0.0069],[0.250,0.0253],[0.750,0.1081],[1.000,0.1437],[1.250,0.1870],[1.500,0.2227],[1.750,0.2683],[2.000,0.3061],[2.250,0.3526],[2.500,0.4104],[2.750,0.4809],[3.000,0.5500],[3.250,0.6070],[3.500,0.5943],[3.750,0.6061],[4.000,0.6246],[4.250,0.6482],[4.500,0.6762],[4.750,0.7065],[5.000,0.7341],[5.500,0.7735],[5.750,0.7759],[6.000,0.7876],[6.250,0.7987],[6.500,0.8071],[6.750,0.8134],[7.000,0.8175],[7.250,0.8197],[7.500,0.8203],[7.750,0.8159],[8.750,0.7514],[9.000,0.7337],],[[-9.000,-0.4439],[-8.750,-0.4509],[-8.500,-0.4579],[-8.250,-0.4684],[-8.000,-0.4816],[-7.750,-0.5046],[-7.500,-0.5307],[-7.250,-0.5313],[-7.000,-0.5258],[-6.750,-0.5178],[-6.500,-0.5056],[-6.250,-0.4890],[-6.000,-0.4679],[-5.750,-0.4432],[-5.500,-0.4142],[-5.250,-0.3903],[-5.000,-0.3733],[-4.750,-0.3474],[-4.500,-0.3186],[-4.250,-0.3122],[-4.000,-0.2815],[-3.750,-0.2524],[-3.500,-0.2214],[-3.250,-0.1886],[-3.000,-0.1550],[-2.750,-0.1229],[-2.500,-0.1004],[-2.250,-0.0724],[-2.000,-0.0430],[-1.750,-0.0121],[-1.500,0.0213],[-1.250,0.0559],[-1.000,0.0829],[-0.750,0.1117],[-0.500,0.1459],[-0.250,0.1820],[0.000,0.2202],[0.250,0.2610],[0.500,0.2851],[0.750,0.3268],[1.000,0.3751],[1.250,0.4116],[1.500,0.4507],[1.750,0.4820],[2.000,0.5097],[2.250,0.5350],[2.500,0.5575],[2.750,0.5631],[3.000,0.5738],[3.250,0.5880],[3.500,0.6058],[3.750,0.6279],[4.000,0.6495],[4.250,0.6731],[4.500,0.6940],[4.750,0.7201],[5.000,0.7460],[5.250,0.7698],[5.500,0.7878],[5.750,0.8125],[6.000,0.8276],[6.250,0.8410],[6.500,0.8523],[6.750,0.8617],[7.000,0.8691],[7.250,0.8741],[7.500,0.8766],[7.750,0.8765],[8.000,0.8731],[8.250,0.8670],[8.500,0.8546],[8.750,0.8388],[9.000,0.8225],],[[-9.500,-0.4385],[-9.250,-0.4441],[-9.000,-0.4507],[-8.750,-0.4499],[-8.500,-0.4495],[-8.250,-0.4500],[-8.000,-0.4531],[-7.750,-0.4728],[-7.500,-0.4714],[-7.250,-0.4619],[-7.000,-0.4465],[-6.750,-0.4272],[-6.500,-0.4139],[-6.250,-0.3951],[-6.000,-0.3701],[-5.750,-0.3367],[-5.500,-0.3105],[-5.250,-0.3134],[-5.000,-0.2838],[-4.750,-0.2525],[-4.500,-0.2191],[-4.250,-1.2480],[-4.000,-0.1756],[-3.750,-0.1452],[-3.500,-0.1134],[-3.250,-0.0812],[-3.000,-0.0482],[-2.750,-0.0149],[-2.500,0.0178],[-2.250,0.0492],[-2.000,0.0787],[-1.750,0.1011],[-1.500,0.1307],[-1.250,0.1626],[-1.000,0.1962],[-0.750,0.2300],[-0.500,0.2563],[-0.250,0.2870],[0.000,0.3178],[0.250,0.3449],[0.500,0.3732],[1.000,0.4269],[1.250,0.4529],[1.500,0.4803],[2.000,0.5178],[2.250,0.5299],[2.500,0.5434],[2.750,0.5603],[3.000,0.5806],[3.250,0.5995],[3.500,0.6197],[3.750,0.6438],[4.000,0.6694],[4.250,0.6936],[4.500,0.7181],[4.750,0.7362],[5.750,0.8012],[6.000,0.8311],[6.250,0.8486],[6.500,0.8615],[6.750,0.8717],[7.000,0.8797],[7.250,0.8850],[7.500,0.8876],[7.750,0.8874],[8.000,0.8833],[8.250,0.8768],[8.500,0.8629],[8.750,0.8448],[9.000,0.8268],],],
{"title":"Cl v Alpha","sortData":false,"legend":{"show":false,"placement":"insideGrid","location":"ne"},"series":[{"showLabel":true,"index":0,"showLine":true,"trendline":{"type":"none","show":false},"color":"#4bb2c5"},{"showLabel":true,"index":0,"showLine":true,"trendline":{"type":"none","show":false},"color":"#EAA228"},{"showLabel":true,"index":0,"showLine":true,"trendline":{"type":"none","show":false},"color":"#839557"},{"showLabel":true,"index":0,"showLine":true,"trendline":{"type":"none","show":false},"color":"#953579"},{"showLabel":true,"index":0,"showLine":true,"trendline":{"type":"none","show":false},"color":"#d8b83f"}],"show":"$.jqplot.config.enablePlugins","axes":{"xaxis":{"max":10,"min":-10,"tickInterval":2,"tickOptions":{"formatString":"%.1f"},"forceTickAt0":true,"rendererOptions":{"forceTickAt0":true}},"yaxis":{"max":1,"min":-1.5,"tickInterval":0.5,"tickOptions":{"formatString":"%.2f"},"forceTickAt0":true,"rendererOptions":{"forceTickAt0":true}}},"seriesDefaults":{"lineWidth":1,"showLabel":true,"markerOptions":{"size":5,"show":false}}});
jqplots.push(p);

var p = $.jqplot('momentaoa',[[[-6.500,-0.0102],[-6.000,-0.0432],[-5.750,-0.0441],[-5.500,-0.0437],[-5.250,-0.0440],[-5.000,-0.0437],[-4.750,-0.0432],[-4.500,-0.0424],[-4.250,-0.0413],[-4.000,-0.0399],[-3.750,-0.0379],[-3.500,-0.0363],[-3.250,-0.0359],[-3.000,-0.0217],[-2.750,-0.0078],[-2.500,0.0038],[-2.250,-0.0088],[-2.000,-0.0219],[-1.750,-0.0228],[-1.500,-0.0193],[-1.250,-0.0158],[-1.000,-0.0146],[-0.750,-0.0156],[-0.500,-0.0169],[-0.250,-0.0181],[0.000,-0.0190],[0.250,-0.0196],[0.500,-0.0200],[0.750,-0.0203],[1.000,-0.0205],[1.250,-0.0206],[1.500,-0.0205],[1.750,-0.0205],[2.000,-0.0204],[2.250,-0.0203],[2.500,-0.0201],[2.750,-0.0199],[3.000,-0.0197],[3.250,-0.0195],[3.500,-0.0193],[3.750,-0.0192],[4.000,-0.0190],[4.250,-0.0189],[4.500,-0.0188],[4.750,-0.0463],[5.000,-0.0473],[5.250,-0.0466],[5.500,-0.0451],[5.750,-0.0427],[6.000,-0.0405],[6.250,-0.0389],[6.500,-0.0363],[6.750,-0.0340],[7.000,-0.0289],],[[-8.250,-0.0342],[-8.000,-0.0366],[-7.750,-0.0409],[-7.500,-0.0327],[-7.250,-0.0339],[-7.000,-0.0372],[-6.750,-0.0401],[-6.500,-0.0371],[-6.250,-0.0395],[-6.000,-0.0381],[-5.750,-0.0382],[-5.500,-0.0384],[-5.000,-0.0406],[-4.750,-0.0394],[-4.500,-0.0390],[-4.250,-0.0383],[-4.000,-0.0374],[-3.750,-0.0364],[-3.500,-0.0354],[-3.250,-0.0346],[-3.000,-0.0342],[-2.750,-0.0334],[-2.500,-0.0256],[-2.250,-0.0221],[-2.000,-0.0180],[-1.750,-0.0149],[-1.500,-0.0132],[-1.250,-0.0117],[-1.000,-0.0101],[-0.750,-0.0091],[-0.500,-0.0127],[-0.250,-0.0160],[0.000,-0.0185],[0.250,-0.0201],[0.500,-0.0211],[0.750,-0.0216],[1.000,-0.0219],[1.250,-0.0220],[1.500,-0.0220],[1.750,-0.0220],[2.000,-0.0218],[2.250,-0.0217],[2.500,-0.0215],[2.750,-0.0213],[3.000,-0.0239],[3.250,-0.0308],[3.500,-0.0395],[3.750,-0.0571],[4.000,-0.0555],[4.250,-0.0535],[4.500,-0.0529],[4.750,-0.0530],[5.000,-0.0527],[5.250,-0.0510],[5.500,-0.0486],[5.750,-0.0458],[7.250,-0.0330],[8.250,-0.0290],[8.500,-0.0275],[8.750,-0.0266],],[[-8.500,-0.0367],[-8.250,-0.0387],[-8.000,-0.0392],[-7.750,-0.0401],[-7.500,-0.0404],[-7.250,-0.0403],[-7.000,-0.0399],[-6.750,-0.0394],[-6.500,-0.0400],[-6.250,-0.0393],[-6.000,-0.0388],[-5.750,-0.0387],[-5.500,-0.0378],[-4.250,-0.0360],[-4.000,-0.0355],[-3.750,-0.0346],[-3.500,-0.0337],[-3.250,-0.0331],[-3.000,-0.0328],[-2.750,-0.0326],[-2.500,-0.0322],[-2.250,-0.0338],[-2.000,-0.0314],[-1.750,-0.0296],[-1.500,-0.0281],[-1.250,-0.0272],[-1.000,-0.0264],[-0.750,-0.0256],[-0.500,-0.0248],[-0.250,-0.0246],[0.000,-0.0264],[0.250,-0.0276],[0.750,-0.0338],[1.000,-0.0362],[1.250,-0.0400],[1.500,-0.0421],[1.750,-0.0460],[2.000,-0.0483],[2.250,-0.0520],[2.500,-0.0572],[2.750,-0.0641],[3.000,-0.0697],[3.250,-0.0723],[3.500,-0.0650],[3.750,-0.0620],[4.000,-0.0599],[4.250,-0.0585],[4.500,-0.0578],[4.750,-0.0572],[5.000,-0.0561],[5.500,-0.0533],[5.750,-0.0450],[6.000,-0.0424],[6.250,-0.0398],[6.500,-0.0374],[6.750,-0.0353],[7.000,-0.0333],[7.250,-0.0314],[7.500,-0.0299],[7.750,-0.0286],[8.750,-0.0218],[9.000,-0.0222],],[[-9.000,-0.0314],[-8.750,-0.0315],[-8.500,-0.0312],[-8.250,-0.0314],[-8.000,-0.0318],[-7.750,-0.0350],[-7.500,-0.0345],[-7.250,-0.0419],[-7.000,-0.0472],[-6.750,-0.0499],[-6.500,-0.0521],[-6.250,-0.0543],[-6.000,-0.0566],[-5.750,-0.0586],[-5.500,-0.0600],[-5.250,-0.0583],[-5.000,-0.0594],[-4.750,-0.0602],[-4.500,-0.0607],[-4.250,-0.0588],[-4.000,-0.0578],[-3.750,-0.0577],[-3.500,-0.0583],[-3.250,-0.0593],[-3.000,-0.0605],[-2.750,-0.0614],[-2.500,-0.0603],[-2.250,-0.0615],[-2.000,-0.0626],[-1.750,-0.0634],[-1.500,-0.0647],[-1.250,-0.0663],[-1.000,-0.0662],[-0.750,-0.0665],[-0.500,-0.0680],[-0.250,-0.0698],[0.000,-0.0721],[0.250,-0.0749],[0.500,-0.0740],[0.750,-0.0769],[1.000,-0.0810],[1.250,-0.0824],[1.500,-0.0842],[1.750,-0.0846],[2.000,-0.0840],[2.250,-0.0829],[2.500,-0.0810],[2.750,-0.0757],[3.000,-0.0730],[3.250,-0.0709],[3.500,-0.0688],[3.750,-0.0673],[4.000,-0.0658],[4.250,-0.0651],[4.500,-0.0633],[4.750,-0.0628],[5.000,-0.0618],[5.250,-0.0602],[5.500,-0.0575],[5.750,-0.0539],[6.000,-0.0511],[6.250,-0.0484],[6.500,-0.0458],[6.750,-0.0433],[7.000,-0.0409],[7.250,-0.0387],[7.500,-0.0366],[7.750,-0.0345],[8.000,-0.0326],[8.250,-0.0308],[8.500,-0.0285],[8.750,-0.0268],[9.000,-0.0272],],[[-9.500,-0.0267],[-9.250,-0.0267],[-9.000,-0.0266],[-8.750,-0.0295],[-8.500,-0.0331],[-8.250,-0.0374],[-8.000,-0.0436],[-7.750,-0.0588],[-7.500,-0.0649],[-7.250,-0.0693],[-7.000,-0.0729],[-6.750,-0.0759],[-6.500,-0.0762],[-6.250,-0.0767],[-6.000,-0.0775],[-5.750,-0.0777],[-5.500,-0.0788],[-5.250,-0.0798],[-5.000,-0.0810],[-4.750,-0.0820],[-4.500,-0.0829],[-4.250,0.2358],[-4.000,-0.0786],[-3.750,-0.0790],[-3.500,-0.0798],[-3.250,-0.0808],[-3.000,-0.0819],[-2.750,-0.0831],[-2.500,-0.0844],[-2.250,-0.0858],[-2.000,-0.0873],[-1.750,-0.0862],[-1.500,-0.0866],[-1.250,-0.0876],[-1.000,-0.0888],[-0.750,-0.0902],[-0.500,-0.0898],[-0.250,-0.0904],[0.000,-0.0910],[0.250,-0.0908],[0.500,-0.0908],[1.000,-0.0901],[1.250,-0.0895],[1.500,-0.0894],[2.000,-0.0851],[2.250,-0.0819],[2.500,-0.0794],[2.750,-0.0775],[3.000,-0.0763],[3.250,-0.0742],[3.500,-0.0723],[3.750,-0.0714],[4.000,-0.0709],[4.250,-0.0702],[4.500,-0.0696],[4.750,-0.0673],[5.750,-0.0544],[6.000,-0.0540],[6.250,-0.0517],[6.500,-0.0490],[6.750,-0.0462],[7.000,-0.0436],[7.250,-0.0410],[7.500,-0.0385],[7.750,-0.0363],[8.000,-0.0343],[8.250,-0.0326],[8.500,-0.0303],[8.750,-0.0284],[9.000,-0.0289],],],
{"title":"Cm v Alpha","sortData":false,"legend":{"show":false,"placement":"insideGrid","location":"ne"},"series":[{"showLabel":true,"index":0,"showLine":true,"trendline":{"type":"none","show":false},"color":"#4bb2c5"},{"showLabel":true,"index":0,"showLine":true,"trendline":{"type":"none","show":false},"color":"#EAA228"},{"showLabel":true,"index":0,"showLine":true,"trendline":{"type":"none","show":false},"color":"#839557"},{"showLabel":true,"index":0,"showLine":true,"trendline":{"type":"none","show":false},"color":"#953579"},{"showLabel":true,"index":0,"showLine":true,"trendline":{"type":"none","show":false},"color":"#d8b83f"}],"show":"$.jqplot.config.enablePlugins","axes":{"xaxis":{"max":10,"min":-10,"tickInterval":2,"tickOptions":{"formatString":"%.1f"},"forceTickAt0":true,"rendererOptions":{"forceTickAt0":true}},"yaxis":{"max":0.25,"min":-0.1,"tickInterval":0.05,"tickOptions":{"formatString":"%.2f"},"forceTickAt0":true,"rendererOptions":{"forceTickAt0":true}}},"seriesDefaults":{"lineWidth":1,"showLabel":true,"markerOptions":{"size":5,"show":false}}});
jqplots.push(p);

var p = $.jqplot('dragaoa',[[[-6.500,0.07075],[-6.000,0.05847],[-5.750,0.05217],[-5.500,0.04797],[-5.250,0.04382],[-5.000,0.03999],[-4.750,0.03653],[-4.500,0.03339],[-4.250,0.03080],[-4.000,0.02844],[-3.750,0.02646],[-3.500,0.02453],[-3.250,0.02128],[-3.000,0.01982],[-2.750,0.02017],[-2.500,0.02005],[-2.250,0.02085],[-2.000,0.02039],[-1.750,0.01977],[-1.500,0.01904],[-1.250,0.01829],[-1.000,0.01776],[-0.750,0.01755],[-0.500,0.01751],[-0.250,0.01757],[0.000,0.01768],[0.250,0.01783],[0.500,0.01802],[0.750,0.01824],[1.000,0.01848],[1.250,0.01875],[1.500,0.01904],[1.750,0.01937],[2.000,0.01972],[2.250,0.02011],[2.500,0.02053],[2.750,0.02099],[3.000,0.02149],[3.250,0.02205],[3.500,0.02267],[3.750,0.02336],[4.000,0.02412],[4.250,0.02498],[4.500,0.02597],[4.750,0.02902],[5.000,0.03296],[5.250,0.03670],[5.500,0.04015],[5.750,0.04315],[6.000,0.04663],[6.250,0.05113],[6.500,0.05556],[6.750,0.06075],[7.000,0.05882],],[[-8.250,0.09099],[-8.000,0.08767],[-7.750,0.08375],[-7.500,0.08074],[-7.250,0.07696],[-7.000,0.07268],[-6.750,0.06808],[-6.500,0.06507],[-6.250,0.06076],[-6.000,0.05763],[-5.750,0.05394],[-5.500,0.05049],[-5.000,0.03583],[-4.750,0.03257],[-4.500,0.02908],[-4.250,0.02639],[-4.000,0.02407],[-3.750,0.02213],[-3.500,0.02053],[-3.250,0.01919],[-3.000,0.01806],[-2.750,0.01453],[-2.500,0.01506],[-2.250,0.01508],[-2.000,0.01504],[-1.750,0.01490],[-1.500,0.01472],[-1.250,0.01455],[-1.000,0.01436],[-0.750,0.01417],[-0.500,0.01399],[-0.250,0.01386],[0.000,0.01396],[0.250,0.01413],[0.500,0.01434],[0.750,0.01458],[1.000,0.01485],[1.250,0.01514],[1.500,0.01546],[1.750,0.01581],[2.000,0.01619],[2.250,0.01660],[2.500,0.01705],[2.750,0.01754],[3.000,0.01832],[3.250,0.01922],[3.500,0.01956],[3.750,0.01472],[4.000,0.01865],[4.250,0.02077],[4.500,0.02271],[4.750,0.02579],[5.000,0.02903],[5.250,0.03145],[5.500,0.03551],[5.750,0.04046],[7.250,0.06973],[8.250,0.08740],[8.500,0.08999],[8.750,0.09314],],[[-8.500,0.08797],[-8.250,0.08381],[-8.000,0.08042],[-7.750,0.07695],[-7.500,0.07378],[-7.250,0.07073],[-7.000,0.06772],[-6.750,0.06459],[-6.500,0.05631],[-6.250,0.05269],[-6.000,0.04950],[-5.750,0.04617],[-5.500,0.04663],[-4.250,0.02445],[-4.000,0.02159],[-3.750,0.01934],[-3.500,0.01764],[-3.250,0.01633],[-3.000,0.01530],[-2.750,0.01456],[-2.500,0.01407],[-2.250,0.01173],[-2.000,0.01173],[-1.750,0.01186],[-1.500,0.01195],[-1.250,0.01199],[-1.000,0.01204],[-0.750,0.01209],[-0.500,0.01215],[-0.250,0.01226],[0.000,0.01252],[0.250,0.01265],[0.750,0.01284],[1.000,0.01292],[1.250,0.01324],[1.500,0.01336],[1.750,0.01356],[2.000,0.01356],[2.250,0.01348],[2.500,0.01291],[2.750,0.01165],[3.000,0.00979],[3.250,0.00937],[3.500,0.01241],[3.750,0.01461],[4.000,0.01628],[4.250,0.01788],[4.500,0.01997],[4.750,0.02259],[5.000,0.02515],[5.500,0.03029],[5.750,0.02615],[6.000,0.03051],[6.250,0.03441],[6.500,0.03853],[6.750,0.04279],[7.000,0.04716],[7.250,0.05162],[7.500,0.05641],[7.750,0.06249],[8.750,0.08286],[9.000,0.08739],],[[-9.000,0.08243],[-8.750,0.07837],[-8.500,0.07485],[-8.250,0.07064],[-8.000,0.06628],[-7.750,0.05978],[-7.500,0.05718],[-7.250,0.05034],[-7.000,0.04384],[-6.750,0.03902],[-6.500,0.03468],[-6.250,0.03041],[-6.000,0.02629],[-5.750,0.02226],[-5.500,0.01903],[-5.250,0.01998],[-5.000,0.01315],[-4.750,0.01059],[-4.500,0.00871],[-4.250,0.01860],[-4.000,0.01581],[-3.750,0.01387],[-3.500,0.01259],[-3.250,0.01182],[-3.000,0.01144],[-2.750,0.01125],[-2.500,0.01109],[-2.250,0.00975],[-2.000,0.00906],[-1.750,0.00886],[-1.500,0.00885],[-1.250,0.00882],[-1.000,0.00878],[-0.750,0.00871],[-0.500,0.00861],[-0.250,0.00850],[0.000,0.00835],[0.250,0.00815],[0.500,0.00802],[0.750,0.00771],[1.000,0.00726],[1.250,0.00685],[1.500,0.00637],[1.750,0.00611],[2.000,0.00589],[2.250,0.00571],[2.500,0.00572],[2.750,0.00660],[3.000,0.00838],[3.250,0.00979],[3.500,0.01117],[3.750,0.01208],[4.000,0.01314],[4.250,0.01382],[4.500,0.01680],[4.750,0.01750],[5.000,0.01954],[5.250,0.02258],[5.500,0.02692],[5.750,0.03169],[6.000,0.03545],[6.250,0.03903],[6.500,0.04276],[6.750,0.04644],[7.000,0.05016],[7.250,0.05394],[7.500,0.05774],[7.750,0.06160],[8.000,0.06556],[8.250,0.06941],[8.500,0.07307],[8.750,0.07703],[9.000,0.08179],],[[-9.500,0.09119],[-9.250,0.08738],[-9.000,0.08358],[-8.750,0.07815],[-8.500,0.07233],[-8.250,0.06602],[-8.000,0.05849],[-7.750,0.04663],[-7.500,0.04019],[-7.250,0.03469],[-7.000,0.02972],[-6.750,0.02518],[-6.500,0.02176],[-6.250,0.01844],[-6.000,0.01583],[-5.750,0.01625],[-5.500,0.01354],[-5.250,0.01934],[-5.000,0.01741],[-4.750,0.01602],[-4.500,0.01542],[-4.250,0.06364],[-4.000,0.01028],[-3.750,0.00933],[-3.500,0.00891],[-3.250,0.00833],[-3.000,0.00809],[-2.750,0.00791],[-2.500,0.00765],[-2.250,0.00691],[-2.000,0.00572],[-1.750,0.00556],[-1.500,0.00547],[-1.250,0.00536],[-1.000,0.00523],[-0.750,0.00509],[-0.500,0.00502],[-0.250,0.00491],[0.000,0.00481],[0.250,0.00473],[0.500,0.00467],[1.000,0.00456],[1.250,0.00454],[1.500,0.00454],[2.000,0.00518],[2.250,0.00604],[2.500,0.00709],[2.750,0.00801],[3.000,0.00865],[3.250,0.00956],[3.500,0.01007],[3.750,0.01009],[4.000,0.01070],[4.250,0.01122],[4.500,0.01168],[4.750,0.01392],[5.750,0.03377],[6.000,0.03331],[6.250,0.03612],[6.500,0.03981],[6.750,0.04381],[7.000,0.04794],[7.250,0.05227],[7.500,0.05670],[7.750,0.06113],[8.000,0.06570],[8.250,0.06994],[8.500,0.07390],[8.750,0.07776],[9.000,0.08238],],],
{"title":"Cd v Alpha","sortData":false,"legend":{"show":false,"placement":"insideGrid","location":"ne"},"series":[{"showLabel":true,"index":0,"showLine":true,"trendline":{"type":"none","show":false},"color":"#4bb2c5"},{"showLabel":true,"index":0,"showLine":true,"trendline":{"type":"none","show":false},"color":"#EAA228"},{"showLabel":true,"index":0,"showLine":true,"trendline":{"type":"none","show":false},"color":"#839557"},{"showLabel":true,"index":0,"showLine":true,"trendline":{"type":"none","show":false},"color":"#953579"},{"showLabel":true,"index":0,"showLine":true,"trendline":{"type":"none","show":false},"color":"#d8b83f"}],"show":"$.jqplot.config.enablePlugins","axes":{"xaxis":{"max":10,"min":-10,"tickInterval":2,"tickOptions":{"formatString":"%.1f"},"forceTickAt0":true,"rendererOptions":{"forceTickAt0":true}},"yaxis":{"max":0.1,"min":0,"tickInterval":0.01,"tickOptions":{"formatString":"%.2f"},"forceTickAt0":true,"rendererOptions":{"forceTickAt0":true}}},"seriesDefaults":{"lineWidth":1,"showLabel":true,"markerOptions":{"size":5,"show":false}}});
jqplots.push(p);

var p = $.jqplot('effaoa',[[[-6.500,-6.3180212014134],[-6.000,-9.7212245596032],[-5.750,-10.557791834388],[-5.500,-11.125703564728],[-5.250,-11.686444545869],[-5.000,-12.283070767692],[-4.750,-12.800437996168],[-4.500,-13.225516621743],[-4.250,-13.467532467532],[-4.000,-13.684950773558],[-3.750,-13.767951625094],[-3.500,-13.933958418263],[-3.250,-14.84962406015],[-3.000,-16.750756811302],[-2.750,-17.243430837878],[-2.500,-17.780548628429],[-2.250,-11.223021582734],[-2.000,-7.2731731240804],[-1.750,-6.560445118867],[-1.500,-7.0903361344538],[-1.250,-7.6927282668125],[-1.000,-7.4718468468468],[-0.750,-6.2905982905983],[-0.500,-4.797258709309],[-0.250,-3.2384746727376],[0.000,-1.7138009049774],[0.250,-0.24677509814919],[0.500,1.1598224195339],[0.750,2.5054824561404],[1.000,3.7824675324675],[1.250,5.0026666666667],[1.500,6.1554621848739],[1.750,7.2431595250387],[2.000,8.2657200811359],[2.250,9.21929388364],[2.500,10.09741841208],[2.750,10.900428775607],[3.000,11.628664495114],[3.250,12.272108843537],[3.500,12.823114247905],[3.750,13.274828767123],[4.000,13.63184079602],[4.250,13.871096877502],[4.500,13.985367731998],[4.750,23.070296347347],[5.000,21.608009708738],[5.250,20.286103542234],[5.500,19.185554171856],[5.750,18.298957126304],[6.000,17.302165987562],[6.250,16.125562292196],[6.500,15.089992800576],[6.750,13.968724279835],[7.000,13.645018701122],],[[-8.250,-5.8742718980108],[-8.000,-6.353370594274],[-7.750,-6.9086567164179],[-7.500,-6.8801089918256],[-7.250,-7.2946985446985],[-7.000,-7.9072647220693],[-6.750,-8.6398354876616],[-6.500,-8.8781312432765],[-6.250,-9.5786701777485],[-6.000,-9.9340621204234],[-5.750,-10.489432703003],[-5.500,-11.014062190533],[-5.000,-13.781747139269],[-4.750,-14.335277863064],[-4.500,-15.240715268226],[-4.250,-15.820386510042],[-4.000,-16.235978396344],[-3.750,-16.484410302756],[-3.500,-16.556259132976],[-3.250,-16.425221469515],[-3.000,-16.052048726467],[-2.750,-18.437715072264],[-2.500,-17.602921646746],[-2.250,-16.571618037135],[-2.000,-15.777925531915],[-1.750,-14.93288590604],[-1.500,-13.817934782609],[-1.250,-12.625429553265],[-1.000,-11.448467966574],[-0.750,-10.063514467184],[-0.500,-7.1765546819157],[-0.250,-4.7474747474747],[0.000,-2.4212034383954],[0.250,-0.31139419674452],[0.500,1.6039051603905],[0.750,3.3539094650206],[1.000,4.962962962963],[1.250,6.4531043593131],[1.500,7.8395860284605],[1.750,9.1144845034788],[2.000,10.284126003706],[2.250,11.355421686747],[2.500,12.316715542522],[2.750,13.169897377423],[3.000,14.519650655022],[3.250,16.883454734651],[3.500,20.327198364008],[3.750,38.308423913043],[4.000,32.691689008043],[4.250,30.39961482908],[4.500,28.965213562307],[4.750,26.742923613804],[5.000,24.839820874957],[5.250,23.828298887122],[5.500,21.791044776119],[5.750,19.700939199209],[7.250,12.465223003012],[8.250,10.067505720824],[8.500,9.5821757973108],[8.750,9.058406699592],],[[-8.500,-5.8951915425713],[-8.250,-6.3178618303305],[-8.000,-6.7818950509823],[-7.750,-7.2722547108512],[-7.500,-7.7270262943887],[-7.250,-8.1705075639757],[-7.000,-8.5927347903131],[-6.750,-9.0153274500697],[-6.500,-10.440419108506],[-6.250,-11.032453976087],[-6.000,-11.565656565657],[-5.750,-12.152913147065],[-5.500,-11.580527557367],[-4.250,-17.456032719836],[-4.000,-18.508568781843],[-3.750,-19.255429162358],[-3.500,-19.637188208617],[-3.250,-19.638701775873],[-3.000,-19.267973856209],[-2.750,-18.447802197802],[-2.500,-17.242359630419],[-2.250,-18.269394714408],[-2.000,-16.743393009378],[-1.750,-14.873524451939],[-1.500,-13.029288702929],[-1.250,-11.125938281902],[-1.000,-9.2109634551495],[-0.750,-7.3366418527709],[-0.500,-5.4979423868313],[-0.250,-3.4013050570962],[0.000,-0.55111821086262],[0.250,2],[0.750,8.4190031152648],[1.000,11.122291021672],[1.250,14.123867069486],[1.500,16.669161676647],[1.750,19.786135693215],[2.000,22.573746312684],[2.250,26.157270029674],[2.500,31.789310611929],[2.750,41.278969957082],[3.000,56.179775280899],[3.250,64.781216648879],[3.500,47.888799355359],[3.750,41.485284052019],[4.000,38.366093366093],[4.250,36.252796420582],[4.500,33.86079118678],[4.750,31.274900398406],[5.000,29.188866799205],[5.500,25.536480686695],[5.750,29.671128107075],[6.000,25.814487053425],[6.250,23.211275791921],[6.500,20.947313781469],[6.750,19.009114279037],[7.000,17.334605597964],[7.250,15.879504068191],[7.500,14.541747917036],[7.750,13.056489038246],[8.750,9.0683079893797],[9.000,8.3956974482206],],[[-9.000,-5.3851753002548],[-8.750,-5.7534770958275],[-8.500,-6.1175684702739],[-8.250,-6.6308040770102],[-8.000,-7.2661436330718],[-7.750,-8.440950150552],[-7.500,-9.2812172088143],[-7.250,-10.554231227652],[-7.000,-11.993613138686],[-6.750,-13.270117888262],[-6.500,-14.579008073818],[-6.250,-16.080236764222],[-6.000,-17.797641688855],[-5.750,-19.910152740341],[-5.500,-21.76563321072],[-5.250,-19.534534534535],[-5.000,-28.38783269962],[-4.750,-32.804532577904],[-4.500,-36.578645235362],[-4.250,-16.784946236559],[-4.000,-17.805186590765],[-3.750,-18.197548666186],[-3.500,-17.58538522637],[-3.250,-15.95600676819],[-3.000,-13.548951048951],[-2.750,-10.924444444444],[-2.500,-9.0532010820559],[-2.250,-7.425641025641],[-2.000,-4.7461368653422],[-1.750,-1.3656884875847],[-1.500,2.4067796610169],[-1.250,6.3378684807256],[-1.000,9.4419134396355],[-0.750,12.824339839265],[-0.500,16.945412311266],[-0.250,21.411764705882],[0.000,26.37125748503],[0.250,32.024539877301],[0.500,35.548628428928],[0.750,42.386511024643],[1.000,51.666666666667],[1.250,60.087591240876],[1.500,70.753532182104],[1.750,78.887070376432],[2.000,86.536502546689],[2.250,93.69527145359],[2.500,97.465034965035],[2.750,85.318181818182],[3.000,68.472553699284],[3.250,60.061287027579],[3.500,54.234556848702],[3.750,51.978476821192],[4.000,49.429223744292],[4.250,48.70477568741],[4.500,41.309523809524],[4.750,41.148571428571],[5.000,38.178096212897],[5.250,34.092116917626],[5.500,29.264487369985],[5.750,25.639002840013],[6.000,23.345557122708],[6.250,21.547527542916],[6.500,19.932179607109],[6.750,18.555124892334],[7.000,17.326555023923],[7.250,16.20504263997],[7.500,15.181849670939],[7.750,14.228896103896],[8.000,13.317571690055],[8.250,12.490995533785],[8.500,11.695634323252],[8.750,10.889263923147],[9.000,10.056241594327],],[[-9.500,-4.808641298388],[-9.250,-5.0823987182422],[-9.000,-5.3924383823881],[-8.750,-5.7568777991043],[-8.500,-6.2145721000968],[-8.250,-6.8161163283853],[-8.000,-7.7466233544196],[-7.750,-10.139395239116],[-7.500,-11.729285892013],[-7.250,-13.315076390891],[-7.000,-15.023553162853],[-6.750,-16.965845909452],[-6.500,-19.021139705882],[-6.250,-21.426247288503],[-6.000,-23.379658875553],[-5.750,-20.72],[-5.500,-22.932053175775],[-5.250,-16.204756980352],[-5.000,-16.300976450316],[-4.750,-15.761548064919],[-4.500,-14.208819714656],[-4.250,-19.610307982401],[-4.000,-17.081712062257],[-3.750,-15.56270096463],[-3.500,-12.727272727273],[-3.250,-9.7478991596639],[-3.000,-5.9579728059333],[-2.750,-1.8836915297092],[-2.500,2.3267973856209],[-2.250,7.1201157742402],[-2.000,13.758741258741],[-1.750,18.18345323741],[-1.500,23.893967093236],[-1.250,30.335820895522],[-1.000,37.514340344168],[-0.750,45.186640471513],[-0.500,51.05577689243],[-0.250,58.452138492872],[0.000,66.070686070686],[0.250,72.91754756871],[0.500,79.914346895075],[1.000,93.618421052632],[1.250,99.757709251101],[1.500,105.79295154185],[2.000,99.96138996139],[2.250,87.73178807947],[2.500,76.643159379408],[2.750,69.950062421973],[3.000,67.121387283237],[3.250,62.70920502092],[3.500,61.539225422046],[3.750,63.80574826561],[4.000,62.560747663551],[4.250,61.818181818182],[4.500,61.481164383562],[4.750,52.887931034483],[5.750,23.725199881552],[6.000,24.950465325728],[6.250,23.493909191584],[6.500,21.640291384074],[6.750,19.897283725177],[7.000,18.350020859408],[7.250,16.93131815573],[7.500,15.654320987654],[7.750,14.516603958776],[8.000,13.444444444444],[8.250,12.536459822705],[8.500,11.676589986468],[8.750,10.864197530864],[9.000,10.036416605972],],],
{"title":"Cl\/Cd v Alpha","sortData":false,"legend":{"show":false,"placement":"insideGrid","location":"ne"},"series":[{"showLabel":true,"index":0,"showLine":true,"trendline":{"type":"none","show":false},"color":"#4bb2c5"},{"showLabel":true,"index":0,"showLine":true,"trendline":{"type":"none","show":false},"color":"#EAA228"},{"showLabel":true,"index":0,"showLine":true,"trendline":{"type":"none","show":false},"color":"#839557"},{"showLabel":true,"index":0,"showLine":true,"trendline":{"type":"none","show":false},"color":"#953579"},{"showLabel":true,"index":0,"showLine":true,"trendline":{"type":"none","show":false},"color":"#d8b83f"}],"show":"$.jqplot.config.enablePlugins","axes":{"xaxis":{"max":10,"min":-10,"tickInterval":2,"tickOptions":{"formatString":"%.1f"},"forceTickAt0":true,"rendererOptions":{"forceTickAt0":true}},"yaxis":{"max":120,"min":-40,"tickInterval":20,"tickOptions":{"formatString":"%d"},"forceTickAt0":true,"rendererOptions":{"forceTickAt0":true}}},"seriesDefaults":{"lineWidth":1,"showLabel":true,"markerOptions":{"size":5,"show":false}}});
jqplots.push(p);

});
/*]]>*/
</script>
</body>
</html>