<!DOCTYPE html>
<html lang="en">
<head>
<link rel="stylesheet" type="text/css" href="/assets/62ff72f1/jquery.jqplot.min.css" media="screen, projection, print" />
<style type="text/css">
/*<![CDATA[*/
.jqplot-title {font-size:1.8em;padding:3px;}.jqplot-xaxis {font-size:0.8em;padding-top:3px;}.jqplot-yaxis {font-size:0.8em;padding-right:3px;}
/*]]>*/
</style>
<!--[if lt IE 9]><script type="text/javascript" src="/assets/62ff72f1/excanvas.min.js"></script></script><![endif]-->
<script type="text/javascript" src="/assets/780cfc96/jquery.min.js"></script>
<script type="text/javascript" src="/assets/62ff72f1/jquery.min.js"></script>
<script type="text/javascript" src="/assets/62ff72f1/jquery.jqplot.min.js"></script>
<script type="text/javascript">
/*<![CDATA[*/
var jqplots = [];

/*]]>*/
</script>
<title>Airfoil polar plot</title>
<meta http-equiv="Content-Language" content="en-gb"/>
<meta http-equiv="Content-Type" content="text/html; charset=windows-1252"/>
<meta content="none" name="robots" />
<meta name="copyright" content="Copyright 2010-2013. All Rights Reserved" />
</head>
<body>

<table style="width:800px;">
<tr><td>
<div id="liftdrag" style="height:400px;width:398px;margin:auto;display:inline-block;"></div>
</td><td>
<div id="liftaoa" style="height:400px;width:398px;margin:auto;display:inline-block;"></div>
</td></tr>
<tr><td>
<div id="effaoa" style="height:400px;width:398px;margin:auto;display:inline-block;"></div>
</td><td>
<div id="dragaoa" style="height:400px;width:398px;margin:auto;display:inline-block;"></div>
</td></tr>
<tr><td>
<div id="momentaoa" style="height:400px;width:398px;margin:auto;display:inline-block;"></div>
</td><td>
</td></tr>

</table>
<script type="text/javascript">
/*<![CDATA[*/
jQuery(window).load(function() {
var p = $.jqplot('liftdrag',[[[0.10541,-0.4220],[0.10044,-0.4001],[0.09990,-0.4298],[0.09568,-0.4148],[0.09261,-0.4147],[0.09171,-0.4396],[0.08856,-0.4363],[0.08591,-0.4385],[0.08326,-0.4421],[0.07999,-0.4319],[0.07774,-0.4382],[0.05195,0.0298],[0.05010,0.0358],[0.04832,0.0415],[0.04958,-0.0020],[0.05170,-0.0629],[0.05259,-0.1177],[0.05329,-0.1717],[0.05338,-0.2229],[0.04034,-0.1947],[0.03829,-0.1585],[0.03641,-0.1275],[0.03457,-0.0990],[0.03360,-0.0703],[0.03240,-0.0439],[0.03156,-0.0176],[0.03079,0.0077],[0.03032,0.0332],[0.02993,0.0597],[0.02971,0.0852],[0.02946,0.1118],[0.02729,0.1536],[0.02817,0.1726],[0.02973,0.2475],[0.03057,0.3189],[0.03082,0.3798],[0.03064,0.4378],[0.03003,0.4956],[0.02892,0.5549],[0.02720,0.6181],[0.02529,0.6799],[0.02366,0.7329],[0.02288,0.7726],[0.02292,0.8076],[0.02350,0.8399],[0.02438,0.8687],[0.02533,0.8987],[0.02638,0.9237],[0.02747,0.9498],[0.02861,0.9751],[0.02980,0.9996],[0.03104,1.0244],[0.03231,1.0498],[0.03372,1.0682],[0.03519,1.0892],[0.03664,1.1117],[0.03843,1.1260],[0.03986,1.1514],[0.04208,1.1581],[0.04382,1.1790],[0.04632,1.1855],[0.04869,1.1937],[0.05077,1.2128],[0.05474,1.1990],[0.05901,1.1838],[0.06367,1.1649],[0.06817,1.1508],[0.07196,1.1514],],[[0.10260,-0.3894],[0.10113,-0.4071],[0.09900,-0.4198],[0.09688,-0.4301],[0.09481,-0.4377],[0.08834,-0.4296],[0.08546,-0.4273],[0.08282,-0.4280],[0.08009,-0.4286],[0.07718,-0.4277],[0.07465,-0.4207],[0.07068,-0.4150],[0.06685,-0.4097],[0.06422,-0.4016],[0.06166,-0.3824],[0.05792,-0.3748],[0.05571,-0.3546],[0.05236,-0.3426],[0.04973,-0.3229],[0.04736,-0.3038],[0.04505,-0.2854],[0.04322,-0.2660],[0.03184,-0.0727],[0.02989,-0.0206],[0.02833,0.0233],[0.02714,0.0715],[0.02619,0.1283],[0.02475,0.1859],[0.02372,0.2333],[0.02288,0.2739],[0.02005,0.3186],[0.01973,0.3673],[0.01938,0.4073],[0.01890,0.4485],[0.01828,0.4910],[0.01750,0.5357],[0.01665,0.5825],[0.01580,0.6298],[0.01521,0.6686],[0.01473,0.7062],[0.01453,0.7311],[0.01461,0.7583],[0.01534,0.7791],[0.01622,0.7992],[0.01706,0.8215],[0.01778,0.8448],[0.01850,0.8693],[0.01918,0.8941],[0.01981,0.9188],[0.02044,0.9436],[0.02111,0.9689],[0.02178,0.9947],[0.02242,1.0187],[0.02319,1.0452],[0.02383,1.0684],[0.02465,1.0944],[0.02538,1.1175],[0.02628,1.1441],[0.02705,1.1653],[0.02798,1.1921],[0.02897,1.2125],[0.02989,1.2357],[0.03105,1.2594],[0.03210,1.2781],[0.03317,1.3022],[0.03466,1.3219],[0.03611,1.3376],[0.03735,1.3589],[0.03880,1.3811],[0.04016,1.3883],[0.04012,1.4186],[0.04114,1.4210],[0.04089,1.4511],[0.04211,1.4514],[0.04146,1.4747],[0.04236,1.4784],[0.04129,1.4955],[0.04171,1.4910],[0.04061,1.4962],[0.04129,1.4838],[0.04138,1.4764],[0.04208,1.4659],[0.04376,1.4545],[0.04662,1.4396],[0.05042,1.4233],[0.05474,1.4061],[0.05954,1.3881],[0.06482,1.3699],[0.07082,1.3497],[0.07737,1.3292],[0.08419,1.3090],[0.09095,1.2912],],[[0.08516,-0.3372],[0.08314,-0.3486],[0.08119,-0.3629],[0.07829,-0.3725],[0.08152,-0.4483],[0.07909,-0.4490],[0.07549,-0.4338],[0.07102,-0.4086],[0.06649,-0.3833],[0.06208,-0.3337],[0.05636,-0.3152],[0.05210,-0.2953],[0.04902,-0.2677],[0.04624,-0.2433],[0.04644,-0.2004],[0.03952,-0.1773],[0.03743,-0.1473],[0.03470,-0.1126],[0.03232,-0.0736],[0.03018,-0.0408],[0.02833,-0.0057],[0.02136,0.1319],[0.01899,0.1823],[0.01793,0.2111],[0.01675,0.2532],[0.01609,0.2855],[0.01489,0.3227],[0.01398,0.3656],[0.01337,0.3941],[0.01063,0.4586],[0.01036,0.4924],[0.01011,0.5286],[0.00991,0.5644],[0.00978,0.5990],[0.00974,0.6303],[0.00978,0.6554],[0.00985,0.6782],[0.00995,0.6991],[0.01023,0.7177],[0.01088,0.7300],[0.01159,0.7432],[0.01222,0.7596],[0.01276,0.7784],[0.01326,0.7985],[0.01370,0.8198],[0.01412,0.8419],[0.01456,0.8642],[0.01495,0.8873],[0.01534,0.9108],[0.01584,0.9341],[0.01618,0.9581],[0.01671,0.9821],[0.01706,1.0061],[0.01756,1.0305],[0.01801,1.0547],[0.01844,1.0786],[0.01907,1.1040],[0.01947,1.1275],[0.01997,1.1515],[0.02064,1.1767],[0.02106,1.1991],[0.02160,1.2230],[0.02240,1.2488],[0.02289,1.2703],[0.02340,1.2928],[0.02405,1.3154],[0.02426,1.3312],[0.02460,1.3502],[0.02497,1.3662],[0.02526,1.3825],[0.02578,1.4007],[0.02606,1.4131],[0.02625,1.4232],[0.02666,1.4348],[0.02694,1.4451],[0.02733,1.4552],[0.02767,1.4649],[0.02823,1.4764],[0.03011,1.4758],[0.03291,1.4658],[0.03535,1.4605],[0.03788,1.4550],[0.04043,1.4506],[0.04340,1.4432],[0.04686,1.4328],[0.05088,1.4196],[0.05555,1.4037],[0.06082,1.3865],[0.06657,1.3691],[0.07201,1.3567],[0.07785,1.3433],[0.08381,1.3300],[0.08970,1.3171],],[[0.09972,-0.3863],[0.09693,-0.3968],[0.09450,-0.4101],[0.09021,-0.4095],[0.08276,-0.3847],[0.07754,-0.3732],[0.07396,-0.3544],[0.06969,-0.3311],[0.06533,-0.3111],[0.06041,-0.2849],[0.05275,-0.2415],[0.04696,-0.2245],[0.04366,-0.2014],[0.04083,-0.1726],[0.03782,-0.1402],[0.03506,-0.1185],[0.03040,-0.0822],[0.02744,-0.0511],[0.02573,-0.0233],[0.02392,0.0080],[0.01267,0.1668],[0.01202,0.1990],[0.01119,0.2334],[0.01064,0.2648],[0.00993,0.2950],[0.00959,0.3253],[0.00933,0.3546],[0.00901,0.3826],[0.00886,0.4100],[0.00871,0.4366],[0.00857,0.4629],[0.00628,0.4686],[0.00647,0.5545],[0.00654,0.5819],[0.00666,0.6025],[0.00693,0.6192],[0.00744,0.6318],[0.00797,0.6458],[0.00837,0.6635],[0.00871,0.6830],[0.00901,0.7033],[0.00930,0.7244],[0.00959,0.7459],[0.00988,0.7678],[0.01015,0.7905],[0.01043,0.8133],[0.01067,0.8368],[0.01091,0.8605],[0.01116,0.8841],[0.01141,0.9079],[0.01163,0.9321],[0.01195,0.9550],[0.01215,0.9796],[0.01237,1.0038],[0.01269,1.0267],[0.01297,1.0504],[0.01317,1.0748],[0.01344,1.0982],[0.01387,1.1199],[0.01405,1.1444],[0.01428,1.1681],[0.01458,1.1909],[0.01501,1.2122],[0.01510,1.2367],[0.01535,1.2590],[0.01565,1.2808],[0.01584,1.3032],[0.01619,1.3229],[0.01643,1.3449],[0.01673,1.3655],[0.01708,1.3855],[0.01740,1.4061],[0.01779,1.4254],[0.01827,1.4438],[0.01888,1.4605],[0.02035,1.4662],[0.02255,1.4619],[0.02385,1.4692],[0.02493,1.4789],[0.02609,1.4874],[0.02761,1.4911],[0.02940,1.4913],[0.03077,1.4977],[0.03240,1.5013],[0.03426,1.5029],[0.03643,1.5020],[0.03899,1.4982],[0.04220,1.4895],[0.04624,1.4750],[0.05108,1.4570],[0.05494,1.4505],[0.05936,1.4421],[0.06449,1.4312],[0.07034,1.4178],[0.07674,1.4024],[0.08354,1.3855],[0.09040,1.3680],],[[0.11517,-0.3935],[0.11196,-0.3946],[0.10887,-0.3956],[0.10579,-0.3971],[0.10181,-0.3914],[0.09644,-0.3867],[0.09293,-0.3753],[0.08931,-0.3632],[0.08548,-0.3505],[0.08174,-0.3429],[0.07691,-0.3271],[0.07147,-0.3047],[0.06566,-0.2797],[0.05711,-0.2578],[0.05132,-0.2315],[0.04448,-0.2100],[0.04151,-0.1805],[0.03913,-0.1644],[0.03620,-0.1342],[0.03259,-0.1007],[0.02231,-0.0521],[0.02114,-0.0220],[0.01307,-0.0046],[0.01216,0.0243],[0.01124,0.0521],[0.01051,0.0832],[0.00944,0.1139],[0.00917,0.1431],[0.00893,0.1703],[0.00877,0.1971],[0.00836,0.2228],[0.00820,0.2493],[0.00808,0.2759],[0.00796,0.3030],[0.00771,0.3291],[0.00764,0.3558],[0.00758,0.3824],[0.00744,0.4085],[0.00743,0.4344],[0.00740,0.4595],[0.00750,0.4823],[0.00603,0.4932],[0.00600,0.5031],[0.00652,0.5425],[0.00690,0.5910],[0.00717,0.6301],[0.00735,0.6513],[0.00756,0.6724],[0.00798,0.7151],[0.00817,0.7372],[0.00836,0.7596],[0.00855,0.7824],[0.00869,0.8063],[0.00888,0.8299],[0.00902,0.8546],[0.00918,0.8792],[0.00939,0.9033],[0.00951,0.9288],[0.00966,0.9539],[0.00985,0.9786],[0.01007,1.0031],[0.01019,1.0287],[0.01035,1.0538],[0.01056,1.0784],[0.01080,1.1024],[0.01094,1.1279],[0.01111,1.1528],[0.01132,1.1771],[0.01154,1.2013],[0.01170,1.2261],[0.01196,1.2496],[0.01217,1.2737],[0.01239,1.2975],[0.01269,1.3201],[0.01291,1.3435],[0.01326,1.3653],[0.01353,1.3877],[0.01391,1.4083],[0.01436,1.4272],[0.01489,1.4448],[0.01581,1.4570],[0.01776,1.4557],[0.01854,1.4696],[0.01928,1.4840],[0.01993,1.4992],[0.02075,1.5119],[0.02158,1.5243],[0.02228,1.5382],[0.02308,1.5508],[0.02403,1.5610],[0.02550,1.5642],[0.02638,1.5758],[0.02743,1.5851],[0.02862,1.5930],[0.02996,1.5994],[0.03144,1.6045],[0.03324,1.6067],[0.03556,1.6038],[0.03876,1.5932],[0.04196,1.5848],[0.04464,1.5832],[0.04775,1.5794],[0.05141,1.5728],[0.05574,1.5631],[0.06086,1.5504],[0.06715,1.5330],[0.07448,1.5116],[0.08310,1.4845],[0.09240,1.4531],[0.10217,1.4186],],],
{"title":"Cl v Cd","sortData":false,"legend":{"show":false,"placement":"insideGrid","location":"ne"},"series":[{"showLabel":true,"index":0,"showLine":true,"trendline":{"type":"none","show":false},"color":"#4bb2c5"},{"showLabel":true,"index":0,"showLine":true,"trendline":{"type":"none","show":false},"color":"#EAA228"},{"showLabel":true,"index":0,"showLine":true,"trendline":{"type":"none","show":false},"color":"#839557"},{"showLabel":true,"index":0,"showLine":true,"trendline":{"type":"none","show":false},"color":"#953579"},{"showLabel":true,"index":0,"showLine":true,"trendline":{"type":"none","show":false},"color":"#d8b83f"}],"show":"$.jqplot.config.enablePlugins","axes":{"xaxis":{"max":0.12,"min":0,"tickInterval":0.02,"tickOptions":{"formatString":"%.2f"},"forceTickAt0":true,"rendererOptions":{"forceTickAt0":true}},"yaxis":{"max":2,"min":-0.5,"tickInterval":0.5,"tickOptions":{"formatString":"%.2f"},"forceTickAt0":true,"rendererOptions":{"forceTickAt0":true}}},"seriesDefaults":{"lineWidth":1,"showLabel":true,"markerOptions":{"size":5,"show":false}}});
jqplots.push(p);

var p = $.jqplot('liftaoa',[[[-7.750,-0.4220],[-7.500,-0.4001],[-7.250,-0.4298],[-7.000,-0.4148],[-6.750,-0.4147],[-6.500,-0.4396],[-6.250,-0.4363],[-6.000,-0.4385],[-5.750,-0.4421],[-5.500,-0.4319],[-5.250,-0.4382],[-5.000,0.0298],[-4.750,0.0358],[-4.500,0.0415],[-4.250,-0.0020],[-4.000,-0.0629],[-3.750,-0.1177],[-3.500,-0.1717],[-3.250,-0.2229],[-2.500,-0.1947],[-2.250,-0.1585],[-2.000,-0.1275],[-1.750,-0.0990],[-1.500,-0.0703],[-1.250,-0.0439],[-1.000,-0.0176],[-0.750,0.0077],[-0.500,0.0332],[-0.250,0.0597],[0.000,0.0852],[0.250,0.1118],[0.750,0.1536],[1.000,0.1726],[1.250,0.2475],[1.500,0.3189],[1.750,0.3798],[2.000,0.4378],[2.250,0.4956],[2.500,0.5549],[2.750,0.6181],[3.000,0.6799],[3.250,0.7329],[3.500,0.7726],[3.750,0.8076],[4.000,0.8399],[4.250,0.8687],[4.500,0.8987],[4.750,0.9237],[5.000,0.9498],[5.250,0.9751],[5.500,0.9996],[5.750,1.0244],[6.000,1.0498],[6.250,1.0682],[6.500,1.0892],[6.750,1.1117],[7.000,1.1260],[7.250,1.1514],[7.500,1.1581],[7.750,1.1790],[8.000,1.1855],[8.250,1.1937],[8.500,1.2128],[8.750,1.1990],[9.000,1.1838],[9.250,1.1649],[9.500,1.1508],[9.750,1.1514],],[[-8.250,-0.3894],[-8.000,-0.4071],[-7.750,-0.4198],[-7.500,-0.4301],[-7.250,-0.4377],[-7.000,-0.4296],[-6.750,-0.4273],[-6.500,-0.4280],[-6.250,-0.4286],[-6.000,-0.4277],[-5.750,-0.4207],[-5.500,-0.4150],[-5.250,-0.4097],[-5.000,-0.4016],[-4.750,-0.3824],[-4.500,-0.3748],[-4.250,-0.3546],[-4.000,-0.3426],[-3.750,-0.3229],[-3.500,-0.3038],[-3.250,-0.2854],[-3.000,-0.2660],[-1.750,-0.0727],[-1.500,-0.0206],[-1.250,0.0233],[-1.000,0.0715],[-0.750,0.1283],[-0.500,0.1859],[-0.250,0.2333],[0.000,0.2739],[0.250,0.3186],[0.500,0.3673],[0.750,0.4073],[1.000,0.4485],[1.250,0.4910],[1.500,0.5357],[1.750,0.5825],[2.000,0.6298],[2.250,0.6686],[2.500,0.7062],[2.750,0.7311],[3.000,0.7583],[3.250,0.7791],[3.500,0.7992],[3.750,0.8215],[4.000,0.8448],[4.250,0.8693],[4.500,0.8941],[4.750,0.9188],[5.000,0.9436],[5.250,0.9689],[5.500,0.9947],[5.750,1.0187],[6.000,1.0452],[6.250,1.0684],[6.500,1.0944],[6.750,1.1175],[7.000,1.1441],[7.250,1.1653],[7.500,1.1921],[7.750,1.2125],[8.000,1.2357],[8.250,1.2594],[8.500,1.2781],[8.750,1.3022],[9.000,1.3219],[9.250,1.3376],[9.500,1.3589],[9.750,1.3811],[10.000,1.3883],[10.250,1.4186],[10.500,1.4210],[10.750,1.4511],[11.000,1.4514],[11.250,1.4747],[11.500,1.4784],[11.750,1.4955],[12.000,1.4910],[12.250,1.4962],[12.500,1.4838],[12.750,1.4764],[13.000,1.4659],[13.250,1.4545],[13.500,1.4396],[13.750,1.4233],[14.000,1.4061],[14.250,1.3881],[14.500,1.3699],[14.750,1.3497],[15.000,1.3292],[15.250,1.3090],[15.500,1.2912],],[[-7.750,-0.3372],[-7.500,-0.3486],[-7.250,-0.3629],[-7.000,-0.3725],[-6.750,-0.4483],[-6.500,-0.4490],[-6.250,-0.4338],[-6.000,-0.4086],[-5.750,-0.3833],[-5.500,-0.3337],[-5.250,-0.3152],[-5.000,-0.2953],[-4.750,-0.2677],[-4.500,-0.2433],[-4.250,-0.2004],[-4.000,-0.1773],[-3.750,-0.1473],[-3.500,-0.1126],[-3.250,-0.0736],[-3.000,-0.0408],[-2.750,-0.0057],[-2.000,0.1319],[-1.750,0.1823],[-1.500,0.2111],[-1.250,0.2532],[-1.000,0.2855],[-0.750,0.3227],[-0.500,0.3656],[-0.250,0.3941],[0.000,0.4586],[0.250,0.4924],[0.500,0.5286],[0.750,0.5644],[1.000,0.5990],[1.250,0.6303],[1.500,0.6554],[1.750,0.6782],[2.000,0.6991],[2.250,0.7177],[2.500,0.7300],[2.750,0.7432],[3.000,0.7596],[3.250,0.7784],[3.500,0.7985],[3.750,0.8198],[4.000,0.8419],[4.250,0.8642],[4.500,0.8873],[4.750,0.9108],[5.000,0.9341],[5.250,0.9581],[5.500,0.9821],[5.750,1.0061],[6.000,1.0305],[6.250,1.0547],[6.500,1.0786],[6.750,1.1040],[7.000,1.1275],[7.250,1.1515],[7.500,1.1767],[7.750,1.1991],[8.000,1.2230],[8.250,1.2488],[8.500,1.2703],[8.750,1.2928],[9.000,1.3154],[9.250,1.3312],[9.500,1.3502],[9.750,1.3662],[10.000,1.3825],[10.250,1.4007],[10.500,1.4131],[10.750,1.4232],[11.000,1.4348],[11.250,1.4451],[11.500,1.4552],[11.750,1.4649],[12.000,1.4764],[12.250,1.4758],[12.500,1.4658],[12.750,1.4605],[13.000,1.4550],[13.250,1.4506],[13.500,1.4432],[13.750,1.4328],[14.000,1.4196],[14.250,1.4037],[14.500,1.3865],[14.750,1.3691],[15.000,1.3567],[15.250,1.3433],[15.500,1.3300],[15.750,1.3171],],[[-8.750,-0.3863],[-8.500,-0.3968],[-8.250,-0.4101],[-8.000,-0.4095],[-7.750,-0.3847],[-7.500,-0.3732],[-7.250,-0.3544],[-7.000,-0.3311],[-6.750,-0.3111],[-6.500,-0.2849],[-6.250,-0.2415],[-6.000,-0.2245],[-5.750,-0.2014],[-5.500,-0.1726],[-5.250,-0.1402],[-5.000,-0.1185],[-4.750,-0.0822],[-4.500,-0.0511],[-4.250,-0.0233],[-4.000,0.0080],[-2.750,0.1668],[-2.500,0.1990],[-2.250,0.2334],[-2.000,0.2648],[-1.750,0.2950],[-1.500,0.3253],[-1.250,0.3546],[-1.000,0.3826],[-0.750,0.4100],[-0.500,0.4366],[-0.250,0.4629],[0.000,0.4686],[0.250,0.5545],[0.500,0.5819],[0.750,0.6025],[1.000,0.6192],[1.250,0.6318],[1.500,0.6458],[1.750,0.6635],[2.000,0.6830],[2.250,0.7033],[2.500,0.7244],[2.750,0.7459],[3.000,0.7678],[3.250,0.7905],[3.500,0.8133],[3.750,0.8368],[4.000,0.8605],[4.250,0.8841],[4.500,0.9079],[4.750,0.9321],[5.000,0.9550],[5.250,0.9796],[5.500,1.0038],[5.750,1.0267],[6.000,1.0504],[6.250,1.0748],[6.500,1.0982],[6.750,1.1199],[7.000,1.1444],[7.250,1.1681],[7.500,1.1909],[7.750,1.2122],[8.000,1.2367],[8.250,1.2590],[8.500,1.2808],[8.750,1.3032],[9.000,1.3229],[9.250,1.3449],[9.500,1.3655],[9.750,1.3855],[10.000,1.4061],[10.250,1.4254],[10.500,1.4438],[10.750,1.4605],[11.000,1.4662],[11.250,1.4619],[11.500,1.4692],[11.750,1.4789],[12.000,1.4874],[12.250,1.4911],[12.500,1.4913],[12.750,1.4977],[13.000,1.5013],[13.250,1.5029],[13.500,1.5020],[13.750,1.4982],[14.000,1.4895],[14.250,1.4750],[14.500,1.4570],[14.750,1.4505],[15.000,1.4421],[15.250,1.4312],[15.500,1.4178],[15.750,1.4024],[16.000,1.3855],[16.250,1.3680],],[[-10.250,-0.3935],[-10.000,-0.3946],[-9.750,-0.3956],[-9.500,-0.3971],[-9.250,-0.3914],[-9.000,-0.3867],[-8.750,-0.3753],[-8.500,-0.3632],[-8.250,-0.3505],[-8.000,-0.3429],[-7.750,-0.3271],[-7.500,-0.3047],[-7.250,-0.2797],[-7.000,-0.2578],[-6.750,-0.2315],[-6.500,-0.2100],[-6.250,-0.1805],[-6.000,-0.1644],[-5.750,-0.1342],[-5.500,-0.1007],[-5.000,-0.0521],[-4.750,-0.0220],[-4.500,-0.0046],[-4.250,0.0243],[-4.000,0.0521],[-3.750,0.0832],[-3.500,0.1139],[-3.250,0.1431],[-3.000,0.1703],[-2.750,0.1971],[-2.500,0.2228],[-2.250,0.2493],[-2.000,0.2759],[-1.750,0.3030],[-1.500,0.3291],[-1.250,0.3558],[-1.000,0.3824],[-0.750,0.4085],[-0.500,0.4344],[-0.250,0.4595],[0.000,0.4823],[0.250,0.4932],[0.500,0.5031],[0.750,0.5425],[1.000,0.5910],[1.250,0.6301],[1.500,0.6513],[1.750,0.6724],[2.250,0.7151],[2.500,0.7372],[2.750,0.7596],[3.000,0.7824],[3.250,0.8063],[3.500,0.8299],[3.750,0.8546],[4.000,0.8792],[4.250,0.9033],[4.500,0.9288],[4.750,0.9539],[5.000,0.9786],[5.250,1.0031],[5.500,1.0287],[5.750,1.0538],[6.000,1.0784],[6.250,1.1024],[6.500,1.1279],[6.750,1.1528],[7.000,1.1771],[7.250,1.2013],[7.500,1.2261],[7.750,1.2496],[8.000,1.2737],[8.250,1.2975],[8.500,1.3201],[8.750,1.3435],[9.000,1.3653],[9.250,1.3877],[9.500,1.4083],[9.750,1.4272],[10.000,1.4448],[10.250,1.4570],[10.500,1.4557],[10.750,1.4696],[11.000,1.4840],[11.250,1.4992],[11.500,1.5119],[11.750,1.5243],[12.000,1.5382],[12.250,1.5508],[12.500,1.5610],[12.750,1.5642],[13.000,1.5758],[13.250,1.5851],[13.500,1.5930],[13.750,1.5994],[14.000,1.6045],[14.250,1.6067],[14.500,1.6038],[14.750,1.5932],[15.000,1.5848],[15.250,1.5832],[15.500,1.5794],[15.750,1.5728],[16.000,1.5631],[16.250,1.5504],[16.500,1.5330],[16.750,1.5116],[17.000,1.4845],[17.250,1.4531],[17.500,1.4186],],],
{"title":"Cl v Alpha","sortData":false,"legend":{"show":false,"placement":"insideGrid","location":"ne"},"series":[{"showLabel":true,"index":0,"showLine":true,"trendline":{"type":"none","show":false},"color":"#4bb2c5"},{"showLabel":true,"index":0,"showLine":true,"trendline":{"type":"none","show":false},"color":"#EAA228"},{"showLabel":true,"index":0,"showLine":true,"trendline":{"type":"none","show":false},"color":"#839557"},{"showLabel":true,"index":0,"showLine":true,"trendline":{"type":"none","show":false},"color":"#953579"},{"showLabel":true,"index":0,"showLine":true,"trendline":{"type":"none","show":false},"color":"#d8b83f"}],"show":"$.jqplot.config.enablePlugins","axes":{"xaxis":{"max":20,"min":-15,"tickInterval":5,"tickOptions":{"formatString":"%.1f"},"forceTickAt0":true,"rendererOptions":{"forceTickAt0":true}},"yaxis":{"max":2,"min":-0.5,"tickInterval":0.5,"tickOptions":{"formatString":"%.2f"},"forceTickAt0":true,"rendererOptions":{"forceTickAt0":true}}},"seriesDefaults":{"lineWidth":1,"showLabel":true,"markerOptions":{"size":5,"show":false}}});
jqplots.push(p);

var p = $.jqplot('momentaoa',[[[-7.750,-0.0219],[-7.500,-0.0187],[-7.250,-0.0200],[-7.000,-0.0160],[-6.750,-0.0139],[-6.500,-0.0162],[-6.250,-0.0132],[-6.000,-0.0112],[-5.750,-0.0096],[-5.500,-0.0037],[-5.250,-0.0015],[-5.000,-0.0307],[-4.750,-0.0305],[-4.500,-0.0301],[-4.250,-0.0178],[-4.000,-0.0026],[-3.750,0.0095],[-3.500,0.0205],[-3.250,0.0300],[-2.500,-0.0336],[-2.250,-0.0344],[-2.000,-0.0345],[-1.750,-0.0344],[-1.500,-0.0340],[-1.250,-0.0338],[-1.000,-0.0333],[-0.750,-0.0327],[-0.500,-0.0321],[-0.250,-0.0318],[0.000,-0.0316],[0.250,-0.0319],[0.750,-0.0297],[1.000,-0.0291],[1.250,-0.0391],[1.500,-0.0477],[1.750,-0.0539],[2.000,-0.0588],[2.250,-0.0630],[2.500,-0.0666],[2.750,-0.0700],[3.000,-0.0725],[3.250,-0.0736],[3.500,-0.0731],[3.750,-0.0728],[4.000,-0.0727],[4.250,-0.0724],[4.500,-0.0726],[4.750,-0.0721],[5.000,-0.0718],[5.250,-0.0714],[5.500,-0.0710],[5.750,-0.0706],[6.000,-0.0703],[6.250,-0.0690],[6.500,-0.0681],[6.750,-0.0674],[7.000,-0.0657],[7.250,-0.0654],[7.500,-0.0629],[7.750,-0.0622],[8.000,-0.0598],[8.250,-0.0578],[8.500,-0.0569],[8.750,-0.0532],[9.000,-0.0498],[9.250,-0.0467],[9.500,-0.0443],[9.750,-0.0429],],[[-8.250,-0.0289],[-8.000,-0.0284],[-7.750,-0.0307],[-7.500,-0.0327],[-7.250,-0.0338],[-7.000,-0.0283],[-6.750,-0.0249],[-6.500,-0.0234],[-6.250,-0.0228],[-6.000,-0.0231],[-5.750,-0.0278],[-5.500,-0.0294],[-5.250,-0.0268],[-5.000,-0.0254],[-4.750,-0.0292],[-4.500,-0.0272],[-4.250,-0.0292],[-4.000,-0.0279],[-3.750,-0.0289],[-3.500,-0.0293],[-3.250,-0.0293],[-3.000,-0.0296],[-1.750,-0.0378],[-1.500,-0.0411],[-1.250,-0.0437],[-1.000,-0.0469],[-0.750,-0.0517],[-0.500,-0.0565],[-0.250,-0.0596],[0.000,-0.0617],[0.250,-0.0634],[0.500,-0.0667],[0.750,-0.0684],[1.000,-0.0702],[1.250,-0.0720],[1.500,-0.0741],[1.750,-0.0764],[2.000,-0.0787],[2.250,-0.0795],[2.500,-0.0801],[2.750,-0.0783],[3.000,-0.0769],[3.250,-0.0749],[3.500,-0.0733],[3.750,-0.0722],[4.000,-0.0714],[4.250,-0.0708],[4.500,-0.0703],[4.750,-0.0698],[5.000,-0.0694],[5.250,-0.0690],[5.500,-0.0688],[5.750,-0.0682],[6.000,-0.0682],[6.250,-0.0674],[6.500,-0.0673],[6.750,-0.0666],[7.000,-0.0666],[7.250,-0.0656],[7.500,-0.0657],[7.750,-0.0646],[8.000,-0.0640],[8.250,-0.0636],[8.500,-0.0623],[8.750,-0.0620],[9.000,-0.0610],[9.250,-0.0593],[9.500,-0.0586],[9.750,-0.0581],[10.000,-0.0552],[10.250,-0.0558],[10.500,-0.0521],[10.750,-0.0527],[11.000,-0.0488],[11.250,-0.0482],[11.500,-0.0448],[11.750,-0.0431],[12.000,-0.0385],[12.250,-0.0349],[12.500,-0.0294],[12.750,-0.0249],[13.000,-0.0210],[13.250,-0.0179],[13.500,-0.0156],[13.750,-0.0141],[14.000,-0.0132],[14.250,-0.0130],[14.500,-0.0137],[14.750,-0.0153],[15.000,-0.0177],[15.250,-0.0204],[15.500,-0.0231],],[[-7.750,-0.0216],[-7.500,-0.0195],[-7.250,-0.0175],[-7.000,-0.0175],[-6.750,-0.0249],[-6.500,-0.0225],[-6.250,-0.0246],[-6.000,-0.0299],[-5.750,-0.0350],[-5.500,-0.0451],[-5.250,-0.0475],[-5.000,-0.0491],[-4.750,-0.0516],[-4.500,-0.0529],[-4.250,-0.0547],[-4.000,-0.0578],[-3.750,-0.0594],[-3.500,-0.0611],[-3.250,-0.0641],[-3.000,-0.0655],[-2.750,-0.0673],[-2.000,-0.0716],[-1.750,-0.0754],[-1.500,-0.0750],[-1.250,-0.0772],[-1.000,-0.0776],[-0.750,-0.0791],[-0.500,-0.0817],[-0.250,-0.0814],[0.000,-0.0880],[0.250,-0.0887],[0.500,-0.0900],[0.750,-0.0912],[1.000,-0.0921],[1.250,-0.0923],[1.500,-0.0913],[1.750,-0.0899],[2.000,-0.0880],[2.250,-0.0855],[2.500,-0.0820],[2.750,-0.0790],[3.000,-0.0768],[3.250,-0.0750],[3.500,-0.0736],[3.750,-0.0724],[4.000,-0.0713],[4.250,-0.0704],[4.500,-0.0695],[4.750,-0.0688],[5.000,-0.0681],[5.250,-0.0674],[5.500,-0.0669],[5.750,-0.0663],[6.000,-0.0658],[6.250,-0.0653],[6.500,-0.0647],[6.750,-0.0645],[7.000,-0.0638],[7.250,-0.0634],[7.500,-0.0632],[7.750,-0.0623],[8.000,-0.0619],[8.250,-0.0619],[8.500,-0.0609],[8.750,-0.0601],[9.000,-0.0596],[9.250,-0.0576],[9.500,-0.0564],[9.750,-0.0545],[10.000,-0.0527],[10.250,-0.0515],[10.500,-0.0490],[10.750,-0.0461],[11.000,-0.0437],[11.250,-0.0411],[11.500,-0.0387],[11.750,-0.0363],[12.000,-0.0344],[12.250,-0.0314],[12.500,-0.0277],[12.750,-0.0247],[13.000,-0.0222],[13.250,-0.0201],[13.500,-0.0184],[13.750,-0.0170],[14.000,-0.0163],[14.250,-0.0163],[14.500,-0.0170],[14.750,-0.0185],[15.000,-0.0203],[15.250,-0.0224],[15.500,-0.0247],[15.750,-0.0270],],[[-8.750,-0.0246],[-8.500,-0.0248],[-8.250,-0.0240],[-8.000,-0.0289],[-7.750,-0.0413],[-7.500,-0.0447],[-7.250,-0.0478],[-7.000,-0.0534],[-6.750,-0.0583],[-6.500,-0.0644],[-6.250,-0.0741],[-6.000,-0.0761],[-5.750,-0.0785],[-5.500,-0.0812],[-5.250,-0.0841],[-5.000,-0.0839],[-4.750,-0.0849],[-4.500,-0.0874],[-4.250,-0.0881],[-4.000,-0.0886],[-2.750,-0.0896],[-2.500,-0.0904],[-2.250,-0.0914],[-2.000,-0.0919],[-1.750,-0.0923],[-1.500,-0.0927],[-1.250,-0.0928],[-1.000,-0.0926],[-0.750,-0.0924],[-0.500,-0.0919],[-0.250,-0.0914],[0.000,-0.0871],[0.250,-0.0989],[0.500,-0.0988],[0.750,-0.0971],[1.000,-0.0946],[1.250,-0.0913],[1.500,-0.0885],[1.750,-0.0864],[2.000,-0.0847],[2.250,-0.0832],[2.500,-0.0819],[2.750,-0.0806],[3.000,-0.0795],[3.250,-0.0785],[3.500,-0.0775],[3.750,-0.0767],[4.000,-0.0759],[4.250,-0.0752],[4.500,-0.0744],[4.750,-0.0738],[5.000,-0.0729],[5.250,-0.0723],[5.500,-0.0717],[5.750,-0.0709],[6.000,-0.0702],[6.250,-0.0696],[6.500,-0.0689],[6.750,-0.0679],[7.000,-0.0674],[7.250,-0.0668],[7.500,-0.0660],[7.750,-0.0650],[8.000,-0.0645],[8.250,-0.0636],[8.500,-0.0627],[8.750,-0.0619],[9.000,-0.0606],[9.250,-0.0597],[9.500,-0.0586],[9.750,-0.0575],[10.000,-0.0564],[10.250,-0.0552],[10.500,-0.0539],[10.750,-0.0524],[11.000,-0.0494],[11.250,-0.0450],[11.500,-0.0422],[11.750,-0.0399],[12.000,-0.0375],[12.250,-0.0347],[12.500,-0.0318],[12.750,-0.0297],[13.000,-0.0275],[13.250,-0.0255],[13.500,-0.0236],[13.750,-0.0219],[14.000,-0.0204],[14.250,-0.0194],[14.500,-0.0190],[14.750,-0.0193],[15.000,-0.0202],[15.250,-0.0217],[15.500,-0.0239],[15.750,-0.0265],[16.000,-0.0292],[16.250,-0.0320],],[[-10.250,-0.0234],[-10.000,-0.0238],[-9.750,-0.0240],[-9.500,-0.0240],[-9.250,-0.0264],[-9.000,-0.0300],[-8.750,-0.0324],[-8.500,-0.0358],[-8.250,-0.0401],[-8.000,-0.0438],[-7.750,-0.0511],[-7.500,-0.0599],[-7.250,-0.0689],[-7.000,-0.0779],[-6.750,-0.0833],[-6.500,-0.0886],[-6.250,-0.0921],[-6.000,-0.0916],[-5.750,-0.0942],[-5.500,-0.0969],[-5.000,-0.0964],[-4.750,-0.0976],[-4.500,-0.0944],[-4.250,-0.0945],[-4.000,-0.0942],[-3.750,-0.0947],[-3.500,-0.0952],[-3.250,-0.0954],[-3.000,-0.0951],[-2.750,-0.0947],[-2.500,-0.0941],[-2.250,-0.0937],[-2.000,-0.0934],[-1.750,-0.0931],[-1.500,-0.0926],[-1.250,-0.0923],[-1.000,-0.0919],[-0.750,-0.0914],[-0.500,-0.0908],[-0.250,-0.0901],[0.000,-0.0889],[0.250,-0.0863],[0.500,-0.0819],[0.750,-0.0844],[1.000,-0.0892],[1.250,-0.0918],[1.500,-0.0904],[1.750,-0.0891],[2.250,-0.0864],[2.500,-0.0852],[2.750,-0.0841],[3.000,-0.0831],[3.250,-0.0823],[3.500,-0.0814],[3.750,-0.0808],[4.000,-0.0802],[4.250,-0.0795],[4.500,-0.0790],[4.750,-0.0785],[5.000,-0.0780],[5.250,-0.0774],[5.500,-0.0770],[5.750,-0.0766],[6.000,-0.0761],[6.250,-0.0754],[6.500,-0.0751],[6.750,-0.0746],[7.000,-0.0741],[7.250,-0.0735],[7.500,-0.0731],[7.750,-0.0724],[8.000,-0.0719],[8.250,-0.0713],[8.500,-0.0705],[8.750,-0.0699],[9.000,-0.0690],[9.250,-0.0682],[9.500,-0.0671],[9.750,-0.0657],[10.000,-0.0641],[10.250,-0.0617],[10.500,-0.0571],[10.750,-0.0550],[11.000,-0.0530],[11.250,-0.0512],[11.500,-0.0490],[11.750,-0.0469],[12.000,-0.0451],[12.250,-0.0431],[12.500,-0.0409],[12.750,-0.0379],[13.000,-0.0362],[13.250,-0.0342],[13.500,-0.0322],[13.750,-0.0303],[14.000,-0.0284],[14.250,-0.0265],[14.500,-0.0245],[14.750,-0.0225],[15.000,-0.0212],[15.250,-0.0204],[15.500,-0.0200],[15.750,-0.0200],[16.000,-0.0206],[16.250,-0.0218],[16.500,-0.0240],[16.750,-0.0269],[17.000,-0.0306],[17.250,-0.0344],[17.500,-0.0384],],],
{"title":"Cm v Alpha","sortData":false,"legend":{"show":false,"placement":"insideGrid","location":"ne"},"series":[{"showLabel":true,"index":0,"showLine":true,"trendline":{"type":"none","show":false},"color":"#4bb2c5"},{"showLabel":true,"index":0,"showLine":true,"trendline":{"type":"none","show":false},"color":"#EAA228"},{"showLabel":true,"index":0,"showLine":true,"trendline":{"type":"none","show":false},"color":"#839557"},{"showLabel":true,"index":0,"showLine":true,"trendline":{"type":"none","show":false},"color":"#953579"},{"showLabel":true,"index":0,"showLine":true,"trendline":{"type":"none","show":false},"color":"#d8b83f"}],"show":"$.jqplot.config.enablePlugins","axes":{"xaxis":{"max":20,"min":-15,"tickInterval":5,"tickOptions":{"formatString":"%.1f"},"forceTickAt0":true,"rendererOptions":{"forceTickAt0":true}},"yaxis":{"max":0.04,"min":-0.1,"tickInterval":0.02,"tickOptions":{"formatString":"%.2f"},"forceTickAt0":true,"rendererOptions":{"forceTickAt0":true}}},"seriesDefaults":{"lineWidth":1,"showLabel":true,"markerOptions":{"size":5,"show":false}}});
jqplots.push(p);

var p = $.jqplot('dragaoa',[[[-7.750,0.10541],[-7.500,0.10044],[-7.250,0.09990],[-7.000,0.09568],[-6.750,0.09261],[-6.500,0.09171],[-6.250,0.08856],[-6.000,0.08591],[-5.750,0.08326],[-5.500,0.07999],[-5.250,0.07774],[-5.000,0.05195],[-4.750,0.05010],[-4.500,0.04832],[-4.250,0.04958],[-4.000,0.05170],[-3.750,0.05259],[-3.500,0.05329],[-3.250,0.05338],[-2.500,0.04034],[-2.250,0.03829],[-2.000,0.03641],[-1.750,0.03457],[-1.500,0.03360],[-1.250,0.03240],[-1.000,0.03156],[-0.750,0.03079],[-0.500,0.03032],[-0.250,0.02993],[0.000,0.02971],[0.250,0.02946],[0.750,0.02729],[1.000,0.02817],[1.250,0.02973],[1.500,0.03057],[1.750,0.03082],[2.000,0.03064],[2.250,0.03003],[2.500,0.02892],[2.750,0.02720],[3.000,0.02529],[3.250,0.02366],[3.500,0.02288],[3.750,0.02292],[4.000,0.02350],[4.250,0.02438],[4.500,0.02533],[4.750,0.02638],[5.000,0.02747],[5.250,0.02861],[5.500,0.02980],[5.750,0.03104],[6.000,0.03231],[6.250,0.03372],[6.500,0.03519],[6.750,0.03664],[7.000,0.03843],[7.250,0.03986],[7.500,0.04208],[7.750,0.04382],[8.000,0.04632],[8.250,0.04869],[8.500,0.05077],[8.750,0.05474],[9.000,0.05901],[9.250,0.06367],[9.500,0.06817],[9.750,0.07196],],[[-8.250,0.10260],[-8.000,0.10113],[-7.750,0.09900],[-7.500,0.09688],[-7.250,0.09481],[-7.000,0.08834],[-6.750,0.08546],[-6.500,0.08282],[-6.250,0.08009],[-6.000,0.07718],[-5.750,0.07465],[-5.500,0.07068],[-5.250,0.06685],[-5.000,0.06422],[-4.750,0.06166],[-4.500,0.05792],[-4.250,0.05571],[-4.000,0.05236],[-3.750,0.04973],[-3.500,0.04736],[-3.250,0.04505],[-3.000,0.04322],[-1.750,0.03184],[-1.500,0.02989],[-1.250,0.02833],[-1.000,0.02714],[-0.750,0.02619],[-0.500,0.02475],[-0.250,0.02372],[0.000,0.02288],[0.250,0.02005],[0.500,0.01973],[0.750,0.01938],[1.000,0.01890],[1.250,0.01828],[1.500,0.01750],[1.750,0.01665],[2.000,0.01580],[2.250,0.01521],[2.500,0.01473],[2.750,0.01453],[3.000,0.01461],[3.250,0.01534],[3.500,0.01622],[3.750,0.01706],[4.000,0.01778],[4.250,0.01850],[4.500,0.01918],[4.750,0.01981],[5.000,0.02044],[5.250,0.02111],[5.500,0.02178],[5.750,0.02242],[6.000,0.02319],[6.250,0.02383],[6.500,0.02465],[6.750,0.02538],[7.000,0.02628],[7.250,0.02705],[7.500,0.02798],[7.750,0.02897],[8.000,0.02989],[8.250,0.03105],[8.500,0.03210],[8.750,0.03317],[9.000,0.03466],[9.250,0.03611],[9.500,0.03735],[9.750,0.03880],[10.000,0.04016],[10.250,0.04012],[10.500,0.04114],[10.750,0.04089],[11.000,0.04211],[11.250,0.04146],[11.500,0.04236],[11.750,0.04129],[12.000,0.04171],[12.250,0.04061],[12.500,0.04129],[12.750,0.04138],[13.000,0.04208],[13.250,0.04376],[13.500,0.04662],[13.750,0.05042],[14.000,0.05474],[14.250,0.05954],[14.500,0.06482],[14.750,0.07082],[15.000,0.07737],[15.250,0.08419],[15.500,0.09095],],[[-7.750,0.08516],[-7.500,0.08314],[-7.250,0.08119],[-7.000,0.07829],[-6.750,0.08152],[-6.500,0.07909],[-6.250,0.07549],[-6.000,0.07102],[-5.750,0.06649],[-5.500,0.06208],[-5.250,0.05636],[-5.000,0.05210],[-4.750,0.04902],[-4.500,0.04624],[-4.250,0.04644],[-4.000,0.03952],[-3.750,0.03743],[-3.500,0.03470],[-3.250,0.03232],[-3.000,0.03018],[-2.750,0.02833],[-2.000,0.02136],[-1.750,0.01899],[-1.500,0.01793],[-1.250,0.01675],[-1.000,0.01609],[-0.750,0.01489],[-0.500,0.01398],[-0.250,0.01337],[0.000,0.01063],[0.250,0.01036],[0.500,0.01011],[0.750,0.00991],[1.000,0.00978],[1.250,0.00974],[1.500,0.00978],[1.750,0.00985],[2.000,0.00995],[2.250,0.01023],[2.500,0.01088],[2.750,0.01159],[3.000,0.01222],[3.250,0.01276],[3.500,0.01326],[3.750,0.01370],[4.000,0.01412],[4.250,0.01456],[4.500,0.01495],[4.750,0.01534],[5.000,0.01584],[5.250,0.01618],[5.500,0.01671],[5.750,0.01706],[6.000,0.01756],[6.250,0.01801],[6.500,0.01844],[6.750,0.01907],[7.000,0.01947],[7.250,0.01997],[7.500,0.02064],[7.750,0.02106],[8.000,0.02160],[8.250,0.02240],[8.500,0.02289],[8.750,0.02340],[9.000,0.02405],[9.250,0.02426],[9.500,0.02460],[9.750,0.02497],[10.000,0.02526],[10.250,0.02578],[10.500,0.02606],[10.750,0.02625],[11.000,0.02666],[11.250,0.02694],[11.500,0.02733],[11.750,0.02767],[12.000,0.02823],[12.250,0.03011],[12.500,0.03291],[12.750,0.03535],[13.000,0.03788],[13.250,0.04043],[13.500,0.04340],[13.750,0.04686],[14.000,0.05088],[14.250,0.05555],[14.500,0.06082],[14.750,0.06657],[15.000,0.07201],[15.250,0.07785],[15.500,0.08381],[15.750,0.08970],],[[-8.750,0.09972],[-8.500,0.09693],[-8.250,0.09450],[-8.000,0.09021],[-7.750,0.08276],[-7.500,0.07754],[-7.250,0.07396],[-7.000,0.06969],[-6.750,0.06533],[-6.500,0.06041],[-6.250,0.05275],[-6.000,0.04696],[-5.750,0.04366],[-5.500,0.04083],[-5.250,0.03782],[-5.000,0.03506],[-4.750,0.03040],[-4.500,0.02744],[-4.250,0.02573],[-4.000,0.02392],[-2.750,0.01267],[-2.500,0.01202],[-2.250,0.01119],[-2.000,0.01064],[-1.750,0.00993],[-1.500,0.00959],[-1.250,0.00933],[-1.000,0.00901],[-0.750,0.00886],[-0.500,0.00871],[-0.250,0.00857],[0.000,0.00628],[0.250,0.00647],[0.500,0.00654],[0.750,0.00666],[1.000,0.00693],[1.250,0.00744],[1.500,0.00797],[1.750,0.00837],[2.000,0.00871],[2.250,0.00901],[2.500,0.00930],[2.750,0.00959],[3.000,0.00988],[3.250,0.01015],[3.500,0.01043],[3.750,0.01067],[4.000,0.01091],[4.250,0.01116],[4.500,0.01141],[4.750,0.01163],[5.000,0.01195],[5.250,0.01215],[5.500,0.01237],[5.750,0.01269],[6.000,0.01297],[6.250,0.01317],[6.500,0.01344],[6.750,0.01387],[7.000,0.01405],[7.250,0.01428],[7.500,0.01458],[7.750,0.01501],[8.000,0.01510],[8.250,0.01535],[8.500,0.01565],[8.750,0.01584],[9.000,0.01619],[9.250,0.01643],[9.500,0.01673],[9.750,0.01708],[10.000,0.01740],[10.250,0.01779],[10.500,0.01827],[10.750,0.01888],[11.000,0.02035],[11.250,0.02255],[11.500,0.02385],[11.750,0.02493],[12.000,0.02609],[12.250,0.02761],[12.500,0.02940],[12.750,0.03077],[13.000,0.03240],[13.250,0.03426],[13.500,0.03643],[13.750,0.03899],[14.000,0.04220],[14.250,0.04624],[14.500,0.05108],[14.750,0.05494],[15.000,0.05936],[15.250,0.06449],[15.500,0.07034],[15.750,0.07674],[16.000,0.08354],[16.250,0.09040],],[[-10.250,0.11517],[-10.000,0.11196],[-9.750,0.10887],[-9.500,0.10579],[-9.250,0.10181],[-9.000,0.09644],[-8.750,0.09293],[-8.500,0.08931],[-8.250,0.08548],[-8.000,0.08174],[-7.750,0.07691],[-7.500,0.07147],[-7.250,0.06566],[-7.000,0.05711],[-6.750,0.05132],[-6.500,0.04448],[-6.250,0.04151],[-6.000,0.03913],[-5.750,0.03620],[-5.500,0.03259],[-5.000,0.02231],[-4.750,0.02114],[-4.500,0.01307],[-4.250,0.01216],[-4.000,0.01124],[-3.750,0.01051],[-3.500,0.00944],[-3.250,0.00917],[-3.000,0.00893],[-2.750,0.00877],[-2.500,0.00836],[-2.250,0.00820],[-2.000,0.00808],[-1.750,0.00796],[-1.500,0.00771],[-1.250,0.00764],[-1.000,0.00758],[-0.750,0.00744],[-0.500,0.00743],[-0.250,0.00740],[0.000,0.00750],[0.250,0.00603],[0.500,0.00600],[0.750,0.00652],[1.000,0.00690],[1.250,0.00717],[1.500,0.00735],[1.750,0.00756],[2.250,0.00798],[2.500,0.00817],[2.750,0.00836],[3.000,0.00855],[3.250,0.00869],[3.500,0.00888],[3.750,0.00902],[4.000,0.00918],[4.250,0.00939],[4.500,0.00951],[4.750,0.00966],[5.000,0.00985],[5.250,0.01007],[5.500,0.01019],[5.750,0.01035],[6.000,0.01056],[6.250,0.01080],[6.500,0.01094],[6.750,0.01111],[7.000,0.01132],[7.250,0.01154],[7.500,0.01170],[7.750,0.01196],[8.000,0.01217],[8.250,0.01239],[8.500,0.01269],[8.750,0.01291],[9.000,0.01326],[9.250,0.01353],[9.500,0.01391],[9.750,0.01436],[10.000,0.01489],[10.250,0.01581],[10.500,0.01776],[10.750,0.01854],[11.000,0.01928],[11.250,0.01993],[11.500,0.02075],[11.750,0.02158],[12.000,0.02228],[12.250,0.02308],[12.500,0.02403],[12.750,0.02550],[13.000,0.02638],[13.250,0.02743],[13.500,0.02862],[13.750,0.02996],[14.000,0.03144],[14.250,0.03324],[14.500,0.03556],[14.750,0.03876],[15.000,0.04196],[15.250,0.04464],[15.500,0.04775],[15.750,0.05141],[16.000,0.05574],[16.250,0.06086],[16.500,0.06715],[16.750,0.07448],[17.000,0.08310],[17.250,0.09240],[17.500,0.10217],],],
{"title":"Cd v Alpha","sortData":false,"legend":{"show":false,"placement":"insideGrid","location":"ne"},"series":[{"showLabel":true,"index":0,"showLine":true,"trendline":{"type":"none","show":false},"color":"#4bb2c5"},{"showLabel":true,"index":0,"showLine":true,"trendline":{"type":"none","show":false},"color":"#EAA228"},{"showLabel":true,"index":0,"showLine":true,"trendline":{"type":"none","show":false},"color":"#839557"},{"showLabel":true,"index":0,"showLine":true,"trendline":{"type":"none","show":false},"color":"#953579"},{"showLabel":true,"index":0,"showLine":true,"trendline":{"type":"none","show":false},"color":"#d8b83f"}],"show":"$.jqplot.config.enablePlugins","axes":{"xaxis":{"max":20,"min":-15,"tickInterval":5,"tickOptions":{"formatString":"%.1f"},"forceTickAt0":true,"rendererOptions":{"forceTickAt0":true}},"yaxis":{"max":0.12,"min":0,"tickInterval":0.02,"tickOptions":{"formatString":"%.2f"},"forceTickAt0":true,"rendererOptions":{"forceTickAt0":true}}},"seriesDefaults":{"lineWidth":1,"showLabel":true,"markerOptions":{"size":5,"show":false}}});
jqplots.push(p);

var p = $.jqplot('effaoa',[[[-7.750,-4.0034152357461],[-7.500,-3.9834727200319],[-7.250,-4.3023023023023],[-7.000,-4.3352842809365],[-6.750,-4.4779181513875],[-6.500,-4.7933704067168],[-6.250,-4.926603432701],[-6.000,-5.1041787917588],[-5.750,-5.3098726879654],[-5.500,-5.399424928116],[-5.250,-5.6367378440957],[-5.000,0.57362848893167],[-4.750,0.71457085828343],[-4.500,0.85885761589404],[-4.250,-0.040338846308996],[-4.000,-1.2166344294004],[-3.750,-2.2380680737783],[-3.500,-3.2219928692062],[-3.250,-4.1757212439116],[-2.500,-4.8264749628161],[-2.250,-4.1394620005223],[-2.000,-3.5017852238396],[-1.750,-2.8637547006075],[-1.500,-2.0922619047619],[-1.250,-1.3549382716049],[-1.000,-0.55766793409379],[-0.750,0.25008119519324],[-0.500,1.0949868073879],[-0.250,1.9946541931173],[0.000,2.8677213059576],[0.250,3.7949762389681],[0.750,5.6284353242946],[1.000,6.1270855520057],[1.250,8.3249243188698],[1.500,10.431795878312],[1.750,12.323166774822],[2.000,14.288511749347],[2.250,16.503496503497],[2.500,19.187413554633],[2.750,22.724264705882],[3.000,26.884143930407],[3.250,30.976331360947],[3.500,33.767482517483],[3.750,35.235602094241],[4.000,35.740425531915],[4.250,35.631665299426],[4.500,35.479668377418],[4.750,35.015163002274],[5.000,34.57590098289],[5.250,34.082488640336],[5.500,33.543624161074],[5.750,33.002577319588],[6.000,32.491488703188],[6.250,31.678529062871],[6.500,30.951974992896],[6.750,30.34115720524],[7.000,29.300026021337],[7.250,28.886101354742],[7.500,27.5213878327],[7.750,26.905522592424],[8.000,25.593696027634],[8.250,24.516327788047],[8.500,23.888122907229],[8.750,21.903544026306],[9.000,20.061006609049],[9.250,18.295900738181],[9.500,16.881326096523],[9.750,16.000555864369],],[[-8.250,-3.7953216374269],[-8.000,-4.0255117175912],[-7.750,-4.240404040404],[-7.500,-4.4395127993394],[-7.250,-4.6166016243012],[-7.000,-4.863029205343],[-6.750,-5],[-6.500,-5.1678338565564],[-6.250,-5.3514795854664],[-6.000,-5.5415910857735],[-5.750,-5.6356329537843],[-5.500,-5.8715336728919],[-5.250,-6.1286462228871],[-5.000,-6.2535035814388],[-4.750,-6.2017515407071],[-4.500,-6.4709944751381],[-4.250,-6.3651050080775],[-4.000,-6.5431627196333],[-3.750,-6.4930625377036],[-3.500,-6.4146959459459],[-3.250,-6.3351831298557],[-3.000,-6.1545580749653],[-1.750,-2.2832914572864],[-1.500,-0.68919371027099],[-1.250,0.8224496999647],[-1.000,2.6344878408253],[-0.750,4.8988163421153],[-0.500,7.5111111111111],[-0.250,9.8355817875211],[0.000,11.971153846154],[0.250,15.890274314214],[0.500,18.616320324379],[0.750,21.016511867905],[1.000,23.730158730159],[1.250,26.859956236324],[1.500,30.611428571429],[1.750,34.984984984985],[2.000,39.860759493671],[2.250,43.957922419461],[2.500,47.942973523422],[2.750,50.316586373021],[3.000,51.902806297057],[3.250,50.788787483703],[3.500,49.272503082614],[3.750,48.153575615475],[4.000,47.514060742407],[4.250,46.989189189189],[4.500,46.616266944734],[4.750,46.380615850581],[5.000,46.164383561644],[5.250,45.897678825201],[5.500,45.670339761249],[5.750,45.437109723461],[6.000,45.071151358344],[6.250,44.834242551406],[6.500,44.397565922921],[6.750,44.03073286052],[7.000,43.53500761035],[7.250,43.079482439926],[7.500,42.605432451751],[7.750,41.853641698309],[8.000,41.341585814654],[8.250,40.56038647343],[8.500,39.816199376947],[8.750,39.258365993368],[9.000,38.139065204847],[9.250,37.042370534478],[9.500,36.382864792503],[9.750,35.595360824742],[10.000,34.56922310757],[10.250,35.358923230309],[10.500,34.540593096743],[10.750,35.487894350697],[11.000,34.466872476846],[11.250,35.569223347805],[11.500,34.900849858357],[11.750,36.219423589247],[12.000,35.746823303764],[12.250,36.843142083231],[12.500,35.936062000484],[12.750,35.679072015466],[13.000,34.83602661597],[13.250,33.238117001828],[13.500,30.879450879451],[13.750,28.228877429591],[14.000,25.686883449032],[14.250,23.313738663084],[14.500,21.133909287257],[14.750,19.058175656594],[15.000,17.179785446556],[15.250,15.548164865186],[15.500,14.196811434854],],[[-7.750,-3.9596054485674],[-7.500,-4.1929275920135],[-7.250,-4.4697622859958],[-7.000,-4.7579512070507],[-6.750,-5.4992639842983],[-6.500,-5.6770767480086],[-6.250,-5.7464564843026],[-6.000,-5.7533089270628],[-5.750,-5.7647766581441],[-5.500,-5.3753221649485],[-5.250,-5.5926188786373],[-5.000,-5.6679462571977],[-4.750,-5.4610363117095],[-4.500,-5.261678200692],[-4.250,-4.3152454780362],[-4.000,-4.4863360323887],[-3.750,-3.9353459791611],[-3.500,-3.2449567723343],[-3.250,-2.2772277227723],[-3.000,-1.351888667992],[-2.750,-0.20120014119308],[-2.000,6.1750936329588],[-1.750,9.5997893628225],[-1.500,11.773563859453],[-1.250,15.116417910448],[-1.000,17.743940335612],[-0.750,21.672263263936],[-0.500,26.151645207439],[-0.250,29.476439790576],[0.000,43.142050799624],[0.250,47.528957528958],[0.500,52.284866468843],[0.750,56.952573158426],[1.000,61.247443762781],[1.250,64.712525667351],[1.500,67.014314928425],[1.750,68.852791878173],[2.000,70.261306532663],[2.250,70.156402737048],[2.500,67.095588235294],[2.750,64.124245038827],[3.000,62.160392798691],[3.250,61.003134796238],[3.500,60.218702865762],[3.750,59.839416058394],[4.000,59.624645892351],[4.250,59.354395604396],[4.500,59.351170568562],[4.750,59.374185136897],[5.000,58.97095959596],[5.250,59.215080346106],[5.500,58.773189706762],[5.750,58.974208675264],[6.000,58.684510250569],[6.250,58.561910049972],[6.500,58.492407809111],[6.750,57.891976927111],[7.000,57.909604519774],[7.250,57.661492238358],[7.500,57.010658914729],[7.750,56.937321937322],[8.000,56.62037037037],[8.250,55.75],[8.500,55.495849716033],[8.750,55.247863247863],[9.000,54.694386694387],[9.250,54.872217642209],[9.500,54.886178861789],[9.750,54.713656387665],[10.000,54.730799683294],[10.250,54.33281613654],[10.500,54.224865694551],[10.750,54.217142857143],[11.000,53.818454613653],[11.250,53.641425389755],[11.500,53.245517746067],[11.750,52.941814239248],[12.000,52.298972724052],[12.250,49.013616738625],[12.500,44.539653600729],[12.750,41.315417256011],[13.000,38.410770855333],[13.250,35.879297551323],[13.500,33.253456221198],[13.750,30.576184379001],[14.000,27.900943396226],[14.250,25.269126912691],[14.500,22.796777375863],[14.750,20.56632116569],[15.000,18.840438827941],[15.250,17.254977520873],[15.500,15.86922801575],[15.750,14.683389074693],],[[-8.750,-3.8738467709587],[-8.500,-4.0936758485505],[-8.250,-4.3396825396825],[-8.000,-4.5394080478883],[-7.750,-4.648380860319],[-7.500,-4.8129997420686],[-7.250,-4.7917793401839],[-7.000,-4.7510403214234],[-6.750,-4.761977651921],[-6.500,-4.7161066048667],[-6.250,-4.5781990521327],[-6.000,-4.78066439523],[-5.750,-4.6129180027485],[-5.500,-4.2272838599069],[-5.250,-3.707033315706],[-5.000,-3.3799201369082],[-4.750,-2.7039473684211],[-4.500,-1.8622448979592],[-4.250,-0.90555771472989],[-4.000,0.33444816053512],[-2.750,13.164956590371],[-2.500,16.555740432612],[-2.250,20.857908847185],[-2.000,24.887218045113],[-1.750,29.707955689829],[-1.500,33.920750782065],[-1.250,38.006430868167],[-1.000,42.463928967814],[-0.750,46.27539503386],[-0.500,50.126291618829],[-0.250,54.014002333722],[0.000,74.617834394904],[0.250,85.703245749614],[0.500,88.975535168196],[0.750,90.465465465465],[1.000,89.350649350649],[1.250,84.91935483871],[1.500,81.028858218319],[1.750,79.271206690562],[2.000,78.41561423651],[2.250,78.057713651498],[2.500,77.89247311828],[2.750,77.778936392075],[3.000,77.712550607287],[3.250,77.881773399015],[3.500,77.9769894535],[3.750,78.425492033739],[4.000,78.872593950504],[4.250,79.220430107527],[4.500,79.570552147239],[4.750,80.146173688736],[5.000,79.916317991632],[5.250,80.625514403292],[5.500,81.147938561035],[5.750,80.90622537431],[6.000,80.986892829607],[6.250,81.609719058466],[6.500,81.71130952381],[6.750,80.742609949531],[7.000,81.451957295374],[7.250,81.799719887955],[7.500,81.680384087792],[7.750,80.759493670886],[8.000,81.900662251656],[8.250,82.019543973941],[8.500,81.840255591054],[8.750,82.272727272727],[9.000,81.71093267449],[9.250,81.856360316494],[9.500,81.619844590556],[9.750,81.118266978923],[10.000,80.810344827586],[10.250,80.123664980326],[10.500,79.025725232622],[10.750,77.356991525424],[11.000,72.04914004914],[11.250,64.829268292683],[11.500,61.601677148847],[11.750,59.322101885279],[12.000,57.010348792641],[12.250,54.005795001811],[12.500,50.724489795918],[12.750,48.674033149171],[13.000,46.336419753086],[13.250,43.867483946293],[13.500,41.229755695855],[13.750,38.425237240318],[14.000,35.296208530806],[14.250,31.898788927336],[14.500,28.523884103367],[14.750,26.401528940663],[15.000,24.294137466307],[15.250,22.192587998139],[15.500,20.156383281206],[15.750,18.274693771175],[16.000,16.584869523582],[16.250,15.132743362832],],[[-10.250,-3.4166883737084],[-10.000,-3.5244730260807],[-9.750,-3.6336915587398],[-9.500,-3.7536629170999],[-9.250,-3.8444160691484],[-9.000,-4.009746992949],[-8.750,-4.038523619929],[-8.500,-4.0667338483932],[-8.250,-4.1003743565746],[-8.000,-4.1950085637387],[-7.750,-4.2530230139124],[-7.500,-4.2633272701833],[-7.250,-4.259823332318],[-7.000,-4.5140956049729],[-6.750,-4.5109119251754],[-6.500,-4.7212230215827],[-6.250,-4.3483497952301],[-6.000,-4.2013800153335],[-5.750,-3.707182320442],[-5.500,-3.0899048787972],[-5.000,-2.3352756611385],[-4.750,-1.0406811731315],[-4.500,-0.35195103289977],[-4.250,1.9983552631579],[-4.000,4.635231316726],[-3.750,7.9162702188392],[-3.500,12.065677966102],[-3.250,15.605234460196],[-3.000,19.070548712206],[-2.750,22.474344355758],[-2.500,26.650717703349],[-2.250,30.40243902439],[-2.000,34.14603960396],[-1.750,38.065326633166],[-1.500,42.684824902724],[-1.250,46.570680628272],[-1.000,50.448548812665],[-0.750,54.905913978495],[-0.500,58.465679676985],[-0.250,62.094594594595],[0.000,64.306666666667],[0.250,81.791044776119],[0.500,83.85],[0.750,83.205521472393],[1.000,85.652173913043],[1.250,87.880055788006],[1.500,88.612244897959],[1.750,88.941798941799],[2.250,89.611528822055],[2.500,90.232558139535],[2.750,90.861244019139],[3.000,91.508771929825],[3.250,92.784810126582],[3.500,93.457207207207],[3.750,94.745011086475],[4.000,95.773420479303],[4.250,96.198083067093],[4.500,97.665615141956],[4.750,98.747412008282],[5.000,99.350253807107],[5.250,99.61271102284],[5.500,100.95191364082],[5.750,101.81642512077],[6.000,102.12121212121],[6.250,102.07407407407],[6.500,103.0987202925],[6.750,103.76237623762],[7.000,103.98409893993],[7.250,104.09878682842],[7.500,104.79487179487],[7.750,104.48160535117],[8.000,104.65899753492],[8.250,104.7215496368],[8.500,104.0267927502],[8.750,104.06661502711],[9.000,102.96380090498],[9.250,102.56467110126],[9.500,101.24370956147],[9.750,99.387186629526],[10.000,97.031564808596],[10.250,92.156862745098],[10.500,81.96509009009],[10.750,79.266450916936],[11.000,76.970954356846],[11.250,75.223281485198],[11.500,72.86265060241],[11.750,70.63484708063],[12.000,69.039497307002],[12.250,67.192374350087],[12.500,64.960466084062],[12.750,61.341176470588],[13.000,59.734647460197],[13.250,57.787094422166],[13.500,55.660377358491],[13.750,53.384512683578],[14.000,51.033715012723],[14.250,48.336341756919],[14.500,45.101237345332],[14.750,41.104231166151],[15.000,37.769304099142],[15.250,35.465949820789],[15.500,33.076439790576],[15.750,30.593269791869],[16.000,28.042698241837],[16.250,25.474860335196],[16.500,22.82948622487],[16.750,20.295381310419],[17.000,17.864019253911],[17.250,15.72619047619],[17.500,13.884701967309],],],
{"title":"Cl\/Cd v Alpha","sortData":false,"legend":{"show":false,"placement":"insideGrid","location":"ne"},"series":[{"showLabel":true,"index":0,"showLine":true,"trendline":{"type":"none","show":false},"color":"#4bb2c5"},{"showLabel":true,"index":0,"showLine":true,"trendline":{"type":"none","show":false},"color":"#EAA228"},{"showLabel":true,"index":0,"showLine":true,"trendline":{"type":"none","show":false},"color":"#839557"},{"showLabel":true,"index":0,"showLine":true,"trendline":{"type":"none","show":false},"color":"#953579"},{"showLabel":true,"index":0,"showLine":true,"trendline":{"type":"none","show":false},"color":"#d8b83f"}],"show":"$.jqplot.config.enablePlugins","axes":{"xaxis":{"max":20,"min":-15,"tickInterval":5,"tickOptions":{"formatString":"%.1f"},"forceTickAt0":true,"rendererOptions":{"forceTickAt0":true}},"yaxis":{"max":120,"min":-20,"tickInterval":20,"tickOptions":{"formatString":"%d"},"forceTickAt0":true,"rendererOptions":{"forceTickAt0":true}}},"seriesDefaults":{"lineWidth":1,"showLabel":true,"markerOptions":{"size":5,"show":false}}});
jqplots.push(p);

});
/*]]>*/
</script>
</body>
</html>