<!DOCTYPE html>
<html lang="en">
<head>
<link rel="stylesheet" type="text/css" href="/assets/62ff72f1/jquery.jqplot.min.css" media="screen, projection, print" />
<style type="text/css">
/*<![CDATA[*/
.jqplot-title {font-size:1.8em;padding:3px;}.jqplot-xaxis {font-size:0.8em;padding-top:3px;}.jqplot-yaxis {font-size:0.8em;padding-right:3px;}
/*]]>*/
</style>
<!--[if lt IE 9]><script type="text/javascript" src="/assets/62ff72f1/excanvas.min.js"></script></script><![endif]-->
<script type="text/javascript" src="/assets/780cfc96/jquery.min.js"></script>
<script type="text/javascript" src="/assets/62ff72f1/jquery.min.js"></script>
<script type="text/javascript" src="/assets/62ff72f1/jquery.jqplot.min.js"></script>
<script type="text/javascript">
/*<![CDATA[*/
var jqplots = [];

/*]]>*/
</script>
<title>Airfoil polar plot</title>
<meta http-equiv="Content-Language" content="en-gb"/>
<meta http-equiv="Content-Type" content="text/html; charset=windows-1252"/>
<meta content="none" name="robots" />
<meta name="copyright" content="Copyright 2010-2013. All Rights Reserved" />
</head>
<body>

<table style="width:800px;">
<tr><td>
<div id="liftdrag" style="height:400px;width:398px;margin:auto;display:inline-block;"></div>
</td><td>
<div id="liftaoa" style="height:400px;width:398px;margin:auto;display:inline-block;"></div>
</td></tr>
<tr><td>
<div id="effaoa" style="height:400px;width:398px;margin:auto;display:inline-block;"></div>
</td><td>
<div id="dragaoa" style="height:400px;width:398px;margin:auto;display:inline-block;"></div>
</td></tr>
<tr><td>
<div id="momentaoa" style="height:400px;width:398px;margin:auto;display:inline-block;"></div>
</td><td>
</td></tr>

</table>
<script type="text/javascript">
/*<![CDATA[*/
jQuery(window).load(function() {
var p = $.jqplot('liftdrag',[[[0.11614,-0.3873],[0.11601,-0.3991],[0.11659,-0.4076],[0.10977,-0.3954],[0.10707,-0.3927],[0.10597,-0.3936],[0.10312,-0.3894],[0.09913,-0.3840],[0.09761,-0.3729],[0.09350,-0.3680],[0.09043,-0.3590],[0.08710,-0.3436],[0.08406,-0.3197],[0.08070,-0.3120],[0.07725,-0.2979],[0.07381,-0.2760],[0.07011,-0.2369],[0.06670,-0.2178],[0.06358,-0.1936],[0.06028,-0.1614],[0.05766,-0.1491],[0.04094,0.1691],[0.03745,0.2331],[0.03569,0.2779],[0.03456,0.3184],[0.03352,0.3589],[0.03272,0.3948],[0.03160,0.4338],[0.03114,0.4660],[0.03007,0.4786],[0.03083,0.5047],[0.03164,0.5272],[0.03249,0.5487],[0.03341,0.5695],[0.03440,0.5897],[0.03545,0.6092],[0.03659,0.6279],[0.03780,0.6461],[0.03911,0.6636],[0.04053,0.6804],[0.04205,0.6964],[0.04371,0.7117],[0.04588,0.7635],[0.04732,0.8245],[0.04827,0.8696],[0.04890,0.9134],[0.04899,0.9613],[0.04823,1.0148],[0.04677,1.0689],[0.04531,1.1174],[0.04313,1.1692],[0.03756,1.2408],[0.03057,1.3143],[0.02913,1.3434],[0.03140,1.3358],[0.03580,1.3191],[0.04075,1.3450],[0.04412,1.3944],[0.04925,1.4613],[0.05389,1.4978],[0.05848,1.5238],[0.06393,1.5395],[0.06851,1.5471],[0.07423,1.5569],[0.07733,1.5401],[0.08239,1.5205],[0.08734,1.5014],[0.09195,1.4787],[0.09675,1.4574],[0.10206,1.4389],[0.10849,1.4397],[0.11355,1.4000],[0.12037,1.3600],[0.13301,1.3001],[0.14286,1.2843],[0.14865,1.2914],],[[0.10947,-0.3957],[0.10758,-0.4001],[0.10561,-0.4024],[0.10337,-0.4024],[0.10115,-0.4006],[0.09934,-0.3914],[0.09656,-0.3606],[0.09180,-0.3728],[0.08880,-0.3712],[0.08596,-0.3602],[0.08101,-0.3106],[0.07827,-0.3164],[0.07306,-0.2453],[0.07003,-0.2504],[0.06525,-0.1889],[0.06256,-0.1879],[0.05820,-0.0892],[0.05454,-0.0889],[0.05164,-0.0264],[0.04814,-0.0064],[0.03859,0.1378],[0.03781,0.1572],[0.02968,0.2840],[0.02913,0.3173],[0.02845,0.3531],[0.02831,0.3827],[0.02836,0.4114],[0.02808,0.4479],[0.02828,0.4771],[0.02872,0.5021],[0.02830,0.5395],[0.02880,0.5782],[0.02956,0.6190],[0.03021,0.6584],[0.03074,0.6982],[0.03114,0.7385],[0.03137,0.7805],[0.03136,0.8256],[0.03110,0.8730],[0.03075,0.9140],[0.03036,0.9528],[0.02995,0.9902],[0.02950,1.0267],[0.02877,1.0654],[0.02768,1.1061],[0.02611,1.1489],[0.02399,1.1933],[0.02274,1.2223],[0.02115,1.2581],[0.01906,1.3486],[0.02075,1.3563],[0.02293,1.3551],[0.02718,1.3475],[0.02975,1.3527],[0.03182,1.3638],[0.03429,1.3800],[0.03646,1.4072],[0.03937,1.4473],[0.04310,1.4898],[0.04724,1.5246],[0.05131,1.5474],[0.05626,1.5634],[0.06091,1.5732],[0.06393,1.5720],[0.06988,1.5585],[0.07557,1.5508],[0.08102,1.5416],[0.08619,1.5036],[0.09187,1.4826],[0.09100,1.3475],[0.09607,1.3104],],[[0.10751,-0.4085],[0.10572,-0.4142],[0.10381,-0.4176],[0.10148,-0.4175],[0.09898,-0.4159],[0.09634,-0.4123],[0.09349,-0.4066],[0.09047,-0.3980],[0.08724,-0.3860],[0.08346,-0.3629],[0.07711,-0.2767],[0.06737,-0.2081],[0.06416,-0.1779],[0.05474,-0.0662],[0.05279,-0.0509],[0.04609,0.0339],[0.04202,0.0971],[0.02691,0.2830],[0.02564,0.3209],[0.02467,0.3601],[0.02410,0.3994],[0.02345,0.4430],[0.02321,0.4816],[0.02291,0.5177],[0.02270,0.5617],[0.02266,0.5940],[0.02251,0.6339],[0.02216,0.6831],[0.02068,0.7061],[0.02038,0.7546],[0.02028,0.7828],[0.02006,0.8243],[0.02001,0.8533],[0.01974,0.8914],[0.01916,0.9380],[0.01883,0.9661],[0.01814,1.0114],[0.01792,1.0372],[0.01694,1.0840],[0.01604,1.1169],[0.01515,1.1489],[0.01442,1.1795],[0.01405,1.2047],[0.01202,1.3001],[0.01319,1.3130],[0.01449,1.3180],[0.01589,1.3231],[0.01740,1.3286],[0.01908,1.3374],[0.02169,1.3429],[0.02303,1.3589],[0.02419,1.3750],[0.02586,1.3865],[0.02735,1.4005],[0.02910,1.4159],[0.03111,1.4359],[0.03287,1.4580],[0.03519,1.4853],],[[0.09231,-0.1845],[0.08946,-0.1698],[0.08853,-0.1854],[0.08504,-0.1689],[0.08096,-0.1476],[0.07695,-0.1228],[0.07553,-0.1330],[0.07030,-0.1246],[0.06698,-0.1003],[0.06339,-0.0709],[0.06082,-0.0603],[0.05673,-0.0279],[0.05083,0.0381],[0.02017,0.3460],[0.01735,0.3922],[0.01635,0.4335],[0.01585,0.4568],[0.01497,0.4939],[0.01410,0.5345],[0.01354,0.5737],[0.01293,0.6159],[0.01240,0.6574],[0.01190,0.6989],[0.01140,0.7398],[0.01107,0.7792],[0.01121,0.7919],[0.01080,0.8302],[0.00922,0.9166],[0.00826,0.9450],[0.00822,0.9699],[0.00807,0.9997],[0.00776,1.0354],[0.00759,1.0617],[0.00723,1.0951],[0.00714,1.1213],[0.00707,1.1476],[0.00695,1.1755],[0.00689,1.2065],[0.00804,1.2146],[0.00919,1.2212],[0.01022,1.2318],[0.01105,1.2478],[0.01212,1.2625],[0.01298,1.2805],[0.01396,1.2981],[0.01515,1.3144],[0.01645,1.3304],[0.01718,1.3509],[0.01784,1.3714],[0.01863,1.3908],[0.01963,1.4084],[0.02133,1.4200],[0.02255,1.4354],[0.02360,1.4524],[0.02487,1.4690],[0.02638,1.4865],[0.02818,1.5065],[0.03060,1.5331],[0.03415,1.5666],],[[0.08863,-0.0921],[0.08597,-0.0828],[0.08293,-0.0684],[0.07998,-0.0531],[0.07670,-0.0372],[0.07329,-0.0202],[0.06962,0.0010],[0.05898,0.0310],[0.05546,0.0602],[0.05188,0.0931],[0.04821,0.1288],[0.04298,0.1734],[0.01222,0.3062],[0.01232,0.3291],[0.01194,0.3604],[0.01124,0.3956],[0.00998,0.4338],[0.00966,0.4675],[0.00949,0.4999],[0.00930,0.5334],[0.00825,0.5703],[0.00801,0.5983],[0.00777,0.6250],[0.00748,0.6550],[0.00728,0.6860],[0.00695,0.7186],[0.00674,0.7507],[0.00664,0.7757],[0.00651,0.8040],[0.00619,0.8353],[0.00605,0.8665],[0.00600,0.8911],[0.00590,0.9192],[0.00579,0.9492],[0.00565,0.9758],[0.00535,1.0063],[0.00496,1.0349],[0.00462,1.0555],[0.00459,1.0799],[0.00469,1.1054],[0.00509,1.1245],[0.00606,1.1322],[0.00687,1.1458],[0.00788,1.1581],[0.00864,1.1759],[0.00933,1.1955],[0.01011,1.2146],[0.01079,1.2350],[0.01140,1.2563],[0.01184,1.2791],[0.01285,1.2973],[0.01375,1.3169],[0.01428,1.3395],[0.01474,1.3624],[0.01521,1.3850],[0.01574,1.4072],[0.01638,1.4284],[0.01749,1.4464],[0.01882,1.4619],[0.01943,1.4816],[0.02009,1.5006],[0.02095,1.5179],[0.02198,1.5340],[0.02310,1.5500],[0.02410,1.5665],[0.02505,1.5826],[0.02637,1.5974],[0.02857,1.6121],[0.03181,1.6328],[0.03685,1.6579],[0.03751,1.6620],[0.03825,1.6684],[0.04048,1.6745],[0.04266,1.6783],[0.04557,1.6780],[0.04883,1.6736],[0.05271,1.6636],[0.05692,1.6502],[0.06240,1.6279],[0.06772,1.6066],[0.07425,1.5791],[0.08063,1.5541],[0.08730,1.5298],],],
{"title":"Cl v Cd","sortData":false,"legend":{"show":false,"placement":"insideGrid","location":"ne"},"series":[{"showLabel":true,"index":0,"showLine":true,"trendline":{"type":"none","show":false},"color":"#4bb2c5"},{"showLabel":true,"index":0,"showLine":true,"trendline":{"type":"none","show":false},"color":"#EAA228"},{"showLabel":true,"index":0,"showLine":true,"trendline":{"type":"none","show":false},"color":"#839557"},{"showLabel":true,"index":0,"showLine":true,"trendline":{"type":"none","show":false},"color":"#953579"},{"showLabel":true,"index":0,"showLine":true,"trendline":{"type":"none","show":false},"color":"#d8b83f"}],"show":"$.jqplot.config.enablePlugins","axes":{"xaxis":{"max":0.16,"min":0,"tickInterval":0.02,"tickOptions":{"formatString":"%.2f"},"forceTickAt0":true,"rendererOptions":{"forceTickAt0":true}},"yaxis":{"max":2,"min":-0.5,"tickInterval":0.5,"tickOptions":{"formatString":"%.2f"},"forceTickAt0":true,"rendererOptions":{"forceTickAt0":true}}},"seriesDefaults":{"lineWidth":1,"showLabel":true,"markerOptions":{"size":5,"show":false}}});
jqplots.push(p);

var p = $.jqplot('liftaoa',[[[-6.750,-0.3873],[-6.500,-0.3991],[-6.250,-0.4076],[-6.000,-0.3954],[-5.750,-0.3927],[-5.500,-0.3936],[-5.250,-0.3894],[-5.000,-0.3840],[-4.750,-0.3729],[-4.500,-0.3680],[-4.250,-0.3590],[-4.000,-0.3436],[-3.750,-0.3197],[-3.500,-0.3120],[-3.250,-0.2979],[-3.000,-0.2760],[-2.750,-0.2369],[-2.500,-0.2178],[-2.250,-0.1936],[-2.000,-0.1614],[-1.750,-0.1491],[-1.250,0.1691],[-1.000,0.2331],[-0.750,0.2779],[-0.500,0.3184],[-0.250,0.3589],[0.000,0.3948],[0.250,0.4338],[0.500,0.4660],[0.750,0.4786],[1.000,0.5047],[1.250,0.5272],[1.500,0.5487],[1.750,0.5695],[2.000,0.5897],[2.250,0.6092],[2.500,0.6279],[2.750,0.6461],[3.000,0.6636],[3.250,0.6804],[3.500,0.6964],[3.750,0.7117],[4.000,0.7635],[4.250,0.8245],[4.500,0.8696],[4.750,0.9134],[5.000,0.9613],[5.250,1.0148],[5.500,1.0689],[5.750,1.1174],[6.000,1.1692],[6.250,1.2408],[6.500,1.3143],[6.750,1.3434],[7.000,1.3358],[7.250,1.3191],[7.500,1.3450],[7.750,1.3944],[8.000,1.4613],[8.250,1.4978],[8.500,1.5238],[8.750,1.5395],[9.000,1.5471],[9.250,1.5569],[9.500,1.5401],[9.750,1.5205],[10.000,1.5014],[10.250,1.4787],[10.500,1.4574],[10.750,1.4389],[11.000,1.4397],[11.250,1.4000],[11.500,1.3600],[11.750,1.3001],[12.000,1.2843],[12.250,1.2914],],[[-6.500,-0.3957],[-6.250,-0.4001],[-6.000,-0.4024],[-5.750,-0.4024],[-5.500,-0.4006],[-5.250,-0.3914],[-5.000,-0.3606],[-4.750,-0.3728],[-4.500,-0.3712],[-4.250,-0.3602],[-4.000,-0.3106],[-3.750,-0.3164],[-3.500,-0.2453],[-3.250,-0.2504],[-3.000,-0.1889],[-2.750,-0.1879],[-2.500,-0.0892],[-2.250,-0.0889],[-2.000,-0.0264],[-1.750,-0.0064],[-1.500,0.1378],[-1.250,0.1572],[-1.000,0.2840],[-0.750,0.3173],[-0.500,0.3531],[-0.250,0.3827],[0.000,0.4114],[0.250,0.4479],[0.500,0.4771],[0.750,0.5021],[1.000,0.5395],[1.250,0.5782],[1.500,0.6190],[1.750,0.6584],[2.000,0.6982],[2.250,0.7385],[2.500,0.7805],[2.750,0.8256],[3.000,0.8730],[3.250,0.9140],[3.500,0.9528],[3.750,0.9902],[4.000,1.0267],[4.250,1.0654],[4.500,1.1061],[4.750,1.1489],[5.000,1.1933],[5.250,1.2223],[5.500,1.2581],[5.750,1.3486],[6.000,1.3563],[6.250,1.3551],[6.500,1.3475],[6.750,1.3527],[7.000,1.3638],[7.250,1.3800],[7.500,1.4072],[7.750,1.4473],[8.000,1.4898],[8.250,1.5246],[8.500,1.5474],[8.750,1.5634],[9.000,1.5732],[9.250,1.5720],[9.500,1.5585],[9.750,1.5508],[10.000,1.5416],[10.250,1.5036],[10.500,1.4826],[10.750,1.3475],[11.000,1.3104],],[[-6.500,-0.4085],[-6.250,-0.4142],[-6.000,-0.4176],[-5.750,-0.4175],[-5.500,-0.4159],[-5.250,-0.4123],[-5.000,-0.4066],[-4.750,-0.3980],[-4.500,-0.3860],[-4.250,-0.3629],[-4.000,-0.2767],[-3.750,-0.2081],[-3.500,-0.1779],[-3.250,-0.0662],[-3.000,-0.0509],[-2.750,0.0339],[-2.500,0.0971],[-2.000,0.2830],[-1.750,0.3209],[-1.500,0.3601],[-1.250,0.3994],[-1.000,0.4430],[-0.750,0.4816],[-0.500,0.5177],[-0.250,0.5617],[0.000,0.5940],[0.250,0.6339],[0.500,0.6831],[0.750,0.7061],[1.000,0.7546],[1.250,0.7828],[1.500,0.8243],[1.750,0.8533],[2.000,0.8914],[2.250,0.9380],[2.500,0.9661],[2.750,1.0114],[3.000,1.0372],[3.250,1.0840],[3.500,1.1169],[3.750,1.1489],[4.000,1.1795],[4.250,1.2047],[4.500,1.3001],[4.750,1.3130],[5.000,1.3180],[5.250,1.3231],[5.500,1.3286],[5.750,1.3374],[6.000,1.3429],[6.250,1.3589],[6.500,1.3750],[6.750,1.3865],[7.000,1.4005],[7.250,1.4159],[7.500,1.4359],[7.750,1.4580],[8.000,1.4853],],[[-7.250,-0.1845],[-7.000,-0.1698],[-6.750,-0.1854],[-6.500,-0.1689],[-6.250,-0.1476],[-6.000,-0.1228],[-5.750,-0.1330],[-5.500,-0.1246],[-5.250,-0.1003],[-5.000,-0.0709],[-4.750,-0.0603],[-4.500,-0.0279],[-4.250,0.0381],[-3.250,0.3460],[-3.000,0.3922],[-2.750,0.4335],[-2.500,0.4568],[-2.250,0.4939],[-2.000,0.5345],[-1.750,0.5737],[-1.500,0.6159],[-1.250,0.6574],[-1.000,0.6989],[-0.750,0.7398],[-0.500,0.7792],[-0.250,0.7919],[0.000,0.8302],[0.500,0.9166],[0.750,0.9450],[1.000,0.9699],[1.250,0.9997],[1.500,1.0354],[1.750,1.0617],[2.000,1.0951],[2.250,1.1213],[2.500,1.1476],[2.750,1.1755],[3.000,1.2065],[3.250,1.2146],[3.500,1.2212],[3.750,1.2318],[4.000,1.2478],[4.250,1.2625],[4.500,1.2805],[4.750,1.2981],[5.000,1.3144],[5.250,1.3304],[5.500,1.3509],[5.750,1.3714],[6.000,1.3908],[6.250,1.4084],[6.500,1.4200],[6.750,1.4354],[7.000,1.4524],[7.250,1.4690],[7.500,1.4865],[7.750,1.5065],[8.000,1.5331],[8.250,1.5666],],[[-8.500,-0.0921],[-8.250,-0.0828],[-8.000,-0.0684],[-7.750,-0.0531],[-7.500,-0.0372],[-7.250,-0.0202],[-7.000,0.0010],[-6.250,0.0310],[-6.000,0.0602],[-5.750,0.0931],[-5.500,0.1288],[-5.250,0.1734],[-5.000,0.3062],[-4.750,0.3291],[-4.500,0.3604],[-4.250,0.3956],[-4.000,0.4338],[-3.750,0.4675],[-3.500,0.4999],[-3.250,0.5334],[-3.000,0.5703],[-2.750,0.5983],[-2.500,0.6250],[-2.250,0.6550],[-2.000,0.6860],[-1.750,0.7186],[-1.500,0.7507],[-1.250,0.7757],[-1.000,0.8040],[-0.750,0.8353],[-0.500,0.8665],[-0.250,0.8911],[0.000,0.9192],[0.250,0.9492],[0.500,0.9758],[0.750,1.0063],[1.000,1.0349],[1.250,1.0555],[1.500,1.0799],[1.750,1.1054],[2.000,1.1245],[2.250,1.1322],[2.500,1.1458],[2.750,1.1581],[3.000,1.1759],[3.250,1.1955],[3.500,1.2146],[3.750,1.2350],[4.000,1.2563],[4.250,1.2791],[4.500,1.2973],[4.750,1.3169],[5.000,1.3395],[5.250,1.3624],[5.500,1.3850],[5.750,1.4072],[6.000,1.4284],[6.250,1.4464],[6.500,1.4619],[6.750,1.4816],[7.000,1.5006],[7.250,1.5179],[7.500,1.5340],[7.750,1.5500],[8.000,1.5665],[8.250,1.5826],[8.500,1.5974],[8.750,1.6121],[9.000,1.6328],[9.250,1.6579],[9.500,1.6620],[9.750,1.6684],[10.000,1.6745],[10.250,1.6783],[10.500,1.6780],[10.750,1.6736],[11.000,1.6636],[11.250,1.6502],[11.500,1.6279],[11.750,1.6066],[12.000,1.5791],[12.250,1.5541],[12.500,1.5298],],],
{"title":"Cl v Alpha","sortData":false,"legend":{"show":false,"placement":"insideGrid","location":"ne"},"series":[{"showLabel":true,"index":0,"showLine":true,"trendline":{"type":"none","show":false},"color":"#4bb2c5"},{"showLabel":true,"index":0,"showLine":true,"trendline":{"type":"none","show":false},"color":"#EAA228"},{"showLabel":true,"index":0,"showLine":true,"trendline":{"type":"none","show":false},"color":"#839557"},{"showLabel":true,"index":0,"showLine":true,"trendline":{"type":"none","show":false},"color":"#953579"},{"showLabel":true,"index":0,"showLine":true,"trendline":{"type":"none","show":false},"color":"#d8b83f"}],"show":"$.jqplot.config.enablePlugins","axes":{"xaxis":{"max":15,"min":-10,"tickInterval":5,"tickOptions":{"formatString":"%.1f"},"forceTickAt0":true,"rendererOptions":{"forceTickAt0":true}},"yaxis":{"max":2,"min":-0.5,"tickInterval":0.5,"tickOptions":{"formatString":"%.2f"},"forceTickAt0":true,"rendererOptions":{"forceTickAt0":true}}},"seriesDefaults":{"lineWidth":1,"showLabel":true,"markerOptions":{"size":5,"show":false}}});
jqplots.push(p);

var p = $.jqplot('momentaoa',[[[-6.750,-0.0142],[-6.500,-0.0134],[-6.250,-0.0168],[-6.000,-0.0118],[-5.750,-0.0109],[-5.500,-0.0139],[-5.250,-0.0159],[-5.000,-0.0124],[-4.750,-0.0197],[-4.500,-0.0174],[-4.250,-0.0177],[-4.000,-0.0223],[-3.750,-0.0296],[-3.500,-0.0274],[-3.250,-0.0283],[-3.000,-0.0319],[-2.750,-0.0416],[-2.500,-0.0426],[-2.250,-0.0450],[-2.000,-0.0497],[-1.750,-0.0474],[-1.250,-0.1197],[-1.000,-0.1280],[-0.750,-0.1320],[-0.500,-0.1351],[-0.250,-0.1377],[0.000,-0.1392],[0.250,-0.1413],[0.500,-0.1423],[0.750,-0.1392],[1.000,-0.1396],[1.250,-0.1395],[1.500,-0.1393],[1.750,-0.1391],[2.000,-0.1389],[2.250,-0.1386],[2.500,-0.1384],[2.750,-0.1382],[3.000,-0.1381],[3.250,-0.1380],[3.500,-0.1379],[3.750,-0.1379],[4.000,-0.1446],[4.250,-0.1515],[4.500,-0.1555],[4.750,-0.1589],[5.000,-0.1621],[5.250,-0.1652],[5.500,-0.1676],[5.750,-0.1689],[6.000,-0.1698],[6.250,-0.1697],[6.500,-0.1671],[6.750,-0.1612],[7.000,-0.1540],[7.250,-0.1469],[7.500,-0.1455],[7.750,-0.1478],[8.000,-0.1523],[8.250,-0.1525],[8.500,-0.1519],[8.750,-0.1501],[9.000,-0.1469],[9.250,-0.1445],[9.500,-0.1378],[9.750,-0.1324],[10.000,-0.1279],[10.250,-0.1235],[10.500,-0.1201],[10.750,-0.1178],[11.000,-0.1171],[11.250,-0.1160],[11.500,-0.1178],[11.750,-0.1273],[12.000,-0.1330],[12.250,-0.1334],],[[-6.500,-0.0113],[-6.250,-0.0096],[-6.000,-0.0088],[-5.750,-0.0088],[-5.500,-0.0103],[-5.250,-0.0169],[-5.000,-0.0323],[-4.750,-0.0221],[-4.500,-0.0180],[-4.250,-0.0193],[-4.000,-0.0383],[-3.750,-0.0311],[-3.500,-0.0533],[-3.250,-0.0468],[-3.000,-0.0623],[-2.750,-0.0575],[-2.500,-0.0817],[-2.250,-0.0770],[-2.000,-0.0888],[-1.750,-0.0890],[-1.500,-0.1178],[-1.250,-0.1176],[-1.000,-0.1369],[-0.750,-0.1384],[-0.500,-0.1400],[-0.250,-0.1409],[0.000,-0.1415],[0.250,-0.1435],[0.500,-0.1446],[0.750,-0.1450],[1.000,-0.1471],[1.250,-0.1496],[1.500,-0.1528],[1.750,-0.1555],[2.000,-0.1582],[2.250,-0.1609],[2.500,-0.1636],[2.750,-0.1666],[3.000,-0.1699],[3.250,-0.1718],[3.500,-0.1734],[3.750,-0.1746],[4.000,-0.1756],[4.250,-0.1766],[4.500,-0.1776],[4.750,-0.1784],[5.000,-0.1788],[5.250,-0.1770],[5.500,-0.1759],[5.750,-0.1827],[6.000,-0.1786],[6.250,-0.1734],[6.500,-0.1677],[6.750,-0.1636],[7.000,-0.1603],[7.250,-0.1583],[7.500,-0.1578],[7.750,-0.1594],[8.000,-0.1612],[8.250,-0.1615],[8.500,-0.1600],[8.750,-0.1585],[9.000,-0.1556],[9.250,-0.1499],[9.500,-0.1435],[9.750,-0.1393],[10.000,-0.1344],[10.250,-0.1273],[10.500,-0.1237],[10.750,-0.1066],[11.000,-0.1039],],[[-6.500,-0.0082],[-6.250,-0.0063],[-6.000,-0.0052],[-5.750,-0.0050],[-5.500,-0.0053],[-5.250,-0.0062],[-5.000,-0.0077],[-4.750,-0.0100],[-4.500,-0.0132],[-4.250,-0.0198],[-4.000,-0.0452],[-3.750,-0.0621],[-3.500,-0.0655],[-3.250,-0.0949],[-3.000,-0.0937],[-2.750,-0.1122],[-2.500,-0.1232],[-2.000,-0.1541],[-1.750,-0.1564],[-1.500,-0.1587],[-1.250,-0.1610],[-1.000,-0.1643],[-0.750,-0.1665],[-0.500,-0.1683],[-0.250,-0.1715],[0.000,-0.1725],[0.250,-0.1749],[0.500,-0.1791],[0.750,-0.1778],[1.000,-0.1814],[1.250,-0.1813],[1.500,-0.1838],[1.750,-0.1839],[2.000,-0.1856],[2.250,-0.1888],[2.500,-0.1884],[2.750,-0.1912],[3.000,-0.1904],[3.250,-0.1932],[3.500,-0.1932],[3.750,-0.1929],[4.000,-0.1924],[4.250,-0.1912],[4.500,-0.2019],[4.750,-0.1985],[5.000,-0.1939],[5.250,-0.1896],[5.500,-0.1856],[5.750,-0.1824],[6.000,-0.1787],[6.250,-0.1763],[6.500,-0.1741],[6.750,-0.1711],[7.000,-0.1684],[7.250,-0.1661],[7.500,-0.1645],[7.750,-0.1634],[8.000,-0.1634],],[[-7.250,-0.0726],[-7.000,-0.0764],[-6.750,-0.0713],[-6.500,-0.0754],[-6.250,-0.0809],[-6.000,-0.0870],[-5.750,-0.0836],[-5.500,-0.0858],[-5.250,-0.0903],[-5.000,-0.0963],[-4.750,-0.0980],[-4.500,-0.1053],[-4.250,-0.1213],[-3.250,-0.1858],[-3.000,-0.1910],[-2.750,-0.1939],[-2.500,-0.1930],[-2.250,-0.1949],[-2.000,-0.1976],[-1.750,-0.1999],[-1.500,-0.2027],[-1.250,-0.2054],[-1.000,-0.2081],[-0.750,-0.2109],[-0.500,-0.2133],[-0.250,-0.2101],[0.000,-0.2122],[0.500,-0.2190],[0.750,-0.2185],[1.000,-0.2177],[1.250,-0.2179],[1.500,-0.2193],[1.750,-0.2187],[2.000,-0.2195],[2.250,-0.2189],[2.500,-0.2183],[2.750,-0.2180],[3.000,-0.2182],[3.250,-0.2135],[3.500,-0.2090],[3.750,-0.2056],[4.000,-0.2034],[4.250,-0.2010],[4.500,-0.1993],[4.750,-0.1976],[5.000,-0.1957],[5.250,-0.1936],[5.500,-0.1920],[5.750,-0.1906],[6.000,-0.1889],[6.250,-0.1868],[6.500,-0.1836],[6.750,-0.1813],[7.000,-0.1792],[7.250,-0.1771],[7.500,-0.1751],[7.750,-0.1736],[8.000,-0.1733],[8.250,-0.1740],],[[-8.500,-0.1013],[-8.250,-0.1028],[-8.000,-0.1062],[-7.750,-0.1102],[-7.500,-0.1138],[-7.250,-0.1178],[-7.000,-0.1229],[-6.250,-0.1317],[-6.000,-0.1384],[-5.750,-0.1460],[-5.500,-0.1543],[-5.250,-0.1664],[-5.000,-0.2157],[-4.750,-0.2148],[-4.500,-0.2157],[-4.250,-0.2174],[-4.000,-0.2200],[-3.750,-0.2213],[-3.500,-0.2222],[-3.250,-0.2234],[-3.000,-0.2256],[-2.750,-0.2257],[-2.500,-0.2255],[-2.250,-0.2259],[-2.000,-0.2266],[-1.750,-0.2276],[-1.500,-0.2285],[-1.250,-0.2278],[-1.000,-0.2278],[-0.750,-0.2287],[-0.500,-0.2293],[-0.250,-0.2286],[0.000,-0.2286],[0.250,-0.2291],[0.500,-0.2289],[0.750,-0.2297],[1.000,-0.2300],[1.250,-0.2281],[1.500,-0.2272],[1.750,-0.2265],[2.000,-0.2244],[2.250,-0.2199],[2.500,-0.2169],[2.750,-0.2139],[3.000,-0.2120],[3.250,-0.2105],[3.500,-0.2089],[3.750,-0.2076],[4.000,-0.2065],[4.250,-0.2056],[4.500,-0.2039],[4.750,-0.2024],[5.000,-0.2013],[5.250,-0.2003],[5.500,-0.1992],[5.750,-0.1981],[6.000,-0.1969],[6.250,-0.1949],[6.500,-0.1925],[6.750,-0.1909],[7.000,-0.1892],[7.250,-0.1872],[7.500,-0.1850],[7.750,-0.1828],[8.000,-0.1808],[8.250,-0.1789],[8.500,-0.1767],[8.750,-0.1746],[9.000,-0.1736],[9.250,-0.1736],[9.500,-0.1694],[9.750,-0.1658],[10.000,-0.1624],[10.250,-0.1586],[10.500,-0.1546],[10.750,-0.1501],[11.000,-0.1453],[11.250,-0.1406],[11.500,-0.1359],[11.750,-0.1320],[12.000,-0.1288],[12.250,-0.1271],[12.500,-0.1268],],],
{"title":"Cm v Alpha","sortData":false,"legend":{"show":false,"placement":"insideGrid","location":"ne"},"series":[{"showLabel":true,"index":0,"showLine":true,"trendline":{"type":"none","show":false},"color":"#4bb2c5"},{"showLabel":true,"index":0,"showLine":true,"trendline":{"type":"none","show":false},"color":"#EAA228"},{"showLabel":true,"index":0,"showLine":true,"trendline":{"type":"none","show":false},"color":"#839557"},{"showLabel":true,"index":0,"showLine":true,"trendline":{"type":"none","show":false},"color":"#953579"},{"showLabel":true,"index":0,"showLine":true,"trendline":{"type":"none","show":false},"color":"#d8b83f"}],"show":"$.jqplot.config.enablePlugins","axes":{"xaxis":{"max":15,"min":-10,"tickInterval":5,"tickOptions":{"formatString":"%.1f"},"forceTickAt0":true,"rendererOptions":{"forceTickAt0":true}},"yaxis":{"max":0,"min":-0.25,"tickInterval":0.05,"tickOptions":{"formatString":"%.2f"},"forceTickAt0":true,"rendererOptions":{"forceTickAt0":true}}},"seriesDefaults":{"lineWidth":1,"showLabel":true,"markerOptions":{"size":5,"show":false}}});
jqplots.push(p);

var p = $.jqplot('dragaoa',[[[-6.750,0.11614],[-6.500,0.11601],[-6.250,0.11659],[-6.000,0.10977],[-5.750,0.10707],[-5.500,0.10597],[-5.250,0.10312],[-5.000,0.09913],[-4.750,0.09761],[-4.500,0.09350],[-4.250,0.09043],[-4.000,0.08710],[-3.750,0.08406],[-3.500,0.08070],[-3.250,0.07725],[-3.000,0.07381],[-2.750,0.07011],[-2.500,0.06670],[-2.250,0.06358],[-2.000,0.06028],[-1.750,0.05766],[-1.250,0.04094],[-1.000,0.03745],[-0.750,0.03569],[-0.500,0.03456],[-0.250,0.03352],[0.000,0.03272],[0.250,0.03160],[0.500,0.03114],[0.750,0.03007],[1.000,0.03083],[1.250,0.03164],[1.500,0.03249],[1.750,0.03341],[2.000,0.03440],[2.250,0.03545],[2.500,0.03659],[2.750,0.03780],[3.000,0.03911],[3.250,0.04053],[3.500,0.04205],[3.750,0.04371],[4.000,0.04588],[4.250,0.04732],[4.500,0.04827],[4.750,0.04890],[5.000,0.04899],[5.250,0.04823],[5.500,0.04677],[5.750,0.04531],[6.000,0.04313],[6.250,0.03756],[6.500,0.03057],[6.750,0.02913],[7.000,0.03140],[7.250,0.03580],[7.500,0.04075],[7.750,0.04412],[8.000,0.04925],[8.250,0.05389],[8.500,0.05848],[8.750,0.06393],[9.000,0.06851],[9.250,0.07423],[9.500,0.07733],[9.750,0.08239],[10.000,0.08734],[10.250,0.09195],[10.500,0.09675],[10.750,0.10206],[11.000,0.10849],[11.250,0.11355],[11.500,0.12037],[11.750,0.13301],[12.000,0.14286],[12.250,0.14865],],[[-6.500,0.10947],[-6.250,0.10758],[-6.000,0.10561],[-5.750,0.10337],[-5.500,0.10115],[-5.250,0.09934],[-5.000,0.09656],[-4.750,0.09180],[-4.500,0.08880],[-4.250,0.08596],[-4.000,0.08101],[-3.750,0.07827],[-3.500,0.07306],[-3.250,0.07003],[-3.000,0.06525],[-2.750,0.06256],[-2.500,0.05820],[-2.250,0.05454],[-2.000,0.05164],[-1.750,0.04814],[-1.500,0.03859],[-1.250,0.03781],[-1.000,0.02968],[-0.750,0.02913],[-0.500,0.02845],[-0.250,0.02831],[0.000,0.02836],[0.250,0.02808],[0.500,0.02828],[0.750,0.02872],[1.000,0.02830],[1.250,0.02880],[1.500,0.02956],[1.750,0.03021],[2.000,0.03074],[2.250,0.03114],[2.500,0.03137],[2.750,0.03136],[3.000,0.03110],[3.250,0.03075],[3.500,0.03036],[3.750,0.02995],[4.000,0.02950],[4.250,0.02877],[4.500,0.02768],[4.750,0.02611],[5.000,0.02399],[5.250,0.02274],[5.500,0.02115],[5.750,0.01906],[6.000,0.02075],[6.250,0.02293],[6.500,0.02718],[6.750,0.02975],[7.000,0.03182],[7.250,0.03429],[7.500,0.03646],[7.750,0.03937],[8.000,0.04310],[8.250,0.04724],[8.500,0.05131],[8.750,0.05626],[9.000,0.06091],[9.250,0.06393],[9.500,0.06988],[9.750,0.07557],[10.000,0.08102],[10.250,0.08619],[10.500,0.09187],[10.750,0.09100],[11.000,0.09607],],[[-6.500,0.10751],[-6.250,0.10572],[-6.000,0.10381],[-5.750,0.10148],[-5.500,0.09898],[-5.250,0.09634],[-5.000,0.09349],[-4.750,0.09047],[-4.500,0.08724],[-4.250,0.08346],[-4.000,0.07711],[-3.750,0.06737],[-3.500,0.06416],[-3.250,0.05474],[-3.000,0.05279],[-2.750,0.04609],[-2.500,0.04202],[-2.000,0.02691],[-1.750,0.02564],[-1.500,0.02467],[-1.250,0.02410],[-1.000,0.02345],[-0.750,0.02321],[-0.500,0.02291],[-0.250,0.02270],[0.000,0.02266],[0.250,0.02251],[0.500,0.02216],[0.750,0.02068],[1.000,0.02038],[1.250,0.02028],[1.500,0.02006],[1.750,0.02001],[2.000,0.01974],[2.250,0.01916],[2.500,0.01883],[2.750,0.01814],[3.000,0.01792],[3.250,0.01694],[3.500,0.01604],[3.750,0.01515],[4.000,0.01442],[4.250,0.01405],[4.500,0.01202],[4.750,0.01319],[5.000,0.01449],[5.250,0.01589],[5.500,0.01740],[5.750,0.01908],[6.000,0.02169],[6.250,0.02303],[6.500,0.02419],[6.750,0.02586],[7.000,0.02735],[7.250,0.02910],[7.500,0.03111],[7.750,0.03287],[8.000,0.03519],],[[-7.250,0.09231],[-7.000,0.08946],[-6.750,0.08853],[-6.500,0.08504],[-6.250,0.08096],[-6.000,0.07695],[-5.750,0.07553],[-5.500,0.07030],[-5.250,0.06698],[-5.000,0.06339],[-4.750,0.06082],[-4.500,0.05673],[-4.250,0.05083],[-3.250,0.02017],[-3.000,0.01735],[-2.750,0.01635],[-2.500,0.01585],[-2.250,0.01497],[-2.000,0.01410],[-1.750,0.01354],[-1.500,0.01293],[-1.250,0.01240],[-1.000,0.01190],[-0.750,0.01140],[-0.500,0.01107],[-0.250,0.01121],[0.000,0.01080],[0.500,0.00922],[0.750,0.00826],[1.000,0.00822],[1.250,0.00807],[1.500,0.00776],[1.750,0.00759],[2.000,0.00723],[2.250,0.00714],[2.500,0.00707],[2.750,0.00695],[3.000,0.00689],[3.250,0.00804],[3.500,0.00919],[3.750,0.01022],[4.000,0.01105],[4.250,0.01212],[4.500,0.01298],[4.750,0.01396],[5.000,0.01515],[5.250,0.01645],[5.500,0.01718],[5.750,0.01784],[6.000,0.01863],[6.250,0.01963],[6.500,0.02133],[6.750,0.02255],[7.000,0.02360],[7.250,0.02487],[7.500,0.02638],[7.750,0.02818],[8.000,0.03060],[8.250,0.03415],],[[-8.500,0.08863],[-8.250,0.08597],[-8.000,0.08293],[-7.750,0.07998],[-7.500,0.07670],[-7.250,0.07329],[-7.000,0.06962],[-6.250,0.05898],[-6.000,0.05546],[-5.750,0.05188],[-5.500,0.04821],[-5.250,0.04298],[-5.000,0.01222],[-4.750,0.01232],[-4.500,0.01194],[-4.250,0.01124],[-4.000,0.00998],[-3.750,0.00966],[-3.500,0.00949],[-3.250,0.00930],[-3.000,0.00825],[-2.750,0.00801],[-2.500,0.00777],[-2.250,0.00748],[-2.000,0.00728],[-1.750,0.00695],[-1.500,0.00674],[-1.250,0.00664],[-1.000,0.00651],[-0.750,0.00619],[-0.500,0.00605],[-0.250,0.00600],[0.000,0.00590],[0.250,0.00579],[0.500,0.00565],[0.750,0.00535],[1.000,0.00496],[1.250,0.00462],[1.500,0.00459],[1.750,0.00469],[2.000,0.00509],[2.250,0.00606],[2.500,0.00687],[2.750,0.00788],[3.000,0.00864],[3.250,0.00933],[3.500,0.01011],[3.750,0.01079],[4.000,0.01140],[4.250,0.01184],[4.500,0.01285],[4.750,0.01375],[5.000,0.01428],[5.250,0.01474],[5.500,0.01521],[5.750,0.01574],[6.000,0.01638],[6.250,0.01749],[6.500,0.01882],[6.750,0.01943],[7.000,0.02009],[7.250,0.02095],[7.500,0.02198],[7.750,0.02310],[8.000,0.02410],[8.250,0.02505],[8.500,0.02637],[8.750,0.02857],[9.000,0.03181],[9.250,0.03685],[9.500,0.03751],[9.750,0.03825],[10.000,0.04048],[10.250,0.04266],[10.500,0.04557],[10.750,0.04883],[11.000,0.05271],[11.250,0.05692],[11.500,0.06240],[11.750,0.06772],[12.000,0.07425],[12.250,0.08063],[12.500,0.08730],],],
{"title":"Cd v Alpha","sortData":false,"legend":{"show":false,"placement":"insideGrid","location":"ne"},"series":[{"showLabel":true,"index":0,"showLine":true,"trendline":{"type":"none","show":false},"color":"#4bb2c5"},{"showLabel":true,"index":0,"showLine":true,"trendline":{"type":"none","show":false},"color":"#EAA228"},{"showLabel":true,"index":0,"showLine":true,"trendline":{"type":"none","show":false},"color":"#839557"},{"showLabel":true,"index":0,"showLine":true,"trendline":{"type":"none","show":false},"color":"#953579"},{"showLabel":true,"index":0,"showLine":true,"trendline":{"type":"none","show":false},"color":"#d8b83f"}],"show":"$.jqplot.config.enablePlugins","axes":{"xaxis":{"max":15,"min":-10,"tickInterval":5,"tickOptions":{"formatString":"%.1f"},"forceTickAt0":true,"rendererOptions":{"forceTickAt0":true}},"yaxis":{"max":0.16,"min":0,"tickInterval":0.02,"tickOptions":{"formatString":"%.2f"},"forceTickAt0":true,"rendererOptions":{"forceTickAt0":true}}},"seriesDefaults":{"lineWidth":1,"showLabel":true,"markerOptions":{"size":5,"show":false}}});
jqplots.push(p);

var p = $.jqplot('effaoa',[[[-6.750,-3.3347683829861],[-6.500,-3.4402206706318],[-6.250,-3.4960116648083],[-6.000,-3.6020770702378],[-5.750,-3.6676940319417],[-5.500,-3.7142587524771],[-5.250,-3.7761830876649],[-5.000,-3.8737012004439],[-4.750,-3.8203052965885],[-4.500,-3.9358288770053],[-4.250,-3.9699214862324],[-4.000,-3.9448909299656],[-3.750,-3.8032357839638],[-3.500,-3.8661710037175],[-3.250,-3.8563106796117],[-3.000,-3.7393307139954],[-2.750,-3.3789758950221],[-2.500,-3.2653673163418],[-2.250,-3.0449826989619],[-2.000,-2.677504976775],[-1.750,-2.585848074922],[-1.250,4.1304347826087],[-1.000,6.2242990654206],[-0.750,7.7864948164752],[-0.500,9.212962962963],[-0.250,10.707040572792],[0.000,12.066014669927],[0.250,13.727848101266],[0.500,14.964675658317],[0.750,15.916195543731],[1.000,16.370418423613],[1.250,16.662452591656],[1.500,16.888273314866],[1.750,17.045794672254],[2.000,17.142441860465],[2.250,17.184767277856],[2.500,17.160426345996],[2.750,17.092592592593],[3.000,16.967527486576],[3.250,16.787564766839],[3.500,16.561236623068],[3.750,16.282315259666],[4.000,16.641238012206],[4.250,17.423922231615],[4.500,18.015330432981],[4.750,18.678936605317],[5.000,19.622371912635],[5.250,21.040845946506],[5.500,22.854393842207],[5.750,24.661222688148],[6.000,27.108741015534],[6.250,33.035143769968],[6.500,42.993130520118],[6.750,46.117404737384],[7.000,42.541401273885],[7.250,36.846368715084],[7.500,33.006134969325],[7.750,31.604714415231],[8.000,29.671065989848],[8.250,27.793653739098],[8.500,26.056771545828],[8.750,24.081026122321],[9.000,22.582104802219],[9.250,20.973999730567],[9.500,19.915944652787],[9.750,18.454909576405],[10.000,17.190290817495],[10.250,16.081566068515],[10.500,15.063565891473],[10.750,14.09856946894],[11.000,13.270347497465],[11.250,12.329370321444],[11.500,11.298496303066],[11.750,9.774453048643],[12.000,8.989920201596],[12.250,8.6875210225362],],[[-6.500,-3.6146889558783],[-6.250,-3.7190927681725],[-6.000,-3.8102452419278],[-5.750,-3.8928122279191],[-5.500,-3.9604547701434],[-5.250,-3.9400040265754],[-5.000,-3.7344656172328],[-4.750,-4.0610021786492],[-4.500,-4.1801801801802],[-4.250,-4.1903210795719],[-4.000,-3.8340945562276],[-3.750,-4.0424172735403],[-3.500,-3.3575143717492],[-3.250,-3.5756104526631],[-3.000,-2.8950191570881],[-2.750,-3.0035166240409],[-2.500,-1.53264604811],[-2.250,-1.6299963329666],[-2.000,-0.51123160340821],[-1.750,-0.13294557540507],[-1.500,3.570873283234],[-1.250,4.1576302565459],[-1.000,9.5687331536388],[-0.750,10.892550635084],[-0.500,12.411247803163],[-0.250,13.518191451784],[0.000,14.50634696756],[0.250,15.950854700855],[0.500,16.870579915134],[0.750,17.482590529248],[1.000,19.063604240283],[1.250,20.076388888889],[1.500,20.940460081191],[1.750,21.794107911288],[2.000,22.713077423552],[2.250,23.715478484265],[2.500,24.880459037297],[2.750,26.326530612245],[3.000,28.070739549839],[3.250,29.723577235772],[3.500,31.383399209486],[3.750,33.061769616027],[4.000,34.803389830508],[4.250,37.031630170316],[4.500,39.960260115607],[4.750,44.002297970126],[5.000,49.74155898291],[5.250,53.751099384345],[5.500,59.48463356974],[5.750,70.755508919203],[6.000,65.363855421687],[6.250,59.097252507632],[6.500,49.57689477557],[6.750,45.468907563025],[7.000,42.859836580767],[7.250,40.244969378828],[7.500,38.595721338453],[7.750,36.761493522987],[8.000,34.566125290023],[8.250,32.27349703641],[8.500,30.15786396414],[8.750,27.788837539993],[9.000,25.828271219833],[9.250,24.589394650399],[9.500,22.30251860332],[9.750,20.521370914384],[10.000,19.027400641817],[10.250,17.445179255134],[10.500,16.138021116795],[10.750,14.807692307692],[11.000,13.640054127199],],[[-6.500,-3.7996465445075],[-6.250,-3.9178963299281],[-6.000,-4.0227338406705],[-5.750,-4.1141111549074],[-5.500,-4.2018589614063],[-5.250,-4.2796346273614],[-5.000,-4.3491282490106],[-4.750,-4.3992483696253],[-4.500,-4.4245758826227],[-4.250,-4.3481907500599],[-4.000,-3.5883802360265],[-3.750,-3.0889119786255],[-3.500,-2.7727556109726],[-3.250,-1.20935330654],[-3.000,-0.96419776472817],[-2.750,0.73551746582773],[-2.500,2.3108043788672],[-2.000,10.516536603493],[-1.750,12.515600624025],[-1.500,14.596676124848],[-1.250,16.572614107884],[-1.000,18.891257995736],[-0.750,20.749676863421],[-0.500,22.597119161938],[-0.250,24.74449339207],[0.000,26.21359223301],[0.250,28.160817414482],[0.500,30.825812274368],[0.750,34.144100580271],[1.000,37.02649656526],[1.250,38.599605522682],[1.500,41.091724825523],[1.750,42.64367816092],[2.000,45.15704154002],[2.250,48.956158663883],[2.500,51.306425916091],[2.750,55.755237045204],[3.000,57.879464285714],[3.250,63.990554899646],[3.500,69.63216957606],[3.750,75.83498349835],[4.000,81.796116504854],[4.250,85.743772241993],[4.500,108.16139767055],[4.750,99.545109931766],[5.000,90.95928226363],[5.250,83.266205160478],[5.500,76.35632183908],[5.750,70.094339622642],[6.000,61.913324112494],[6.250,59.005644811116],[6.500,56.841670111616],[6.750,53.61562258314],[7.000,51.206581352834],[7.250,48.656357388316],[7.500,46.155576984892],[7.750,44.35655613021],[8.000,42.208013640239],],[[-7.250,-1.9987000324992],[-7.000,-1.8980549966465],[-6.750,-2.0942053541172],[-6.500,-1.9861241768579],[-6.250,-1.8231225296443],[-6.000,-1.5958414554906],[-5.750,-1.7608897126969],[-5.500,-1.7724039829303],[-5.250,-1.497461928934],[-5.000,-1.1184729452595],[-4.750,-0.99145018086156],[-4.500,-0.49180327868852],[-4.250,0.74955734802282],[-3.250,17.154189390183],[-3.000,22.605187319885],[-2.750,26.51376146789],[-2.500,28.820189274448],[-2.250,32.992651970608],[-2.000,37.90780141844],[-1.750,42.370753323486],[-1.500,47.633410672854],[-1.250,53.016129032258],[-1.000,58.731092436975],[-0.750,64.894736842105],[-0.500,70.388437217706],[-0.250,70.64228367529],[0.000,76.87037037037],[0.500,99.41431670282],[0.750,114.40677966102],[1.000,117.99270072993],[1.250,123.87856257745],[1.500,133.42783505155],[1.750,139.8814229249],[2.000,151.46611341632],[2.250,157.04481792717],[2.500,162.31966053748],[2.750,169.13669064748],[3.000,175.10885341074],[3.250,151.06965174129],[3.500,132.88356909684],[3.750,120.52837573386],[4.000,112.92307692308],[4.250,104.16666666667],[4.500,98.651771956857],[4.750,92.987106017192],[5.000,86.759075907591],[5.250,80.87537993921],[5.500,78.632130384168],[5.750,76.872197309417],[6.000,74.653784219002],[6.250,71.74732552216],[6.500,66.57290201594],[6.750,63.654101995565],[7.000,61.542372881356],[7.250,59.067149175714],[7.500,56.349507202426],[7.750,53.459900638751],[8.000,50.101307189542],[8.250,45.874084919473],],[[-8.500,-1.0391515288277],[-8.250,-0.96312667209492],[-8.000,-0.82479199324732],[-7.750,-0.66391597899475],[-7.500,-0.48500651890482],[-7.250,-0.2756174102879],[-7.000,0.014363688595231],[-6.250,0.5256018989488],[-6.000,1.0854670032456],[-5.750,1.7945258288358],[-5.500,2.6716448869529],[-5.250,4.0344346207538],[-5.000,25.05728314239],[-4.750,26.712662337662],[-4.500,30.184254606365],[-4.250,35.195729537367],[-4.000,43.466933867735],[-3.750,48.395445134576],[-3.500,52.676501580611],[-3.250,57.354838709677],[-3.000,69.127272727273],[-2.750,74.694132334582],[-2.500,80.43758043758],[-2.250,87.566844919786],[-2.000,94.230769230769],[-1.750,103.39568345324],[-1.500,111.37982195846],[-1.250,116.82228915663],[-1.000,123.50230414747],[-0.750,134.94345718901],[-0.500,143.22314049587],[-0.250,148.51666666667],[0.000,155.79661016949],[0.250,163.9378238342],[0.500,172.70796460177],[0.750,188.09345794393],[1.000,208.64919354839],[1.250,228.4632034632],[1.500,235.27233115468],[1.750,235.69296375267],[2.000,220.92337917485],[2.250,186.83168316832],[2.500,166.78311499272],[2.750,146.96700507614],[3.000,136.09953703704],[3.250,128.13504823151],[3.500,120.13847675569],[3.750,114.4578313253],[4.000,110.20175438596],[4.250,108.03209459459],[4.500,100.95719844358],[4.750,95.774545454545],[5.000,93.802521008403],[5.250,92.428765264586],[5.500,91.058514135437],[5.750,89.402795425667],[6.000,87.203907203907],[6.250,82.698684962836],[6.500,77.678002125399],[6.750,76.253216675244],[7.000,74.69387755102],[7.250,72.453460620525],[7.500,69.790718835305],[7.750,67.099567099567],[8.000,65],[8.250,63.177644710579],[8.500,60.576412590064],[8.750,56.426321316066],[9.000,51.329770512417],[9.250,44.990502035278],[9.500,44.308184484138],[9.750,43.618300653595],[10.000,41.366106719368],[10.250,39.341303328645],[10.500,36.822470923853],[10.750,34.274011877944],[11.000,31.561373553405],[11.250,28.991567111736],[11.500,26.088141025641],[11.750,23.724158298878],[12.000,21.26734006734],[12.250,19.274463599157],[12.500,17.523482245132],],],
{"title":"Cl\/Cd v Alpha","sortData":false,"legend":{"show":false,"placement":"insideGrid","location":"ne"},"series":[{"showLabel":true,"index":0,"showLine":true,"trendline":{"type":"none","show":false},"color":"#4bb2c5"},{"showLabel":true,"index":0,"showLine":true,"trendline":{"type":"none","show":false},"color":"#EAA228"},{"showLabel":true,"index":0,"showLine":true,"trendline":{"type":"none","show":false},"color":"#839557"},{"showLabel":true,"index":0,"showLine":true,"trendline":{"type":"none","show":false},"color":"#953579"},{"showLabel":true,"index":0,"showLine":true,"trendline":{"type":"none","show":false},"color":"#d8b83f"}],"show":"$.jqplot.config.enablePlugins","axes":{"xaxis":{"max":15,"min":-10,"tickInterval":5,"tickOptions":{"formatString":"%.1f"},"forceTickAt0":true,"rendererOptions":{"forceTickAt0":true}},"yaxis":{"max":250,"min":-50,"tickInterval":50,"tickOptions":{"formatString":"%d"},"forceTickAt0":true,"rendererOptions":{"forceTickAt0":true}}},"seriesDefaults":{"lineWidth":1,"showLabel":true,"markerOptions":{"size":5,"show":false}}});
jqplots.push(p);

});
/*]]>*/
</script>
</body>
</html>