<!DOCTYPE html>
<html lang="en">
<head>
<link rel="stylesheet" type="text/css" href="/assets/62ff72f1/jquery.jqplot.min.css" media="screen, projection, print" />
<style type="text/css">
/*<![CDATA[*/
.jqplot-title {font-size:1.8em;padding:3px;}.jqplot-xaxis {font-size:0.8em;padding-top:3px;}.jqplot-yaxis {font-size:0.8em;padding-right:3px;}
/*]]>*/
</style>
<!--[if lt IE 9]><script type="text/javascript" src="/assets/62ff72f1/excanvas.min.js"></script></script><![endif]-->
<script type="text/javascript" src="/assets/780cfc96/jquery.min.js"></script>
<script type="text/javascript" src="/assets/62ff72f1/jquery.min.js"></script>
<script type="text/javascript" src="/assets/62ff72f1/jquery.jqplot.min.js"></script>
<script type="text/javascript">
/*<![CDATA[*/
var jqplots = [];

/*]]>*/
</script>
<title>Airfoil polar plot</title>
<meta http-equiv="Content-Language" content="en-gb"/>
<meta http-equiv="Content-Type" content="text/html; charset=windows-1252"/>
<meta content="none" name="robots" />
<meta name="copyright" content="Copyright 2010-2013. All Rights Reserved" />
</head>
<body>

<table style="width:800px;">
<tr><td>
<div id="liftdrag" style="height:400px;width:398px;margin:auto;display:inline-block;"></div>
</td><td>
<div id="liftaoa" style="height:400px;width:398px;margin:auto;display:inline-block;"></div>
</td></tr>
<tr><td>
<div id="effaoa" style="height:400px;width:398px;margin:auto;display:inline-block;"></div>
</td><td>
<div id="dragaoa" style="height:400px;width:398px;margin:auto;display:inline-block;"></div>
</td></tr>
<tr><td>
<div id="momentaoa" style="height:400px;width:398px;margin:auto;display:inline-block;"></div>
</td><td>
</td></tr>

</table>
<script type="text/javascript">
/*<![CDATA[*/
jQuery(window).load(function() {
var p = $.jqplot('liftdrag',[[[0.10590,-0.3498],[0.10371,-0.3566],[0.10229,-0.3695],[0.09961,-0.3629],[0.09691,-0.3578],[0.09415,-0.3517],[0.08997,-0.3314],[0.08808,-0.3455],[0.06502,-0.6469],[0.06162,-0.6501],[0.05812,-0.6588],[0.05421,-0.6731],[0.05085,-0.6869],[0.04808,-0.6844],[0.04553,-0.6753],[0.04353,-0.6652],[0.04147,-0.6559],[0.03950,-0.6451],[0.03788,-0.6337],[0.03621,-0.6186],[0.03489,-0.6025],[0.03362,-0.5869],[0.03249,-0.5693],[0.03140,-0.5513],[0.03048,-0.5326],[0.02961,-0.5124],[0.02877,-0.4898],[0.02804,-0.4657],[0.02715,-0.4442],[0.02974,-0.1422],[0.02960,-0.1525],[0.02960,-0.1586],[0.02973,-0.1614],[0.03027,-0.1347],[0.03100,-0.0850],[0.03166,-0.0415],[0.03229,-0.0010],[0.03289,0.0371],[0.03348,0.0741],[0.03406,0.1114],[0.03464,0.1539],[0.03515,0.1799],[0.03573,0.2017],[0.03634,0.2249],[0.03696,0.2515],[0.03748,0.2904],[0.03811,0.3122],[0.03894,0.3230],[0.03974,0.3400],[0.04034,0.3725],[0.04112,0.3924],[0.04228,0.3954],[0.04324,0.4127],[0.04374,0.4498],[0.04531,0.4424],[0.04656,0.4529],[0.04659,0.5038],[0.04793,0.5036],[0.04830,0.5276],[0.04727,0.5779],[0.04708,0.6081],[0.04838,0.6122],[0.04909,0.6279],[0.04927,0.6520],[0.04831,0.6916],[0.04502,0.7704],[0.03909,0.8845],[0.03675,0.9362],[0.03643,0.9543],[0.03560,0.9843],[0.03519,1.0106],[0.03523,1.0324],[0.03610,1.0410],[0.03699,1.0537],[0.03785,1.0713],[0.03904,1.0844],[0.04066,1.0909],[0.04226,1.1016],[0.04359,1.1217],[0.04573,1.1158],[0.04755,1.1333],[0.05035,1.1156],[0.05168,1.1520],[0.05496,1.1209],[0.05852,1.0820],[0.06349,1.0337],[0.07133,0.9703],],[[0.09595,-0.4089],[0.09178,-0.4779],[0.08803,-0.4523],[0.08582,-0.4324],[0.08270,-0.4470],[0.07999,-0.5400],[0.05824,-0.7113],[0.05505,-0.7138],[0.05162,-0.7226],[0.04530,-0.7599],[0.04274,-0.7581],[0.04046,-0.7488],[0.03899,-0.7383],[0.03703,-0.7303],[0.03514,-0.7206],[0.03352,-0.7090],[0.03221,-0.6968],[0.03104,-0.6762],[0.02917,-0.6364],[0.02829,-0.5961],[0.02713,-0.5578],[0.02647,-0.5132],[0.02566,-0.4791],[0.02504,-0.4389],[0.02447,-0.4013],[0.02391,-0.3665],[0.02318,-0.3273],[0.02217,-0.3020],[0.02031,-0.2775],[0.01987,-0.2000],[0.02063,-0.1362],[0.02147,-0.0473],[0.02201,0.0466],[0.02196,0.1638],[0.02126,0.2589],[0.02021,0.3467],[0.01936,0.4088],[0.01895,0.4393],[0.01862,0.4672],[0.01835,0.4934],[0.01809,0.5193],[0.01801,0.5380],[0.01797,0.5567],[0.01794,0.5756],[0.01793,0.5950],[0.01792,0.6157],[0.01785,0.6385],[0.01784,0.6588],[0.01789,0.6776],[0.01792,0.6970],[0.01798,0.7168],[0.01803,0.7371],[0.01811,0.7584],[0.01817,0.7817],[0.01833,0.8000],[0.01850,0.8183],[0.01868,0.8370],[0.01888,0.8563],[0.01906,0.8767],[0.01920,0.8966],[0.01932,0.9155],[0.01946,0.9325],[0.01961,0.9486],[0.01978,0.9644],[0.01996,0.9797],[0.02013,0.9944],[0.02034,1.0055],[0.02056,1.0157],[0.02081,1.0255],[0.02119,1.0313],[0.02169,1.0360],[0.02233,1.0398],[0.02305,1.0425],[0.02384,1.0468],[0.02466,1.0516],[0.02552,1.0577],[0.02643,1.0662],[0.02737,1.0764],[0.02840,1.0894],[0.02962,1.1100],[0.03073,1.1275],[0.03224,1.1550],[0.03347,1.1720],[0.03532,1.2088],[0.03650,1.2149],[0.03789,1.2271],[0.03956,1.2536],[0.04152,1.2665],[0.04291,1.2633],[0.04422,1.2643],[0.04595,1.2935],[0.04708,1.2743],[0.04841,1.2593],[0.04945,1.2590],[0.05088,1.2763],[0.05300,1.2552],[0.05545,1.2366],[0.05766,1.2274],[0.05821,1.2558],[0.06167,1.2273],[0.06585,1.1969],[0.07087,1.1642],[0.07720,1.1268],[0.08548,1.0820],[0.09601,1.0300],[0.08779,1.1034],[0.09697,1.0594],[0.18543,0.7146],],[[0.06328,-0.6678],[0.05982,-0.6951],[0.05693,-0.7177],[0.05480,-0.7458],[0.05229,-0.7710],[0.05006,-0.7988],[0.04793,-0.8222],[0.04575,-0.8402],[0.04044,-0.8622],[0.03866,-0.8590],[0.03834,-0.8453],[0.03696,-0.8322],[0.03460,-0.8059],[0.03229,-0.7816],[0.03071,-0.7523],[0.02859,-0.7235],[0.02749,-0.6917],[0.02633,-0.6553],[0.02558,-0.6269],[0.02386,-0.5932],[0.02284,-0.5540],[0.02213,-0.5236],[0.02107,-0.4890],[0.02004,-0.4492],[0.01921,-0.4065],[0.01846,-0.3838],[0.01771,-0.3441],[0.01699,-0.3009],[0.01648,-0.2761],[0.01586,-0.2365],[0.01523,-0.1948],[0.01465,-0.1739],[0.01349,-0.1462],[0.01272,-0.1337],[0.01195,-0.1088],[0.01151,-0.0916],[0.01108,-0.0491],[0.01112,-0.0028],[0.01121,0.0467],[0.01142,0.0834],[0.01172,0.1306],[0.01195,0.1712],[0.01231,0.2274],[0.01259,0.2716],[0.01282,0.3173],[0.01292,0.3670],[0.01303,0.4021],[0.01299,0.4509],[0.01301,0.4896],[0.01290,0.5356],[0.01277,0.5770],[0.01266,0.6157],[0.01247,0.6557],[0.01243,0.6845],[0.01250,0.7037],[0.01260,0.7234],[0.01268,0.7422],[0.01278,0.7613],[0.01290,0.7807],[0.01303,0.8004],[0.01313,0.8187],[0.01323,0.8364],[0.01335,0.8543],[0.01348,0.8722],[0.01363,0.8902],[0.01378,0.9078],[0.01395,0.9252],[0.01412,0.9418],[0.01429,0.9580],[0.01449,0.9735],[0.01472,0.9882],[0.01498,1.0014],[0.01526,1.0138],[0.01561,1.0238],[0.01603,1.0319],[0.01654,1.0372],[0.01712,1.0404],[0.01776,1.0425],[0.01843,1.0427],[0.01905,1.0410],[0.01970,1.0413],[0.02048,1.0418],[0.02125,1.0458],[0.02210,1.0516],[0.02289,1.0594],[0.02386,1.0686],[0.02457,1.0793],[0.02541,1.0899],[0.02637,1.1036],[0.02713,1.1155],[0.02794,1.1279],[0.02887,1.1412],[0.02983,1.1542],[0.03069,1.1621],[0.03158,1.1700],[0.03262,1.1831],[0.03372,1.1902],[0.03483,1.1963],[0.03595,1.2030],[0.03714,1.2121],[0.03849,1.2213],[0.03998,1.2246],[0.04147,1.2290],[0.04298,1.2336],[0.04450,1.2427],[0.04658,1.2414],[0.04873,1.2403],[0.05077,1.2415],[0.05287,1.2439],[0.05588,1.2381],[0.05880,1.2341],[0.06137,1.2335],[0.06556,1.2226],[0.06914,1.2170],[0.07273,1.2114],[0.07727,1.2012],[0.08137,1.1946],[0.08474,1.1916],[0.09009,1.1786],[0.09466,1.1706],[0.09902,1.1643],[0.10251,1.1618],[0.10798,1.1501],],[[0.08089,-0.8467],[0.06962,-0.8886],[0.06120,-0.9189],[0.05477,-0.9417],[0.04928,-0.9629],[0.04483,-0.9806],[0.04174,-0.9895],[0.03994,-0.9886],[0.03818,-0.9892],[0.03693,-0.9866],[0.03507,-0.9914],[0.03376,-0.9927],[0.03249,-0.9945],[0.03131,-0.9969],[0.03034,-0.9996],[0.02959,-1.0038],[0.02895,-1.0097],[0.02741,-1.0188],[0.02659,-1.0198],[0.02610,-1.0205],[0.02588,-1.0198],[0.02513,-0.9960],[0.02427,-0.9658],[0.02346,-0.9347],[0.02200,-0.9081],[0.02127,-0.8756],[0.02065,-0.8409],[0.02000,-0.8085],[0.01944,-0.7800],[0.01828,-0.7500],[0.01775,-0.7158],[0.01720,-0.6804],[0.01674,-0.6547],[0.01616,-0.6223],[0.01539,-0.5894],[0.01495,-0.5525],[0.01455,-0.5206],[0.01400,-0.4919],[0.01359,-0.4578],[0.01324,-0.4210],[0.01282,-0.3973],[0.01246,-0.3653],[0.01229,-0.3366],[0.01179,-0.3120],[0.01153,-0.2851],[0.01137,-0.2595],[0.01096,-0.2362],[0.01074,-0.2127],[0.01057,-0.1875],[0.01030,-0.1649],[0.01011,-0.1410],[0.00987,-0.1173],[0.00955,-0.0964],[0.00927,-0.0737],[0.00897,-0.0526],[0.00845,-0.0358],[0.00809,-0.0174],[0.00781,0.0018],[0.00753,0.0196],[0.00724,0.0359],[0.00697,0.0520],[0.00674,0.0707],[0.00671,0.0974],[0.00679,0.1271],[0.00692,0.1581],[0.00706,0.1898],[0.00722,0.2191],[0.00741,0.2504],[0.00769,0.2882],[0.00797,0.3246],[0.00815,0.3577],[0.00840,0.4004],[0.00867,0.4413],[0.00888,0.4662],[0.00903,0.5061],[0.00920,0.5452],[0.00941,0.5832],[0.00958,0.6094],[0.00973,0.6505],[0.00990,0.6920],[0.01006,0.7278],[0.01021,0.7604],[0.01030,0.7965],[0.01042,0.8300],[0.01055,0.8614],[0.01072,0.8918],[0.01084,0.9249],[0.01100,0.9570],[0.01121,0.9848],[0.01148,1.0006],[0.01178,1.0157],[0.01221,1.0277],[0.01277,1.0368],[0.01325,1.0469],[0.01365,1.0578],[0.01408,1.0673],[0.01437,1.0792],[0.01481,1.0864],[0.01506,1.0979],[0.01549,1.1022],[0.01570,1.1086],[0.01605,1.1103],[0.01637,1.1166],[0.01676,1.1232],[0.01727,1.1288],[0.01766,1.1393],[0.01820,1.1473],[0.01893,1.1523],[0.01940,1.1645],[0.02000,1.1750],[0.02072,1.1840],[0.02172,1.1887],[0.02245,1.1997],[0.02317,1.2116],[0.02398,1.2225],[0.02496,1.2313],[0.02629,1.2357],[0.02733,1.2453],[0.02822,1.2576],[0.02921,1.2690],[0.03042,1.2780],[0.03199,1.2828],[0.03350,1.2892],[0.03453,1.3021],[0.03586,1.3118],[0.03771,1.3161],[0.03911,1.3261],[0.04099,1.3314],[0.04291,1.3369],[0.04534,1.3378],[0.04830,1.3343],[0.05170,1.3279],[0.05504,1.3231],[0.05879,1.3153],[0.06252,1.3088],[0.06636,1.3022],[0.07055,1.2936],[0.07480,1.2853],[0.07984,1.2722],[0.08511,1.2582],],[[0.13161,-0.8456],[0.11607,-0.9047],[0.10347,-0.9529],[0.09146,-1.0010],[0.07908,-1.0526],[0.06853,-1.0935],[0.06002,-1.1238],[0.05345,-1.1437],[0.04773,-1.1605],[0.04405,-1.1649],[0.04016,-1.1743],[0.03762,-1.1743],[0.03435,-1.1856],[0.03200,-1.1903],[0.03024,-1.1904],[0.02883,-1.1873],[0.02792,-1.1783],[0.02687,-1.1727],[0.02594,-1.1663],[0.02518,-1.1581],[0.02444,-1.1508],[0.02387,-1.1415],[0.02328,-1.1338],[0.02222,-1.1393],[0.02155,-1.1412],[0.02113,-1.1428],[0.02085,-1.1455],[0.02054,-1.1363],[0.01995,-1.1062],[0.01955,-1.0747],[0.01912,-1.0428],[0.01812,-1.0166],[0.01747,-0.9891],[0.01697,-0.9582],[0.01650,-0.9250],[0.01606,-0.8904],[0.01573,-0.8606],[0.01483,-0.8352],[0.01429,-0.8044],[0.01385,-0.7713],[0.01350,-0.7429],[0.01316,-0.7102],[0.01257,-0.6763],[0.01209,-0.6434],[0.01176,-0.6122],[0.01142,-0.5773],[0.01117,-0.5485],[0.01075,-0.5196],[0.01052,-0.4946],[0.01009,-0.4442],[0.00992,-0.4184],[0.00977,-0.3948],[0.00960,-0.3701],[0.00953,-0.3451],[0.00935,-0.3212],[0.00924,-0.2965],[0.00916,-0.2714],[0.00903,-0.2469],[0.00885,-0.2235],[0.00873,-0.1991],[0.00864,-0.1747],[0.00856,-0.1502],[0.00841,-0.1268],[0.00830,-0.1031],[0.00821,-0.0788],[0.00805,-0.0557],[0.00774,-0.0352],[0.00762,-0.0123],[0.00750,0.0103],[0.00729,0.0312],[0.00690,0.0483],[0.00674,0.0693],[0.00656,0.0899],[0.00634,0.1087],[0.00613,0.1260],[0.00593,0.1421],[0.00574,0.1576],[0.00563,0.1779],[0.00564,0.2015],[0.00567,0.2288],[0.00574,0.2560],[0.00583,0.2822],[0.00593,0.3120],[0.00606,0.3454],[0.00617,0.3699],[0.00632,0.4071],[0.00648,0.4389],[0.00662,0.4649],[0.00682,0.5036],[0.00703,0.5401],[0.00725,0.5742],[0.00748,0.6088],[0.00770,0.6327],[0.00800,0.6717],[0.00825,0.7090],[0.00877,0.7798],[0.00901,0.8101],[0.00926,0.8329],[0.00952,0.8660],[0.00995,0.8961],[0.01057,0.9229],[0.01096,0.9512],[0.01125,0.9794],[0.01155,1.0058],[0.01178,1.0350],[0.01206,1.0653],[0.01230,1.0957],[0.01262,1.1245],[0.01298,1.1526],[0.01331,1.1693],[0.01358,1.1801],[0.01386,1.1893],[0.01418,1.1950],[0.01437,1.1973],[0.01458,1.2019],[0.01485,1.2078],[0.01519,1.2146],[0.01562,1.2212],[0.01599,1.2312],[0.01632,1.2438],[0.01673,1.2556],[0.01721,1.2666],[0.01777,1.2768],[0.01841,1.2864],[0.01886,1.3008],[0.01942,1.3137],[0.02008,1.3255],[0.02087,1.3356],[0.02160,1.3476],[0.02231,1.3604],[0.02326,1.3700],[0.02422,1.3801],[0.02542,1.3874],[0.02693,1.3909],[0.02887,1.3899],[0.03081,1.3902],[0.03298,1.3891],[0.03517,1.3890],[0.03747,1.3887],[0.03947,1.3926],[0.04189,1.3930],[0.04467,1.3907],[0.04742,1.3895],[0.05079,1.3836],[0.05399,1.3802],[0.05705,1.3783],[0.06045,1.3743],[0.06393,1.3703],[0.06778,1.3639],[0.07156,1.3585],[0.07608,1.3484],[0.08084,1.3375],[0.08563,1.3268],],],
{"title":"Cl v Cd","sortData":false,"legend":{"show":false,"placement":"insideGrid","location":"ne"},"series":[{"showLabel":true,"index":0,"showLine":true,"trendline":{"type":"none","show":false},"color":"#4bb2c5"},{"showLabel":true,"index":0,"showLine":true,"trendline":{"type":"none","show":false},"color":"#EAA228"},{"showLabel":true,"index":0,"showLine":true,"trendline":{"type":"none","show":false},"color":"#839557"},{"showLabel":true,"index":0,"showLine":true,"trendline":{"type":"none","show":false},"color":"#953579"},{"showLabel":true,"index":0,"showLine":true,"trendline":{"type":"none","show":false},"color":"#d8b83f"}],"show":"$.jqplot.config.enablePlugins","axes":{"xaxis":{"max":0.2,"min":0,"tickInterval":0.02,"tickOptions":{"formatString":"%.2f"},"forceTickAt0":true,"rendererOptions":{"forceTickAt0":true}},"yaxis":{"max":1.5,"min":-1.5,"tickInterval":0.5,"tickOptions":{"formatString":"%.2f"},"forceTickAt0":true,"rendererOptions":{"forceTickAt0":true}}},"seriesDefaults":{"lineWidth":1,"showLabel":true,"markerOptions":{"size":5,"show":false}}});
jqplots.push(p);

var p = $.jqplot('liftaoa',[[[-9.500,-0.3498],[-9.250,-0.3566],[-9.000,-0.3695],[-8.750,-0.3629],[-8.500,-0.3578],[-8.250,-0.3517],[-8.000,-0.3314],[-7.750,-0.3455],[-7.500,-0.6469],[-7.250,-0.6501],[-7.000,-0.6588],[-6.750,-0.6731],[-6.500,-0.6869],[-6.250,-0.6844],[-6.000,-0.6753],[-5.750,-0.6652],[-5.500,-0.6559],[-5.250,-0.6451],[-5.000,-0.6337],[-4.750,-0.6186],[-4.500,-0.6025],[-4.250,-0.5869],[-4.000,-0.5693],[-3.750,-0.5513],[-3.500,-0.5326],[-3.250,-0.5124],[-3.000,-0.4898],[-2.750,-0.4657],[-2.500,-0.4442],[-2.250,-0.1422],[-2.000,-0.1525],[-1.750,-0.1586],[-1.500,-0.1614],[-1.250,-0.1347],[-1.000,-0.0850],[-0.750,-0.0415],[-0.500,-0.0010],[-0.250,0.0371],[0.000,0.0741],[0.250,0.1114],[0.500,0.1539],[0.750,0.1799],[1.000,0.2017],[1.250,0.2249],[1.500,0.2515],[1.750,0.2904],[2.000,0.3122],[2.250,0.3230],[2.500,0.3400],[2.750,0.3725],[3.000,0.3924],[3.250,0.3954],[3.500,0.4127],[3.750,0.4498],[4.000,0.4424],[4.250,0.4529],[4.500,0.5038],[4.750,0.5036],[5.000,0.5276],[5.250,0.5779],[5.500,0.6081],[5.750,0.6122],[6.000,0.6279],[6.250,0.6520],[6.500,0.6916],[6.750,0.7704],[7.000,0.8845],[7.250,0.9362],[7.500,0.9543],[7.750,0.9843],[8.000,1.0106],[8.250,1.0324],[8.500,1.0410],[8.750,1.0537],[9.000,1.0713],[9.250,1.0844],[9.500,1.0909],[9.750,1.1016],[10.000,1.1217],[10.250,1.1158],[10.500,1.1333],[10.750,1.1156],[11.000,1.1520],[11.250,1.1209],[11.500,1.0820],[11.750,1.0337],[12.000,0.9703],],[[-9.750,-0.4089],[-9.500,-0.4779],[-9.250,-0.4523],[-9.000,-0.4324],[-8.750,-0.4470],[-8.500,-0.5400],[-8.250,-0.7113],[-8.000,-0.7138],[-7.750,-0.7226],[-7.500,-0.7599],[-7.250,-0.7581],[-7.000,-0.7488],[-6.750,-0.7383],[-6.500,-0.7303],[-6.250,-0.7206],[-6.000,-0.7090],[-5.750,-0.6968],[-5.500,-0.6762],[-5.250,-0.6364],[-5.000,-0.5961],[-4.750,-0.5578],[-4.500,-0.5132],[-4.250,-0.4791],[-4.000,-0.4389],[-3.750,-0.4013],[-3.500,-0.3665],[-3.250,-0.3273],[-3.000,-0.3020],[-2.750,-0.2775],[-2.500,-0.2000],[-2.250,-0.1362],[-2.000,-0.0473],[-1.750,0.0466],[-1.500,0.1638],[-1.250,0.2589],[-1.000,0.3467],[-0.750,0.4088],[-0.500,0.4393],[-0.250,0.4672],[0.000,0.4934],[0.250,0.5193],[0.500,0.5380],[0.750,0.5567],[1.000,0.5756],[1.250,0.5950],[1.500,0.6157],[1.750,0.6385],[2.000,0.6588],[2.250,0.6776],[2.500,0.6970],[2.750,0.7168],[3.000,0.7371],[3.250,0.7584],[3.500,0.7817],[3.750,0.8000],[4.000,0.8183],[4.250,0.8370],[4.500,0.8563],[4.750,0.8767],[5.000,0.8966],[5.250,0.9155],[5.500,0.9325],[5.750,0.9486],[6.000,0.9644],[6.250,0.9797],[6.500,0.9944],[6.750,1.0055],[7.000,1.0157],[7.250,1.0255],[7.500,1.0313],[7.750,1.0360],[8.000,1.0398],[8.250,1.0425],[8.500,1.0468],[8.750,1.0516],[9.000,1.0577],[9.250,1.0662],[9.500,1.0764],[9.750,1.0894],[10.000,1.1100],[10.250,1.1275],[10.500,1.1550],[10.750,1.1720],[11.000,1.2088],[11.250,1.2149],[11.500,1.2271],[11.750,1.2536],[12.000,1.2665],[12.250,1.2633],[12.500,1.2643],[12.750,1.2935],[13.000,1.2743],[13.250,1.2593],[13.500,1.2590],[13.750,1.2763],[14.000,1.2552],[14.250,1.2366],[14.500,1.2274],[14.750,1.2558],[15.000,1.2273],[15.250,1.1969],[15.500,1.1642],[15.750,1.1268],[16.000,1.0820],[16.250,1.0300],[16.500,1.1034],[16.750,1.0594],[17.000,0.7146],],[[-11.500,-0.6678],[-11.250,-0.6951],[-11.000,-0.7177],[-10.750,-0.7458],[-10.500,-0.7710],[-10.250,-0.7988],[-10.000,-0.8222],[-9.750,-0.8402],[-9.250,-0.8622],[-9.000,-0.8590],[-8.750,-0.8453],[-8.500,-0.8322],[-8.250,-0.8059],[-8.000,-0.7816],[-7.750,-0.7523],[-7.500,-0.7235],[-7.250,-0.6917],[-7.000,-0.6553],[-6.750,-0.6269],[-6.500,-0.5932],[-6.250,-0.5540],[-6.000,-0.5236],[-5.750,-0.4890],[-5.500,-0.4492],[-5.250,-0.4065],[-5.000,-0.3838],[-4.750,-0.3441],[-4.500,-0.3009],[-4.250,-0.2761],[-4.000,-0.2365],[-3.750,-0.1948],[-3.500,-0.1739],[-3.250,-0.1462],[-3.000,-0.1337],[-2.750,-0.1088],[-2.500,-0.0916],[-2.250,-0.0491],[-2.000,-0.0028],[-1.750,0.0467],[-1.500,0.0834],[-1.250,0.1306],[-1.000,0.1712],[-0.750,0.2274],[-0.500,0.2716],[-0.250,0.3173],[0.000,0.3670],[0.250,0.4021],[0.500,0.4509],[0.750,0.4896],[1.000,0.5356],[1.250,0.5770],[1.500,0.6157],[1.750,0.6557],[2.000,0.6845],[2.250,0.7037],[2.500,0.7234],[2.750,0.7422],[3.000,0.7613],[3.250,0.7807],[3.500,0.8004],[3.750,0.8187],[4.000,0.8364],[4.250,0.8543],[4.500,0.8722],[4.750,0.8902],[5.000,0.9078],[5.250,0.9252],[5.500,0.9418],[5.750,0.9580],[6.000,0.9735],[6.250,0.9882],[6.500,1.0014],[6.750,1.0138],[7.000,1.0238],[7.250,1.0319],[7.500,1.0372],[7.750,1.0404],[8.000,1.0425],[8.250,1.0427],[8.500,1.0410],[8.750,1.0413],[9.000,1.0418],[9.250,1.0458],[9.500,1.0516],[9.750,1.0594],[10.000,1.0686],[10.250,1.0793],[10.500,1.0899],[10.750,1.1036],[11.000,1.1155],[11.250,1.1279],[11.500,1.1412],[11.750,1.1542],[12.000,1.1621],[12.250,1.1700],[12.500,1.1831],[12.750,1.1902],[13.000,1.1963],[13.250,1.2030],[13.500,1.2121],[13.750,1.2213],[14.000,1.2246],[14.250,1.2290],[14.500,1.2336],[14.750,1.2427],[15.000,1.2414],[15.250,1.2403],[15.500,1.2415],[15.750,1.2439],[16.000,1.2381],[16.250,1.2341],[16.500,1.2335],[16.750,1.2226],[17.000,1.2170],[17.250,1.2114],[17.500,1.2012],[17.750,1.1946],[18.000,1.1916],[18.250,1.1786],[18.500,1.1706],[18.750,1.1643],[19.000,1.1618],[19.250,1.1501],],[[-16.250,-0.8467],[-16.000,-0.8886],[-15.750,-0.9189],[-15.500,-0.9417],[-15.250,-0.9629],[-15.000,-0.9806],[-14.750,-0.9895],[-14.500,-0.9886],[-14.250,-0.9892],[-14.000,-0.9866],[-13.750,-0.9914],[-13.500,-0.9927],[-13.250,-0.9945],[-13.000,-0.9969],[-12.750,-0.9996],[-12.500,-1.0038],[-12.250,-1.0097],[-12.000,-1.0188],[-11.750,-1.0198],[-11.500,-1.0205],[-11.250,-1.0198],[-11.000,-0.9960],[-10.750,-0.9658],[-10.500,-0.9347],[-10.250,-0.9081],[-10.000,-0.8756],[-9.750,-0.8409],[-9.500,-0.8085],[-9.250,-0.7800],[-9.000,-0.7500],[-8.750,-0.7158],[-8.500,-0.6804],[-8.250,-0.6547],[-8.000,-0.6223],[-7.750,-0.5894],[-7.500,-0.5525],[-7.250,-0.5206],[-7.000,-0.4919],[-6.750,-0.4578],[-6.500,-0.4210],[-6.250,-0.3973],[-6.000,-0.3653],[-5.750,-0.3366],[-5.500,-0.3120],[-5.250,-0.2851],[-5.000,-0.2595],[-4.750,-0.2362],[-4.500,-0.2127],[-4.250,-0.1875],[-4.000,-0.1649],[-3.750,-0.1410],[-3.500,-0.1173],[-3.250,-0.0964],[-3.000,-0.0737],[-2.750,-0.0526],[-2.500,-0.0358],[-2.250,-0.0174],[-2.000,0.0018],[-1.750,0.0196],[-1.500,0.0359],[-1.250,0.0520],[-1.000,0.0707],[-0.750,0.0974],[-0.500,0.1271],[-0.250,0.1581],[0.000,0.1898],[0.250,0.2191],[0.500,0.2504],[0.750,0.2882],[1.000,0.3246],[1.250,0.3577],[1.500,0.4004],[1.750,0.4413],[2.000,0.4662],[2.250,0.5061],[2.500,0.5452],[2.750,0.5832],[3.000,0.6094],[3.250,0.6505],[3.500,0.6920],[3.750,0.7278],[4.000,0.7604],[4.250,0.7965],[4.500,0.8300],[4.750,0.8614],[5.000,0.8918],[5.250,0.9249],[5.500,0.9570],[5.750,0.9848],[6.000,1.0006],[6.250,1.0157],[6.500,1.0277],[6.750,1.0368],[7.000,1.0469],[7.250,1.0578],[7.500,1.0673],[7.750,1.0792],[8.000,1.0864],[8.250,1.0979],[8.500,1.1022],[8.750,1.1086],[9.000,1.1103],[9.250,1.1166],[9.500,1.1232],[9.750,1.1288],[10.000,1.1393],[10.250,1.1473],[10.500,1.1523],[10.750,1.1645],[11.000,1.1750],[11.250,1.1840],[11.500,1.1887],[11.750,1.1997],[12.000,1.2116],[12.250,1.2225],[12.500,1.2313],[12.750,1.2357],[13.000,1.2453],[13.250,1.2576],[13.500,1.2690],[13.750,1.2780],[14.000,1.2828],[14.250,1.2892],[14.500,1.3021],[14.750,1.3118],[15.000,1.3161],[15.250,1.3261],[15.500,1.3314],[15.750,1.3369],[16.000,1.3378],[16.250,1.3343],[16.500,1.3279],[16.750,1.3231],[17.000,1.3153],[17.250,1.3088],[17.500,1.3022],[17.750,1.2936],[18.000,1.2853],[18.250,1.2722],[18.500,1.2582],],[[-19.250,-0.8456],[-19.000,-0.9047],[-18.750,-0.9529],[-18.500,-1.0010],[-18.250,-1.0526],[-18.000,-1.0935],[-17.750,-1.1238],[-17.500,-1.1437],[-17.250,-1.1605],[-17.000,-1.1649],[-16.750,-1.1743],[-16.500,-1.1743],[-16.250,-1.1856],[-16.000,-1.1903],[-15.750,-1.1904],[-15.500,-1.1873],[-15.250,-1.1783],[-15.000,-1.1727],[-14.750,-1.1663],[-14.500,-1.1581],[-14.250,-1.1508],[-14.000,-1.1415],[-13.750,-1.1338],[-13.500,-1.1393],[-13.250,-1.1412],[-13.000,-1.1428],[-12.750,-1.1455],[-12.500,-1.1363],[-12.250,-1.1062],[-12.000,-1.0747],[-11.750,-1.0428],[-11.500,-1.0166],[-11.250,-0.9891],[-11.000,-0.9582],[-10.750,-0.9250],[-10.500,-0.8904],[-10.250,-0.8606],[-10.000,-0.8352],[-9.750,-0.8044],[-9.500,-0.7713],[-9.250,-0.7429],[-9.000,-0.7102],[-8.750,-0.6763],[-8.500,-0.6434],[-8.250,-0.6122],[-8.000,-0.5773],[-7.750,-0.5485],[-7.500,-0.5196],[-7.250,-0.4946],[-6.750,-0.4442],[-6.500,-0.4184],[-6.250,-0.3948],[-6.000,-0.3701],[-5.750,-0.3451],[-5.500,-0.3212],[-5.250,-0.2965],[-5.000,-0.2714],[-4.750,-0.2469],[-4.500,-0.2235],[-4.250,-0.1991],[-4.000,-0.1747],[-3.750,-0.1502],[-3.500,-0.1268],[-3.250,-0.1031],[-3.000,-0.0788],[-2.750,-0.0557],[-2.500,-0.0352],[-2.250,-0.0123],[-2.000,0.0103],[-1.750,0.0312],[-1.500,0.0483],[-1.250,0.0693],[-1.000,0.0899],[-0.750,0.1087],[-0.500,0.1260],[-0.250,0.1421],[0.000,0.1576],[0.250,0.1779],[0.500,0.2015],[0.750,0.2288],[1.000,0.2560],[1.250,0.2822],[1.500,0.3120],[1.750,0.3454],[2.000,0.3699],[2.250,0.4071],[2.500,0.4389],[2.750,0.4649],[3.000,0.5036],[3.250,0.5401],[3.500,0.5742],[3.750,0.6088],[4.000,0.6327],[4.250,0.6717],[4.500,0.7090],[5.000,0.7798],[5.250,0.8101],[5.500,0.8329],[5.750,0.8660],[6.000,0.8961],[6.250,0.9229],[6.500,0.9512],[6.750,0.9794],[7.000,1.0058],[7.250,1.0350],[7.500,1.0653],[7.750,1.0957],[8.000,1.1245],[8.250,1.1526],[8.500,1.1693],[8.750,1.1801],[9.000,1.1893],[9.250,1.1950],[9.500,1.1973],[9.750,1.2019],[10.000,1.2078],[10.250,1.2146],[10.500,1.2212],[10.750,1.2312],[11.000,1.2438],[11.250,1.2556],[11.500,1.2666],[11.750,1.2768],[12.000,1.2864],[12.250,1.3008],[12.500,1.3137],[12.750,1.3255],[13.000,1.3356],[13.250,1.3476],[13.500,1.3604],[13.750,1.3700],[14.000,1.3801],[14.250,1.3874],[14.500,1.3909],[14.750,1.3899],[15.000,1.3902],[15.250,1.3891],[15.500,1.3890],[15.750,1.3887],[16.000,1.3926],[16.250,1.3930],[16.500,1.3907],[16.750,1.3895],[17.000,1.3836],[17.250,1.3802],[17.500,1.3783],[17.750,1.3743],[18.000,1.3703],[18.250,1.3639],[18.500,1.3585],[18.750,1.3484],[19.000,1.3375],[19.250,1.3268],],],
{"title":"Cl v Alpha","sortData":false,"legend":{"show":false,"placement":"insideGrid","location":"ne"},"series":[{"showLabel":true,"index":0,"showLine":true,"trendline":{"type":"none","show":false},"color":"#4bb2c5"},{"showLabel":true,"index":0,"showLine":true,"trendline":{"type":"none","show":false},"color":"#EAA228"},{"showLabel":true,"index":0,"showLine":true,"trendline":{"type":"none","show":false},"color":"#839557"},{"showLabel":true,"index":0,"showLine":true,"trendline":{"type":"none","show":false},"color":"#953579"},{"showLabel":true,"index":0,"showLine":true,"trendline":{"type":"none","show":false},"color":"#d8b83f"}],"show":"$.jqplot.config.enablePlugins","axes":{"xaxis":{"max":20,"min":-20,"tickInterval":5,"tickOptions":{"formatString":"%.1f"},"forceTickAt0":true,"rendererOptions":{"forceTickAt0":true}},"yaxis":{"max":1.5,"min":-1.5,"tickInterval":0.5,"tickOptions":{"formatString":"%.2f"},"forceTickAt0":true,"rendererOptions":{"forceTickAt0":true}}},"seriesDefaults":{"lineWidth":1,"showLabel":true,"markerOptions":{"size":5,"show":false}}});
jqplots.push(p);

var p = $.jqplot('momentaoa',[[[-9.500,-0.0194],[-9.250,-0.0184],[-9.000,-0.0168],[-8.750,-0.0153],[-8.500,-0.0137],[-8.250,-0.0120],[-8.000,-0.0116],[-7.750,-0.0093],[-7.500,-0.0222],[-7.250,-0.0194],[-7.000,-0.0162],[-6.750,-0.0124],[-6.500,-0.0078],[-6.250,-0.0047],[-6.000,-0.0025],[-5.750,-0.0002],[-5.500,0.0023],[-5.250,0.0047],[-5.000,0.0072],[-4.750,0.0089],[-4.500,0.0106],[-4.250,0.0124],[-4.000,0.0138],[-3.750,0.0151],[-3.500,0.0163],[-3.250,0.0172],[-3.000,0.0176],[-2.750,0.0177],[-2.500,0.0183],[-2.250,-0.0214],[-2.000,-0.0177],[-1.750,-0.0144],[-1.500,-0.0114],[-1.250,-0.0136],[-1.000,-0.0197],[-0.750,-0.0244],[-0.500,-0.0284],[-0.250,-0.0317],[0.000,-0.0346],[0.250,-0.0374],[0.500,-0.0409],[0.750,-0.0416],[1.000,-0.0415],[1.250,-0.0415],[1.500,-0.0420],[1.750,-0.0443],[2.000,-0.0439],[2.250,-0.0419],[2.500,-0.0409],[2.750,-0.0419],[3.000,-0.0412],[3.250,-0.0382],[3.500,-0.0372],[3.750,-0.0386],[4.000,-0.0346],[4.250,-0.0329],[4.500,-0.0354],[4.750,-0.0321],[5.000,-0.0310],[5.250,-0.0318],[5.500,-0.0307],[5.750,-0.0278],[6.000,-0.0258],[6.250,-0.0243],[6.500,-0.0235],[6.750,-0.0258],[7.000,-0.0310],[7.250,-0.0309],[7.500,-0.0278],[7.750,-0.0259],[8.000,-0.0239],[8.250,-0.0217],[8.500,-0.0182],[8.750,-0.0154],[9.000,-0.0133],[9.250,-0.0109],[9.500,-0.0079],[9.750,-0.0055],[10.000,-0.0043],[10.250,0.0000],[10.500,0.0012],[10.750,0.0062],[11.000,0.0053],[11.250,0.0114],[11.500,0.0176],[11.750,0.0223],[12.000,0.0243],],[[-9.750,-0.0353],[-9.500,-0.0414],[-9.250,-0.0382],[-9.000,-0.0355],[-8.750,-0.0354],[-8.500,-0.0333],[-8.250,-0.0264],[-8.000,-0.0233],[-7.750,-0.0193],[-7.500,-0.0110],[-7.250,-0.0075],[-7.000,-0.0054],[-6.750,-0.0031],[-6.500,-0.0003],[-6.250,0.0025],[-6.000,0.0049],[-5.750,0.0074],[-5.500,0.0085],[-5.250,0.0055],[-5.000,0.0027],[-4.750,0.0005],[-4.500,-0.0030],[-4.250,-0.0045],[-4.000,-0.0071],[-3.750,-0.0092],[-3.500,-0.0108],[-3.250,-0.0131],[-3.000,-0.0129],[-2.750,-0.0122],[-2.500,-0.0191],[-2.250,-0.0243],[-2.000,-0.0340],[-1.750,-0.0450],[-1.500,-0.0608],[-1.250,-0.0734],[-1.000,-0.0850],[-0.750,-0.0922],[-0.500,-0.0931],[-0.250,-0.0933],[0.000,-0.0932],[0.250,-0.0928],[0.500,-0.0911],[0.750,-0.0895],[1.000,-0.0878],[1.250,-0.0862],[1.500,-0.0848],[1.750,-0.0836],[2.000,-0.0820],[2.250,-0.0802],[2.500,-0.0784],[2.750,-0.0767],[3.000,-0.0750],[3.250,-0.0736],[3.500,-0.0724],[3.750,-0.0705],[4.000,-0.0685],[4.250,-0.0666],[4.500,-0.0649],[4.750,-0.0633],[5.000,-0.0615],[5.250,-0.0595],[5.500,-0.0573],[5.750,-0.0548],[6.000,-0.0524],[6.250,-0.0498],[6.500,-0.0472],[6.750,-0.0439],[7.000,-0.0404],[7.250,-0.0369],[7.500,-0.0327],[7.750,-0.0284],[8.000,-0.0241],[8.250,-0.0197],[8.500,-0.0157],[8.750,-0.0119],[9.000,-0.0083],[9.250,-0.0053],[9.500,-0.0025],[9.750,-0.0003],[10.000,0.0005],[10.250,0.0018],[10.500,0.0013],[10.750,0.0027],[11.000,0.0006],[11.250,0.0038],[11.500,0.0058],[11.750,0.0054],[12.000,0.0070],[12.250,0.0111],[12.500,0.0146],[12.750,0.0133],[13.000,0.0195],[13.250,0.0244],[13.500,0.0271],[13.750,0.0276],[14.000,0.0318],[14.250,0.0349],[14.500,0.0369],[14.750,0.0368],[15.000,0.0392],[15.250,0.0406],[15.500,0.0409],[15.750,0.0400],[16.000,0.0375],[16.250,0.0331],[16.500,0.0381],[16.750,0.0343],[17.000,-0.0164],],[[-11.500,-0.0697],[-11.250,-0.0671],[-11.000,-0.0632],[-10.750,-0.0570],[-10.500,-0.0512],[-10.250,-0.0444],[-10.000,-0.0378],[-9.750,-0.0317],[-9.250,-0.0217],[-9.000,-0.0186],[-8.750,-0.0167],[-8.500,-0.0152],[-8.250,-0.0162],[-8.000,-0.0165],[-7.750,-0.0174],[-7.500,-0.0186],[-7.250,-0.0198],[-7.000,-0.0218],[-6.750,-0.0220],[-6.500,-0.0235],[-6.250,-0.0260],[-6.000,-0.0266],[-5.750,-0.0280],[-5.500,-0.0306],[-5.250,-0.0335],[-5.000,-0.0327],[-4.750,-0.0350],[-4.500,-0.0382],[-4.250,-0.0375],[-4.000,-0.0399],[-3.750,-0.0426],[-3.500,-0.0411],[-3.250,-0.0413],[-3.000,-0.0382],[-2.750,-0.0371],[-2.500,-0.0344],[-2.250,-0.0363],[-2.000,-0.0391],[-1.750,-0.0425],[-1.500,-0.0433],[-1.250,-0.0462],[-1.000,-0.0479],[-0.750,-0.0529],[-0.500,-0.0555],[-0.250,-0.0585],[0.000,-0.0626],[0.250,-0.0638],[0.500,-0.0680],[0.750,-0.0702],[1.000,-0.0739],[1.250,-0.0767],[1.500,-0.0791],[1.750,-0.0818],[2.000,-0.0823],[2.250,-0.0808],[2.500,-0.0794],[2.750,-0.0777],[3.000,-0.0762],[3.250,-0.0746],[3.500,-0.0731],[3.750,-0.0713],[4.000,-0.0694],[4.250,-0.0675],[4.500,-0.0656],[4.750,-0.0637],[5.000,-0.0618],[5.250,-0.0598],[5.500,-0.0577],[5.750,-0.0555],[6.000,-0.0531],[6.250,-0.0506],[6.500,-0.0479],[6.750,-0.0450],[7.000,-0.0417],[7.250,-0.0381],[7.500,-0.0340],[7.750,-0.0296],[8.000,-0.0250],[8.250,-0.0202],[8.500,-0.0149],[8.750,-0.0102],[9.000,-0.0057],[9.250,-0.0019],[9.500,0.0014],[9.750,0.0043],[10.000,0.0069],[10.250,0.0092],[10.500,0.0114],[10.750,0.0131],[11.000,0.0151],[11.250,0.0169],[11.500,0.0184],[11.750,0.0200],[12.000,0.0220],[12.250,0.0239],[12.500,0.0251],[12.750,0.0269],[13.000,0.0285],[13.250,0.0300],[13.500,0.0312],[13.750,0.0324],[14.000,0.0337],[14.250,0.0348],[14.500,0.0357],[14.750,0.0365],[15.000,0.0373],[15.250,0.0378],[15.500,0.0381],[15.750,0.0386],[16.000,0.0384],[16.250,0.0379],[16.500,0.0378],[16.750,0.0366],[17.000,0.0355],[17.250,0.0347],[17.500,0.0331],[17.750,0.0316],[18.000,0.0308],[18.250,0.0287],[18.500,0.0269],[18.750,0.0251],[19.000,0.0239],[19.250,0.0215],],[[-16.250,-0.0598],[-16.000,-0.0677],[-15.750,-0.0735],[-15.500,-0.0773],[-15.250,-0.0801],[-15.000,-0.0812],[-14.750,-0.0811],[-14.500,-0.0804],[-14.250,-0.0793],[-14.000,-0.0779],[-13.750,-0.0757],[-13.500,-0.0731],[-13.250,-0.0701],[-13.000,-0.0665],[-12.750,-0.0625],[-12.500,-0.0577],[-12.250,-0.0523],[-12.000,-0.0467],[-11.750,-0.0421],[-11.500,-0.0375],[-11.250,-0.0330],[-11.000,-0.0331],[-10.750,-0.0343],[-10.500,-0.0357],[-10.250,-0.0364],[-10.000,-0.0380],[-9.750,-0.0399],[-9.500,-0.0412],[-9.250,-0.0416],[-9.000,-0.0426],[-8.750,-0.0443],[-8.500,-0.0462],[-8.250,-0.0459],[-8.000,-0.0470],[-7.750,-0.0484],[-7.500,-0.0504],[-7.250,-0.0514],[-7.000,-0.0517],[-6.750,-0.0531],[-6.500,-0.0550],[-6.250,-0.0542],[-6.000,-0.0551],[-5.750,-0.0553],[-5.500,-0.0547],[-5.250,-0.0544],[-5.000,-0.0538],[-4.750,-0.0529],[-4.500,-0.0519],[-4.250,-0.0513],[-4.000,-0.0501],[-3.750,-0.0491],[-3.500,-0.0481],[-3.250,-0.0467],[-3.000,-0.0455],[-2.750,-0.0441],[-2.500,-0.0419],[-2.250,-0.0399],[-2.000,-0.0380],[-1.750,-0.0358],[-1.500,-0.0332],[-1.250,-0.0304],[-1.000,-0.0281],[-0.750,-0.0274],[-0.500,-0.0274],[-0.250,-0.0278],[0.000,-0.0283],[0.250,-0.0283],[0.500,-0.0288],[0.750,-0.0306],[1.000,-0.0322],[1.250,-0.0331],[1.500,-0.0361],[1.750,-0.0387],[2.000,-0.0379],[2.250,-0.0404],[2.500,-0.0428],[2.750,-0.0450],[3.000,-0.0445],[3.250,-0.0474],[3.500,-0.0504],[3.750,-0.0521],[4.000,-0.0533],[4.250,-0.0552],[4.500,-0.0566],[4.750,-0.0576],[5.000,-0.0584],[5.250,-0.0598],[5.500,-0.0610],[5.750,-0.0614],[6.000,-0.0592],[6.250,-0.0569],[6.500,-0.0541],[6.750,-0.0508],[7.000,-0.0476],[7.250,-0.0445],[7.500,-0.0412],[7.750,-0.0383],[8.000,-0.0345],[8.250,-0.0315],[8.500,-0.0272],[8.750,-0.0231],[9.000,-0.0183],[9.250,-0.0144],[9.500,-0.0107],[9.750,-0.0069],[10.000,-0.0041],[10.250,-0.0011],[10.500,0.0023],[10.750,0.0045],[11.000,0.0068],[11.250,0.0092],[11.500,0.0119],[11.750,0.0138],[12.000,0.0155],[12.250,0.0171],[12.500,0.0188],[12.750,0.0208],[13.000,0.0222],[13.250,0.0232],[13.500,0.0243],[13.750,0.0253],[14.000,0.0265],[14.250,0.0275],[14.500,0.0280],[14.750,0.0286],[15.000,0.0292],[15.250,0.0296],[15.500,0.0299],[15.750,0.0302],[16.000,0.0304],[16.250,0.0305],[16.500,0.0304],[16.750,0.0301],[17.000,0.0296],[17.250,0.0289],[17.500,0.0281],[17.750,0.0271],[18.000,0.0259],[18.250,0.0243],[18.500,0.0225],],[[-19.250,-0.0285],[-19.000,-0.0371],[-18.750,-0.0443],[-18.500,-0.0511],[-18.250,-0.0583],[-18.000,-0.0646],[-17.750,-0.0699],[-17.500,-0.0740],[-17.250,-0.0773],[-17.000,-0.0791],[-16.750,-0.0805],[-16.500,-0.0810],[-16.250,-0.0808],[-16.000,-0.0799],[-15.750,-0.0786],[-15.500,-0.0770],[-15.250,-0.0755],[-15.000,-0.0735],[-14.750,-0.0714],[-14.500,-0.0691],[-14.250,-0.0666],[-14.000,-0.0641],[-13.750,-0.0613],[-13.500,-0.0564],[-13.250,-0.0516],[-13.000,-0.0465],[-12.750,-0.0410],[-12.500,-0.0379],[-12.250,-0.0390],[-12.000,-0.0402],[-11.750,-0.0415],[-11.500,-0.0421],[-11.250,-0.0426],[-11.000,-0.0436],[-10.750,-0.0451],[-10.500,-0.0468],[-10.250,-0.0474],[-10.000,-0.0475],[-9.750,-0.0484],[-9.500,-0.0498],[-9.250,-0.0501],[-9.000,-0.0513],[-8.750,-0.0529],[-8.500,-0.0542],[-8.250,-0.0551],[-8.000,-0.0567],[-7.750,-0.0570],[-7.500,-0.0574],[-7.250,-0.0568],[-6.750,-0.0557],[-6.500,-0.0552],[-6.250,-0.0543],[-6.000,-0.0536],[-5.750,-0.0529],[-5.500,-0.0520],[-5.250,-0.0512],[-5.000,-0.0506],[-4.750,-0.0497],[-4.500,-0.0487],[-4.250,-0.0479],[-4.000,-0.0471],[-3.750,-0.0462],[-3.500,-0.0452],[-3.250,-0.0442],[-3.000,-0.0433],[-2.750,-0.0423],[-2.500,-0.0408],[-2.250,-0.0397],[-2.000,-0.0385],[-1.750,-0.0370],[-1.500,-0.0349],[-1.250,-0.0334],[-1.000,-0.0318],[-0.750,-0.0299],[-0.500,-0.0276],[-0.250,-0.0250],[0.000,-0.0221],[0.250,-0.0202],[0.500,-0.0191],[0.750,-0.0188],[1.000,-0.0185],[1.250,-0.0180],[1.500,-0.0183],[1.750,-0.0194],[2.000,-0.0185],[2.250,-0.0205],[2.500,-0.0213],[2.750,-0.0207],[3.000,-0.0231],[3.250,-0.0250],[3.500,-0.0264],[3.750,-0.0279],[4.000,-0.0270],[4.250,-0.0295],[4.500,-0.0317],[5.000,-0.0352],[5.250,-0.0359],[5.500,-0.0350],[5.750,-0.0364],[6.000,-0.0373],[6.250,-0.0377],[6.500,-0.0382],[6.750,-0.0386],[7.000,-0.0386],[7.250,-0.0392],[7.500,-0.0402],[7.750,-0.0411],[8.000,-0.0417],[8.250,-0.0423],[8.500,-0.0404],[8.750,-0.0373],[9.000,-0.0338],[9.250,-0.0297],[9.500,-0.0248],[9.750,-0.0204],[10.000,-0.0163],[10.250,-0.0126],[10.500,-0.0089],[10.750,-0.0060],[11.000,-0.0036],[11.250,-0.0011],[11.500,0.0013],[11.750,0.0038],[12.000,0.0062],[12.250,0.0079],[12.500,0.0097],[12.750,0.0115],[13.000,0.0133],[13.250,0.0149],[13.500,0.0163],[13.750,0.0178],[14.000,0.0193],[14.250,0.0208],[14.500,0.0224],[14.750,0.0241],[15.000,0.0255],[15.250,0.0267],[15.500,0.0277],[15.750,0.0284],[16.000,0.0289],[16.250,0.0292],[16.500,0.0294],[16.750,0.0295],[17.000,0.0293],[17.250,0.0290],[17.500,0.0285],[17.750,0.0279],[18.000,0.0272],[18.250,0.0263],[18.500,0.0253],[18.750,0.0240],[19.000,0.0224],[19.250,0.0208],],],
{"title":"Cm v Alpha","sortData":false,"legend":{"show":false,"placement":"insideGrid","location":"ne"},"series":[{"showLabel":true,"index":0,"showLine":true,"trendline":{"type":"none","show":false},"color":"#4bb2c5"},{"showLabel":true,"index":0,"showLine":true,"trendline":{"type":"none","show":false},"color":"#EAA228"},{"showLabel":true,"index":0,"showLine":true,"trendline":{"type":"none","show":false},"color":"#839557"},{"showLabel":true,"index":0,"showLine":true,"trendline":{"type":"none","show":false},"color":"#953579"},{"showLabel":true,"index":0,"showLine":true,"trendline":{"type":"none","show":false},"color":"#d8b83f"}],"show":"$.jqplot.config.enablePlugins","axes":{"xaxis":{"max":20,"min":-20,"tickInterval":5,"tickOptions":{"formatString":"%.1f"},"forceTickAt0":true,"rendererOptions":{"forceTickAt0":true}},"yaxis":{"max":0.06,"min":-0.1,"tickInterval":0.02,"tickOptions":{"formatString":"%.2f"},"forceTickAt0":true,"rendererOptions":{"forceTickAt0":true}}},"seriesDefaults":{"lineWidth":1,"showLabel":true,"markerOptions":{"size":5,"show":false}}});
jqplots.push(p);

var p = $.jqplot('dragaoa',[[[-9.500,0.10590],[-9.250,0.10371],[-9.000,0.10229],[-8.750,0.09961],[-8.500,0.09691],[-8.250,0.09415],[-8.000,0.08997],[-7.750,0.08808],[-7.500,0.06502],[-7.250,0.06162],[-7.000,0.05812],[-6.750,0.05421],[-6.500,0.05085],[-6.250,0.04808],[-6.000,0.04553],[-5.750,0.04353],[-5.500,0.04147],[-5.250,0.03950],[-5.000,0.03788],[-4.750,0.03621],[-4.500,0.03489],[-4.250,0.03362],[-4.000,0.03249],[-3.750,0.03140],[-3.500,0.03048],[-3.250,0.02961],[-3.000,0.02877],[-2.750,0.02804],[-2.500,0.02715],[-2.250,0.02974],[-2.000,0.02960],[-1.750,0.02960],[-1.500,0.02973],[-1.250,0.03027],[-1.000,0.03100],[-0.750,0.03166],[-0.500,0.03229],[-0.250,0.03289],[0.000,0.03348],[0.250,0.03406],[0.500,0.03464],[0.750,0.03515],[1.000,0.03573],[1.250,0.03634],[1.500,0.03696],[1.750,0.03748],[2.000,0.03811],[2.250,0.03894],[2.500,0.03974],[2.750,0.04034],[3.000,0.04112],[3.250,0.04228],[3.500,0.04324],[3.750,0.04374],[4.000,0.04531],[4.250,0.04656],[4.500,0.04659],[4.750,0.04793],[5.000,0.04830],[5.250,0.04727],[5.500,0.04708],[5.750,0.04838],[6.000,0.04909],[6.250,0.04927],[6.500,0.04831],[6.750,0.04502],[7.000,0.03909],[7.250,0.03675],[7.500,0.03643],[7.750,0.03560],[8.000,0.03519],[8.250,0.03523],[8.500,0.03610],[8.750,0.03699],[9.000,0.03785],[9.250,0.03904],[9.500,0.04066],[9.750,0.04226],[10.000,0.04359],[10.250,0.04573],[10.500,0.04755],[10.750,0.05035],[11.000,0.05168],[11.250,0.05496],[11.500,0.05852],[11.750,0.06349],[12.000,0.07133],],[[-9.750,0.09595],[-9.500,0.09178],[-9.250,0.08803],[-9.000,0.08582],[-8.750,0.08270],[-8.500,0.07999],[-8.250,0.05824],[-8.000,0.05505],[-7.750,0.05162],[-7.500,0.04530],[-7.250,0.04274],[-7.000,0.04046],[-6.750,0.03899],[-6.500,0.03703],[-6.250,0.03514],[-6.000,0.03352],[-5.750,0.03221],[-5.500,0.03104],[-5.250,0.02917],[-5.000,0.02829],[-4.750,0.02713],[-4.500,0.02647],[-4.250,0.02566],[-4.000,0.02504],[-3.750,0.02447],[-3.500,0.02391],[-3.250,0.02318],[-3.000,0.02217],[-2.750,0.02031],[-2.500,0.01987],[-2.250,0.02063],[-2.000,0.02147],[-1.750,0.02201],[-1.500,0.02196],[-1.250,0.02126],[-1.000,0.02021],[-0.750,0.01936],[-0.500,0.01895],[-0.250,0.01862],[0.000,0.01835],[0.250,0.01809],[0.500,0.01801],[0.750,0.01797],[1.000,0.01794],[1.250,0.01793],[1.500,0.01792],[1.750,0.01785],[2.000,0.01784],[2.250,0.01789],[2.500,0.01792],[2.750,0.01798],[3.000,0.01803],[3.250,0.01811],[3.500,0.01817],[3.750,0.01833],[4.000,0.01850],[4.250,0.01868],[4.500,0.01888],[4.750,0.01906],[5.000,0.01920],[5.250,0.01932],[5.500,0.01946],[5.750,0.01961],[6.000,0.01978],[6.250,0.01996],[6.500,0.02013],[6.750,0.02034],[7.000,0.02056],[7.250,0.02081],[7.500,0.02119],[7.750,0.02169],[8.000,0.02233],[8.250,0.02305],[8.500,0.02384],[8.750,0.02466],[9.000,0.02552],[9.250,0.02643],[9.500,0.02737],[9.750,0.02840],[10.000,0.02962],[10.250,0.03073],[10.500,0.03224],[10.750,0.03347],[11.000,0.03532],[11.250,0.03650],[11.500,0.03789],[11.750,0.03956],[12.000,0.04152],[12.250,0.04291],[12.500,0.04422],[12.750,0.04595],[13.000,0.04708],[13.250,0.04841],[13.500,0.04945],[13.750,0.05088],[14.000,0.05300],[14.250,0.05545],[14.500,0.05766],[14.750,0.05821],[15.000,0.06167],[15.250,0.06585],[15.500,0.07087],[15.750,0.07720],[16.000,0.08548],[16.250,0.09601],[16.500,0.08779],[16.750,0.09697],[17.000,0.18543],],[[-11.500,0.06328],[-11.250,0.05982],[-11.000,0.05693],[-10.750,0.05480],[-10.500,0.05229],[-10.250,0.05006],[-10.000,0.04793],[-9.750,0.04575],[-9.250,0.04044],[-9.000,0.03866],[-8.750,0.03834],[-8.500,0.03696],[-8.250,0.03460],[-8.000,0.03229],[-7.750,0.03071],[-7.500,0.02859],[-7.250,0.02749],[-7.000,0.02633],[-6.750,0.02558],[-6.500,0.02386],[-6.250,0.02284],[-6.000,0.02213],[-5.750,0.02107],[-5.500,0.02004],[-5.250,0.01921],[-5.000,0.01846],[-4.750,0.01771],[-4.500,0.01699],[-4.250,0.01648],[-4.000,0.01586],[-3.750,0.01523],[-3.500,0.01465],[-3.250,0.01349],[-3.000,0.01272],[-2.750,0.01195],[-2.500,0.01151],[-2.250,0.01108],[-2.000,0.01112],[-1.750,0.01121],[-1.500,0.01142],[-1.250,0.01172],[-1.000,0.01195],[-0.750,0.01231],[-0.500,0.01259],[-0.250,0.01282],[0.000,0.01292],[0.250,0.01303],[0.500,0.01299],[0.750,0.01301],[1.000,0.01290],[1.250,0.01277],[1.500,0.01266],[1.750,0.01247],[2.000,0.01243],[2.250,0.01250],[2.500,0.01260],[2.750,0.01268],[3.000,0.01278],[3.250,0.01290],[3.500,0.01303],[3.750,0.01313],[4.000,0.01323],[4.250,0.01335],[4.500,0.01348],[4.750,0.01363],[5.000,0.01378],[5.250,0.01395],[5.500,0.01412],[5.750,0.01429],[6.000,0.01449],[6.250,0.01472],[6.500,0.01498],[6.750,0.01526],[7.000,0.01561],[7.250,0.01603],[7.500,0.01654],[7.750,0.01712],[8.000,0.01776],[8.250,0.01843],[8.500,0.01905],[8.750,0.01970],[9.000,0.02048],[9.250,0.02125],[9.500,0.02210],[9.750,0.02289],[10.000,0.02386],[10.250,0.02457],[10.500,0.02541],[10.750,0.02637],[11.000,0.02713],[11.250,0.02794],[11.500,0.02887],[11.750,0.02983],[12.000,0.03069],[12.250,0.03158],[12.500,0.03262],[12.750,0.03372],[13.000,0.03483],[13.250,0.03595],[13.500,0.03714],[13.750,0.03849],[14.000,0.03998],[14.250,0.04147],[14.500,0.04298],[14.750,0.04450],[15.000,0.04658],[15.250,0.04873],[15.500,0.05077],[15.750,0.05287],[16.000,0.05588],[16.250,0.05880],[16.500,0.06137],[16.750,0.06556],[17.000,0.06914],[17.250,0.07273],[17.500,0.07727],[17.750,0.08137],[18.000,0.08474],[18.250,0.09009],[18.500,0.09466],[18.750,0.09902],[19.000,0.10251],[19.250,0.10798],],[[-16.250,0.08089],[-16.000,0.06962],[-15.750,0.06120],[-15.500,0.05477],[-15.250,0.04928],[-15.000,0.04483],[-14.750,0.04174],[-14.500,0.03994],[-14.250,0.03818],[-14.000,0.03693],[-13.750,0.03507],[-13.500,0.03376],[-13.250,0.03249],[-13.000,0.03131],[-12.750,0.03034],[-12.500,0.02959],[-12.250,0.02895],[-12.000,0.02741],[-11.750,0.02659],[-11.500,0.02610],[-11.250,0.02588],[-11.000,0.02513],[-10.750,0.02427],[-10.500,0.02346],[-10.250,0.02200],[-10.000,0.02127],[-9.750,0.02065],[-9.500,0.02000],[-9.250,0.01944],[-9.000,0.01828],[-8.750,0.01775],[-8.500,0.01720],[-8.250,0.01674],[-8.000,0.01616],[-7.750,0.01539],[-7.500,0.01495],[-7.250,0.01455],[-7.000,0.01400],[-6.750,0.01359],[-6.500,0.01324],[-6.250,0.01282],[-6.000,0.01246],[-5.750,0.01229],[-5.500,0.01179],[-5.250,0.01153],[-5.000,0.01137],[-4.750,0.01096],[-4.500,0.01074],[-4.250,0.01057],[-4.000,0.01030],[-3.750,0.01011],[-3.500,0.00987],[-3.250,0.00955],[-3.000,0.00927],[-2.750,0.00897],[-2.500,0.00845],[-2.250,0.00809],[-2.000,0.00781],[-1.750,0.00753],[-1.500,0.00724],[-1.250,0.00697],[-1.000,0.00674],[-0.750,0.00671],[-0.500,0.00679],[-0.250,0.00692],[0.000,0.00706],[0.250,0.00722],[0.500,0.00741],[0.750,0.00769],[1.000,0.00797],[1.250,0.00815],[1.500,0.00840],[1.750,0.00867],[2.000,0.00888],[2.250,0.00903],[2.500,0.00920],[2.750,0.00941],[3.000,0.00958],[3.250,0.00973],[3.500,0.00990],[3.750,0.01006],[4.000,0.01021],[4.250,0.01030],[4.500,0.01042],[4.750,0.01055],[5.000,0.01072],[5.250,0.01084],[5.500,0.01100],[5.750,0.01121],[6.000,0.01148],[6.250,0.01178],[6.500,0.01221],[6.750,0.01277],[7.000,0.01325],[7.250,0.01365],[7.500,0.01408],[7.750,0.01437],[8.000,0.01481],[8.250,0.01506],[8.500,0.01549],[8.750,0.01570],[9.000,0.01605],[9.250,0.01637],[9.500,0.01676],[9.750,0.01727],[10.000,0.01766],[10.250,0.01820],[10.500,0.01893],[10.750,0.01940],[11.000,0.02000],[11.250,0.02072],[11.500,0.02172],[11.750,0.02245],[12.000,0.02317],[12.250,0.02398],[12.500,0.02496],[12.750,0.02629],[13.000,0.02733],[13.250,0.02822],[13.500,0.02921],[13.750,0.03042],[14.000,0.03199],[14.250,0.03350],[14.500,0.03453],[14.750,0.03586],[15.000,0.03771],[15.250,0.03911],[15.500,0.04099],[15.750,0.04291],[16.000,0.04534],[16.250,0.04830],[16.500,0.05170],[16.750,0.05504],[17.000,0.05879],[17.250,0.06252],[17.500,0.06636],[17.750,0.07055],[18.000,0.07480],[18.250,0.07984],[18.500,0.08511],],[[-19.250,0.13161],[-19.000,0.11607],[-18.750,0.10347],[-18.500,0.09146],[-18.250,0.07908],[-18.000,0.06853],[-17.750,0.06002],[-17.500,0.05345],[-17.250,0.04773],[-17.000,0.04405],[-16.750,0.04016],[-16.500,0.03762],[-16.250,0.03435],[-16.000,0.03200],[-15.750,0.03024],[-15.500,0.02883],[-15.250,0.02792],[-15.000,0.02687],[-14.750,0.02594],[-14.500,0.02518],[-14.250,0.02444],[-14.000,0.02387],[-13.750,0.02328],[-13.500,0.02222],[-13.250,0.02155],[-13.000,0.02113],[-12.750,0.02085],[-12.500,0.02054],[-12.250,0.01995],[-12.000,0.01955],[-11.750,0.01912],[-11.500,0.01812],[-11.250,0.01747],[-11.000,0.01697],[-10.750,0.01650],[-10.500,0.01606],[-10.250,0.01573],[-10.000,0.01483],[-9.750,0.01429],[-9.500,0.01385],[-9.250,0.01350],[-9.000,0.01316],[-8.750,0.01257],[-8.500,0.01209],[-8.250,0.01176],[-8.000,0.01142],[-7.750,0.01117],[-7.500,0.01075],[-7.250,0.01052],[-6.750,0.01009],[-6.500,0.00992],[-6.250,0.00977],[-6.000,0.00960],[-5.750,0.00953],[-5.500,0.00935],[-5.250,0.00924],[-5.000,0.00916],[-4.750,0.00903],[-4.500,0.00885],[-4.250,0.00873],[-4.000,0.00864],[-3.750,0.00856],[-3.500,0.00841],[-3.250,0.00830],[-3.000,0.00821],[-2.750,0.00805],[-2.500,0.00774],[-2.250,0.00762],[-2.000,0.00750],[-1.750,0.00729],[-1.500,0.00690],[-1.250,0.00674],[-1.000,0.00656],[-0.750,0.00634],[-0.500,0.00613],[-0.250,0.00593],[0.000,0.00574],[0.250,0.00563],[0.500,0.00564],[0.750,0.00567],[1.000,0.00574],[1.250,0.00583],[1.500,0.00593],[1.750,0.00606],[2.000,0.00617],[2.250,0.00632],[2.500,0.00648],[2.750,0.00662],[3.000,0.00682],[3.250,0.00703],[3.500,0.00725],[3.750,0.00748],[4.000,0.00770],[4.250,0.00800],[4.500,0.00825],[5.000,0.00877],[5.250,0.00901],[5.500,0.00926],[5.750,0.00952],[6.000,0.00995],[6.250,0.01057],[6.500,0.01096],[6.750,0.01125],[7.000,0.01155],[7.250,0.01178],[7.500,0.01206],[7.750,0.01230],[8.000,0.01262],[8.250,0.01298],[8.500,0.01331],[8.750,0.01358],[9.000,0.01386],[9.250,0.01418],[9.500,0.01437],[9.750,0.01458],[10.000,0.01485],[10.250,0.01519],[10.500,0.01562],[10.750,0.01599],[11.000,0.01632],[11.250,0.01673],[11.500,0.01721],[11.750,0.01777],[12.000,0.01841],[12.250,0.01886],[12.500,0.01942],[12.750,0.02008],[13.000,0.02087],[13.250,0.02160],[13.500,0.02231],[13.750,0.02326],[14.000,0.02422],[14.250,0.02542],[14.500,0.02693],[14.750,0.02887],[15.000,0.03081],[15.250,0.03298],[15.500,0.03517],[15.750,0.03747],[16.000,0.03947],[16.250,0.04189],[16.500,0.04467],[16.750,0.04742],[17.000,0.05079],[17.250,0.05399],[17.500,0.05705],[17.750,0.06045],[18.000,0.06393],[18.250,0.06778],[18.500,0.07156],[18.750,0.07608],[19.000,0.08084],[19.250,0.08563],],],
{"title":"Cd v Alpha","sortData":false,"legend":{"show":false,"placement":"insideGrid","location":"ne"},"series":[{"showLabel":true,"index":0,"showLine":true,"trendline":{"type":"none","show":false},"color":"#4bb2c5"},{"showLabel":true,"index":0,"showLine":true,"trendline":{"type":"none","show":false},"color":"#EAA228"},{"showLabel":true,"index":0,"showLine":true,"trendline":{"type":"none","show":false},"color":"#839557"},{"showLabel":true,"index":0,"showLine":true,"trendline":{"type":"none","show":false},"color":"#953579"},{"showLabel":true,"index":0,"showLine":true,"trendline":{"type":"none","show":false},"color":"#d8b83f"}],"show":"$.jqplot.config.enablePlugins","axes":{"xaxis":{"max":20,"min":-20,"tickInterval":5,"tickOptions":{"formatString":"%.1f"},"forceTickAt0":true,"rendererOptions":{"forceTickAt0":true}},"yaxis":{"max":0.2,"min":0,"tickInterval":0.02,"tickOptions":{"formatString":"%.2f"},"forceTickAt0":true,"rendererOptions":{"forceTickAt0":true}}},"seriesDefaults":{"lineWidth":1,"showLabel":true,"markerOptions":{"size":5,"show":false}}});
jqplots.push(p);

var p = $.jqplot('effaoa',[[[-9.500,-3.3031161473088],[-9.250,-3.4384340950728],[-9.000,-3.6122788151334],[-8.750,-3.6432085132015],[-8.500,-3.6920854400991],[-8.250,-3.7355284121083],[-8.000,-3.6834500389019],[-7.750,-3.922570390554],[-7.500,-9.9492463857275],[-7.250,-10.550146056475],[-7.000,-11.335168616655],[-6.750,-12.416528315809],[-6.500,-13.508357915438],[-6.250,-14.234608985025],[-6.000,-14.831978915001],[-5.750,-15.281415116012],[-5.500,-15.816252712804],[-5.250,-16.33164556962],[-5.000,-16.729144667371],[-4.750,-17.083678541839],[-4.500,-17.268558326168],[-4.250,-17.456870910173],[-4.000,-17.522314558326],[-3.750,-17.557324840764],[-3.500,-17.47375328084],[-3.250,-17.304964539007],[-3.000,-17.024678484533],[-2.750,-16.608416547789],[-2.500,-16.360957642726],[-2.250,-4.7814391392065],[-2.000,-5.152027027027],[-1.750,-5.3581081081081],[-1.500,-5.4288597376387],[-1.250,-4.4499504459861],[-1.000,-2.741935483871],[-0.750,-1.310802274163],[-0.500,-0.03096934035305],[-0.250,1.1280024323503],[0.000,2.2132616487455],[0.250,3.270698766882],[0.500,4.4428406466513],[0.750,5.1180654338549],[1.000,5.6451161488945],[1.250,6.1887727022565],[1.500,6.8046536796537],[1.750,7.7481323372465],[2.000,8.1920755707163],[2.250,8.2948125321007],[2.500,8.5556114745848],[2.750,9.2340109072881],[3.000,9.5428015564202],[3.250,9.3519394512772],[3.500,9.5444033302498],[3.750,10.283493369913],[4.000,9.763849039947],[4.250,9.7272336769759],[4.500,10.813479287401],[4.750,10.506989359483],[5.000,10.923395445135],[5.250,12.225513010366],[5.500,12.916312659303],[5.750,12.653989251757],[6.000,12.790792422082],[6.250,13.233204789933],[6.500,14.315876630097],[6.750,17.112394491337],[7.000,22.627270401637],[7.250,25.474829931973],[7.500,26.195443315948],[7.750,27.648876404494],[8.000,28.718385905087],[8.250,29.304569968777],[8.500,28.836565096953],[8.750,28.486077318194],[9.000,28.303830911493],[9.250,27.776639344262],[9.500,26.829808165273],[9.750,26.067203028869],[10.000,25.732966276669],[10.250,24.399737590203],[10.500,23.833859095689],[10.750,22.156901688183],[11.000,22.291021671827],[11.250,20.394832605531],[11.500,18.489405331511],[11.750,16.281304142385],[12.000,13.6029721015],],[[-9.750,-4.2615945805107],[-9.500,-5.2070167792547],[-9.250,-5.1380211291605],[-9.000,-5.0384525751573],[-8.750,-5.4050785973398],[-8.500,-6.7508438554819],[-8.250,-12.213255494505],[-8.000,-12.966394187103],[-7.750,-13.998450213096],[-7.500,-16.774834437086],[-7.250,-17.737482452036],[-7.000,-18.507167572912],[-6.750,-18.935624519107],[-6.500,-19.721847150959],[-6.250,-20.506545247581],[-6.000,-21.151551312649],[-5.750,-21.633033219497],[-5.500,-21.784793814433],[-5.250,-21.816935207405],[-5.000,-21.071049840933],[-4.750,-20.560265388868],[-4.500,-19.387986399698],[-4.250,-18.671083398285],[-4.000,-17.527955271565],[-3.750,-16.399673069064],[-3.500,-15.328314512756],[-3.250,-14.119930974978],[-3.000,-13.62201172756],[-2.750,-13.663220088626],[-2.500,-10.065425264217],[-2.250,-6.6020358700921],[-2.000,-2.2030740568235],[-1.750,2.1172194457065],[-1.500,7.4590163934426],[-1.250,12.177798682973],[-1.000,17.154873824839],[-0.750,21.115702479339],[-0.500,23.182058047493],[-0.250,25.091299677766],[0.000,26.888283378747],[0.250,28.706467661692],[0.500,29.872293170461],[0.750,30.979410127991],[1.000,32.084726867336],[1.250,33.184606804239],[1.500,34.358258928571],[1.750,35.770308123249],[2.000,36.928251121076],[2.250,37.875908328675],[2.500,38.895089285714],[2.750,39.866518353726],[3.000,40.881863560732],[3.250,41.87741579238],[3.500,43.021463951569],[3.750,43.644298963448],[4.000,44.232432432432],[4.250,44.807280513919],[4.500,45.354872881356],[4.750,45.99685204617],[5.000,46.697916666667],[5.250,47.386128364389],[5.500,47.918807810894],[5.750,48.373278939317],[6.000,48.756319514661],[6.250,49.083166332665],[6.500,49.398907103825],[6.750,49.434611602753],[7.000,49.401750972763],[7.250,49.279192695819],[7.500,48.669183577159],[7.750,47.763946519133],[8.000,46.565158978952],[8.250,45.227765726681],[8.500,43.909395973154],[8.750,42.64395782644],[9.000,41.44592476489],[9.250,40.340522133939],[9.500,39.327731092437],[9.750,38.359154929577],[10.000,37.474679270763],[10.250,36.690530426294],[10.500,35.825062034739],[10.750,35.016432626232],[11.000,34.224235560589],[11.250,33.284931506849],[11.500,32.385853787279],[11.750,31.688574317492],[12.000,30.503371868979],[12.250,29.440689815894],[12.500,28.591135232926],[12.750,28.150163220892],[13.000,27.066694987256],[13.250,26.013220409006],[13.500,25.460060667341],[13.750,25.084512578616],[14.000,23.683018867925],[14.250,22.301172227232],[14.500,21.286853971557],[14.750,21.573612781309],[15.000,19.901086427761],[15.250,18.1761579347],[15.500,16.427261182447],[15.750,14.59585492228],[16.000,12.657931679925],[16.250,10.728049161546],[16.500,12.568629684474],[16.750,10.925028359286],[17.000,3.8537453486491],],[[-11.500,-10.553097345133],[-11.250,-11.619859578736],[-11.000,-12.60670999473],[-10.750,-13.609489051095],[-10.500,-14.744693057946],[-10.250,-15.956851777867],[-10.000,-17.15418318381],[-9.750,-18.365027322404],[-9.250,-21.320474777448],[-9.000,-22.219348163476],[-8.750,-22.047470005216],[-8.500,-22.516233766234],[-8.250,-23.291907514451],[-8.000,-24.205636419944],[-7.750,-24.496906545099],[-7.500,-25.306051066807],[-7.250,-25.161877046199],[-7.000,-24.887960501329],[-6.750,-24.507427677873],[-6.500,-24.861693210394],[-6.250,-24.255691768827],[-6.000,-23.660189787619],[-5.750,-23.208353108685],[-5.500,-22.415169660679],[-5.250,-21.16085372202],[-5.000,-20.790899241603],[-4.750,-19.429700734049],[-4.500,-17.710417892878],[-4.250,-16.753640776699],[-4.000,-14.911727616646],[-3.750,-12.790544977019],[-3.500,-11.870307167235],[-3.250,-10.837657524092],[-3.000,-10.511006289308],[-2.750,-9.1046025104602],[-2.500,-7.9582971329279],[-2.250,-4.4314079422383],[-2.000,-0.25179856115108],[-1.750,4.1659232827832],[-1.500,7.3029772329247],[-1.250,11.143344709898],[-1.000,14.326359832636],[-0.750,18.472786352559],[-0.500,21.572676727562],[-0.250,24.750390015601],[0.000,28.405572755418],[0.250,30.859554873369],[0.500,34.711316397229],[0.750,37.632590315142],[1.000,41.519379844961],[1.250,45.184025058731],[1.500,48.633491311216],[1.750,52.582197273456],[2.000,55.068382944489],[2.250,56.296],[2.500,57.412698412698],[2.750,58.533123028391],[3.000,59.569640062598],[3.250,60.519379844961],[3.500,61.427475057559],[3.750,62.353389185072],[4.000,63.219954648526],[4.250,63.992509363296],[4.500,64.703264094955],[4.750,65.311812179017],[5.000,65.878084179971],[5.250,66.322580645161],[5.500,66.699716713881],[5.750,67.03988803359],[6.000,67.184265010352],[6.250,67.133152173913],[6.500,66.849132176235],[6.750,66.435124508519],[7.000,65.586162716208],[7.250,64.373050530256],[7.500,62.708585247884],[7.750,60.771028037383],[8.000,58.699324324324],[8.250,56.576234400434],[8.500,54.645669291339],[8.750,52.857868020305],[9.000,50.869140625],[9.250,49.214117647059],[9.500,47.58371040724],[9.750,46.282219309742],[10.000,44.786253143336],[10.250,43.927553927554],[10.500,42.892561983471],[10.750,41.850587789154],[11.000,41.116844821231],[11.250,40.368647100931],[11.500,39.528922757187],[11.750,38.692591350989],[12.000,37.865754317367],[12.250,37.048765041165],[12.500,36.269160024525],[12.750,35.296559905101],[13.000,34.346827447603],[13.250,33.46314325452],[13.500,32.635971997846],[13.750,31.730319563523],[14.000,30.630315157579],[14.250,29.635881360019],[14.500,28.701721731038],[14.750,27.925842696629],[15.000,26.65092314298],[15.250,25.452493330597],[15.500,24.453417372464],[15.750,23.527520332892],[16.000,22.15640658554],[16.250,20.988095238095],[16.500,20.09939709956],[16.750,18.648566198902],[17.000,17.601967023431],[17.250,16.656125395298],[17.500,15.545489840818],[17.750,14.681086395477],[18.000,14.061836204862],[18.250,13.082473082473],[18.500,12.366363828439],[18.750,11.758230660473],[19.000,11.33352843625],[19.250,10.651046490091],],[[-16.250,-10.467301273334],[-16.000,-12.763573685722],[-15.750,-15.014705882353],[-15.500,-17.193719189337],[-15.250,-19.539366883117],[-15.000,-21.873745259871],[-14.750,-23.706276952563],[-14.500,-24.752128192288],[-14.250,-25.908852802514],[-14.000,-26.715407527755],[-13.750,-28.269175933847],[-13.500,-29.404620853081],[-13.250,-30.609418282548],[-13.000,-31.839667837752],[-12.750,-32.946605141727],[-12.500,-33.923622845556],[-12.250,-34.877374784111],[-12.000,-37.168916453849],[-11.750,-38.352764197067],[-11.500,-39.099616858238],[-11.250,-39.404945904173],[-11.000,-39.633903700756],[-10.750,-39.79398434281],[-10.500,-39.842284739983],[-10.250,-41.277272727273],[-10.000,-41.165961448049],[-9.750,-40.721549636804],[-9.500,-40.425],[-9.250,-40.123456790123],[-9.000,-41.028446389497],[-8.750,-40.32676056338],[-8.500,-39.558139534884],[-8.250,-39.109916367981],[-8.000,-38.508663366337],[-7.750,-38.297595841455],[-7.500,-36.95652173913],[-7.250,-35.780068728522],[-7.000,-35.135714285714],[-6.750,-33.686534216336],[-6.500,-31.797583081571],[-6.250,-30.990639625585],[-6.000,-29.317817014446],[-5.750,-27.388120423108],[-5.500,-26.4631043257],[-5.250,-24.726799653079],[-5.000,-22.823218997361],[-4.750,-21.551094890511],[-4.500,-19.804469273743],[-4.250,-17.738883632923],[-4.000,-16.009708737864],[-3.750,-13.946587537092],[-3.500,-11.884498480243],[-3.250,-10.094240837696],[-3.000,-7.950377562028],[-2.750,-5.8639910813824],[-2.500,-4.2366863905325],[-2.250,-2.150803461063],[-2.000,0.23047375160051],[-1.750,2.6029216467463],[-1.500,4.9585635359116],[-1.250,7.4605451936872],[-1.000,10.489614243323],[-0.750,14.51564828614],[-0.500,18.718703976436],[-0.250,22.846820809249],[0.000,26.883852691218],[0.250,30.346260387812],[0.500,33.792172739541],[0.750,37.477243172952],[1.000,40.727728983689],[1.250,43.889570552147],[1.500,47.666666666667],[1.750,50.899653979239],[2.000,52.5],[2.250,56.046511627907],[2.500,59.260869565217],[2.750,61.976620616366],[3.000,63.611691022965],[3.250,66.855087358684],[3.500,69.89898989899],[3.750,72.34592445328],[4.000,74.476003917728],[4.250,77.330097087379],[4.500,79.654510556622],[4.750,81.649289099526],[5.000,83.190298507463],[5.250,85.322878228782],[5.500,87],[5.750,87.850133809099],[6.000,87.160278745645],[6.250,86.222410865874],[6.500,84.168714168714],[6.750,81.190289741582],[7.000,79.011320754717],[7.250,77.494505494505],[7.500,75.802556818182],[7.750,75.100904662491],[8.000,73.355840648211],[8.250,72.901726427623],[8.500,71.155584247902],[8.750,70.611464968153],[9.000,69.177570093458],[9.250,68.210140500916],[9.500,67.016706443914],[9.750,65.36189924725],[10.000,64.513023782559],[10.250,63.038461538462],[10.500,60.871632329636],[10.750,60.025773195876],[11.000,58.75],[11.250,57.142857142857],[11.500,54.728360957643],[11.750,53.438752783964],[12.000,52.291756581787],[12.250,50.979983319433],[12.500,49.330929487179],[12.750,47.002662609357],[13.000,45.56531284303],[13.250,44.564138908575],[13.500,43.444026018487],[13.750,42.011834319527],[14.000,40.100031259769],[14.250,38.483582089552],[14.500,37.709238343469],[14.750,36.581148912437],[15.000,34.900556881464],[15.250,33.906929174124],[15.500,32.4810929495],[15.750,31.15590771382],[16.000,29.505955006617],[16.250,27.625258799172],[16.500,25.684719535783],[16.750,24.038880813953],[17.000,22.37285252594],[17.250,20.934101087652],[17.500,19.62326702833],[17.750,18.335931963147],[18.000,17.183155080214],[18.250,15.934368737475],[18.500,14.783221713077],],[[-19.250,-6.4250436896892],[-19.000,-7.7944343930387],[-18.750,-9.2094326858026],[-18.500,-10.944675267877],[-18.250,-13.310571573091],[-18.000,-15.956515394718],[-17.750,-18.723758747084],[-17.500,-21.397567820393],[-17.250,-24.313848732453],[-17.000,-26.44494892168],[-16.750,-29.240537848606],[-16.500,-31.214779372674],[-16.250,-34.515283842795],[-16.000,-37.196875],[-15.750,-39.365079365079],[-15.500,-41.182795698925],[-15.250,-42.202722063037],[-15.000,-43.643468552289],[-14.750,-44.961449498843],[-14.500,-45.99285146942],[-14.250,-47.08674304419],[-14.000,-47.821533305404],[-13.750,-48.702749140893],[-13.500,-51.273627362736],[-13.250,-52.955916473318],[-13.000,-54.084240416469],[-12.750,-54.940047961631],[-12.500,-55.321324245375],[-12.250,-55.448621553885],[-12.000,-54.971867007673],[-11.750,-54.539748953975],[-11.500,-56.103752759382],[-11.250,-56.617057813394],[-11.000,-56.464348850913],[-10.750,-56.060606060606],[-10.500,-55.442092154421],[-10.250,-54.710743801653],[-10.000,-56.318273769386],[-9.750,-56.2911126662],[-9.500,-55.689530685921],[-9.250,-55.02962962963],[-9.000,-53.966565349544],[-8.750,-53.802704852824],[-8.500,-53.217535153019],[-8.250,-52.057823129252],[-8.000,-50.551663747811],[-7.750,-49.104744852283],[-7.500,-48.33488372093],[-7.250,-47.015209125475],[-6.750,-44.02378592666],[-6.500,-42.177419354839],[-6.250,-40.409416581372],[-6.000,-38.552083333333],[-5.750,-36.211962224554],[-5.500,-34.352941176471],[-5.250,-32.088744588745],[-5.000,-29.628820960699],[-4.750,-27.34219269103],[-4.500,-25.254237288136],[-4.250,-22.806414662085],[-4.000,-20.219907407407],[-3.750,-17.546728971963],[-3.500,-15.077288941736],[-3.250,-12.421686746988],[-3.000,-9.5980511571255],[-2.750,-6.9192546583851],[-2.500,-4.5478036175711],[-2.250,-1.6141732283465],[-2.000,1.3733333333333],[-1.750,4.2798353909465],[-1.500,7],[-1.250,10.281899109792],[-1.000,13.704268292683],[-0.750,17.145110410095],[-0.500,20.554649265905],[-0.250,23.962900505902],[0.000,27.456445993031],[0.250,31.598579040853],[0.500,35.72695035461],[0.750,40.352733686067],[1.000,44.599303135888],[1.250,48.404802744425],[1.500,52.613827993255],[1.750,56.996699669967],[2.000,59.951377633712],[2.250,64.414556962025],[2.500,67.731481481481],[2.750,70.226586102719],[3.000,73.841642228739],[3.250,76.827880512091],[3.500,79.2],[3.750,81.390374331551],[4.000,82.168831168831],[4.250,83.9625],[4.500,85.939393939394],[5.000,88.916761687571],[5.250,89.911209766926],[5.500,89.946004319654],[5.750,90.966386554622],[6.000,90.060301507538],[6.250,87.313150425733],[6.500,86.788321167883],[6.750,87.057777777778],[7.000,87.082251082251],[7.250,87.86078098472],[7.500,88.333333333333],[7.750,89.081300813008],[8.000,89.104595879556],[8.250,88.798151001541],[8.500,87.851239669421],[8.750,86.899852724595],[9.000,85.808080808081],[9.250,84.273624823695],[9.500,83.319415448852],[9.750,82.434842249657],[10.000,81.333333333333],[10.250,79.960500329164],[10.500,78.181818181818],[10.750,76.998123827392],[11.000,76.213235294118],[11.250,75.050806933652],[11.500,73.596746077862],[11.750,71.851435002814],[12.000,69.875067897882],[12.250,68.971367974549],[12.500,67.64675592173],[12.750,66.010956175299],[13.000,63.996166746526],[13.250,62.388888888889],[13.500,60.977140295831],[13.750,58.899398108341],[14.000,56.981833195706],[14.250,54.579071597168],[14.500,51.648718900854],[14.750,48.143401454797],[15.000,45.121713729309],[15.250,42.119466343238],[15.500,39.493886835371],[15.750,37.061649319456],[16.000,35.282493032683],[16.250,33.253759847219],[16.500,31.132751287217],[16.750,29.301982285955],[17.000,27.241582988777],[17.250,25.563993332099],[17.500,24.159509202454],[17.750,22.734491315136],[18.000,21.434381354607],[18.250,20.122455001475],[18.500,18.984069312465],[18.750,17.723449001052],[19.000,16.54502721425],[19.250,15.494569660166],],],
{"title":"Cl\/Cd v Alpha","sortData":false,"legend":{"show":false,"placement":"insideGrid","location":"ne"},"series":[{"showLabel":true,"index":0,"showLine":true,"trendline":{"type":"none","show":false},"color":"#4bb2c5"},{"showLabel":true,"index":0,"showLine":true,"trendline":{"type":"none","show":false},"color":"#EAA228"},{"showLabel":true,"index":0,"showLine":true,"trendline":{"type":"none","show":false},"color":"#839557"},{"showLabel":true,"index":0,"showLine":true,"trendline":{"type":"none","show":false},"color":"#953579"},{"showLabel":true,"index":0,"showLine":true,"trendline":{"type":"none","show":false},"color":"#d8b83f"}],"show":"$.jqplot.config.enablePlugins","axes":{"xaxis":{"max":20,"min":-20,"tickInterval":5,"tickOptions":{"formatString":"%.1f"},"forceTickAt0":true,"rendererOptions":{"forceTickAt0":true}},"yaxis":{"max":100,"min":-60,"tickInterval":20,"tickOptions":{"formatString":"%d"},"forceTickAt0":true,"rendererOptions":{"forceTickAt0":true}}},"seriesDefaults":{"lineWidth":1,"showLabel":true,"markerOptions":{"size":5,"show":false}}});
jqplots.push(p);

});
/*]]>*/
</script>
</body>
</html>