<!DOCTYPE html>
<html lang="en">
<head>
<link rel="stylesheet" type="text/css" href="/assets/62ff72f1/jquery.jqplot.min.css" media="screen, projection, print" />
<style type="text/css">
/*<![CDATA[*/
.jqplot-title {font-size:1.8em;padding:3px;}.jqplot-xaxis {font-size:0.8em;padding-top:3px;}.jqplot-yaxis {font-size:0.8em;padding-right:3px;}
/*]]>*/
</style>
<!--[if lt IE 9]><script type="text/javascript" src="/assets/62ff72f1/excanvas.min.js"></script></script><![endif]-->
<script type="text/javascript" src="/assets/780cfc96/jquery.min.js"></script>
<script type="text/javascript" src="/assets/62ff72f1/jquery.min.js"></script>
<script type="text/javascript" src="/assets/62ff72f1/jquery.jqplot.min.js"></script>
<script type="text/javascript">
/*<![CDATA[*/
var jqplots = [];

/*]]>*/
</script>
<title>Airfoil polar plot</title>
<meta http-equiv="Content-Language" content="en-gb"/>
<meta http-equiv="Content-Type" content="text/html; charset=windows-1252"/>
<meta content="none" name="robots" />
<meta name="copyright" content="Copyright 2010-2013. All Rights Reserved" />
</head>
<body>

<table style="width:800px;">
<tr><td>
<div id="liftdrag" style="height:400px;width:398px;margin:auto;display:inline-block;"></div>
</td><td>
<div id="liftaoa" style="height:400px;width:398px;margin:auto;display:inline-block;"></div>
</td></tr>
<tr><td>
<div id="effaoa" style="height:400px;width:398px;margin:auto;display:inline-block;"></div>
</td><td>
<div id="dragaoa" style="height:400px;width:398px;margin:auto;display:inline-block;"></div>
</td></tr>
<tr><td>
<div id="momentaoa" style="height:400px;width:398px;margin:auto;display:inline-block;"></div>
</td><td>
</td></tr>

</table>
<script type="text/javascript">
/*<![CDATA[*/
jQuery(window).load(function() {
var p = $.jqplot('liftdrag',[[[0.10217,-0.3640],[0.09658,-0.3393],[0.09749,-0.3714],[0.09245,-0.3492],[0.08979,-0.3515],[0.08900,-0.3687],[0.08560,-0.3614],[0.08396,-0.3752],[0.08315,-0.3912],[0.08004,-0.3864],[0.07745,-0.3863],[0.07595,-0.3980],[0.07328,-0.3987],[0.07057,-0.3959],[0.04999,-0.3030],[0.04426,-0.2744],[0.03992,-0.2433],[0.03696,-0.2177],[0.03420,-0.1899],[0.03181,-0.1621],[0.02996,-0.1358],[0.02853,-0.1106],[0.02719,-0.0871],[0.02601,-0.0634],[0.02461,-0.0357],[0.02078,-0.0155],[0.02128,0.0059],[0.02183,0.0259],[0.02243,0.0451],[0.02308,0.0640],[0.02411,0.0989],[0.02537,0.1479],[0.02654,0.1946],[0.02763,0.2403],[0.02866,0.2861],[0.02957,0.3274],[0.03037,0.3628],[0.03114,0.4005],[0.03184,0.4408],[0.03243,0.4834],[0.03302,0.5181],[0.03359,0.5496],[0.03395,0.5885],[0.03407,0.6317],[0.03394,0.6769],[0.03449,0.7001],[0.03440,0.7361],[0.03391,0.7765],[0.03313,0.8190],[0.03351,0.8410],[0.03285,0.8784],[0.03222,0.9144],[0.03220,0.9410],[0.03176,0.9730],[0.03136,1.0044],[0.03157,1.0285],[0.03170,1.0547],[0.03187,1.0812],[0.03215,1.1066],[0.03262,1.1308],[0.03323,1.1534],[0.03405,1.1740],[0.03516,1.1917],[0.03644,1.2085],[0.03783,1.2258],[0.03916,1.2452],[0.04085,1.2595],[0.04270,1.2741],[0.04477,1.2857],[0.04667,1.3067],[0.04937,1.3159],[0.05192,1.3238],[0.05567,1.3159],[0.05920,1.3204],[0.06320,1.3043],[0.06617,1.3076],[0.07041,1.2823],[0.07513,1.2548],[0.08063,1.2259],[0.08700,1.1975],[0.09422,1.1709],],[[0.10393,-0.3465],[0.10273,-0.3590],[0.10132,-0.3729],[0.09401,-0.3393],[0.09136,-0.3352],[0.08908,-0.3379],[0.08730,-0.3478],[0.08585,-0.3638],[0.08439,-0.3834],[0.08249,-0.3993],[0.07835,-0.3955],[0.07612,-0.3936],[0.07389,-0.3948],[0.07105,-0.3953],[0.06699,-0.3930],[0.06464,-0.3896],[0.06213,-0.3827],[0.05823,-0.3712],[0.05597,-0.3616],[0.05210,-0.3346],[0.04814,-0.2912],[0.03502,-0.2238],[0.03122,-0.1808],[0.02823,-0.1412],[0.02558,-0.0957],[0.02382,-0.0572],[0.02232,-0.0133],[0.02103,0.0224],[0.01933,0.0651],[0.01721,0.0896],[0.01664,0.1492],[0.01679,0.1864],[0.01689,0.2299],[0.01690,0.2746],[0.01695,0.3115],[0.01690,0.3534],[0.01679,0.3932],[0.01678,0.4249],[0.01673,0.4575],[0.01657,0.4924],[0.01636,0.5262],[0.01628,0.5543],[0.01619,0.5823],[0.01610,0.6100],[0.01602,0.6375],[0.01595,0.6648],[0.01588,0.6919],[0.01582,0.7190],[0.01576,0.7461],[0.01583,0.7709],[0.01589,0.7964],[0.01594,0.8226],[0.01608,0.8479],[0.01624,0.8725],[0.01640,0.8980],[0.01663,0.9217],[0.01687,0.9459],[0.01716,0.9697],[0.01751,0.9928],[0.01788,1.0163],[0.01830,1.0385],[0.01877,1.0602],[0.01928,1.0815],[0.01984,1.1023],[0.02045,1.1224],[0.02112,1.1416],[0.02186,1.1603],[0.02267,1.1786],[0.02355,1.1961],[0.02449,1.2124],[0.02551,1.2278],[0.02657,1.2424],[0.02782,1.2569],[0.02912,1.2701],[0.03048,1.2826],[0.03203,1.2958],[0.03368,1.3080],[0.03543,1.3188],[0.03744,1.3304],[0.03937,1.3401],[0.04098,1.3429],[0.04326,1.3451],[0.04571,1.3514],[0.04770,1.3411],[0.05066,1.3453],[0.05337,1.3344],[0.05652,1.3268],[0.05939,1.3258],[0.06213,1.2003],[0.06781,1.1803],[0.07389,1.1582],[0.08049,1.1325],[0.08756,1.1038],[0.09491,1.0731],],[[0.08900,-0.3616],[0.08676,-0.3716],[0.08449,-0.3815],[0.08068,-0.3949],[0.07764,-0.4031],[0.07569,-0.4082],[0.07260,-0.3942],[0.06787,-0.3653],[0.06202,-0.3319],[0.05243,-0.2883],[0.04863,-0.2632],[0.04531,-0.2295],[0.04005,-0.1963],[0.03678,-0.1626],[0.03373,-0.1300],[0.02413,-0.0877],[0.02095,-0.0477],[0.01883,-0.0117],[0.01734,0.0236],[0.01566,0.0615],[0.01497,0.0919],[0.01355,0.1253],[0.01240,0.1525],[0.01145,0.1817],[0.01064,0.2031],[0.00976,0.2232],[0.00938,0.2932],[0.00929,0.3192],[0.00929,0.3421],[0.00929,0.3661],[0.00928,0.3910],[0.00926,0.4165],[0.00925,0.4418],[0.00927,0.4669],[0.00930,0.4922],[0.00934,0.5178],[0.00938,0.5435],[0.00944,0.5694],[0.00952,0.5953],[0.00960,0.6212],[0.00970,0.6470],[0.00981,0.6728],[0.00993,0.6984],[0.01007,0.7238],[0.01023,0.7493],[0.01040,0.7748],[0.01059,0.7999],[0.01079,0.8248],[0.01102,0.8496],[0.01126,0.8741],[0.01154,0.8985],[0.01181,0.9228],[0.01213,0.9467],[0.01245,0.9704],[0.01282,0.9936],[0.01321,1.0164],[0.01360,1.0391],[0.01404,1.0613],[0.01450,1.0832],[0.01499,1.1048],[0.01554,1.1255],[0.01610,1.1461],[0.01671,1.1658],[0.01741,1.1843],[0.01806,1.2036],[0.01888,1.2205],[0.01962,1.2383],[0.02048,1.2544],[0.02144,1.2688],[0.02250,1.2815],[0.02355,1.2930],[0.02458,1.3032],[0.02569,1.3123],[0.02698,1.3193],[0.02844,1.3236],[0.02940,1.3341],[0.03082,1.3403],[0.03273,1.3410],[0.03438,1.3467],[0.03723,1.3400],[0.03954,1.3408],[0.04277,1.3336],[0.04611,1.3287],[0.04915,1.3274],[0.05229,1.3258],[0.05562,1.3230],[0.05933,1.3183],[0.06370,1.3114],[0.06815,1.3042],[0.07250,1.2982],[0.07721,1.2906],[0.08252,1.2812],[0.08817,1.2708],[0.09439,1.2587],[0.10121,1.2450],[0.10854,1.2301],[0.11642,1.2141],[0.12492,1.1971],[0.13404,1.1792],[0.14394,1.1600],[0.15483,1.1393],[0.16677,1.1161],],[[0.08765,-0.3451],[0.08531,-0.3429],[0.08298,-0.3429],[0.08102,-0.3478],[0.07999,-0.3697],[0.07544,-0.3514],[0.07045,-0.3270],[0.06371,-0.2969],[0.05514,-0.2571],[0.04774,-0.2236],[0.03817,-0.2082],[0.03554,-0.1840],[0.03302,-0.1621],[0.03037,-0.1397],[0.02766,-0.1190],[0.02762,-0.0911],[0.02191,-0.0768],[0.01674,-0.0510],[0.01391,-0.0276],[0.01248,-0.0024],[0.01147,0.0233],[0.01070,0.0491],[0.01011,0.0753],[0.00967,0.1020],[0.00912,0.1286],[0.00848,0.1550],[0.00807,0.1814],[0.00763,0.2076],[0.00726,0.2339],[0.00684,0.2596],[0.00635,0.2839],[0.00582,0.3035],[0.00564,0.3361],[0.00562,0.3834],[0.00569,0.4088],[0.00576,0.4345],[0.00585,0.4604],[0.00593,0.4864],[0.00603,0.5126],[0.00613,0.5388],[0.00624,0.5650],[0.00635,0.5912],[0.00648,0.6175],[0.00662,0.6438],[0.00676,0.6700],[0.00692,0.6961],[0.00709,0.7221],[0.00729,0.7477],[0.00747,0.7737],[0.00767,0.7995],[0.00790,0.8251],[0.00812,0.8508],[0.00836,0.8762],[0.00862,0.9015],[0.00890,0.9265],[0.00919,0.9515],[0.00949,0.9762],[0.00980,1.0010],[0.01012,1.0255],[0.01048,1.0497],[0.01083,1.0739],[0.01125,1.0972],[0.01170,1.1203],[0.01214,1.1433],[0.01263,1.1658],[0.01312,1.1881],[0.01360,1.2104],[0.01414,1.2318],[0.01477,1.2521],[0.01534,1.2728],[0.01595,1.2928],[0.01661,1.3119],[0.01728,1.3304],[0.01800,1.3479],[0.01874,1.3645],[0.01940,1.3816],[0.02020,1.3952],[0.02104,1.4062],[0.02212,1.4137],[0.02358,1.4163],[0.02473,1.4236],[0.02621,1.4269],[0.02803,1.4265],[0.02965,1.4300],[0.03141,1.4327],[0.03340,1.4340],[0.03563,1.4339],[0.03806,1.4331],[0.04084,1.4303],[0.04415,1.4243],[0.04776,1.4177],[0.05218,1.4063],[0.05633,1.3988],[0.06215,1.3813],[0.06709,1.3718],[0.07274,1.3593],[0.07908,1.3435],[0.08432,1.3363],],[[0.08282,-0.2622],[0.07858,-0.2647],[0.07502,-0.2662],[0.06995,-0.2594],[0.06489,-0.2528],[0.05949,-0.2449],[0.05382,-0.2366],[0.04523,-0.2470],[0.03980,-0.2480],[0.03515,-0.2454],[0.03102,-0.2379],[0.02642,-0.2282],[0.02265,-0.2149],[0.01875,-0.2000],[0.01487,-0.1826],[0.01184,-0.1613],[0.01048,-0.1371],[0.01259,-0.0657],[0.01042,-0.0403],[0.00955,-0.0139],[0.00900,0.0130],[0.00852,0.0401],[0.00813,0.0674],[0.00782,0.0949],[0.00758,0.1226],[0.00733,0.1504],[0.00699,0.1775],[0.00679,0.2051],[0.00654,0.2323],[0.00621,0.2591],[0.00593,0.2860],[0.00569,0.3130],[0.00536,0.3392],[0.00507,0.3648],[0.00475,0.3876],[0.00461,0.4132],[0.00466,0.4569],[0.00476,0.4847],[0.00486,0.5109],[0.00497,0.5373],[0.00508,0.5639],[0.00520,0.5905],[0.00534,0.6171],[0.00549,0.6435],[0.00565,0.6701],[0.00599,0.7230],[0.00616,0.7496],[0.00635,0.7759],[0.00654,0.8023],[0.00673,0.8288],[0.00694,0.8550],[0.00720,0.8807],[0.00744,0.9066],[0.00769,0.9324],[0.00792,0.9583],[0.00821,0.9837],[0.00849,1.0091],[0.00876,1.0345],[0.00911,1.0592],[0.00948,1.0835],[0.00986,1.1077],[0.01023,1.1319],[0.01061,1.1558],[0.01107,1.1790],[0.01150,1.2022],[0.01192,1.2254],[0.01237,1.2482],[0.01287,1.2703],[0.01338,1.2920],[0.01390,1.3134],[0.01447,1.3340],[0.01505,1.3542],[0.01558,1.3747],[0.01618,1.3939],[0.01689,1.4113],[0.01792,1.4242],[0.01885,1.4375],[0.01950,1.4518],[0.02021,1.4634],[0.02099,1.4741],[0.02190,1.4830],[0.02331,1.4851],[0.02459,1.4898],[0.02584,1.4957],[0.02717,1.5013],[0.02872,1.5052],[0.03042,1.5081],[0.03242,1.5088],[0.03469,1.5079],[0.03689,1.5091],[0.03975,1.5052],[0.04253,1.5036],[0.04589,1.4986],[0.04941,1.4938],[0.05306,1.4894],[0.05758,1.4804],[0.06247,1.4707],[0.06852,1.4554],[0.07382,1.4464],[0.08017,1.4327],[0.08716,1.4168],[0.09451,1.4004],[0.10219,1.3832],[0.10949,1.3691],],],
{"title":"Cl v Cd","sortData":false,"legend":{"show":false,"placement":"insideGrid","location":"ne"},"series":[{"showLabel":true,"index":0,"showLine":true,"trendline":{"type":"none","show":false},"color":"#4bb2c5"},{"showLabel":true,"index":0,"showLine":true,"trendline":{"type":"none","show":false},"color":"#EAA228"},{"showLabel":true,"index":0,"showLine":true,"trendline":{"type":"none","show":false},"color":"#839557"},{"showLabel":true,"index":0,"showLine":true,"trendline":{"type":"none","show":false},"color":"#953579"},{"showLabel":true,"index":0,"showLine":true,"trendline":{"type":"none","show":false},"color":"#d8b83f"}],"show":"$.jqplot.config.enablePlugins","axes":{"xaxis":{"max":0.18,"min":0,"tickInterval":0.02,"tickOptions":{"formatString":"%.2f"},"forceTickAt0":true,"rendererOptions":{"forceTickAt0":true}},"yaxis":{"max":1.6,"min":-0.6,"tickInterval":0.2,"tickOptions":{"formatString":"%.2f"},"forceTickAt0":true,"rendererOptions":{"forceTickAt0":true}}},"seriesDefaults":{"lineWidth":1,"showLabel":true,"markerOptions":{"size":5,"show":false}}});
jqplots.push(p);

var p = $.jqplot('liftaoa',[[[-7.750,-0.3640],[-7.500,-0.3393],[-7.250,-0.3714],[-7.000,-0.3492],[-6.750,-0.3515],[-6.500,-0.3687],[-6.250,-0.3614],[-6.000,-0.3752],[-5.750,-0.3912],[-5.500,-0.3864],[-5.250,-0.3863],[-5.000,-0.3980],[-4.750,-0.3987],[-4.500,-0.3959],[-3.750,-0.3030],[-3.500,-0.2744],[-3.250,-0.2433],[-3.000,-0.2177],[-2.750,-0.1899],[-2.500,-0.1621],[-2.250,-0.1358],[-2.000,-0.1106],[-1.750,-0.0871],[-1.500,-0.0634],[-1.250,-0.0357],[-1.000,-0.0155],[-0.750,0.0059],[-0.500,0.0259],[-0.250,0.0451],[0.000,0.0640],[0.250,0.0989],[0.500,0.1479],[0.750,0.1946],[1.000,0.2403],[1.250,0.2861],[1.500,0.3274],[1.750,0.3628],[2.000,0.4005],[2.250,0.4408],[2.500,0.4834],[2.750,0.5181],[3.000,0.5496],[3.250,0.5885],[3.500,0.6317],[3.750,0.6769],[4.000,0.7001],[4.250,0.7361],[4.500,0.7765],[4.750,0.8190],[5.000,0.8410],[5.250,0.8784],[5.500,0.9144],[5.750,0.9410],[6.000,0.9730],[6.250,1.0044],[6.500,1.0285],[6.750,1.0547],[7.000,1.0812],[7.250,1.1066],[7.500,1.1308],[7.750,1.1534],[8.000,1.1740],[8.250,1.1917],[8.500,1.2085],[8.750,1.2258],[9.000,1.2452],[9.250,1.2595],[9.500,1.2741],[9.750,1.2857],[10.000,1.3067],[10.250,1.3159],[10.500,1.3238],[10.750,1.3159],[11.000,1.3204],[11.250,1.3043],[11.500,1.3076],[11.750,1.2823],[12.000,1.2548],[12.250,1.2259],[12.500,1.1975],[12.750,1.1709],],[[-8.750,-0.3465],[-8.500,-0.3590],[-8.250,-0.3729],[-8.000,-0.3393],[-7.750,-0.3352],[-7.500,-0.3379],[-7.250,-0.3478],[-7.000,-0.3638],[-6.750,-0.3834],[-6.500,-0.3993],[-6.250,-0.3955],[-6.000,-0.3936],[-5.750,-0.3948],[-5.500,-0.3953],[-5.250,-0.3930],[-5.000,-0.3896],[-4.750,-0.3827],[-4.500,-0.3712],[-4.250,-0.3616],[-4.000,-0.3346],[-3.750,-0.2912],[-3.500,-0.2238],[-3.250,-0.1808],[-3.000,-0.1412],[-2.750,-0.0957],[-2.500,-0.0572],[-2.250,-0.0133],[-2.000,0.0224],[-1.750,0.0651],[-1.500,0.0896],[-1.250,0.1492],[-1.000,0.1864],[-0.750,0.2299],[-0.500,0.2746],[-0.250,0.3115],[0.000,0.3534],[0.250,0.3932],[0.500,0.4249],[0.750,0.4575],[1.000,0.4924],[1.250,0.5262],[1.500,0.5543],[1.750,0.5823],[2.000,0.6100],[2.250,0.6375],[2.500,0.6648],[2.750,0.6919],[3.000,0.7190],[3.250,0.7461],[3.500,0.7709],[3.750,0.7964],[4.000,0.8226],[4.250,0.8479],[4.500,0.8725],[4.750,0.8980],[5.000,0.9217],[5.250,0.9459],[5.500,0.9697],[5.750,0.9928],[6.000,1.0163],[6.250,1.0385],[6.500,1.0602],[6.750,1.0815],[7.000,1.1023],[7.250,1.1224],[7.500,1.1416],[7.750,1.1603],[8.000,1.1786],[8.250,1.1961],[8.500,1.2124],[8.750,1.2278],[9.000,1.2424],[9.250,1.2569],[9.500,1.2701],[9.750,1.2826],[10.000,1.2958],[10.250,1.3080],[10.500,1.3188],[10.750,1.3304],[11.000,1.3401],[11.250,1.3429],[11.500,1.3451],[11.750,1.3514],[12.000,1.3411],[12.250,1.3453],[12.500,1.3344],[12.750,1.3268],[13.000,1.3258],[13.250,1.2003],[13.500,1.1803],[13.750,1.1582],[14.000,1.1325],[14.250,1.1038],[14.500,1.0731],],[[-7.750,-0.3616],[-7.500,-0.3716],[-7.250,-0.3815],[-7.000,-0.3949],[-6.750,-0.4031],[-6.500,-0.4082],[-6.250,-0.3942],[-6.000,-0.3653],[-5.750,-0.3319],[-5.500,-0.2883],[-5.250,-0.2632],[-5.000,-0.2295],[-4.750,-0.1963],[-4.500,-0.1626],[-4.250,-0.1300],[-4.000,-0.0877],[-3.750,-0.0477],[-3.500,-0.0117],[-3.250,0.0236],[-3.000,0.0615],[-2.750,0.0919],[-2.500,0.1253],[-2.250,0.1525],[-2.000,0.1817],[-1.750,0.2031],[-1.500,0.2232],[-1.250,0.2932],[-1.000,0.3192],[-0.750,0.3421],[-0.500,0.3661],[-0.250,0.3910],[0.000,0.4165],[0.250,0.4418],[0.500,0.4669],[0.750,0.4922],[1.000,0.5178],[1.250,0.5435],[1.500,0.5694],[1.750,0.5953],[2.000,0.6212],[2.250,0.6470],[2.500,0.6728],[2.750,0.6984],[3.000,0.7238],[3.250,0.7493],[3.500,0.7748],[3.750,0.7999],[4.000,0.8248],[4.250,0.8496],[4.500,0.8741],[4.750,0.8985],[5.000,0.9228],[5.250,0.9467],[5.500,0.9704],[5.750,0.9936],[6.000,1.0164],[6.250,1.0391],[6.500,1.0613],[6.750,1.0832],[7.000,1.1048],[7.250,1.1255],[7.500,1.1461],[7.750,1.1658],[8.000,1.1843],[8.250,1.2036],[8.500,1.2205],[8.750,1.2383],[9.000,1.2544],[9.250,1.2688],[9.500,1.2815],[9.750,1.2930],[10.000,1.3032],[10.250,1.3123],[10.500,1.3193],[10.750,1.3236],[11.000,1.3341],[11.250,1.3403],[11.500,1.3410],[11.750,1.3467],[12.000,1.3400],[12.250,1.3408],[12.500,1.3336],[12.750,1.3287],[13.000,1.3274],[13.250,1.3258],[13.500,1.3230],[13.750,1.3183],[14.000,1.3114],[14.250,1.3042],[14.500,1.2982],[14.750,1.2906],[15.000,1.2812],[15.250,1.2708],[15.500,1.2587],[15.750,1.2450],[16.000,1.2301],[16.250,1.2141],[16.500,1.1971],[16.750,1.1792],[17.000,1.1600],[17.250,1.1393],[17.500,1.1161],],[[-8.500,-0.3451],[-8.250,-0.3429],[-8.000,-0.3429],[-7.750,-0.3478],[-7.500,-0.3697],[-7.250,-0.3514],[-7.000,-0.3270],[-6.750,-0.2969],[-6.500,-0.2571],[-6.250,-0.2236],[-6.000,-0.2082],[-5.750,-0.1840],[-5.500,-0.1621],[-5.250,-0.1397],[-5.000,-0.1190],[-4.750,-0.0911],[-4.500,-0.0768],[-4.250,-0.0510],[-4.000,-0.0276],[-3.750,-0.0024],[-3.500,0.0233],[-3.250,0.0491],[-3.000,0.0753],[-2.750,0.1020],[-2.500,0.1286],[-2.250,0.1550],[-2.000,0.1814],[-1.750,0.2076],[-1.500,0.2339],[-1.250,0.2596],[-1.000,0.2839],[-0.750,0.3035],[-0.500,0.3361],[-0.250,0.3834],[0.000,0.4088],[0.250,0.4345],[0.500,0.4604],[0.750,0.4864],[1.000,0.5126],[1.250,0.5388],[1.500,0.5650],[1.750,0.5912],[2.000,0.6175],[2.250,0.6438],[2.500,0.6700],[2.750,0.6961],[3.000,0.7221],[3.250,0.7477],[3.500,0.7737],[3.750,0.7995],[4.000,0.8251],[4.250,0.8508],[4.500,0.8762],[4.750,0.9015],[5.000,0.9265],[5.250,0.9515],[5.500,0.9762],[5.750,1.0010],[6.000,1.0255],[6.250,1.0497],[6.500,1.0739],[6.750,1.0972],[7.000,1.1203],[7.250,1.1433],[7.500,1.1658],[7.750,1.1881],[8.000,1.2104],[8.250,1.2318],[8.500,1.2521],[8.750,1.2728],[9.000,1.2928],[9.250,1.3119],[9.500,1.3304],[9.750,1.3479],[10.000,1.3645],[10.250,1.3816],[10.500,1.3952],[10.750,1.4062],[11.000,1.4137],[11.250,1.4163],[11.500,1.4236],[11.750,1.4269],[12.000,1.4265],[12.250,1.4300],[12.500,1.4327],[12.750,1.4340],[13.000,1.4339],[13.250,1.4331],[13.500,1.4303],[13.750,1.4243],[14.000,1.4177],[14.250,1.4063],[14.500,1.3988],[14.750,1.3813],[15.000,1.3718],[15.250,1.3593],[15.500,1.3435],[15.750,1.3363],],[[-9.000,-0.2622],[-8.750,-0.2647],[-8.500,-0.2662],[-8.250,-0.2594],[-8.000,-0.2528],[-7.750,-0.2449],[-7.500,-0.2366],[-7.250,-0.2470],[-7.000,-0.2480],[-6.750,-0.2454],[-6.500,-0.2379],[-6.250,-0.2282],[-6.000,-0.2149],[-5.750,-0.2000],[-5.500,-0.1826],[-5.250,-0.1613],[-5.000,-0.1371],[-4.250,-0.0657],[-4.000,-0.0403],[-3.750,-0.0139],[-3.500,0.0130],[-3.250,0.0401],[-3.000,0.0674],[-2.750,0.0949],[-2.500,0.1226],[-2.250,0.1504],[-2.000,0.1775],[-1.750,0.2051],[-1.500,0.2323],[-1.250,0.2591],[-1.000,0.2860],[-0.750,0.3130],[-0.500,0.3392],[-0.250,0.3648],[0.000,0.3876],[0.250,0.4132],[0.500,0.4569],[0.750,0.4847],[1.000,0.5109],[1.250,0.5373],[1.500,0.5639],[1.750,0.5905],[2.000,0.6171],[2.250,0.6435],[2.500,0.6701],[3.000,0.7230],[3.250,0.7496],[3.500,0.7759],[3.750,0.8023],[4.000,0.8288],[4.250,0.8550],[4.500,0.8807],[4.750,0.9066],[5.000,0.9324],[5.250,0.9583],[5.500,0.9837],[5.750,1.0091],[6.000,1.0345],[6.250,1.0592],[6.500,1.0835],[6.750,1.1077],[7.000,1.1319],[7.250,1.1558],[7.500,1.1790],[7.750,1.2022],[8.000,1.2254],[8.250,1.2482],[8.500,1.2703],[8.750,1.2920],[9.000,1.3134],[9.250,1.3340],[9.500,1.3542],[9.750,1.3747],[10.000,1.3939],[10.250,1.4113],[10.500,1.4242],[10.750,1.4375],[11.000,1.4518],[11.250,1.4634],[11.500,1.4741],[11.750,1.4830],[12.000,1.4851],[12.250,1.4898],[12.500,1.4957],[12.750,1.5013],[13.000,1.5052],[13.250,1.5081],[13.500,1.5088],[13.750,1.5079],[14.000,1.5091],[14.250,1.5052],[14.500,1.5036],[14.750,1.4986],[15.000,1.4938],[15.250,1.4894],[15.500,1.4804],[15.750,1.4707],[16.000,1.4554],[16.250,1.4464],[16.500,1.4327],[16.750,1.4168],[17.000,1.4004],[17.250,1.3832],[17.500,1.3691],],],
{"title":"Cl v Alpha","sortData":false,"legend":{"show":false,"placement":"insideGrid","location":"ne"},"series":[{"showLabel":true,"index":0,"showLine":true,"trendline":{"type":"none","show":false},"color":"#4bb2c5"},{"showLabel":true,"index":0,"showLine":true,"trendline":{"type":"none","show":false},"color":"#EAA228"},{"showLabel":true,"index":0,"showLine":true,"trendline":{"type":"none","show":false},"color":"#839557"},{"showLabel":true,"index":0,"showLine":true,"trendline":{"type":"none","show":false},"color":"#953579"},{"showLabel":true,"index":0,"showLine":true,"trendline":{"type":"none","show":false},"color":"#d8b83f"}],"show":"$.jqplot.config.enablePlugins","axes":{"xaxis":{"max":20,"min":-10,"tickInterval":5,"tickOptions":{"formatString":"%.1f"},"forceTickAt0":true,"rendererOptions":{"forceTickAt0":true}},"yaxis":{"max":1.6,"min":-0.6,"tickInterval":0.2,"tickOptions":{"formatString":"%.2f"},"forceTickAt0":true,"rendererOptions":{"forceTickAt0":true}}},"seriesDefaults":{"lineWidth":1,"showLabel":true,"markerOptions":{"size":5,"show":false}}});
jqplots.push(p);

var p = $.jqplot('momentaoa',[[[-7.750,-0.0258],[-7.500,-0.0239],[-7.250,-0.0235],[-7.000,-0.0213],[-6.750,-0.0195],[-6.500,-0.0184],[-6.250,-0.0156],[-6.000,-0.0144],[-5.750,-0.0142],[-5.500,-0.0106],[-5.250,-0.0078],[-5.000,-0.0073],[-4.750,-0.0045],[-4.500,-0.0005],[-3.750,-0.0412],[-3.500,-0.0433],[-3.250,-0.0457],[-3.000,-0.0463],[-2.750,-0.0469],[-2.500,-0.0470],[-2.250,-0.0469],[-2.000,-0.0463],[-1.750,-0.0458],[-1.500,-0.0449],[-1.250,-0.0448],[-1.000,-0.0413],[-0.750,-0.0411],[-0.500,-0.0408],[-0.250,-0.0406],[0.000,-0.0405],[0.250,-0.0434],[0.500,-0.0488],[0.750,-0.0536],[1.000,-0.0580],[1.250,-0.0622],[1.500,-0.0655],[1.750,-0.0677],[2.000,-0.0701],[2.250,-0.0726],[2.500,-0.0753],[2.750,-0.0766],[3.000,-0.0774],[3.250,-0.0789],[3.500,-0.0807],[3.750,-0.0824],[4.000,-0.0814],[4.250,-0.0814],[4.500,-0.0815],[4.750,-0.0814],[5.000,-0.0798],[5.250,-0.0790],[5.500,-0.0779],[5.750,-0.0763],[6.000,-0.0748],[6.250,-0.0733],[6.500,-0.0715],[6.750,-0.0698],[7.000,-0.0681],[7.250,-0.0664],[7.500,-0.0647],[7.750,-0.0630],[8.000,-0.0611],[8.250,-0.0592],[8.500,-0.0572],[8.750,-0.0553],[9.000,-0.0537],[9.250,-0.0517],[9.500,-0.0497],[9.750,-0.0476],[10.000,-0.0465],[10.250,-0.0444],[10.500,-0.0422],[10.750,-0.0390],[11.000,-0.0371],[11.250,-0.0340],[11.500,-0.0321],[11.750,-0.0291],[12.000,-0.0271],[12.250,-0.0266],[12.500,-0.0276],[12.750,-0.0298],],[[-8.750,-0.0327],[-8.500,-0.0361],[-8.250,-0.0378],[-8.000,-0.0330],[-7.750,-0.0321],[-7.500,-0.0315],[-7.250,-0.0305],[-7.000,-0.0297],[-6.750,-0.0329],[-6.500,-0.0383],[-6.250,-0.0320],[-6.000,-0.0274],[-5.750,-0.0261],[-5.500,-0.0372],[-5.250,-0.0334],[-5.000,-0.0298],[-4.750,-0.0297],[-4.500,-0.0331],[-4.250,-0.0320],[-4.000,-0.0363],[-3.750,-0.0440],[-3.500,-0.0521],[-3.250,-0.0557],[-3.000,-0.0580],[-2.750,-0.0607],[-2.500,-0.0622],[-2.250,-0.0649],[-2.000,-0.0662],[-1.750,-0.0689],[-1.500,-0.0681],[-1.250,-0.0729],[-1.000,-0.0748],[-0.750,-0.0777],[-0.500,-0.0808],[-0.250,-0.0825],[0.000,-0.0848],[0.250,-0.0866],[0.500,-0.0869],[0.750,-0.0873],[1.000,-0.0879],[1.250,-0.0882],[1.500,-0.0876],[1.750,-0.0869],[2.000,-0.0861],[2.250,-0.0853],[2.500,-0.0845],[2.750,-0.0836],[3.000,-0.0827],[3.250,-0.0818],[3.500,-0.0806],[3.750,-0.0796],[4.000,-0.0787],[4.250,-0.0777],[4.500,-0.0767],[4.750,-0.0757],[5.000,-0.0746],[5.250,-0.0736],[5.500,-0.0725],[5.750,-0.0714],[6.000,-0.0703],[6.250,-0.0692],[6.500,-0.0680],[6.750,-0.0667],[7.000,-0.0654],[7.250,-0.0641],[7.500,-0.0627],[7.750,-0.0613],[8.000,-0.0598],[8.250,-0.0583],[8.500,-0.0566],[8.750,-0.0550],[9.000,-0.0532],[9.250,-0.0515],[9.500,-0.0496],[9.750,-0.0477],[10.000,-0.0459],[10.250,-0.0441],[10.500,-0.0421],[10.750,-0.0404],[11.000,-0.0385],[11.250,-0.0357],[11.500,-0.0332],[11.750,-0.0316],[12.000,-0.0283],[12.250,-0.0270],[12.500,-0.0246],[12.750,-0.0230],[13.000,-0.0222],[13.250,-0.0163],[13.500,-0.0165],[13.750,-0.0174],[14.000,-0.0192],[14.250,-0.0217],[14.500,-0.0250],],[[-7.750,-0.0375],[-7.500,-0.0374],[-7.250,-0.0371],[-7.000,-0.0365],[-6.750,-0.0317],[-6.500,-0.0290],[-6.250,-0.0306],[-6.000,-0.0376],[-5.750,-0.0474],[-5.500,-0.0638],[-5.250,-0.0658],[-5.000,-0.0699],[-4.750,-0.0754],[-4.500,-0.0784],[-4.250,-0.0812],[-4.000,-0.0812],[-3.750,-0.0837],[-3.500,-0.0849],[-3.250,-0.0858],[-3.000,-0.0876],[-2.750,-0.0876],[-2.500,-0.0884],[-2.250,-0.0884],[-2.000,-0.0888],[-1.750,-0.0873],[-1.500,-0.0840],[-1.250,-0.0918],[-1.000,-0.0910],[-0.750,-0.0897],[-0.500,-0.0886],[-0.250,-0.0876],[0.000,-0.0868],[0.250,-0.0859],[0.500,-0.0850],[0.750,-0.0842],[1.000,-0.0834],[1.250,-0.0827],[1.500,-0.0821],[1.750,-0.0814],[2.000,-0.0808],[2.250,-0.0801],[2.500,-0.0795],[2.750,-0.0788],[3.000,-0.0782],[3.250,-0.0776],[3.500,-0.0769],[3.750,-0.0763],[4.000,-0.0756],[4.250,-0.0749],[4.500,-0.0742],[4.750,-0.0735],[5.000,-0.0728],[5.250,-0.0721],[5.500,-0.0714],[5.750,-0.0706],[6.000,-0.0697],[6.250,-0.0689],[6.500,-0.0680],[6.750,-0.0670],[7.000,-0.0661],[7.250,-0.0650],[7.500,-0.0640],[7.750,-0.0629],[8.000,-0.0616],[8.250,-0.0604],[8.500,-0.0590],[8.750,-0.0577],[9.000,-0.0561],[9.250,-0.0544],[9.500,-0.0524],[9.750,-0.0503],[10.000,-0.0480],[10.250,-0.0456],[10.500,-0.0431],[10.750,-0.0407],[11.000,-0.0391],[11.250,-0.0372],[11.500,-0.0351],[11.750,-0.0335],[12.000,-0.0315],[12.250,-0.0301],[12.500,-0.0288],[12.750,-0.0276],[13.000,-0.0269],[13.250,-0.0264],[13.500,-0.0263],[13.750,-0.0265],[14.000,-0.0264],[14.250,-0.0271],[14.500,-0.0281],[14.750,-0.0299],[15.000,-0.0318],[15.250,-0.0342],[15.500,-0.0371],[15.750,-0.0405],[16.000,-0.0445],[16.250,-0.0491],[16.500,-0.0542],[16.750,-0.0600],[17.000,-0.0663],[17.250,-0.0734],[17.500,-0.0808],],[[-8.500,-0.0355],[-8.250,-0.0351],[-8.000,-0.0347],[-7.750,-0.0335],[-7.500,-0.0293],[-7.250,-0.0361],[-7.000,-0.0446],[-6.750,-0.0569],[-6.500,-0.0717],[-6.250,-0.0812],[-6.000,-0.0884],[-5.750,-0.0904],[-5.500,-0.0915],[-5.250,-0.0921],[-5.000,-0.0917],[-4.750,-0.0906],[-4.500,-0.0904],[-4.250,-0.0879],[-4.000,-0.0869],[-3.750,-0.0860],[-3.500,-0.0852],[-3.250,-0.0845],[-3.000,-0.0839],[-2.750,-0.0833],[-2.500,-0.0828],[-2.250,-0.0824],[-2.000,-0.0822],[-1.750,-0.0820],[-1.500,-0.0818],[-1.250,-0.0814],[-1.000,-0.0807],[-0.750,-0.0784],[-0.500,-0.0787],[-0.250,-0.0827],[0.000,-0.0821],[0.250,-0.0816],[0.500,-0.0810],[0.750,-0.0806],[1.000,-0.0801],[1.250,-0.0797],[1.500,-0.0793],[1.750,-0.0789],[2.000,-0.0785],[2.250,-0.0782],[2.500,-0.0778],[2.750,-0.0774],[3.000,-0.0770],[3.250,-0.0766],[3.500,-0.0762],[3.750,-0.0759],[4.000,-0.0755],[4.250,-0.0751],[4.500,-0.0747],[4.750,-0.0743],[5.000,-0.0739],[5.250,-0.0734],[5.500,-0.0730],[5.750,-0.0725],[6.000,-0.0720],[6.250,-0.0715],[6.500,-0.0710],[6.750,-0.0704],[7.000,-0.0698],[7.250,-0.0691],[7.500,-0.0684],[7.750,-0.0677],[8.000,-0.0669],[8.250,-0.0661],[8.500,-0.0651],[8.750,-0.0642],[9.000,-0.0632],[9.250,-0.0621],[9.500,-0.0609],[9.750,-0.0595],[10.000,-0.0581],[10.250,-0.0567],[10.500,-0.0547],[10.750,-0.0524],[11.000,-0.0497],[11.250,-0.0465],[11.500,-0.0441],[11.750,-0.0415],[12.000,-0.0388],[12.250,-0.0367],[12.500,-0.0349],[12.750,-0.0333],[13.000,-0.0319],[13.250,-0.0308],[13.500,-0.0300],[13.750,-0.0296],[14.000,-0.0296],[14.250,-0.0300],[14.500,-0.0307],[14.750,-0.0322],[15.000,-0.0337],[15.250,-0.0357],[15.500,-0.0380],[15.750,-0.0403],],[[-9.000,-0.0346],[-8.750,-0.0358],[-8.500,-0.0362],[-8.250,-0.0397],[-8.000,-0.0434],[-7.750,-0.0479],[-7.500,-0.0533],[-7.250,-0.0619],[-7.000,-0.0673],[-6.750,-0.0707],[-6.500,-0.0733],[-6.250,-0.0758],[-6.000,-0.0773],[-5.750,-0.0786],[-5.500,-0.0795],[-5.250,-0.0796],[-5.000,-0.0794],[-4.250,-0.0833],[-4.000,-0.0824],[-3.750,-0.0819],[-3.500,-0.0815],[-3.250,-0.0812],[-3.000,-0.0809],[-2.750,-0.0807],[-2.500,-0.0805],[-2.250,-0.0803],[-2.000,-0.0801],[-1.750,-0.0801],[-1.500,-0.0800],[-1.250,-0.0799],[-1.000,-0.0799],[-0.750,-0.0798],[-0.500,-0.0796],[-0.250,-0.0791],[0.000,-0.0778],[0.250,-0.0767],[0.500,-0.0802],[0.750,-0.0801],[1.000,-0.0797],[1.250,-0.0794],[1.500,-0.0791],[1.750,-0.0788],[2.000,-0.0785],[2.250,-0.0783],[2.500,-0.0780],[3.000,-0.0775],[3.250,-0.0773],[3.500,-0.0770],[3.750,-0.0768],[4.000,-0.0766],[4.250,-0.0763],[4.500,-0.0760],[4.750,-0.0757],[5.000,-0.0754],[5.250,-0.0752],[5.500,-0.0748],[5.750,-0.0745],[6.000,-0.0742],[6.250,-0.0738],[6.500,-0.0733],[6.750,-0.0728],[7.000,-0.0724],[7.250,-0.0719],[7.500,-0.0712],[7.750,-0.0706],[8.000,-0.0700],[8.250,-0.0694],[8.500,-0.0687],[8.750,-0.0679],[9.000,-0.0670],[9.250,-0.0661],[9.500,-0.0651],[9.750,-0.0641],[10.000,-0.0630],[10.250,-0.0616],[10.500,-0.0596],[10.750,-0.0575],[11.000,-0.0555],[11.250,-0.0532],[11.500,-0.0508],[11.750,-0.0483],[12.000,-0.0451],[12.250,-0.0426],[12.500,-0.0404],[12.750,-0.0384],[13.000,-0.0364],[13.250,-0.0346],[13.500,-0.0330],[13.750,-0.0316],[14.000,-0.0306],[14.250,-0.0298],[14.500,-0.0294],[14.750,-0.0293],[15.000,-0.0296],[15.250,-0.0302],[15.500,-0.0313],[15.750,-0.0329],[16.000,-0.0351],[16.250,-0.0373],[16.500,-0.0402],[16.750,-0.0435],[17.000,-0.0471],[17.250,-0.0510],[17.500,-0.0548],],],
{"title":"Cm v Alpha","sortData":false,"legend":{"show":false,"placement":"insideGrid","location":"ne"},"series":[{"showLabel":true,"index":0,"showLine":true,"trendline":{"type":"none","show":false},"color":"#4bb2c5"},{"showLabel":true,"index":0,"showLine":true,"trendline":{"type":"none","show":false},"color":"#EAA228"},{"showLabel":true,"index":0,"showLine":true,"trendline":{"type":"none","show":false},"color":"#839557"},{"showLabel":true,"index":0,"showLine":true,"trendline":{"type":"none","show":false},"color":"#953579"},{"showLabel":true,"index":0,"showLine":true,"trendline":{"type":"none","show":false},"color":"#d8b83f"}],"show":"$.jqplot.config.enablePlugins","axes":{"xaxis":{"max":20,"min":-10,"tickInterval":5,"tickOptions":{"formatString":"%.1f"},"forceTickAt0":true,"rendererOptions":{"forceTickAt0":true}},"yaxis":{"max":0,"min":-0.1,"tickInterval":0.01,"tickOptions":{"formatString":"%.2f"},"forceTickAt0":true,"rendererOptions":{"forceTickAt0":true}}},"seriesDefaults":{"lineWidth":1,"showLabel":true,"markerOptions":{"size":5,"show":false}}});
jqplots.push(p);

var p = $.jqplot('dragaoa',[[[-7.750,0.10217],[-7.500,0.09658],[-7.250,0.09749],[-7.000,0.09245],[-6.750,0.08979],[-6.500,0.08900],[-6.250,0.08560],[-6.000,0.08396],[-5.750,0.08315],[-5.500,0.08004],[-5.250,0.07745],[-5.000,0.07595],[-4.750,0.07328],[-4.500,0.07057],[-3.750,0.04999],[-3.500,0.04426],[-3.250,0.03992],[-3.000,0.03696],[-2.750,0.03420],[-2.500,0.03181],[-2.250,0.02996],[-2.000,0.02853],[-1.750,0.02719],[-1.500,0.02601],[-1.250,0.02461],[-1.000,0.02078],[-0.750,0.02128],[-0.500,0.02183],[-0.250,0.02243],[0.000,0.02308],[0.250,0.02411],[0.500,0.02537],[0.750,0.02654],[1.000,0.02763],[1.250,0.02866],[1.500,0.02957],[1.750,0.03037],[2.000,0.03114],[2.250,0.03184],[2.500,0.03243],[2.750,0.03302],[3.000,0.03359],[3.250,0.03395],[3.500,0.03407],[3.750,0.03394],[4.000,0.03449],[4.250,0.03440],[4.500,0.03391],[4.750,0.03313],[5.000,0.03351],[5.250,0.03285],[5.500,0.03222],[5.750,0.03220],[6.000,0.03176],[6.250,0.03136],[6.500,0.03157],[6.750,0.03170],[7.000,0.03187],[7.250,0.03215],[7.500,0.03262],[7.750,0.03323],[8.000,0.03405],[8.250,0.03516],[8.500,0.03644],[8.750,0.03783],[9.000,0.03916],[9.250,0.04085],[9.500,0.04270],[9.750,0.04477],[10.000,0.04667],[10.250,0.04937],[10.500,0.05192],[10.750,0.05567],[11.000,0.05920],[11.250,0.06320],[11.500,0.06617],[11.750,0.07041],[12.000,0.07513],[12.250,0.08063],[12.500,0.08700],[12.750,0.09422],],[[-8.750,0.10393],[-8.500,0.10273],[-8.250,0.10132],[-8.000,0.09401],[-7.750,0.09136],[-7.500,0.08908],[-7.250,0.08730],[-7.000,0.08585],[-6.750,0.08439],[-6.500,0.08249],[-6.250,0.07835],[-6.000,0.07612],[-5.750,0.07389],[-5.500,0.07105],[-5.250,0.06699],[-5.000,0.06464],[-4.750,0.06213],[-4.500,0.05823],[-4.250,0.05597],[-4.000,0.05210],[-3.750,0.04814],[-3.500,0.03502],[-3.250,0.03122],[-3.000,0.02823],[-2.750,0.02558],[-2.500,0.02382],[-2.250,0.02232],[-2.000,0.02103],[-1.750,0.01933],[-1.500,0.01721],[-1.250,0.01664],[-1.000,0.01679],[-0.750,0.01689],[-0.500,0.01690],[-0.250,0.01695],[0.000,0.01690],[0.250,0.01679],[0.500,0.01678],[0.750,0.01673],[1.000,0.01657],[1.250,0.01636],[1.500,0.01628],[1.750,0.01619],[2.000,0.01610],[2.250,0.01602],[2.500,0.01595],[2.750,0.01588],[3.000,0.01582],[3.250,0.01576],[3.500,0.01583],[3.750,0.01589],[4.000,0.01594],[4.250,0.01608],[4.500,0.01624],[4.750,0.01640],[5.000,0.01663],[5.250,0.01687],[5.500,0.01716],[5.750,0.01751],[6.000,0.01788],[6.250,0.01830],[6.500,0.01877],[6.750,0.01928],[7.000,0.01984],[7.250,0.02045],[7.500,0.02112],[7.750,0.02186],[8.000,0.02267],[8.250,0.02355],[8.500,0.02449],[8.750,0.02551],[9.000,0.02657],[9.250,0.02782],[9.500,0.02912],[9.750,0.03048],[10.000,0.03203],[10.250,0.03368],[10.500,0.03543],[10.750,0.03744],[11.000,0.03937],[11.250,0.04098],[11.500,0.04326],[11.750,0.04571],[12.000,0.04770],[12.250,0.05066],[12.500,0.05337],[12.750,0.05652],[13.000,0.05939],[13.250,0.06213],[13.500,0.06781],[13.750,0.07389],[14.000,0.08049],[14.250,0.08756],[14.500,0.09491],],[[-7.750,0.08900],[-7.500,0.08676],[-7.250,0.08449],[-7.000,0.08068],[-6.750,0.07764],[-6.500,0.07569],[-6.250,0.07260],[-6.000,0.06787],[-5.750,0.06202],[-5.500,0.05243],[-5.250,0.04863],[-5.000,0.04531],[-4.750,0.04005],[-4.500,0.03678],[-4.250,0.03373],[-4.000,0.02413],[-3.750,0.02095],[-3.500,0.01883],[-3.250,0.01734],[-3.000,0.01566],[-2.750,0.01497],[-2.500,0.01355],[-2.250,0.01240],[-2.000,0.01145],[-1.750,0.01064],[-1.500,0.00976],[-1.250,0.00938],[-1.000,0.00929],[-0.750,0.00929],[-0.500,0.00929],[-0.250,0.00928],[0.000,0.00926],[0.250,0.00925],[0.500,0.00927],[0.750,0.00930],[1.000,0.00934],[1.250,0.00938],[1.500,0.00944],[1.750,0.00952],[2.000,0.00960],[2.250,0.00970],[2.500,0.00981],[2.750,0.00993],[3.000,0.01007],[3.250,0.01023],[3.500,0.01040],[3.750,0.01059],[4.000,0.01079],[4.250,0.01102],[4.500,0.01126],[4.750,0.01154],[5.000,0.01181],[5.250,0.01213],[5.500,0.01245],[5.750,0.01282],[6.000,0.01321],[6.250,0.01360],[6.500,0.01404],[6.750,0.01450],[7.000,0.01499],[7.250,0.01554],[7.500,0.01610],[7.750,0.01671],[8.000,0.01741],[8.250,0.01806],[8.500,0.01888],[8.750,0.01962],[9.000,0.02048],[9.250,0.02144],[9.500,0.02250],[9.750,0.02355],[10.000,0.02458],[10.250,0.02569],[10.500,0.02698],[10.750,0.02844],[11.000,0.02940],[11.250,0.03082],[11.500,0.03273],[11.750,0.03438],[12.000,0.03723],[12.250,0.03954],[12.500,0.04277],[12.750,0.04611],[13.000,0.04915],[13.250,0.05229],[13.500,0.05562],[13.750,0.05933],[14.000,0.06370],[14.250,0.06815],[14.500,0.07250],[14.750,0.07721],[15.000,0.08252],[15.250,0.08817],[15.500,0.09439],[15.750,0.10121],[16.000,0.10854],[16.250,0.11642],[16.500,0.12492],[16.750,0.13404],[17.000,0.14394],[17.250,0.15483],[17.500,0.16677],],[[-8.500,0.08765],[-8.250,0.08531],[-8.000,0.08298],[-7.750,0.08102],[-7.500,0.07999],[-7.250,0.07544],[-7.000,0.07045],[-6.750,0.06371],[-6.500,0.05514],[-6.250,0.04774],[-6.000,0.03817],[-5.750,0.03554],[-5.500,0.03302],[-5.250,0.03037],[-5.000,0.02766],[-4.750,0.02762],[-4.500,0.02191],[-4.250,0.01674],[-4.000,0.01391],[-3.750,0.01248],[-3.500,0.01147],[-3.250,0.01070],[-3.000,0.01011],[-2.750,0.00967],[-2.500,0.00912],[-2.250,0.00848],[-2.000,0.00807],[-1.750,0.00763],[-1.500,0.00726],[-1.250,0.00684],[-1.000,0.00635],[-0.750,0.00582],[-0.500,0.00564],[-0.250,0.00562],[0.000,0.00569],[0.250,0.00576],[0.500,0.00585],[0.750,0.00593],[1.000,0.00603],[1.250,0.00613],[1.500,0.00624],[1.750,0.00635],[2.000,0.00648],[2.250,0.00662],[2.500,0.00676],[2.750,0.00692],[3.000,0.00709],[3.250,0.00729],[3.500,0.00747],[3.750,0.00767],[4.000,0.00790],[4.250,0.00812],[4.500,0.00836],[4.750,0.00862],[5.000,0.00890],[5.250,0.00919],[5.500,0.00949],[5.750,0.00980],[6.000,0.01012],[6.250,0.01048],[6.500,0.01083],[6.750,0.01125],[7.000,0.01170],[7.250,0.01214],[7.500,0.01263],[7.750,0.01312],[8.000,0.01360],[8.250,0.01414],[8.500,0.01477],[8.750,0.01534],[9.000,0.01595],[9.250,0.01661],[9.500,0.01728],[9.750,0.01800],[10.000,0.01874],[10.250,0.01940],[10.500,0.02020],[10.750,0.02104],[11.000,0.02212],[11.250,0.02358],[11.500,0.02473],[11.750,0.02621],[12.000,0.02803],[12.250,0.02965],[12.500,0.03141],[12.750,0.03340],[13.000,0.03563],[13.250,0.03806],[13.500,0.04084],[13.750,0.04415],[14.000,0.04776],[14.250,0.05218],[14.500,0.05633],[14.750,0.06215],[15.000,0.06709],[15.250,0.07274],[15.500,0.07908],[15.750,0.08432],],[[-9.000,0.08282],[-8.750,0.07858],[-8.500,0.07502],[-8.250,0.06995],[-8.000,0.06489],[-7.750,0.05949],[-7.500,0.05382],[-7.250,0.04523],[-7.000,0.03980],[-6.750,0.03515],[-6.500,0.03102],[-6.250,0.02642],[-6.000,0.02265],[-5.750,0.01875],[-5.500,0.01487],[-5.250,0.01184],[-5.000,0.01048],[-4.250,0.01259],[-4.000,0.01042],[-3.750,0.00955],[-3.500,0.00900],[-3.250,0.00852],[-3.000,0.00813],[-2.750,0.00782],[-2.500,0.00758],[-2.250,0.00733],[-2.000,0.00699],[-1.750,0.00679],[-1.500,0.00654],[-1.250,0.00621],[-1.000,0.00593],[-0.750,0.00569],[-0.500,0.00536],[-0.250,0.00507],[0.000,0.00475],[0.250,0.00461],[0.500,0.00466],[0.750,0.00476],[1.000,0.00486],[1.250,0.00497],[1.500,0.00508],[1.750,0.00520],[2.000,0.00534],[2.250,0.00549],[2.500,0.00565],[3.000,0.00599],[3.250,0.00616],[3.500,0.00635],[3.750,0.00654],[4.000,0.00673],[4.250,0.00694],[4.500,0.00720],[4.750,0.00744],[5.000,0.00769],[5.250,0.00792],[5.500,0.00821],[5.750,0.00849],[6.000,0.00876],[6.250,0.00911],[6.500,0.00948],[6.750,0.00986],[7.000,0.01023],[7.250,0.01061],[7.500,0.01107],[7.750,0.01150],[8.000,0.01192],[8.250,0.01237],[8.500,0.01287],[8.750,0.01338],[9.000,0.01390],[9.250,0.01447],[9.500,0.01505],[9.750,0.01558],[10.000,0.01618],[10.250,0.01689],[10.500,0.01792],[10.750,0.01885],[11.000,0.01950],[11.250,0.02021],[11.500,0.02099],[11.750,0.02190],[12.000,0.02331],[12.250,0.02459],[12.500,0.02584],[12.750,0.02717],[13.000,0.02872],[13.250,0.03042],[13.500,0.03242],[13.750,0.03469],[14.000,0.03689],[14.250,0.03975],[14.500,0.04253],[14.750,0.04589],[15.000,0.04941],[15.250,0.05306],[15.500,0.05758],[15.750,0.06247],[16.000,0.06852],[16.250,0.07382],[16.500,0.08017],[16.750,0.08716],[17.000,0.09451],[17.250,0.10219],[17.500,0.10949],],],
{"title":"Cd v Alpha","sortData":false,"legend":{"show":false,"placement":"insideGrid","location":"ne"},"series":[{"showLabel":true,"index":0,"showLine":true,"trendline":{"type":"none","show":false},"color":"#4bb2c5"},{"showLabel":true,"index":0,"showLine":true,"trendline":{"type":"none","show":false},"color":"#EAA228"},{"showLabel":true,"index":0,"showLine":true,"trendline":{"type":"none","show":false},"color":"#839557"},{"showLabel":true,"index":0,"showLine":true,"trendline":{"type":"none","show":false},"color":"#953579"},{"showLabel":true,"index":0,"showLine":true,"trendline":{"type":"none","show":false},"color":"#d8b83f"}],"show":"$.jqplot.config.enablePlugins","axes":{"xaxis":{"max":20,"min":-10,"tickInterval":5,"tickOptions":{"formatString":"%.1f"},"forceTickAt0":true,"rendererOptions":{"forceTickAt0":true}},"yaxis":{"max":0.18,"min":0,"tickInterval":0.02,"tickOptions":{"formatString":"%.2f"},"forceTickAt0":true,"rendererOptions":{"forceTickAt0":true}}},"seriesDefaults":{"lineWidth":1,"showLabel":true,"markerOptions":{"size":5,"show":false}}});
jqplots.push(p);

var p = $.jqplot('effaoa',[[[-7.750,-3.5626896349222],[-7.500,-3.513149720439],[-7.250,-3.809621499641],[-7.000,-3.7771768523526],[-6.750,-3.9146898318298],[-6.500,-4.1426966292135],[-6.250,-4.2219626168224],[-6.000,-4.4687946641258],[-5.750,-4.7047504509922],[-5.500,-4.8275862068966],[-5.250,-4.9877340219496],[-5.000,-5.2402896642528],[-4.750,-5.4407751091703],[-4.500,-5.6100325917529],[-3.750,-6.0612122424485],[-3.500,-6.1997288748305],[-3.250,-6.0946893787575],[-3.000,-5.8901515151515],[-2.750,-5.5526315789474],[-2.500,-5.0958817981767],[-2.250,-4.5327102803738],[-2.000,-3.8766211005959],[-1.750,-3.2033835969106],[-1.500,-2.4375240292195],[-1.250,-1.4506298252743],[-1.000,-0.74590952839269],[-0.750,0.27725563909774],[-0.500,1.1864406779661],[-0.250,2.0106999554169],[0.000,2.7729636048527],[0.250,4.1020323517213],[0.500,5.8297201418999],[0.750,7.3323285606631],[1.000,8.6970684039088],[1.250,9.9825540823447],[1.500,11.072032465336],[1.750,11.945999341455],[2.000,12.861271676301],[2.250,13.844221105528],[2.500,14.905951279679],[2.750,15.69049061175],[3.000,16.362012503721],[3.250,17.334315169367],[3.500,18.541238626357],[3.750,19.944018856806],[4.000,20.29863728617],[4.250,21.398255813953],[4.500,22.898849896786],[4.750,24.720796860851],[5.000,25.096985974336],[5.250,26.739726027397],[5.500,28.379888268156],[5.750,29.223602484472],[6.000,30.636020151134],[6.250,32.02806122449],[6.500,32.578397212544],[6.750,33.271293375394],[7.000,33.925321619078],[7.250,34.419906687403],[7.500,34.665849172287],[7.750,34.709599759254],[8.000,34.478707782673],[8.250,33.893629124005],[8.500,33.164105378705],[8.750,32.402854877082],[9.000,31.797752808989],[9.250,30.832313341493],[9.500,29.838407494145],[9.750,28.717891445164],[10.000,27.998714377544],[10.250,26.653838363379],[10.500,25.496918335901],[10.750,23.637506736124],[11.000,22.304054054054],[11.250,20.637658227848],[11.500,19.761221097174],[11.750,18.211901718506],[12.000,16.701717023825],[12.250,15.204018355451],[12.500,13.764367816092],[12.750,12.427297813628],],[[-8.750,-3.3339747907245],[-8.500,-3.4945974885623],[-8.250,-3.6804184761153],[-8.000,-3.6091905116477],[-7.750,-3.6690017513135],[-7.500,-3.7932195779075],[-7.250,-3.9839633447881],[-7.000,-4.2376237623762],[-6.750,-4.5431923213651],[-6.500,-4.8405867377864],[-6.250,-5.0478621569879],[-6.000,-5.1707829742512],[-5.750,-5.343077547706],[-5.500,-5.5636875439831],[-5.250,-5.8665472458576],[-5.000,-6.0272277227723],[-4.750,-6.1596652180911],[-4.500,-6.3747209342263],[-4.250,-6.4606038949437],[-4.000,-6.4222648752399],[-3.750,-6.0490236809306],[-3.500,-6.3906339234723],[-3.250,-5.7911595131326],[-3.000,-5.0017711654269],[-2.750,-3.7412040656763],[-2.500,-2.4013434089001],[-2.250,-0.59587813620072],[-2.000,1.0651450309082],[-1.750,3.3678220382825],[-1.500,5.2062754212667],[-1.250,8.9663461538462],[-1.000,11.101846337105],[-0.750,13.611604499704],[-0.500,16.248520710059],[-0.250,18.377581120944],[0.000,20.91124260355],[0.250,23.4187016081],[0.500,25.321811680572],[0.750,27.346084877466],[1.000,29.716354858177],[1.250,32.163814180929],[1.500,34.047911547912],[1.750,35.966646077826],[2.000,37.888198757764],[2.250,39.794007490637],[2.500,41.680250783699],[2.750,43.570528967254],[3.000,45.448798988622],[3.250,47.341370558376],[3.500,48.698673404927],[3.750,50.119572057898],[4.000,51.606022584693],[4.250,52.730099502488],[4.500,53.725369458128],[4.750,54.756097560976],[5.000,55.423932651834],[5.250,56.06994665086],[5.500,56.509324009324],[5.750,56.699029126214],[6.000,56.840044742729],[6.250,56.748633879781],[6.500,56.483750665956],[6.750,56.094398340249],[7.000,55.559475806452],[7.250,54.885085574572],[7.500,54.05303030303],[7.750,53.07868252516],[8.000,51.98941332157],[8.250,50.789808917197],[8.500,49.505920783993],[8.750,48.13014504116],[9.000,46.759503199097],[9.250,45.179726815241],[9.500,43.616071428571],[9.750,42.080052493438],[10.000,40.45582266625],[10.250,38.836104513064],[10.500,37.222692633362],[10.750,35.534188034188],[11.000,34.038608077216],[11.250,32.769643728648],[11.500,31.093388811835],[11.750,29.564646685627],[12.000,28.115303983229],[12.250,26.555467824714],[12.500,25.002810567735],[12.750,23.474876150035],[13.000,22.323623505641],[13.250,19.319169483341],[13.500,17.405987317505],[13.750,15.674651509],[14.000,14.07007081625],[14.250,12.606212882595],[14.500,11.306500895585],],[[-7.750,-4.0629213483146],[-7.500,-4.2830797602582],[-7.250,-4.5153272576636],[-7.000,-4.8946455131383],[-6.750,-5.1919113858836],[-6.500,-5.3930506011362],[-6.250,-5.4297520661157],[-6.000,-5.3823486076322],[-5.750,-5.3514995162851],[-5.500,-5.4987602517643],[-5.250,-5.4122969360477],[-5.000,-5.0651070403884],[-4.750,-4.9013732833958],[-4.500,-4.42088091354],[-4.250,-3.8541357841684],[-4.000,-3.6344799005387],[-3.750,-2.2768496420048],[-3.500,-0.62134891131174],[-3.250,1.361014994233],[-3.000,3.9272030651341],[-2.750,6.1389445557782],[-2.500,9.2472324723247],[-2.250,12.298387096774],[-2.000,15.868995633188],[-1.750,19.088345864662],[-1.500,22.868852459016],[-1.250,31.257995735608],[-1.000,34.359526372443],[-0.750,36.824542518837],[-0.500,39.40796555436],[-0.250,42.133620689655],[0.000,44.978401727862],[0.250,47.762162162162],[0.500,50.366774541532],[0.750,52.924731182796],[1.000,55.438972162741],[1.250,57.942430703625],[1.500,60.317796610169],[1.750,62.531512605042],[2.000,64.708333333333],[2.250,66.701030927835],[2.500,68.583078491335],[2.750,70.332326283988],[3.000,71.876861966236],[3.250,73.245356793744],[3.500,74.5],[3.750,75.533522190746],[4.000,76.441149212234],[4.250,77.096188747731],[4.500,77.628774422735],[4.750,77.859618717504],[5.000,78.13717188823],[5.250,78.046166529266],[5.500,77.943775100402],[5.750,77.503900156006],[6.000,76.941710825132],[6.250,76.404411764706],[6.500,75.591168091168],[6.750,74.703448275862],[7.000,73.702468312208],[7.250,72.425997425997],[7.500,71.186335403727],[7.750,69.766606822262],[8.000,68.024124066628],[8.250,66.644518272425],[8.500,64.645127118644],[8.750,63.114169215087],[9.000,61.25],[9.250,59.179104477612],[9.500,56.955555555556],[9.750,54.904458598726],[10.000,53.018714401953],[10.250,51.08213312573],[10.500,48.899184581171],[10.750,46.540084388186],[11.000,45.377551020408],[11.250,43.487994808566],[11.500,40.971585701192],[11.750,39.171029668412],[12.000,35.992479183454],[12.250,33.909964592817],[12.500,31.180734159458],[12.750,28.815875081327],[13.000,27.007121057986],[13.250,25.354752342704],[13.500,23.78640776699],[13.750,22.219787628518],[14.000,20.587127158556],[14.250,19.137197358767],[14.500,17.906206896552],[14.750,16.715451366403],[15.000,15.525933107126],[15.250,14.413065668595],[15.500,13.335099057104],[15.750,12.301156012252],[16.000,11.333149069467],[16.250,10.42862051194],[16.500,9.5829330771694],[16.750,8.7973739182334],[17.000,8.058913436154],[17.250,7.3583930762772],[17.500,6.692450680578],],[[-8.500,-3.937250427838],[-8.250,-4.0194584456687],[-8.000,-4.1323210412148],[-7.750,-4.2927672179709],[-7.500,-4.6218277284661],[-7.250,-4.6580063626723],[-7.000,-4.6415897799858],[-6.750,-4.6601789358029],[-6.500,-4.6626768226333],[-6.250,-4.6837033933808],[-6.000,-5.4545454545455],[-5.750,-5.1772650534609],[-5.500,-4.9091459721381],[-5.250,-4.5999341455384],[-5.000,-4.3022415039769],[-4.750,-3.2983345401883],[-4.500,-3.5052487448654],[-4.250,-3.0465949820789],[-4.000,-1.9841840402588],[-3.750,-0.19230769230769],[-3.500,2.0313862249346],[-3.250,4.588785046729],[-3.000,7.4480712166172],[-2.750,10.548086866598],[-2.500,14.100877192982],[-2.250,18.278301886792],[-2.000,22.478314745973],[-1.750,27.208387942333],[-1.500,32.217630853994],[-1.250,37.953216374269],[-1.000,44.708661417323],[-0.750,52.147766323024],[-0.500,59.59219858156],[-0.250,68.220640569395],[0.000,71.845342706503],[0.250,75.434027777778],[0.500,78.700854700855],[0.750,82.023608768971],[1.000,85.008291873964],[1.250,87.8955954323],[1.500,90.544871794872],[1.750,93.102362204724],[2.000,95.293209876543],[2.250,97.250755287009],[2.500,99.112426035503],[2.750,100.59248554913],[3.000,101.84767277856],[3.250,102.56515775034],[3.500,103.57429718876],[3.750,104.23728813559],[4.000,104.44303797468],[4.250,104.77832512315],[4.500,104.80861244019],[4.750,104.58236658933],[5.000,104.10112359551],[5.250,103.53645266594],[5.500,102.86617492097],[5.750,102.14285714286],[6.000,101.33399209486],[6.250,100.16221374046],[6.500,99.15974145891],[6.750,97.528888888889],[7.000,95.752136752137],[7.250,94.176276771005],[7.500,92.304038004751],[7.750,90.556402439024],[8.000,89],[8.250,87.114568599717],[8.500,84.773188896412],[8.750,82.972620599739],[9.000,81.05329153605],[9.250,78.98254063817],[9.500,76.990740740741],[9.750,74.883333333333],[10.000,72.812166488794],[10.250,71.216494845361],[10.500,69.069306930693],[10.750,66.834600760456],[11.000,63.910488245931],[11.250,60.063613231552],[11.500,57.565709664375],[11.750,54.441053033193],[12.000,50.891901534071],[12.250,48.22934232715],[12.500,45.612862145813],[12.750,42.934131736527],[13.000,40.244176255964],[13.250,37.653704676826],[13.500,35.022037218413],[13.750,32.260475651189],[14.000,29.683835845896],[14.250,26.95093905711],[14.500,24.832238594],[14.750,22.2252614642],[15.000,20.44716053063],[15.250,18.687104756668],[15.500,16.989124936773],[15.750,15.847960151803],],[[-9.000,-3.1659019560493],[-8.750,-3.3685416136421],[-8.500,-3.5483870967742],[-8.250,-3.7083631165118],[-8.000,-3.8958237016489],[-7.750,-4.1166582618928],[-7.500,-4.3961352657005],[-7.250,-5.4609772275039],[-7.000,-6.2311557788945],[-6.750,-6.9815078236131],[-6.500,-7.6692456479691],[-6.250,-8.6373959121877],[-6.000,-9.4878587196468],[-5.750,-10.666666666667],[-5.500,-12.279757901816],[-5.250,-13.623310810811],[-5.000,-13.082061068702],[-4.250,-5.2184273232724],[-4.000,-3.8675623800384],[-3.750,-1.455497382199],[-3.500,1.4444444444444],[-3.250,4.7065727699531],[-3.000,8.290282902829],[-2.750,12.135549872123],[-2.500,16.174142480211],[-2.250,20.518417462483],[-2.000,25.393419170243],[-1.750,30.20618556701],[-1.500,35.519877675841],[-1.250,41.723027375201],[-1.000,48.22934232715],[-0.750,55.008787346221],[-0.500,63.283582089552],[-0.250,71.952662721893],[0.000,81.6],[0.250,89.631236442516],[0.500,98.047210300429],[0.750,101.82773109244],[1.000,105.12345679012],[1.250,108.10865191147],[1.500,111.00393700787],[1.750,113.55769230769],[2.000,115.56179775281],[2.250,117.2131147541],[2.500,118.6017699115],[3.000,120.70116861436],[3.250,121.68831168831],[3.500,122.18897637795],[3.750,122.67584097859],[4.000,123.15007429421],[4.250,123.19884726225],[4.500,122.31944444444],[4.750,121.85483870968],[5.000,121.24837451235],[5.250,120.99747474747],[5.500,119.81729598051],[5.750,118.85747938751],[6.000,118.09360730594],[6.250,116.26783754116],[6.500,114.29324894515],[6.750,112.34279918864],[7.000,110.64516129032],[7.250,108.93496701225],[7.500,106.50406504065],[7.750,104.53913043478],[8.000,102.80201342282],[8.250,100.90541632983],[8.500,98.702408702409],[8.750,96.562032884903],[9.000,94.489208633094],[9.250,92.190739460954],[9.500,89.980066445183],[9.750,88.234916559692],[10.000,86.14956736712],[10.250,83.558318531676],[10.500,79.475446428571],[10.750,76.259946949602],[11.000,74.451282051282],[11.250,72.409698169223],[11.500,70.228680323964],[11.750,67.716894977169],[12.000,63.710853710854],[12.250,60.585603904026],[12.500,57.883126934985],[12.750,55.255796834744],[13.000,52.409470752089],[13.250,49.575936883629],[13.500,46.539173349784],[13.750,43.467858172384],[14.000,40.908105177555],[14.250,37.866666666667],[14.500,35.353867857983],[14.750,32.656352146437],[15.000,30.23274640761],[15.250,28.070109310215],[15.500,25.710316081973],[15.750,23.542500400192],[16.000,21.240513718622],[16.250,19.593606068816],[16.500,17.870774603967],[16.750,16.25516291877],[17.000,14.817479631785],[17.250,13.535570995205],[17.500,12.504338295735],],],
{"title":"Cl\/Cd v Alpha","sortData":false,"legend":{"show":false,"placement":"insideGrid","location":"ne"},"series":[{"showLabel":true,"index":0,"showLine":true,"trendline":{"type":"none","show":false},"color":"#4bb2c5"},{"showLabel":true,"index":0,"showLine":true,"trendline":{"type":"none","show":false},"color":"#EAA228"},{"showLabel":true,"index":0,"showLine":true,"trendline":{"type":"none","show":false},"color":"#839557"},{"showLabel":true,"index":0,"showLine":true,"trendline":{"type":"none","show":false},"color":"#953579"},{"showLabel":true,"index":0,"showLine":true,"trendline":{"type":"none","show":false},"color":"#d8b83f"}],"show":"$.jqplot.config.enablePlugins","axes":{"xaxis":{"max":20,"min":-10,"tickInterval":5,"tickOptions":{"formatString":"%.1f"},"forceTickAt0":true,"rendererOptions":{"forceTickAt0":true}},"yaxis":{"max":140,"min":-20,"tickInterval":20,"tickOptions":{"formatString":"%d"},"forceTickAt0":true,"rendererOptions":{"forceTickAt0":true}}},"seriesDefaults":{"lineWidth":1,"showLabel":true,"markerOptions":{"size":5,"show":false}}});
jqplots.push(p);

});
/*]]>*/
</script>
</body>
</html>