<!DOCTYPE html>
<html lang="en">
<head>
<link rel="stylesheet" type="text/css" href="/assets/62ff72f1/jquery.jqplot.min.css" media="screen, projection, print" />
<style type="text/css">
/*<![CDATA[*/
.jqplot-title {font-size:1.8em;padding:3px;}.jqplot-xaxis {font-size:0.8em;padding-top:3px;}.jqplot-yaxis {font-size:0.8em;padding-right:3px;}
/*]]>*/
</style>
<!--[if lt IE 9]><script type="text/javascript" src="/assets/62ff72f1/excanvas.min.js"></script></script><![endif]-->
<script type="text/javascript" src="/assets/780cfc96/jquery.min.js"></script>
<script type="text/javascript" src="/assets/62ff72f1/jquery.min.js"></script>
<script type="text/javascript" src="/assets/62ff72f1/jquery.jqplot.min.js"></script>
<script type="text/javascript">
/*<![CDATA[*/
var jqplots = [];

/*]]>*/
</script>
<title>Airfoil polar plot</title>
<meta http-equiv="Content-Language" content="en-gb"/>
<meta http-equiv="Content-Type" content="text/html; charset=windows-1252"/>
<meta content="none" name="robots" />
<meta name="copyright" content="Copyright 2010-2013. All Rights Reserved" />
</head>
<body>

<table style="width:800px;">
<tr><td>
<div id="liftdrag" style="height:400px;width:398px;margin:auto;display:inline-block;"></div>
</td><td>
<div id="liftaoa" style="height:400px;width:398px;margin:auto;display:inline-block;"></div>
</td></tr>
<tr><td>
<div id="effaoa" style="height:400px;width:398px;margin:auto;display:inline-block;"></div>
</td><td>
<div id="dragaoa" style="height:400px;width:398px;margin:auto;display:inline-block;"></div>
</td></tr>
<tr><td>
<div id="momentaoa" style="height:400px;width:398px;margin:auto;display:inline-block;"></div>
</td><td>
</td></tr>

</table>
<script type="text/javascript">
/*<![CDATA[*/
jQuery(window).load(function() {
var p = $.jqplot('liftdrag',[[[0.11185,-0.4624],[0.09346,-0.6652],[0.09099,-0.7196],[0.08438,-0.7784],[0.08006,-0.8352],[0.07352,-0.8327],[0.06891,-0.8555],[0.06503,-0.8785],[0.06088,-0.8666],[0.05710,-0.8658],[0.05448,-0.8652],[0.05166,-0.8533],[0.04914,-0.8399],[0.04671,-0.8237],[0.04440,-0.8048],[0.04238,-0.7842],[0.04034,-0.7620],[0.03876,-0.7387],[0.03745,-0.7135],[0.03638,-0.6845],[0.03539,-0.6535],[0.04656,-0.1724],[0.04598,-0.1683],[0.04546,-0.1635],[0.04501,-0.1582],[0.04462,-0.1524],[0.04427,-0.1462],[0.04397,-0.1396],[0.04371,-0.1327],[0.04349,-0.1256],[0.04330,-0.1182],[0.04313,-0.1107],[0.04300,-0.1031],[0.04290,-0.0954],[0.04281,-0.0876],[0.04275,-0.0799],[0.04271,-0.0722],[0.04269,-0.0646],[0.04269,-0.0571],[0.04270,-0.0497],[0.04273,-0.0425],[0.04278,-0.0355],[0.04284,-0.0288],[0.04291,-0.0222],[0.04299,-0.0161],[0.04308,-0.0102],[0.04318,-0.0047],[0.04329,0.0005],[0.04340,0.0052],[0.04351,0.0096],[0.04362,0.0135],[0.04374,0.0169],[0.04386,0.0201],[0.04398,0.0228],[0.04413,0.0257],[0.04433,0.0287],[0.04459,0.0325],[0.04496,0.0372],[0.04548,0.0435],[0.04617,0.0515],[0.04825,0.0769],[0.05156,0.1212],[0.05409,0.1572],[0.05632,0.1875],[0.05880,0.2211],[0.06024,0.3362],[0.06079,0.3749],[0.06111,0.4155],[0.06064,0.4592],[0.03351,0.6636],[0.03588,0.6424],[0.03783,0.6418],[0.03908,0.6631],[0.04045,0.7976],[0.04624,0.9384],[0.04851,0.9562],[0.05076,0.9668],[0.05316,0.9730],[0.05581,0.9741],[0.05862,0.9721],[0.06160,0.9674],[0.06464,0.9596],[0.06766,0.9471],[0.07108,0.9377],[0.07503,0.9316],[0.07890,0.9218],[0.08286,0.8265],[0.08981,0.7751],[0.09679,0.7486],[0.11414,0.6633],[0.11638,0.6965],],[[0.10826,-0.5963],[0.10826,-0.5270],[0.10059,-0.5895],[0.09655,-0.4440],[0.09572,-0.4108],[0.08757,-0.5171],[0.08921,-0.4338],[0.05236,-0.8939],[0.04751,-0.8797],[0.04421,-0.8667],[0.04173,-0.8527],[0.03963,-0.8364],[0.03770,-0.8184],[0.03591,-0.7987],[0.03445,-0.7781],[0.03334,-0.7577],[0.03232,-0.7367],[0.03135,-0.7150],[0.03059,-0.6938],[0.02935,-0.6733],[0.02863,-0.6553],[0.02806,-0.6374],[0.02728,-0.6217],[0.02670,-0.6056],[0.02609,-0.5897],[0.02441,-0.5794],[0.02353,-0.5940],[0.02503,-0.5897],[0.03800,-0.2999],[0.03821,-0.2701],[0.03840,-0.2345],[0.03858,-0.2070],[0.03877,-0.1768],[0.03904,-0.1512],[0.03927,-0.1214],[0.03965,-0.0961],[0.04001,-0.0685],[0.04048,-0.0445],[0.04056,-0.0369],[0.04066,-0.0294],[0.04078,-0.0221],[0.04092,-0.0151],[0.04132,0.0084],[0.04238,0.0583],[0.04316,0.1028],[0.04461,0.1544],[0.04367,0.3026],[0.04414,0.3543],[0.04408,0.3585],[0.04411,0.3790],[0.04402,0.4071],[0.04377,0.4414],[0.04298,0.5107],[0.04291,0.5144],[0.04276,0.5276],[0.04205,0.5588],[0.02577,0.8327],[0.02607,0.8106],[0.02654,0.7871],[0.02772,0.7556],[0.02577,0.7656],[0.02706,0.7498],[0.02782,0.7425],[0.02857,0.7342],[0.02914,0.7284],[0.02963,0.7232],[0.03009,0.7179],[0.03060,0.7140],[0.03111,0.7200],[0.03162,0.7357],[0.03233,0.7610],[0.03345,0.7984],[0.03851,0.9416],[0.04000,0.9591],[0.04202,0.9786],[0.04414,0.9917],[0.04630,0.9992],[0.04851,1.0046],[0.05102,1.0089],[0.05357,1.0103],[0.05807,1.0239],[0.05876,1.0053],[0.06206,0.9633],[0.06626,0.9504],[0.07042,0.9223],[0.07580,0.8736],[0.08353,0.8196],[0.07702,0.7458],[0.08992,0.6435],[0.09566,0.6403],],[[0.09434,-0.2820],[0.08921,-0.2903],[0.07747,-0.3364],[0.07499,-0.4440],[0.06960,-0.4672],[0.06566,-0.4889],[0.06263,-0.5122],[0.06020,-0.5331],[0.05939,-0.5684],[0.06213,-0.6112],[0.03896,-0.6171],[0.03630,-0.6034],[0.03416,-0.5876],[0.03205,-0.5676],[0.03023,-0.5439],[0.02882,-0.5187],[0.02813,-0.4970],[0.02711,-0.4705],[0.02495,-0.4246],[0.02412,-0.3948],[0.02354,-0.3682],[0.02295,-0.3424],[0.02257,-0.3220],[0.02189,-0.3085],[0.02157,-0.2966],[0.02146,-0.2841],[0.02192,-0.2903],[0.02223,-0.2994],[0.02229,-0.2977],[0.02223,-0.2954],[0.02138,-0.3031],[0.01955,-0.3233],[0.02100,-0.3580],[0.02038,-0.3801],[0.02099,-0.3705],[0.02169,-0.3521],[0.02233,-0.3307],[0.02347,-0.3022],[0.02503,-0.2696],[0.02579,-0.2828],[0.02656,-0.2767],[0.02734,-0.2567],[0.02821,-0.2119],[0.02795,-0.1966],[0.02817,-0.1521],[0.02835,-0.1615],[0.02830,-0.1459],[0.02807,-0.1259],[0.02815,-0.0852],[0.02827,-0.0421],[0.02825,-0.0615],[0.02823,-0.0271],[0.02823,0.0127],[0.02804,-0.0016],[0.02806,0.0335],[0.02791,0.0800],[0.02787,0.0902],[0.02694,0.1527],[0.02662,0.1985],[0.02654,0.2009],[0.02577,0.2529],[0.02544,0.2761],[0.02387,0.3695],[0.02399,0.3591],[0.02235,0.4257],[0.02066,0.4821],[0.01715,0.6023],[0.01639,0.6017],[0.01611,0.6001],[0.01591,0.5965],[0.01476,0.6253],[0.01608,0.6083],[0.01822,0.5894],[0.02042,0.5838],[0.02176,0.6060],[0.02273,0.6317],[0.02369,0.6558],[0.02496,0.6799],[0.02592,0.7071],[0.02688,0.7351],[0.02785,0.7659],[0.02809,0.7659],[0.02819,0.7616],[0.02887,0.7818],[0.03010,0.8269],[0.03100,0.8529],[0.03209,0.8808],[0.03353,0.9120],[0.03547,0.9463],[0.03796,0.9781],[0.04088,1.0040],[0.04462,1.0289],[0.04786,1.0585],[0.04582,0.9794],[0.06902,0.9309],[0.07155,0.8955],[0.07552,0.8666],[0.07996,0.8347],[0.08583,0.7987],[0.09386,0.7553],],[[0.08175,-0.4197],[0.06836,-0.4669],[0.05937,-0.5097],[0.04661,-0.7328],[0.04360,-0.7508],[0.04083,-0.7604],[0.03828,-0.7705],[0.03575,-0.7785],[0.03364,-0.7758],[0.03212,-0.7721],[0.03083,-0.7622],[0.02835,-0.7485],[0.02567,-0.7229],[0.02454,-0.7004],[0.02380,-0.6784],[0.02275,-0.6538],[0.02183,-0.6289],[0.02111,-0.6044],[0.02065,-0.5819],[0.01900,-0.5449],[0.01830,-0.5192],[0.01770,-0.4950],[0.01718,-0.4723],[0.01676,-0.4506],[0.01640,-0.4293],[0.01583,-0.4098],[0.01511,-0.3956],[0.01474,-0.3769],[0.01443,-0.3567],[0.01412,-0.3359],[0.01385,-0.3142],[0.01345,-0.2950],[0.01317,-0.2735],[0.01295,-0.2507],[0.01259,-0.2302],[0.01142,-0.2245],[0.01006,-0.2238],[0.00902,-0.2204],[0.00910,-0.1955],[0.00923,-0.1690],[0.00944,-0.1423],[0.00966,-0.1157],[0.00997,-0.0890],[0.01027,-0.0613],[0.01049,-0.0345],[0.01080,-0.0066],[0.01094,0.0206],[0.01081,0.0490],[0.01044,0.0798],[0.01033,0.1072],[0.01021,0.1355],[0.01017,0.1642],[0.01008,0.1934],[0.01003,0.2228],[0.00999,0.2503],[0.00988,0.2779],[0.00965,0.3070],[0.00950,0.3370],[0.00941,0.3637],[0.00927,0.3921],[0.00914,0.4217],[0.00906,0.4480],[0.00894,0.4761],[0.00885,0.5031],[0.00872,0.5299],[0.00863,0.5551],[0.00856,0.5753],[0.00950,0.5688],[0.01045,0.5613],[0.01119,0.5520],[0.01222,0.5451],[0.01339,0.5387],[0.01465,0.5352],[0.01524,0.5489],[0.01571,0.5655],[0.01609,0.5830],[0.01653,0.6001],[0.01699,0.6173],[0.01757,0.6323],[0.01821,0.6452],[0.01879,0.6602],[0.01935,0.6757],[0.01987,0.6907],[0.02047,0.7055],[0.02108,0.7189],[0.02164,0.7338],[0.02226,0.7473],[0.02302,0.7629],[0.02404,0.7846],[0.02494,0.8133],[0.02575,0.8437],[0.02654,0.8659],[0.02732,0.8872],[0.02812,0.9085],[0.02892,0.9297],[0.02981,0.9519],[0.03082,0.9780],[0.03245,1.0176],[0.03365,1.0307],[0.03516,1.0480],[0.03725,1.0691],[0.03927,1.0815],[0.04171,1.0930],[0.04459,1.1013],[0.04808,1.1248],[0.06675,0.9586],[0.07034,0.9424],[0.07450,0.9233],[0.07950,0.8988],[0.08530,0.8723],[0.09485,0.8262],],[[0.05318,-0.9001],[0.05085,-0.9014],[0.04718,-0.9158],[0.04396,-0.9273],[0.04212,-0.9273],[0.03931,-0.9368],[0.03713,-0.9397],[0.03635,-0.9315],[0.03402,-0.9355],[0.03235,-0.9331],[0.03075,-0.9292],[0.02959,-0.9223],[0.02847,-0.9136],[0.02713,-0.9047],[0.02599,-0.8938],[0.02518,-0.8813],[0.02417,-0.8676],[0.02287,-0.8538],[0.02176,-0.8377],[0.02128,-0.8217],[0.02094,-0.8056],[0.02021,-0.7874],[0.01979,-0.7697],[0.01914,-0.7502],[0.01859,-0.7307],[0.01814,-0.7111],[0.01778,-0.6913],[0.01664,-0.6725],[0.01614,-0.6535],[0.01575,-0.6336],[0.01539,-0.6132],[0.01499,-0.5931],[0.01462,-0.5729],[0.01434,-0.5522],[0.01400,-0.5327],[0.01333,-0.5195],[0.01298,-0.5004],[0.01269,-0.4792],[0.01245,-0.4570],[0.01219,-0.4342],[0.01193,-0.4112],[0.01169,-0.3878],[0.01121,-0.3681],[0.01096,-0.3446],[0.01074,-0.3203],[0.01055,-0.2955],[0.01033,-0.2710],[0.01010,-0.2466],[0.00992,-0.2213],[0.00952,-0.1997],[0.00862,-0.1866],[0.00768,-0.1740],[0.00674,-0.1612],[0.00630,-0.1408],[0.00629,-0.1131],[0.00631,-0.0848],[0.00627,-0.0565],[0.00620,-0.0283],[0.00625,-0.0002],[0.00625,0.0284],[0.00627,0.0571],[0.00629,0.0858],[0.00629,0.1146],[0.00625,0.1435],[0.00623,0.1726],[0.00618,0.2016],[0.00619,0.2304],[0.00615,0.2595],[0.00612,0.2884],[0.00612,0.3169],[0.00610,0.3457],[0.00612,0.3741],[0.00612,0.4023],[0.00613,0.4296],[0.00677,0.4431],[0.00768,0.4509],[0.00852,0.4573],[0.00928,0.4632],[0.00994,0.4669],[0.01066,0.4655],[0.01125,0.4738],[0.01156,0.4918],[0.01184,0.5115],[0.01212,0.5311],[0.01242,0.5507],[0.01271,0.5710],[0.01298,0.5907],[0.01328,0.6103],[0.01361,0.6296],[0.01397,0.6486],[0.01433,0.6680],[0.01473,0.6856],[0.01517,0.7028],[0.01560,0.7210],[0.01600,0.7399],[0.01644,0.7574],[0.01688,0.7750],[0.01740,0.7917],[0.01787,0.8095],[0.01836,0.8260],[0.01891,0.8422],[0.01952,0.8571],[0.02033,0.8684],[0.02118,0.8792],[0.02182,0.8935],[0.02250,0.9064],[0.02320,0.9197],[0.02399,0.9413],[0.02502,0.9707],[0.02596,0.9859],[0.02699,0.9991],[0.02844,1.0128],[0.02928,1.0277],[0.03030,1.0428],[0.03130,1.0579],[0.03242,1.0731],[0.03362,1.0873],[0.03490,1.1008],[0.03630,1.1128],[0.03771,1.1234],[0.03915,1.1337],[0.04093,1.1419],[0.04253,1.1506],[0.04431,1.1585],[0.04632,1.1625],[0.04864,1.1673],[0.05190,1.1665],[0.05706,1.1513],[0.06003,1.1341],[0.06738,1.1107],[0.07244,1.0950],[0.07736,1.0817],[0.08339,1.0627],[0.09052,1.0404],],],
{"title":"Cl v Cd","sortData":false,"legend":{"show":false,"placement":"insideGrid","location":"ne"},"series":[{"showLabel":true,"index":0,"showLine":true,"trendline":{"type":"none","show":false},"color":"#4bb2c5"},{"showLabel":true,"index":0,"showLine":true,"trendline":{"type":"none","show":false},"color":"#EAA228"},{"showLabel":true,"index":0,"showLine":true,"trendline":{"type":"none","show":false},"color":"#839557"},{"showLabel":true,"index":0,"showLine":true,"trendline":{"type":"none","show":false},"color":"#953579"},{"showLabel":true,"index":0,"showLine":true,"trendline":{"type":"none","show":false},"color":"#d8b83f"}],"show":"$.jqplot.config.enablePlugins","axes":{"xaxis":{"max":0.12,"min":0,"tickInterval":0.02,"tickOptions":{"formatString":"%.2f"},"forceTickAt0":true,"rendererOptions":{"forceTickAt0":true}},"yaxis":{"max":1.5,"min":-1,"tickInterval":0.5,"tickOptions":{"formatString":"%.2f"},"forceTickAt0":true,"rendererOptions":{"forceTickAt0":true}}},"seriesDefaults":{"lineWidth":1,"showLabel":true,"markerOptions":{"size":5,"show":false}}});
jqplots.push(p);

var p = $.jqplot('liftaoa',[[[-9.250,-0.4624],[-9.000,-0.6652],[-8.750,-0.7196],[-8.500,-0.7784],[-8.250,-0.8352],[-8.000,-0.8327],[-7.750,-0.8555],[-7.500,-0.8785],[-7.250,-0.8666],[-7.000,-0.8658],[-6.750,-0.8652],[-6.500,-0.8533],[-6.250,-0.8399],[-6.000,-0.8237],[-5.750,-0.8048],[-5.500,-0.7842],[-5.250,-0.7620],[-5.000,-0.7387],[-4.750,-0.7135],[-4.500,-0.6845],[-4.250,-0.6535],[-4.000,-0.1724],[-3.750,-0.1683],[-3.500,-0.1635],[-3.250,-0.1582],[-3.000,-0.1524],[-2.750,-0.1462],[-2.500,-0.1396],[-2.250,-0.1327],[-2.000,-0.1256],[-1.750,-0.1182],[-1.500,-0.1107],[-1.250,-0.1031],[-1.000,-0.0954],[-0.750,-0.0876],[-0.500,-0.0799],[-0.250,-0.0722],[0.000,-0.0646],[0.250,-0.0571],[0.500,-0.0497],[0.750,-0.0425],[1.000,-0.0355],[1.250,-0.0288],[1.500,-0.0222],[1.750,-0.0161],[2.000,-0.0102],[2.250,-0.0047],[2.500,0.0005],[2.750,0.0052],[3.000,0.0096],[3.250,0.0135],[3.500,0.0169],[3.750,0.0201],[4.000,0.0228],[4.250,0.0257],[4.500,0.0287],[4.750,0.0325],[5.000,0.0372],[5.250,0.0435],[5.500,0.0515],[5.750,0.0769],[6.000,0.1212],[6.250,0.1572],[6.500,0.1875],[6.750,0.2211],[7.000,0.3362],[7.250,0.3749],[7.500,0.4155],[7.750,0.4592],[8.000,0.6636],[8.250,0.6424],[8.500,0.6418],[8.750,0.6631],[9.000,0.7976],[9.250,0.9384],[9.500,0.9562],[9.750,0.9668],[10.000,0.9730],[10.250,0.9741],[10.500,0.9721],[10.750,0.9674],[11.000,0.9596],[11.250,0.9471],[11.500,0.9377],[11.750,0.9316],[12.000,0.9218],[12.250,0.8265],[12.500,0.7751],[12.750,0.7486],[13.000,0.6633],[13.250,0.6965],],[[-10.750,-0.5963],[-10.500,-0.5270],[-10.250,-0.5895],[-10.000,-0.4440],[-9.750,-0.4108],[-9.500,-0.5171],[-9.250,-0.4338],[-7.000,-0.8939],[-6.750,-0.8797],[-6.500,-0.8667],[-6.250,-0.8527],[-6.000,-0.8364],[-5.750,-0.8184],[-5.500,-0.7987],[-5.250,-0.7781],[-5.000,-0.7577],[-4.750,-0.7367],[-4.500,-0.7150],[-4.250,-0.6938],[-4.000,-0.6733],[-3.750,-0.6553],[-3.500,-0.6374],[-3.250,-0.6217],[-3.000,-0.6056],[-2.750,-0.5897],[-2.500,-0.5794],[-2.250,-0.5940],[-2.000,-0.5897],[-1.750,-0.2999],[-1.500,-0.2701],[-1.250,-0.2345],[-1.000,-0.2070],[-0.750,-0.1768],[-0.500,-0.1512],[-0.250,-0.1214],[0.000,-0.0961],[0.250,-0.0685],[0.500,-0.0445],[0.750,-0.0369],[1.000,-0.0294],[1.250,-0.0221],[1.500,-0.0151],[1.750,0.0084],[2.000,0.0583],[2.250,0.1028],[2.500,0.1544],[2.750,0.3026],[3.000,0.3543],[3.250,0.3585],[3.500,0.3790],[3.750,0.4071],[4.000,0.4414],[4.250,0.5107],[4.500,0.5144],[4.750,0.5276],[5.000,0.5588],[5.250,0.8327],[5.500,0.8106],[5.750,0.7871],[6.000,0.7556],[6.250,0.7656],[6.500,0.7498],[6.750,0.7425],[7.000,0.7342],[7.250,0.7284],[7.500,0.7232],[7.750,0.7179],[8.000,0.7140],[8.250,0.7200],[8.500,0.7357],[8.750,0.7610],[9.000,0.7984],[9.250,0.9416],[9.500,0.9591],[9.750,0.9786],[10.000,0.9917],[10.250,0.9992],[10.500,1.0046],[10.750,1.0089],[11.000,1.0103],[11.250,1.0239],[11.500,1.0053],[11.750,0.9633],[12.000,0.9504],[12.250,0.9223],[12.500,0.8736],[12.750,0.8196],[13.000,0.7458],[13.250,0.6435],[13.500,0.6403],],[[-12.250,-0.2820],[-12.000,-0.2903],[-11.750,-0.3364],[-11.500,-0.4440],[-11.250,-0.4672],[-11.000,-0.4889],[-10.750,-0.5122],[-10.500,-0.5331],[-10.250,-0.5684],[-10.000,-0.6112],[-9.000,-0.6171],[-8.750,-0.6034],[-8.500,-0.5876],[-8.250,-0.5676],[-8.000,-0.5439],[-7.750,-0.5187],[-7.500,-0.4970],[-7.250,-0.4705],[-7.000,-0.4246],[-6.750,-0.3948],[-6.500,-0.3682],[-6.250,-0.3424],[-6.000,-0.3220],[-5.750,-0.3085],[-5.500,-0.2966],[-5.250,-0.2841],[-5.000,-0.2903],[-4.750,-0.2994],[-4.500,-0.2977],[-4.250,-0.2954],[-4.000,-0.3031],[-3.750,-0.3233],[-3.500,-0.3580],[-3.250,-0.3801],[-3.000,-0.3705],[-2.750,-0.3521],[-2.500,-0.3307],[-2.250,-0.3022],[-2.000,-0.2696],[-1.750,-0.2828],[-1.500,-0.2767],[-1.250,-0.2567],[-1.000,-0.2119],[-0.750,-0.1966],[-0.500,-0.1521],[-0.250,-0.1615],[0.000,-0.1459],[0.250,-0.1259],[0.500,-0.0852],[0.750,-0.0421],[1.000,-0.0615],[1.250,-0.0271],[1.500,0.0127],[1.750,-0.0016],[2.000,0.0335],[2.250,0.0800],[2.500,0.0902],[2.750,0.1527],[3.000,0.1985],[3.250,0.2009],[3.500,0.2529],[3.750,0.2761],[4.000,0.3695],[4.250,0.3591],[4.500,0.4257],[4.750,0.4821],[5.000,0.6023],[5.250,0.6017],[5.500,0.6001],[5.750,0.5965],[6.000,0.6253],[6.250,0.6083],[6.500,0.5894],[6.750,0.5838],[7.000,0.6060],[7.250,0.6317],[7.500,0.6558],[7.750,0.6799],[8.000,0.7071],[8.250,0.7351],[8.500,0.7659],[8.750,0.7659],[9.000,0.7616],[9.250,0.7818],[9.500,0.8269],[9.750,0.8529],[10.000,0.8808],[10.250,0.9120],[10.500,0.9463],[10.750,0.9781],[11.000,1.0040],[11.250,1.0289],[11.500,1.0585],[11.750,0.9794],[12.000,0.9309],[12.250,0.8955],[12.500,0.8666],[12.750,0.8347],[13.000,0.7987],[13.250,0.7553],],[[-12.500,-0.4197],[-12.250,-0.4669],[-12.000,-0.5097],[-11.750,-0.7328],[-11.500,-0.7508],[-11.250,-0.7604],[-11.000,-0.7705],[-10.750,-0.7785],[-10.500,-0.7758],[-10.250,-0.7721],[-10.000,-0.7622],[-9.750,-0.7485],[-9.500,-0.7229],[-9.250,-0.7004],[-9.000,-0.6784],[-8.750,-0.6538],[-8.500,-0.6289],[-8.250,-0.6044],[-8.000,-0.5819],[-7.750,-0.5449],[-7.500,-0.5192],[-7.250,-0.4950],[-7.000,-0.4723],[-6.750,-0.4506],[-6.500,-0.4293],[-6.250,-0.4098],[-6.000,-0.3956],[-5.750,-0.3769],[-5.500,-0.3567],[-5.250,-0.3359],[-5.000,-0.3142],[-4.750,-0.2950],[-4.500,-0.2735],[-4.250,-0.2507],[-4.000,-0.2302],[-3.750,-0.2245],[-3.500,-0.2238],[-3.250,-0.2204],[-3.000,-0.1955],[-2.750,-0.1690],[-2.500,-0.1423],[-2.250,-0.1157],[-2.000,-0.0890],[-1.750,-0.0613],[-1.500,-0.0345],[-1.250,-0.0066],[-1.000,0.0206],[-0.750,0.0490],[-0.500,0.0798],[-0.250,0.1072],[0.000,0.1355],[0.250,0.1642],[0.500,0.1934],[0.750,0.2228],[1.000,0.2503],[1.250,0.2779],[1.500,0.3070],[1.750,0.3370],[2.000,0.3637],[2.250,0.3921],[2.500,0.4217],[2.750,0.4480],[3.000,0.4761],[3.250,0.5031],[3.500,0.5299],[3.750,0.5551],[4.000,0.5753],[4.250,0.5688],[4.500,0.5613],[4.750,0.5520],[5.000,0.5451],[5.250,0.5387],[5.500,0.5352],[5.750,0.5489],[6.000,0.5655],[6.250,0.5830],[6.500,0.6001],[6.750,0.6173],[7.000,0.6323],[7.250,0.6452],[7.500,0.6602],[7.750,0.6757],[8.000,0.6907],[8.250,0.7055],[8.500,0.7189],[8.750,0.7338],[9.000,0.7473],[9.250,0.7629],[9.500,0.7846],[9.750,0.8133],[10.000,0.8437],[10.250,0.8659],[10.500,0.8872],[10.750,0.9085],[11.000,0.9297],[11.250,0.9519],[11.500,0.9780],[11.750,1.0176],[12.000,1.0307],[12.250,1.0480],[12.500,1.0691],[12.750,1.0815],[13.000,1.0930],[13.250,1.1013],[13.500,1.1248],[13.750,0.9586],[14.000,0.9424],[14.250,0.9233],[14.500,0.8988],[14.750,0.8723],[15.000,0.8262],],[[-15.750,-0.9001],[-15.500,-0.9014],[-15.250,-0.9158],[-15.000,-0.9273],[-14.750,-0.9273],[-14.500,-0.9368],[-14.250,-0.9397],[-14.000,-0.9315],[-13.750,-0.9355],[-13.500,-0.9331],[-13.250,-0.9292],[-13.000,-0.9223],[-12.750,-0.9136],[-12.500,-0.9047],[-12.250,-0.8938],[-12.000,-0.8813],[-11.750,-0.8676],[-11.500,-0.8538],[-11.250,-0.8377],[-11.000,-0.8217],[-10.750,-0.8056],[-10.500,-0.7874],[-10.250,-0.7697],[-10.000,-0.7502],[-9.750,-0.7307],[-9.500,-0.7111],[-9.250,-0.6913],[-9.000,-0.6725],[-8.750,-0.6535],[-8.500,-0.6336],[-8.250,-0.6132],[-8.000,-0.5931],[-7.750,-0.5729],[-7.500,-0.5522],[-7.250,-0.5327],[-7.000,-0.5195],[-6.750,-0.5004],[-6.500,-0.4792],[-6.250,-0.4570],[-6.000,-0.4342],[-5.750,-0.4112],[-5.500,-0.3878],[-5.250,-0.3681],[-5.000,-0.3446],[-4.750,-0.3203],[-4.500,-0.2955],[-4.250,-0.2710],[-4.000,-0.2466],[-3.750,-0.2213],[-3.500,-0.1997],[-3.250,-0.1866],[-3.000,-0.1740],[-2.750,-0.1612],[-2.500,-0.1408],[-2.250,-0.1131],[-2.000,-0.0848],[-1.750,-0.0565],[-1.500,-0.0283],[-1.250,-0.0002],[-1.000,0.0284],[-0.750,0.0571],[-0.500,0.0858],[-0.250,0.1146],[0.000,0.1435],[0.250,0.1726],[0.500,0.2016],[0.750,0.2304],[1.000,0.2595],[1.250,0.2884],[1.500,0.3169],[1.750,0.3457],[2.000,0.3741],[2.250,0.4023],[2.500,0.4296],[2.750,0.4431],[3.000,0.4509],[3.250,0.4573],[3.500,0.4632],[3.750,0.4669],[4.000,0.4655],[4.250,0.4738],[4.500,0.4918],[4.750,0.5115],[5.000,0.5311],[5.250,0.5507],[5.500,0.5710],[5.750,0.5907],[6.000,0.6103],[6.250,0.6296],[6.500,0.6486],[6.750,0.6680],[7.000,0.6856],[7.250,0.7028],[7.500,0.7210],[7.750,0.7399],[8.000,0.7574],[8.250,0.7750],[8.500,0.7917],[8.750,0.8095],[9.000,0.8260],[9.250,0.8422],[9.500,0.8571],[9.750,0.8684],[10.000,0.8792],[10.250,0.8935],[10.500,0.9064],[10.750,0.9197],[11.000,0.9413],[11.250,0.9707],[11.500,0.9859],[11.750,0.9991],[12.000,1.0128],[12.250,1.0277],[12.500,1.0428],[12.750,1.0579],[13.000,1.0731],[13.250,1.0873],[13.500,1.1008],[13.750,1.1128],[14.000,1.1234],[14.250,1.1337],[14.500,1.1419],[14.750,1.1506],[15.000,1.1585],[15.250,1.1625],[15.500,1.1673],[15.750,1.1665],[16.000,1.1513],[16.250,1.1341],[16.750,1.1107],[17.000,1.0950],[17.250,1.0817],[17.500,1.0627],[17.750,1.0404],],],
{"title":"Cl v Alpha","sortData":false,"legend":{"show":false,"placement":"insideGrid","location":"ne"},"series":[{"showLabel":true,"index":0,"showLine":true,"trendline":{"type":"none","show":false},"color":"#4bb2c5"},{"showLabel":true,"index":0,"showLine":true,"trendline":{"type":"none","show":false},"color":"#EAA228"},{"showLabel":true,"index":0,"showLine":true,"trendline":{"type":"none","show":false},"color":"#839557"},{"showLabel":true,"index":0,"showLine":true,"trendline":{"type":"none","show":false},"color":"#953579"},{"showLabel":true,"index":0,"showLine":true,"trendline":{"type":"none","show":false},"color":"#d8b83f"}],"show":"$.jqplot.config.enablePlugins","axes":{"xaxis":{"max":20,"min":-20,"tickInterval":5,"tickOptions":{"formatString":"%.1f"},"forceTickAt0":true,"rendererOptions":{"forceTickAt0":true}},"yaxis":{"max":1.5,"min":-1,"tickInterval":0.5,"tickOptions":{"formatString":"%.2f"},"forceTickAt0":true,"rendererOptions":{"forceTickAt0":true}}},"seriesDefaults":{"lineWidth":1,"showLabel":true,"markerOptions":{"size":5,"show":false}}});
jqplots.push(p);

var p = $.jqplot('momentaoa',[[[-9.250,-0.0120],[-9.000,-0.0279],[-8.750,-0.0233],[-8.500,-0.0209],[-8.250,-0.0157],[-8.000,-0.0147],[-7.750,-0.0105],[-7.500,-0.0052],[-7.250,-0.0038],[-7.000,-0.0007],[-6.750,0.0034],[-6.500,0.0055],[-6.250,0.0076],[-6.000,0.0093],[-5.750,0.0108],[-5.500,0.0122],[-5.250,0.0132],[-5.000,0.0139],[-4.750,0.0147],[-4.500,0.0152],[-4.250,0.0151],[-4.000,-0.0344],[-3.750,-0.0326],[-3.500,-0.0307],[-3.250,-0.0288],[-3.000,-0.0269],[-2.750,-0.0250],[-2.500,-0.0230],[-2.250,-0.0211],[-2.000,-0.0191],[-1.750,-0.0172],[-1.500,-0.0152],[-1.250,-0.0132],[-1.000,-0.0112],[-0.750,-0.0092],[-0.500,-0.0072],[-0.250,-0.0052],[0.000,-0.0031],[0.250,-0.0011],[0.500,0.0010],[0.750,0.0031],[1.000,0.0052],[1.250,0.0073],[1.500,0.0094],[1.750,0.0116],[2.000,0.0138],[2.250,0.0160],[2.500,0.0182],[2.750,0.0205],[3.000,0.0228],[3.250,0.0251],[3.500,0.0274],[3.750,0.0298],[4.000,0.0321],[4.250,0.0344],[4.500,0.0366],[4.750,0.0386],[5.000,0.0403],[5.250,0.0416],[5.500,0.0425],[5.750,0.0399],[6.000,0.0335],[6.250,0.0289],[6.500,0.0256],[6.750,0.0222],[7.000,0.0120],[7.250,0.0106],[7.500,0.0093],[7.750,0.0084],[8.000,0.0209],[8.250,0.0269],[8.500,0.0305],[8.750,0.0321],[9.000,0.0226],[9.250,0.0069],[9.500,0.0084],[9.750,0.0109],[10.000,0.0138],[10.250,0.0172],[10.500,0.0207],[10.750,0.0241],[11.000,0.0275],[11.250,0.0312],[11.500,0.0339],[11.750,0.0359],[12.000,0.0378],[12.250,0.0425],[12.500,0.0417],[12.750,0.0398],[13.000,0.0284],[13.250,0.0309],],[[-10.750,-0.0459],[-10.500,-0.0382],[-10.250,-0.0477],[-10.000,-0.0482],[-9.750,-0.0454],[-9.500,-0.0495],[-9.250,-0.0434],[-7.000,0.0043],[-6.750,0.0078],[-6.500,0.0099],[-6.250,0.0121],[-6.000,0.0140],[-5.750,0.0157],[-5.500,0.0172],[-5.250,0.0185],[-5.000,0.0196],[-4.750,0.0207],[-4.500,0.0218],[-4.250,0.0229],[-4.000,0.0239],[-3.750,0.0252],[-3.500,0.0266],[-3.250,0.0284],[-3.000,0.0300],[-2.750,0.0317],[-2.500,0.0341],[-2.250,0.0451],[-2.000,0.0527],[-1.750,0.0172],[-1.500,0.0153],[-1.250,0.0121],[-1.000,0.0104],[-0.750,0.0081],[-0.500,0.0067],[-0.250,0.0044],[0.000,0.0029],[0.250,0.0009],[0.500,-0.0003],[0.750,0.0016],[1.000,0.0035],[1.250,0.0055],[1.500,0.0075],[1.750,0.0061],[2.000,-0.0005],[2.250,-0.0056],[2.500,-0.0118],[2.750,-0.0304],[3.000,-0.0351],[3.250,-0.0319],[3.500,-0.0311],[3.750,-0.0314],[4.000,-0.0324],[4.250,-0.0383],[4.500,-0.0347],[4.750,-0.0325],[5.000,-0.0324],[5.250,-0.0557],[5.500,-0.0472],[5.750,-0.0389],[6.000,-0.0304],[6.250,-0.0210],[6.500,-0.0145],[6.750,-0.0093],[7.000,-0.0041],[7.250,0.0008],[7.500,0.0056],[7.750,0.0104],[8.000,0.0151],[8.250,0.0185],[8.500,0.0208],[8.750,0.0216],[9.000,0.0205],[9.250,0.0029],[9.500,0.0045],[9.750,0.0057],[10.000,0.0079],[10.250,0.0108],[10.500,0.0138],[10.750,0.0166],[11.000,0.0196],[11.250,0.0202],[11.500,0.0265],[11.750,0.0337],[12.000,0.0364],[12.250,0.0401],[12.500,0.0431],[12.750,0.0436],[13.000,0.0485],[13.250,0.0443],[13.500,0.0431],],[[-12.250,-0.0833],[-12.000,-0.0858],[-11.750,-0.0947],[-11.500,-0.1005],[-11.250,-0.1035],[-11.000,-0.1040],[-10.750,-0.1026],[-10.500,-0.1001],[-10.250,-0.0939],[-10.000,-0.0855],[-9.000,-0.0732],[-8.750,-0.0718],[-8.500,-0.0703],[-8.250,-0.0693],[-8.000,-0.0687],[-7.750,-0.0684],[-7.500,-0.0677],[-7.250,-0.0679],[-7.000,-0.0716],[-6.750,-0.0725],[-6.500,-0.0728],[-6.250,-0.0729],[-6.000,-0.0719],[-5.750,-0.0699],[-5.500,-0.0673],[-5.250,-0.0649],[-5.000,-0.0597],[-4.750,-0.0537],[-4.500,-0.0494],[-4.250,-0.0451],[-4.000,-0.0394],[-3.750,-0.0314],[-3.500,-0.0206],[-3.250,-0.0114],[-3.000,-0.0072],[-2.750,-0.0047],[-2.500,-0.0030],[-2.250,-0.0012],[-2.000,0.0007],[-1.750,0.0084],[-1.500,0.0132],[-1.250,0.0157],[-1.000,0.0134],[-0.750,0.0151],[-0.500,0.0119],[-0.250,0.0179],[0.000,0.0195],[0.250,0.0204],[0.500,0.0178],[0.750,0.0147],[1.000,0.0220],[1.250,0.0205],[1.500,0.0181],[1.750,0.0244],[2.000,0.0228],[2.250,0.0196],[2.500,0.0221],[2.750,0.0172],[3.000,0.0141],[3.250,0.0180],[3.500,0.0145],[3.750,0.0153],[4.000,0.0055],[4.250,0.0115],[4.500,0.0063],[4.750,0.0028],[5.000,-0.0104],[5.250,-0.0046],[5.500,0.0008],[5.750,0.0066],[6.000,0.0085],[6.250,0.0152],[6.500,0.0205],[6.750,0.0233],[7.000,0.0223],[7.250,0.0211],[7.500,0.0201],[7.750,0.0187],[8.000,0.0173],[8.250,0.0160],[8.500,0.0144],[8.750,0.0183],[9.000,0.0231],[9.250,0.0241],[9.500,0.0221],[9.750,0.0223],[10.000,0.0221],[10.250,0.0215],[10.500,0.0204],[10.750,0.0196],[11.000,0.0193],[11.250,0.0189],[11.500,0.0179],[11.750,0.0279],[12.000,0.0377],[12.250,0.0412],[12.500,0.0428],[12.750,0.0434],[13.000,0.0426],[13.250,0.0395],],[[-12.500,-0.0679],[-12.250,-0.0762],[-12.000,-0.0802],[-11.750,-0.0787],[-11.500,-0.0749],[-11.250,-0.0716],[-11.000,-0.0675],[-10.750,-0.0631],[-10.500,-0.0602],[-10.250,-0.0570],[-10.000,-0.0548],[-9.750,-0.0533],[-9.500,-0.0540],[-9.250,-0.0538],[-9.000,-0.0534],[-8.750,-0.0533],[-8.500,-0.0532],[-8.250,-0.0530],[-8.000,-0.0524],[-7.750,-0.0548],[-7.500,-0.0549],[-7.250,-0.0547],[-7.000,-0.0542],[-6.750,-0.0535],[-6.500,-0.0526],[-6.250,-0.0514],[-6.000,-0.0494],[-5.750,-0.0481],[-5.500,-0.0470],[-5.250,-0.0461],[-5.000,-0.0453],[-4.750,-0.0440],[-4.500,-0.0432],[-4.250,-0.0426],[-4.000,-0.0415],[-3.750,-0.0382],[-3.500,-0.0340],[-3.250,-0.0297],[-3.000,-0.0291],[-2.750,-0.0288],[-2.500,-0.0286],[-2.250,-0.0284],[-2.000,-0.0280],[-1.750,-0.0278],[-1.500,-0.0276],[-1.250,-0.0275],[-1.000,-0.0275],[-0.750,-0.0277],[-0.500,-0.0277],[-0.250,-0.0277],[0.000,-0.0279],[0.250,-0.0283],[0.500,-0.0287],[0.750,-0.0292],[1.000,-0.0295],[1.250,-0.0297],[1.500,-0.0301],[1.750,-0.0305],[2.000,-0.0305],[2.250,-0.0306],[2.500,-0.0310],[2.750,-0.0309],[3.000,-0.0311],[3.250,-0.0311],[3.500,-0.0310],[3.750,-0.0306],[4.000,-0.0291],[4.250,-0.0227],[4.500,-0.0165],[4.750,-0.0100],[5.000,-0.0044],[5.250,0.0007],[5.500,0.0053],[5.750,0.0071],[6.000,0.0085],[6.250,0.0098],[6.500,0.0112],[6.750,0.0124],[7.000,0.0139],[7.250,0.0158],[7.500,0.0173],[7.750,0.0187],[8.000,0.0203],[8.250,0.0218],[8.500,0.0235],[8.750,0.0250],[9.000,0.0266],[9.250,0.0277],[9.500,0.0274],[9.750,0.0258],[10.000,0.0240],[10.250,0.0240],[10.500,0.0243],[10.750,0.0245],[11.000,0.0248],[11.250,0.0250],[11.500,0.0248],[11.750,0.0231],[12.000,0.0243],[12.250,0.0250],[12.500,0.0252],[12.750,0.0263],[13.000,0.0273],[13.250,0.0285],[13.500,0.0280],[13.750,0.0418],[14.000,0.0426],[14.250,0.0429],[14.500,0.0425],[14.750,0.0410],[15.000,0.0368],],[[-15.750,-0.0841],[-15.500,-0.0842],[-15.250,-0.0840],[-15.000,-0.0833],[-14.750,-0.0826],[-14.500,-0.0811],[-14.250,-0.0798],[-14.000,-0.0788],[-13.750,-0.0769],[-13.500,-0.0753],[-13.250,-0.0737],[-13.000,-0.0720],[-12.750,-0.0705],[-12.500,-0.0689],[-12.250,-0.0675],[-12.000,-0.0660],[-11.750,-0.0647],[-11.500,-0.0635],[-11.250,-0.0625],[-11.000,-0.0614],[-10.750,-0.0602],[-10.500,-0.0592],[-10.250,-0.0582],[-10.000,-0.0573],[-9.750,-0.0565],[-9.500,-0.0556],[-9.250,-0.0546],[-9.000,-0.0537],[-8.750,-0.0527],[-8.500,-0.0518],[-8.250,-0.0509],[-8.000,-0.0500],[-7.750,-0.0489],[-7.500,-0.0480],[-7.250,-0.0468],[-7.000,-0.0445],[-6.750,-0.0433],[-6.500,-0.0424],[-6.250,-0.0416],[-6.000,-0.0410],[-5.750,-0.0404],[-5.500,-0.0399],[-5.250,-0.0387],[-5.000,-0.0381],[-4.750,-0.0377],[-4.500,-0.0374],[-4.250,-0.0371],[-4.000,-0.0366],[-3.750,-0.0364],[-3.500,-0.0356],[-3.250,-0.0334],[-3.000,-0.0312],[-2.750,-0.0290],[-2.500,-0.0278],[-2.250,-0.0279],[-2.000,-0.0281],[-1.750,-0.0283],[-1.500,-0.0283],[-1.250,-0.0283],[-1.000,-0.0286],[-0.750,-0.0288],[-0.500,-0.0291],[-0.250,-0.0294],[0.000,-0.0297],[0.250,-0.0302],[0.500,-0.0306],[0.750,-0.0309],[1.000,-0.0314],[1.250,-0.0318],[1.500,-0.0321],[1.750,-0.0326],[2.000,-0.0329],[2.250,-0.0331],[2.500,-0.0333],[2.750,-0.0308],[3.000,-0.0274],[3.250,-0.0238],[3.500,-0.0201],[3.750,-0.0160],[4.000,-0.0109],[4.250,-0.0077],[4.500,-0.0063],[4.750,-0.0052],[5.000,-0.0041],[5.250,-0.0030],[5.500,-0.0021],[5.750,-0.0010],[6.000,0.0000],[6.250,0.0011],[6.500,0.0021],[6.750,0.0031],[7.000,0.0044],[7.250,0.0057],[7.500,0.0068],[7.750,0.0077],[8.000,0.0089],[8.250,0.0100],[8.500,0.0112],[8.750,0.0123],[9.000,0.0135],[9.250,0.0147],[9.500,0.0161],[9.750,0.0179],[10.000,0.0198],[10.250,0.0212],[10.500,0.0228],[10.750,0.0243],[11.000,0.0239],[11.250,0.0215],[11.500,0.0222],[11.750,0.0233],[12.000,0.0245],[12.250,0.0253],[12.500,0.0262],[12.750,0.0270],[13.000,0.0278],[13.250,0.0286],[13.500,0.0294],[13.750,0.0303],[14.000,0.0312],[14.250,0.0321],[14.500,0.0330],[14.750,0.0338],[15.000,0.0346],[15.250,0.0354],[15.500,0.0361],[15.750,0.0369],[16.000,0.0380],[16.250,0.0387],[16.750,0.0385],[17.000,0.0377],[17.250,0.0364],[17.500,0.0342],[17.750,0.0311],],],
{"title":"Cm v Alpha","sortData":false,"legend":{"show":false,"placement":"insideGrid","location":"ne"},"series":[{"showLabel":true,"index":0,"showLine":true,"trendline":{"type":"none","show":false},"color":"#4bb2c5"},{"showLabel":true,"index":0,"showLine":true,"trendline":{"type":"none","show":false},"color":"#EAA228"},{"showLabel":true,"index":0,"showLine":true,"trendline":{"type":"none","show":false},"color":"#839557"},{"showLabel":true,"index":0,"showLine":true,"trendline":{"type":"none","show":false},"color":"#953579"},{"showLabel":true,"index":0,"showLine":true,"trendline":{"type":"none","show":false},"color":"#d8b83f"}],"show":"$.jqplot.config.enablePlugins","axes":{"xaxis":{"max":20,"min":-20,"tickInterval":5,"tickOptions":{"formatString":"%.1f"},"forceTickAt0":true,"rendererOptions":{"forceTickAt0":true}},"yaxis":{"max":0.06,"min":-0.12,"tickInterval":0.02,"tickOptions":{"formatString":"%.2f"},"forceTickAt0":true,"rendererOptions":{"forceTickAt0":true}}},"seriesDefaults":{"lineWidth":1,"showLabel":true,"markerOptions":{"size":5,"show":false}}});
jqplots.push(p);

var p = $.jqplot('dragaoa',[[[-9.250,0.11185],[-9.000,0.09346],[-8.750,0.09099],[-8.500,0.08438],[-8.250,0.08006],[-8.000,0.07352],[-7.750,0.06891],[-7.500,0.06503],[-7.250,0.06088],[-7.000,0.05710],[-6.750,0.05448],[-6.500,0.05166],[-6.250,0.04914],[-6.000,0.04671],[-5.750,0.04440],[-5.500,0.04238],[-5.250,0.04034],[-5.000,0.03876],[-4.750,0.03745],[-4.500,0.03638],[-4.250,0.03539],[-4.000,0.04656],[-3.750,0.04598],[-3.500,0.04546],[-3.250,0.04501],[-3.000,0.04462],[-2.750,0.04427],[-2.500,0.04397],[-2.250,0.04371],[-2.000,0.04349],[-1.750,0.04330],[-1.500,0.04313],[-1.250,0.04300],[-1.000,0.04290],[-0.750,0.04281],[-0.500,0.04275],[-0.250,0.04271],[0.000,0.04269],[0.250,0.04269],[0.500,0.04270],[0.750,0.04273],[1.000,0.04278],[1.250,0.04284],[1.500,0.04291],[1.750,0.04299],[2.000,0.04308],[2.250,0.04318],[2.500,0.04329],[2.750,0.04340],[3.000,0.04351],[3.250,0.04362],[3.500,0.04374],[3.750,0.04386],[4.000,0.04398],[4.250,0.04413],[4.500,0.04433],[4.750,0.04459],[5.000,0.04496],[5.250,0.04548],[5.500,0.04617],[5.750,0.04825],[6.000,0.05156],[6.250,0.05409],[6.500,0.05632],[6.750,0.05880],[7.000,0.06024],[7.250,0.06079],[7.500,0.06111],[7.750,0.06064],[8.000,0.03351],[8.250,0.03588],[8.500,0.03783],[8.750,0.03908],[9.000,0.04045],[9.250,0.04624],[9.500,0.04851],[9.750,0.05076],[10.000,0.05316],[10.250,0.05581],[10.500,0.05862],[10.750,0.06160],[11.000,0.06464],[11.250,0.06766],[11.500,0.07108],[11.750,0.07503],[12.000,0.07890],[12.250,0.08286],[12.500,0.08981],[12.750,0.09679],[13.000,0.11414],[13.250,0.11638],],[[-10.750,0.10826],[-10.500,0.10826],[-10.250,0.10059],[-10.000,0.09655],[-9.750,0.09572],[-9.500,0.08757],[-9.250,0.08921],[-7.000,0.05236],[-6.750,0.04751],[-6.500,0.04421],[-6.250,0.04173],[-6.000,0.03963],[-5.750,0.03770],[-5.500,0.03591],[-5.250,0.03445],[-5.000,0.03334],[-4.750,0.03232],[-4.500,0.03135],[-4.250,0.03059],[-4.000,0.02935],[-3.750,0.02863],[-3.500,0.02806],[-3.250,0.02728],[-3.000,0.02670],[-2.750,0.02609],[-2.500,0.02441],[-2.250,0.02353],[-2.000,0.02503],[-1.750,0.03800],[-1.500,0.03821],[-1.250,0.03840],[-1.000,0.03858],[-0.750,0.03877],[-0.500,0.03904],[-0.250,0.03927],[0.000,0.03965],[0.250,0.04001],[0.500,0.04048],[0.750,0.04056],[1.000,0.04066],[1.250,0.04078],[1.500,0.04092],[1.750,0.04132],[2.000,0.04238],[2.250,0.04316],[2.500,0.04461],[2.750,0.04367],[3.000,0.04414],[3.250,0.04408],[3.500,0.04411],[3.750,0.04402],[4.000,0.04377],[4.250,0.04298],[4.500,0.04291],[4.750,0.04276],[5.000,0.04205],[5.250,0.02577],[5.500,0.02607],[5.750,0.02654],[6.000,0.02772],[6.250,0.02577],[6.500,0.02706],[6.750,0.02782],[7.000,0.02857],[7.250,0.02914],[7.500,0.02963],[7.750,0.03009],[8.000,0.03060],[8.250,0.03111],[8.500,0.03162],[8.750,0.03233],[9.000,0.03345],[9.250,0.03851],[9.500,0.04000],[9.750,0.04202],[10.000,0.04414],[10.250,0.04630],[10.500,0.04851],[10.750,0.05102],[11.000,0.05357],[11.250,0.05807],[11.500,0.05876],[11.750,0.06206],[12.000,0.06626],[12.250,0.07042],[12.500,0.07580],[12.750,0.08353],[13.000,0.07702],[13.250,0.08992],[13.500,0.09566],],[[-12.250,0.09434],[-12.000,0.08921],[-11.750,0.07747],[-11.500,0.07499],[-11.250,0.06960],[-11.000,0.06566],[-10.750,0.06263],[-10.500,0.06020],[-10.250,0.05939],[-10.000,0.06213],[-9.000,0.03896],[-8.750,0.03630],[-8.500,0.03416],[-8.250,0.03205],[-8.000,0.03023],[-7.750,0.02882],[-7.500,0.02813],[-7.250,0.02711],[-7.000,0.02495],[-6.750,0.02412],[-6.500,0.02354],[-6.250,0.02295],[-6.000,0.02257],[-5.750,0.02189],[-5.500,0.02157],[-5.250,0.02146],[-5.000,0.02192],[-4.750,0.02223],[-4.500,0.02229],[-4.250,0.02223],[-4.000,0.02138],[-3.750,0.01955],[-3.500,0.02100],[-3.250,0.02038],[-3.000,0.02099],[-2.750,0.02169],[-2.500,0.02233],[-2.250,0.02347],[-2.000,0.02503],[-1.750,0.02579],[-1.500,0.02656],[-1.250,0.02734],[-1.000,0.02821],[-0.750,0.02795],[-0.500,0.02817],[-0.250,0.02835],[0.000,0.02830],[0.250,0.02807],[0.500,0.02815],[0.750,0.02827],[1.000,0.02825],[1.250,0.02823],[1.500,0.02823],[1.750,0.02804],[2.000,0.02806],[2.250,0.02791],[2.500,0.02787],[2.750,0.02694],[3.000,0.02662],[3.250,0.02654],[3.500,0.02577],[3.750,0.02544],[4.000,0.02387],[4.250,0.02399],[4.500,0.02235],[4.750,0.02066],[5.000,0.01715],[5.250,0.01639],[5.500,0.01611],[5.750,0.01591],[6.000,0.01476],[6.250,0.01608],[6.500,0.01822],[6.750,0.02042],[7.000,0.02176],[7.250,0.02273],[7.500,0.02369],[7.750,0.02496],[8.000,0.02592],[8.250,0.02688],[8.500,0.02785],[8.750,0.02809],[9.000,0.02819],[9.250,0.02887],[9.500,0.03010],[9.750,0.03100],[10.000,0.03209],[10.250,0.03353],[10.500,0.03547],[10.750,0.03796],[11.000,0.04088],[11.250,0.04462],[11.500,0.04786],[11.750,0.04582],[12.000,0.06902],[12.250,0.07155],[12.500,0.07552],[12.750,0.07996],[13.000,0.08583],[13.250,0.09386],],[[-12.500,0.08175],[-12.250,0.06836],[-12.000,0.05937],[-11.750,0.04661],[-11.500,0.04360],[-11.250,0.04083],[-11.000,0.03828],[-10.750,0.03575],[-10.500,0.03364],[-10.250,0.03212],[-10.000,0.03083],[-9.750,0.02835],[-9.500,0.02567],[-9.250,0.02454],[-9.000,0.02380],[-8.750,0.02275],[-8.500,0.02183],[-8.250,0.02111],[-8.000,0.02065],[-7.750,0.01900],[-7.500,0.01830],[-7.250,0.01770],[-7.000,0.01718],[-6.750,0.01676],[-6.500,0.01640],[-6.250,0.01583],[-6.000,0.01511],[-5.750,0.01474],[-5.500,0.01443],[-5.250,0.01412],[-5.000,0.01385],[-4.750,0.01345],[-4.500,0.01317],[-4.250,0.01295],[-4.000,0.01259],[-3.750,0.01142],[-3.500,0.01006],[-3.250,0.00902],[-3.000,0.00910],[-2.750,0.00923],[-2.500,0.00944],[-2.250,0.00966],[-2.000,0.00997],[-1.750,0.01027],[-1.500,0.01049],[-1.250,0.01080],[-1.000,0.01094],[-0.750,0.01081],[-0.500,0.01044],[-0.250,0.01033],[0.000,0.01021],[0.250,0.01017],[0.500,0.01008],[0.750,0.01003],[1.000,0.00999],[1.250,0.00988],[1.500,0.00965],[1.750,0.00950],[2.000,0.00941],[2.250,0.00927],[2.500,0.00914],[2.750,0.00906],[3.000,0.00894],[3.250,0.00885],[3.500,0.00872],[3.750,0.00863],[4.000,0.00856],[4.250,0.00950],[4.500,0.01045],[4.750,0.01119],[5.000,0.01222],[5.250,0.01339],[5.500,0.01465],[5.750,0.01524],[6.000,0.01571],[6.250,0.01609],[6.500,0.01653],[6.750,0.01699],[7.000,0.01757],[7.250,0.01821],[7.500,0.01879],[7.750,0.01935],[8.000,0.01987],[8.250,0.02047],[8.500,0.02108],[8.750,0.02164],[9.000,0.02226],[9.250,0.02302],[9.500,0.02404],[9.750,0.02494],[10.000,0.02575],[10.250,0.02654],[10.500,0.02732],[10.750,0.02812],[11.000,0.02892],[11.250,0.02981],[11.500,0.03082],[11.750,0.03245],[12.000,0.03365],[12.250,0.03516],[12.500,0.03725],[12.750,0.03927],[13.000,0.04171],[13.250,0.04459],[13.500,0.04808],[13.750,0.06675],[14.000,0.07034],[14.250,0.07450],[14.500,0.07950],[14.750,0.08530],[15.000,0.09485],],[[-15.750,0.05318],[-15.500,0.05085],[-15.250,0.04718],[-15.000,0.04396],[-14.750,0.04212],[-14.500,0.03931],[-14.250,0.03713],[-14.000,0.03635],[-13.750,0.03402],[-13.500,0.03235],[-13.250,0.03075],[-13.000,0.02959],[-12.750,0.02847],[-12.500,0.02713],[-12.250,0.02599],[-12.000,0.02518],[-11.750,0.02417],[-11.500,0.02287],[-11.250,0.02176],[-11.000,0.02128],[-10.750,0.02094],[-10.500,0.02021],[-10.250,0.01979],[-10.000,0.01914],[-9.750,0.01859],[-9.500,0.01814],[-9.250,0.01778],[-9.000,0.01664],[-8.750,0.01614],[-8.500,0.01575],[-8.250,0.01539],[-8.000,0.01499],[-7.750,0.01462],[-7.500,0.01434],[-7.250,0.01400],[-7.000,0.01333],[-6.750,0.01298],[-6.500,0.01269],[-6.250,0.01245],[-6.000,0.01219],[-5.750,0.01193],[-5.500,0.01169],[-5.250,0.01121],[-5.000,0.01096],[-4.750,0.01074],[-4.500,0.01055],[-4.250,0.01033],[-4.000,0.01010],[-3.750,0.00992],[-3.500,0.00952],[-3.250,0.00862],[-3.000,0.00768],[-2.750,0.00674],[-2.500,0.00630],[-2.250,0.00629],[-2.000,0.00631],[-1.750,0.00627],[-1.500,0.00620],[-1.250,0.00625],[-1.000,0.00625],[-0.750,0.00627],[-0.500,0.00629],[-0.250,0.00629],[0.000,0.00625],[0.250,0.00623],[0.500,0.00618],[0.750,0.00619],[1.000,0.00615],[1.250,0.00612],[1.500,0.00612],[1.750,0.00610],[2.000,0.00612],[2.250,0.00612],[2.500,0.00613],[2.750,0.00677],[3.000,0.00768],[3.250,0.00852],[3.500,0.00928],[3.750,0.00994],[4.000,0.01066],[4.250,0.01125],[4.500,0.01156],[4.750,0.01184],[5.000,0.01212],[5.250,0.01242],[5.500,0.01271],[5.750,0.01298],[6.000,0.01328],[6.250,0.01361],[6.500,0.01397],[6.750,0.01433],[7.000,0.01473],[7.250,0.01517],[7.500,0.01560],[7.750,0.01600],[8.000,0.01644],[8.250,0.01688],[8.500,0.01740],[8.750,0.01787],[9.000,0.01836],[9.250,0.01891],[9.500,0.01952],[9.750,0.02033],[10.000,0.02118],[10.250,0.02182],[10.500,0.02250],[10.750,0.02320],[11.000,0.02399],[11.250,0.02502],[11.500,0.02596],[11.750,0.02699],[12.000,0.02844],[12.250,0.02928],[12.500,0.03030],[12.750,0.03130],[13.000,0.03242],[13.250,0.03362],[13.500,0.03490],[13.750,0.03630],[14.000,0.03771],[14.250,0.03915],[14.500,0.04093],[14.750,0.04253],[15.000,0.04431],[15.250,0.04632],[15.500,0.04864],[15.750,0.05190],[16.000,0.05706],[16.250,0.06003],[16.750,0.06738],[17.000,0.07244],[17.250,0.07736],[17.500,0.08339],[17.750,0.09052],],],
{"title":"Cd v Alpha","sortData":false,"legend":{"show":false,"placement":"insideGrid","location":"ne"},"series":[{"showLabel":true,"index":0,"showLine":true,"trendline":{"type":"none","show":false},"color":"#4bb2c5"},{"showLabel":true,"index":0,"showLine":true,"trendline":{"type":"none","show":false},"color":"#EAA228"},{"showLabel":true,"index":0,"showLine":true,"trendline":{"type":"none","show":false},"color":"#839557"},{"showLabel":true,"index":0,"showLine":true,"trendline":{"type":"none","show":false},"color":"#953579"},{"showLabel":true,"index":0,"showLine":true,"trendline":{"type":"none","show":false},"color":"#d8b83f"}],"show":"$.jqplot.config.enablePlugins","axes":{"xaxis":{"max":20,"min":-20,"tickInterval":5,"tickOptions":{"formatString":"%.1f"},"forceTickAt0":true,"rendererOptions":{"forceTickAt0":true}},"yaxis":{"max":0.12,"min":0,"tickInterval":0.02,"tickOptions":{"formatString":"%.2f"},"forceTickAt0":true,"rendererOptions":{"forceTickAt0":true}}},"seriesDefaults":{"lineWidth":1,"showLabel":true,"markerOptions":{"size":5,"show":false}}});
jqplots.push(p);

var p = $.jqplot('effaoa',[[[-9.250,-4.134108180599],[-9.000,-7.1174834153649],[-8.750,-7.9085613803715],[-8.500,-9.2249348186774],[-8.250,-10.432175868099],[-8.000,-11.326169749728],[-7.750,-12.414743868814],[-7.500,-13.509149623251],[-7.250,-14.23455978975],[-7.000,-15.162872154116],[-6.750,-15.881057268722],[-6.500,-16.517615176152],[-6.250,-17.091982091982],[-6.000,-17.634339541854],[-5.750,-18.126126126126],[-5.500,-18.504011326097],[-5.250,-18.889439762023],[-5.000,-19.05830753354],[-4.750,-19.052069425901],[-4.500,-18.815283122595],[-4.250,-18.465668267872],[-4.000,-3.7027491408935],[-3.750,-3.6602870813397],[-3.500,-3.5965684117906],[-3.250,-3.5147744945568],[-3.000,-3.4155087404751],[-2.750,-3.3024621639937],[-2.500,-3.174891971799],[-2.250,-3.0359185541066],[-2.000,-2.8880202345367],[-1.750,-2.729792147806],[-1.500,-2.5666589380941],[-1.250,-2.3976744186047],[-1.000,-2.2237762237762],[-0.750,-2.0462508759636],[-0.500,-1.8690058479532],[-0.250,-1.6904706157808],[0.000,-1.5132349496369],[0.250,-1.3375497774654],[0.500,-1.1639344262295],[0.750,-0.99461736484905],[1.000,-0.82982702197288],[1.250,-0.67226890756303],[1.500,-0.5173619202983],[1.750,-0.37450569899977],[2.000,-0.23676880222841],[2.250,-0.10884668828161],[2.500,0.011550011550012],[2.750,0.11981566820276],[3.000,0.22063893357849],[3.250,0.30949105914718],[3.500,0.38637402834934],[3.750,0.45827633378933],[4.000,0.51841746248295],[4.250,0.58237026965783],[4.500,0.64741709903],[4.750,0.72886297376093],[5.000,0.82740213523132],[5.250,0.95646437994723],[5.500,1.1154429283084],[5.750,1.5937823834197],[6.000,2.3506594259116],[6.250,2.9062673322241],[6.500,3.3291903409091],[6.750,3.7602040816327],[7.000,5.5810092961487],[7.250,6.1671327520974],[7.500,6.7992145311733],[7.750,7.5725593667546],[8.000,19.803043867502],[8.250,17.904124860647],[8.500,16.965371398361],[8.750,16.967758444217],[9.000,19.718170580964],[9.250,20.294117647059],[9.500,19.7113997114],[9.750,19.046493301812],[10.000,18.303235515425],[10.250,17.453861315176],[10.500,16.58307744797],[10.750,15.704545454545],[11.000,14.845297029703],[11.250,13.997930830624],[11.500,13.1921778278],[11.750,12.416366786619],[12.000,11.683143219265],[12.250,9.9746560463432],[12.500,8.6304420443158],[12.750,7.734270069222],[13.000,5.8112843875942],[13.250,5.9847052758206],],[[-10.750,-5.5080362091262],[-10.500,-4.8679105856272],[-10.250,-5.8604235013421],[-10.000,-4.5986535473848],[-9.750,-4.2916840785625],[-9.500,-5.9049902934795],[-9.250,-4.8626835556552],[-7.000,-17.072192513369],[-6.750,-18.51610187329],[-6.500,-19.604161954309],[-6.250,-20.433740714115],[-6.000,-21.10522331567],[-5.750,-21.708222811671],[-5.500,-22.24171539961],[-5.250,-22.586357039187],[-5.000,-22.726454709058],[-4.750,-22.793935643564],[-4.500,-22.80701754386],[-4.250,-22.680614579928],[-4.000,-22.940374787053],[-3.750,-22.888578414251],[-3.500,-22.715609408411],[-3.250,-22.789589442815],[-3.000,-22.681647940075],[-2.750,-22.602529704868],[-2.500,-23.736173699304],[-2.250,-25.244368890778],[-2.000,-23.559728326009],[-1.750,-7.8921052631579],[-1.500,-7.0688301491756],[-1.250,-6.1067708333333],[-1.000,-5.3654743390358],[-0.750,-4.5602269796234],[-0.500,-3.8729508196721],[-0.250,-3.091418385536],[0.000,-2.4237074401009],[0.250,-1.7120719820045],[0.500,-1.0993083003953],[0.750,-0.90976331360947],[1.000,-0.72306935563207],[1.250,-0.54193231976459],[1.500,-0.36901270772239],[1.750,0.20329138431752],[2.000,1.3756488909863],[2.250,2.3818350324374],[2.500,3.461107375028],[2.750,6.9292420425922],[3.000,8.0267331218849],[3.250,8.1329401088929],[3.500,8.5921559737021],[3.750,9.2480690595184],[4.000,10.084532785013],[4.250,11.882270823639],[4.500,11.987881612678],[4.750,12.338634237605],[5.000,13.288941736029],[5.250,32.312766783081],[5.500,31.093210586881],[5.750,29.6571213263],[6.000,27.258297258297],[6.250,29.708963911525],[6.500,27.708795269771],[6.750,26.689432063264],[7.000,25.698284914246],[7.250,24.996568291009],[7.500,24.407694903814],[7.750,23.858424725823],[8.000,23.333333333333],[8.250,23.143683702989],[8.500,23.266919671094],[8.750,23.538509124652],[9.000,23.86846038864],[9.250,24.450792002077],[9.500,23.9775],[9.750,23.288910042837],[10.000,22.467149977345],[10.250,21.580993520518],[10.500,20.709132137704],[10.750,19.774598196786],[11.000,18.859436251633],[11.250,17.632168073015],[11.500,17.108577263445],[11.750,15.522075410893],[12.000,14.343495321461],[12.250,13.097131496734],[12.500,11.525065963061],[12.750,9.8120435771579],[13.000,9.683199169047],[13.250,7.1563612099644],[13.500,6.6934978047251],],[[-12.250,-2.9891880432478],[-12.000,-3.2541194933303],[-11.750,-4.3423260617013],[-11.500,-5.9207894385918],[-11.250,-6.7126436781609],[-11.000,-7.4459335973195],[-10.750,-8.1781893661185],[-10.500,-8.8554817275748],[-10.250,-9.5706347870012],[-10.000,-9.8374376307742],[-9.000,-15.83932238193],[-8.750,-16.62258953168],[-8.500,-17.201405152225],[-8.250,-17.709828393136],[-8.000,-17.992060866689],[-7.750,-17.997918112422],[-7.500,-17.667970138642],[-7.250,-17.355219476208],[-7.000,-17.018036072144],[-6.750,-16.36815920398],[-6.500,-15.641461342396],[-6.250,-14.919389978214],[-6.000,-14.266725742136],[-5.750,-14.093193238922],[-5.500,-13.750579508577],[-5.250,-13.238583410997],[-5.000,-13.243613138686],[-4.750,-13.468286099865],[-4.500,-13.355764917003],[-4.250,-13.288349077823],[-4.000,-14.176800748363],[-3.750,-16.537084398977],[-3.500,-17.047619047619],[-3.250,-18.650637880275],[-3.000,-17.651262505955],[-2.750,-16.233287229138],[-2.500,-14.809673085535],[-2.250,-12.876011930124],[-2.000,-10.771074710348],[-1.750,-10.965490500194],[-1.500,-10.417921686747],[-1.250,-9.3891733723482],[-1.000,-7.5115207373272],[-0.750,-7.0339892665474],[-0.500,-5.3993610223642],[-0.250,-5.6966490299824],[0.000,-5.1554770318021],[0.250,-4.4852155325971],[0.500,-3.0266429840142],[0.750,-1.4892111779271],[1.000,-2.1769911504425],[1.250,-0.95997166135317],[1.500,0.44987601842012],[1.750,-0.057061340941512],[2.000,1.1938702779758],[2.250,2.866356144751],[2.500,3.2364549695013],[2.750,5.6681514476615],[3.000,7.4567993989482],[3.250,7.569706103994],[3.500,9.813736903376],[3.750,10.852987421384],[4.000,15.479681608714],[4.250,14.968736973739],[4.500,19.046979865772],[4.750,23.334946757018],[5.000,35.119533527697],[5.250,36.711409395973],[5.500,37.250155183116],[5.750,37.492143306097],[6.000,42.364498644986],[6.250,37.82960199005],[6.500,32.349066959385],[6.750,28.589618021548],[7.000,27.849264705882],[7.250,27.791465024197],[7.500,27.682566483748],[7.750,27.239583333333],[8.000,27.280092592593],[8.250,27.347470238095],[8.500,27.500897666068],[8.750,27.265930936276],[9.000,27.016672578929],[9.250,27.080013855213],[9.500,27.471760797342],[9.750,27.512903225806],[10.000,27.447803053911],[10.250,27.199522815389],[10.500,26.678883563575],[10.750,25.766596417281],[11.000,24.559686888454],[11.250,23.059166293142],[11.500,22.116590054325],[11.750,21.374945438673],[12.000,13.487394957983],[12.250,12.51572327044],[12.500,11.475105932203],[12.750,10.438969484742],[13.000,9.3056041011301],[13.250,8.0470914127424],],[[-12.500,-5.1339449541284],[-12.250,-6.8300175541252],[-12.000,-8.5851440121273],[-11.750,-15.721948079811],[-11.500,-17.220183486239],[-11.250,-18.623561107029],[-11.000,-20.128004179728],[-10.750,-21.776223776224],[-10.500,-23.061831153389],[-10.250,-24.03798256538],[-10.000,-24.722672721375],[-9.750,-26.402116402116],[-9.500,-28.161277756136],[-9.250,-28.541157294214],[-9.000,-28.504201680672],[-8.750,-28.738461538462],[-8.500,-28.808978469995],[-8.250,-28.630980577925],[-8.000,-28.179176755448],[-7.750,-28.678947368421],[-7.500,-28.371584699454],[-7.250,-27.966101694915],[-7.000,-27.491268917346],[-6.750,-26.885441527446],[-6.500,-26.176829268293],[-6.250,-25.887555274795],[-6.000,-26.181336863005],[-5.750,-25.569877883311],[-5.500,-24.719334719335],[-5.250,-23.78895184136],[-5.000,-22.685920577617],[-4.750,-21.933085501859],[-4.500,-20.766894457099],[-4.250,-19.359073359073],[-4.000,-18.284352660842],[-3.750,-19.658493870403],[-3.500,-22.246520874751],[-3.250,-24.434589800443],[-3.000,-21.483516483516],[-2.750,-18.30985915493],[-2.500,-15.074152542373],[-2.250,-11.977225672878],[-2.000,-8.9267803410231],[-1.750,-5.968841285297],[-1.500,-3.2888465204957],[-1.250,-0.61111111111111],[-1.000,1.8829981718464],[-0.750,4.5328399629972],[-0.500,7.6436781609195],[-0.250,10.377541142304],[0.000,13.271302644466],[0.250,16.14552605703],[0.500,19.186507936508],[0.750,22.213359920239],[1.000,25.055055055055],[1.250,28.127530364372],[1.500,31.813471502591],[1.750,35.473684210526],[2.000,38.65037194474],[2.250,42.297734627832],[2.500,46.137855579869],[2.750,49.448123620309],[3.000,53.255033557047],[3.250,56.847457627119],[3.500,60.768348623853],[3.750,64.322132097335],[4.000,67.207943925234],[4.250,59.873684210526],[4.500,53.712918660287],[4.750,49.329758713137],[5.000,44.607201309329],[5.250,40.231516056759],[5.500,36.532423208191],[5.750,36.017060367454],[6.000,35.996180776575],[6.250,36.233685518956],[6.500,36.303690260133],[6.750,36.333137139494],[7.000,35.987478656801],[7.250,35.431081823174],[7.500,35.1357104843],[7.750,34.919896640827],[8.000,34.760946149975],[8.250,34.465070835369],[8.500,34.103415559772],[8.750,33.909426987061],[9.000,33.571428571429],[9.250,33.140747176368],[9.500,32.637271214642],[9.750,32.610264635124],[10.000,32.765048543689],[10.250,32.626224566692],[10.500,32.474377745242],[10.750,32.307965860597],[11.000,32.147302904564],[11.250,31.932237504193],[11.500,31.732641142116],[11.750,31.359013867488],[12.000,30.630014858841],[12.250,29.806598407281],[12.500,28.70067114094],[12.750,27.540106951872],[13.000,26.204747063054],[13.250,24.698362861628],[13.500,23.394342762063],[13.750,14.361048689139],[14.000,13.397782200739],[14.250,12.393288590604],[14.500,11.305660377358],[14.750,10.226260257913],[15.000,8.7105956773853],],[[-15.750,-16.925535915758],[-15.500,-17.726647000983],[-15.250,-19.410767274269],[-15.000,-21.094176524113],[-14.750,-22.01566951567],[-14.500,-23.831086237599],[-14.250,-25.308375976299],[-14.000,-25.625859697387],[-13.750,-27.498530276308],[-13.500,-28.843894899536],[-13.250,-30.217886178862],[-13.000,-31.169313957418],[-12.750,-32.089919213207],[-12.500,-33.346848507188],[-12.250,-34.390150057715],[-12.000,-35],[-11.750,-35.895738518825],[-11.500,-37.332750327941],[-11.250,-38.497242647059],[-11.000,-38.613721804511],[-10.750,-38.47182425979],[-10.500,-38.960910440376],[-10.250,-38.8933804952],[-10.000,-39.195402298851],[-9.750,-39.306078536848],[-9.500,-39.200661521499],[-9.250,-38.880764904387],[-9.000,-40.414663461538],[-8.750,-40.48946716233],[-8.500,-40.228571428571],[-8.250,-39.844054580897],[-8.000,-39.566377585057],[-7.750,-39.186046511628],[-7.500,-38.507670850767],[-7.250,-38.05],[-7.000,-38.972243060765],[-6.750,-38.551617873652],[-6.500,-37.762017336485],[-6.250,-36.706827309237],[-6.000,-35.619360131255],[-5.750,-34.467728415759],[-5.500,-33.173652694611],[-5.250,-32.836752899197],[-5.000,-31.441605839416],[-4.750,-29.823091247672],[-4.500,-28.009478672986],[-4.250,-26.234269119071],[-4.000,-24.415841584158],[-3.750,-22.308467741935],[-3.500,-20.976890756303],[-3.250,-21.647331786543],[-3.000,-22.65625],[-2.750,-23.916913946588],[-2.500,-22.349206349206],[-2.250,-17.980922098569],[-2.000,-13.438985736926],[-1.750,-9.0111642743222],[-1.500,-4.5645161290323],[-1.250,-0.032],[-1.000,4.544],[-0.750,9.1068580542265],[-0.500,13.640699523052],[-0.250,18.219395866455],[0.000,22.96],[0.250,27.704654895666],[0.500,32.621359223301],[0.750,37.221324717286],[1.000,42.19512195122],[1.250,47.124183006536],[1.500,51.781045751634],[1.750,56.672131147541],[2.000,61.127450980392],[2.250,65.735294117647],[2.500,70.081566068515],[2.750,65.450516986706],[3.000,58.7109375],[3.250,53.673708920188],[3.500,49.913793103448],[3.750,46.971830985915],[4.000,43.667917448405],[4.250,42.115555555556],[4.500,42.543252595156],[4.750,43.201013513514],[5.000,43.820132013201],[5.250,44.339774557166],[5.500,44.92525570417],[5.750,45.508474576271],[6.000,45.956325301205],[6.250,46.26010286554],[6.500,46.428060128848],[6.750,46.615491974878],[7.000,46.544467073999],[7.250,46.328279499011],[7.500,46.217948717949],[7.750,46.24375],[8.000,46.070559610706],[8.250,45.912322274882],[8.500,45.5],[8.750,45.299384443201],[9.000,44.989106753813],[9.250,44.537281861449],[9.500,43.90881147541],[9.750,42.715199212986],[10.000,41.510859301228],[10.250,40.948670944088],[10.500,40.284444444444],[10.750,39.64224137931],[11.000,39.237182159233],[11.250,38.796962430056],[11.500,37.977657935285],[11.750,37.017413856984],[12.000,35.611814345992],[12.250,35.099043715847],[12.500,34.415841584158],[12.750,33.798722044728],[13.000,33.099938309685],[13.250,32.340868530637],[13.500,31.541547277937],[13.750,30.65564738292],[14.000,29.79050649695],[14.250,28.95785440613],[14.500,27.898851698021],[14.750,27.053844345168],[15.000,26.145339652449],[15.250,25.097150259067],[15.500,23.998766447368],[15.750,22.47591522158],[16.000,20.177006659657],[16.250,18.892220556388],[16.750,16.484119916889],[17.000,15.115958034235],[17.250,13.982678386763],[17.500,12.743734260703],[17.750,11.493592576226],],],
{"title":"Cl\/Cd v Alpha","sortData":false,"legend":{"show":false,"placement":"insideGrid","location":"ne"},"series":[{"showLabel":true,"index":0,"showLine":true,"trendline":{"type":"none","show":false},"color":"#4bb2c5"},{"showLabel":true,"index":0,"showLine":true,"trendline":{"type":"none","show":false},"color":"#EAA228"},{"showLabel":true,"index":0,"showLine":true,"trendline":{"type":"none","show":false},"color":"#839557"},{"showLabel":true,"index":0,"showLine":true,"trendline":{"type":"none","show":false},"color":"#953579"},{"showLabel":true,"index":0,"showLine":true,"trendline":{"type":"none","show":false},"color":"#d8b83f"}],"show":"$.jqplot.config.enablePlugins","axes":{"xaxis":{"max":20,"min":-20,"tickInterval":5,"tickOptions":{"formatString":"%.1f"},"forceTickAt0":true,"rendererOptions":{"forceTickAt0":true}},"yaxis":{"max":80,"min":-60,"tickInterval":20,"tickOptions":{"formatString":"%d"},"forceTickAt0":true,"rendererOptions":{"forceTickAt0":true}}},"seriesDefaults":{"lineWidth":1,"showLabel":true,"markerOptions":{"size":5,"show":false}}});
jqplots.push(p);

});
/*]]>*/
</script>
</body>
</html>