<!DOCTYPE html>
<html lang="en">
<head>
<link rel="stylesheet" type="text/css" href="/assets/62ff72f1/jquery.jqplot.min.css" media="screen, projection, print" />
<style type="text/css">
/*<![CDATA[*/
.jqplot-title {font-size:1.8em;padding:3px;}.jqplot-xaxis {font-size:0.8em;padding-top:3px;}.jqplot-yaxis {font-size:0.8em;padding-right:3px;}
/*]]>*/
</style>
<!--[if lt IE 9]><script type="text/javascript" src="/assets/62ff72f1/excanvas.min.js"></script></script><![endif]-->
<script type="text/javascript" src="/assets/780cfc96/jquery.min.js"></script>
<script type="text/javascript" src="/assets/62ff72f1/jquery.min.js"></script>
<script type="text/javascript" src="/assets/62ff72f1/jquery.jqplot.min.js"></script>
<script type="text/javascript">
/*<![CDATA[*/
var jqplots = [];

/*]]>*/
</script>
<title>Airfoil polar plot</title>
<meta http-equiv="Content-Language" content="en-gb"/>
<meta http-equiv="Content-Type" content="text/html; charset=windows-1252"/>
<meta content="none" name="robots" />
<meta name="copyright" content="Copyright 2010-2013. All Rights Reserved" />
</head>
<body>

<table style="width:800px;">
<tr><td>
<div id="liftdrag" style="height:400px;width:398px;margin:auto;display:inline-block;"></div>
</td><td>
<div id="liftaoa" style="height:400px;width:398px;margin:auto;display:inline-block;"></div>
</td></tr>
<tr><td>
<div id="effaoa" style="height:400px;width:398px;margin:auto;display:inline-block;"></div>
</td><td>
<div id="dragaoa" style="height:400px;width:398px;margin:auto;display:inline-block;"></div>
</td></tr>
<tr><td>
<div id="momentaoa" style="height:400px;width:398px;margin:auto;display:inline-block;"></div>
</td><td>
</td></tr>

</table>
<script type="text/javascript">
/*<![CDATA[*/
jQuery(window).load(function() {
var p = $.jqplot('liftdrag',[[[0.09203,-0.4771],[0.08812,-0.4697],[0.07799,-0.5706],[0.07443,-0.5953],[0.07044,-0.6325],[0.06493,-0.7024],[0.06154,-0.7027],[0.05811,-0.7046],[0.05472,-0.7042],[0.05145,-0.6993],[0.04840,-0.6888],[0.04602,-0.6719],[0.04369,-0.6543],[0.04158,-0.6352],[0.03960,-0.6144],[0.03798,-0.5938],[0.03645,-0.5708],[0.03512,-0.5493],[0.03391,-0.5276],[0.03282,-0.5067],[0.03166,-0.4859],[0.02999,-0.4657],[0.02788,-0.4538],[0.03055,-0.4547],[0.03306,-0.4494],[0.03517,-0.4448],[0.03675,-0.4380],[0.03814,-0.4338],[0.03901,-0.4268],[0.03943,-0.4176],[0.03948,-0.4078],[0.03952,-0.3861],[0.03952,-0.3532],[0.04065,-0.1958],[0.04044,-0.0269],[0.03909,0.1235],[0.03674,0.2746],[0.03457,0.3640],[0.03271,0.4262],[0.03106,0.4744],[0.03032,0.4994],[0.02952,0.5258],[0.02920,0.5461],[0.02901,0.5659],[0.02885,0.5863],[0.02874,0.6074],[0.02862,0.6297],[0.02890,0.6478],[0.02921,0.6666],[0.02929,0.6899],[0.02988,0.7060],[0.03029,0.7260],[0.03090,0.7429],[0.03149,0.7619],[0.03239,0.7743],[0.03282,0.7982],[0.03426,0.8006],[0.03506,0.8159],[0.03608,0.8294],[0.03786,0.8238],[0.03888,0.8346],[0.03981,0.8519],[0.04258,0.8192],[0.04542,0.7845],[0.04725,0.7797],[0.04738,0.8237],[0.05979,0.6829],[0.07395,0.5957],[0.08041,0.5794],[0.08564,0.5784],[0.09027,0.5879],],[[0.11906,-0.4297],[0.11569,-0.3927],[0.07259,-0.6595],[0.06972,-0.6273],[0.06160,-0.7529],[0.05899,-0.7602],[0.05630,-0.7669],[0.05346,-0.7717],[0.05045,-0.7735],[0.04726,-0.7718],[0.04421,-0.7655],[0.04160,-0.7540],[0.03938,-0.7390],[0.03752,-0.7221],[0.03578,-0.7031],[0.03441,-0.6825],[0.03315,-0.6612],[0.03193,-0.6392],[0.03080,-0.6172],[0.02998,-0.5958],[0.02911,-0.5735],[0.02830,-0.5518],[0.02753,-0.5295],[0.02690,-0.5066],[0.02593,-0.4648],[0.02451,-0.4149],[0.02161,-0.3584],[0.02269,-0.3261],[0.02416,-0.2861],[0.02543,-0.2620],[0.02681,-0.2359],[0.02801,-0.2043],[0.02873,-0.1792],[0.02926,-0.1337],[0.02969,-0.1150],[0.02986,-0.0638],[0.02978,-0.0387],[0.02924,0.0220],[0.02871,0.0510],[0.02786,0.0926],[0.02689,0.1387],[0.02606,0.1673],[0.02513,0.2031],[0.02430,0.2297],[0.02353,0.2586],[0.02302,0.2774],[0.02259,0.3062],[0.02247,0.3269],[0.02234,0.3533],[0.02234,0.3792],[0.02246,0.4001],[0.02243,0.4279],[0.02254,0.4554],[0.02267,0.4782],[0.02285,0.5038],[0.02295,0.5312],[0.02328,0.5598],[0.02343,0.5812],[0.02366,0.6066],[0.02404,0.6363],[0.02424,0.6598],[0.02455,0.6855],[0.02516,0.7133],[0.02536,0.7367],[0.02570,0.7624],[0.02617,0.7909],[0.02678,0.8144],[0.02719,0.8396],[0.02762,0.8677],[0.02842,0.8988],[0.02895,0.9211],[0.02952,0.9485],[0.03004,0.9798],[0.03100,1.0087],[0.03180,1.0348],[0.03237,1.0688],[0.03319,1.0984],[0.03429,1.1079],[0.03509,1.1316],[0.03557,1.1644],[0.03697,1.1835],[0.03818,1.2019],[0.03860,1.2347],[0.03968,1.2617],[0.04149,1.2699],[0.04189,1.3013],[0.04248,1.3364],[0.04504,1.3305],[0.04553,1.3585],[0.04547,1.4029],[0.04899,1.3782],[0.04998,1.3950],[0.04871,1.4582],[0.05334,1.4076],[0.05876,1.3608],[0.05420,1.4566],[0.05804,1.4331],],[[0.07181,-0.6695],[0.06941,-0.6587],[0.05807,-0.7845],[0.05560,-0.7939],[0.05338,-0.8073],[0.05114,-0.8199],[0.04916,-0.8336],[0.04728,-0.8477],[0.04528,-0.8592],[0.04311,-0.8661],[0.04087,-0.8677],[0.03812,-0.8505],[0.03551,-0.8235],[0.03338,-0.7932],[0.03185,-0.7636],[0.03073,-0.7321],[0.02942,-0.6997],[0.02806,-0.6652],[0.02697,-0.6322],[0.02596,-0.5974],[0.02490,-0.5576],[0.02396,-0.5170],[0.02323,-0.4883],[0.02226,-0.4533],[0.02132,-0.4130],[0.02038,-0.3697],[0.01973,-0.3444],[0.01866,-0.3054],[0.01729,-0.2637],[0.01545,-0.2205],[0.01430,-0.1882],[0.01340,-0.1498],[0.01340,-0.1146],[0.01362,-0.0848],[0.01396,-0.0550],[0.01441,-0.0251],[0.01482,0.0010],[0.01532,0.0248],[0.01562,0.0501],[0.01585,0.0753],[0.01624,0.0964],[0.01635,0.1257],[0.01676,0.1429],[0.01694,0.1664],[0.01674,0.1980],[0.01672,0.2192],[0.01670,0.2419],[0.01665,0.2662],[0.01667,0.2954],[0.01713,0.3099],[0.01756,0.3290],[0.01789,0.3537],[0.01811,0.3887],[0.01823,0.4091],[0.01843,0.4321],[0.01862,0.4586],[0.01873,0.4887],[0.01905,0.5236],[0.01902,0.5496],[0.01910,0.5744],[0.01935,0.6015],[0.01948,0.6298],[0.01958,0.6599],[0.01976,0.6919],[0.02011,0.7263],[0.02015,0.7533],[0.02025,0.7797],[0.02045,0.8074],[0.02076,0.8360],[0.02089,0.8640],[0.02107,0.8934],[0.02135,0.9248],[0.02173,0.9570],[0.02186,0.9840],[0.02200,1.0100],[0.02226,1.0367],[0.02263,1.0632],[0.02283,1.0898],[0.02305,1.1184],[0.02343,1.1491],[0.02378,1.1757],[0.02397,1.1988],[0.02417,1.2236],[0.02463,1.2513],[0.02492,1.2741],[0.02521,1.3002],[0.02544,1.3241],[0.02589,1.3469],[0.02619,1.3670],[0.02648,1.3903],[0.02702,1.4181],[0.02734,1.4322],[0.02764,1.4502],[0.02805,1.4728],[0.02860,1.4882],[0.02898,1.5005],[0.02939,1.5169],[0.02998,1.5282],[0.03059,1.5369],[0.03112,1.5491],[0.03185,1.5618],[0.03265,1.5657],[0.03331,1.5733],[0.03418,1.5868],[0.03565,1.5949],[0.03689,1.6080],[0.03835,1.6204],[0.04017,1.6260],[0.04167,1.6365],[0.04363,1.6427],[0.04588,1.6447],[0.04770,1.6522],[0.05019,1.6532],[0.05306,1.6504],[0.05533,1.6538],[0.05815,1.6531],[0.06199,1.6442],[0.06499,1.6432],[0.06787,1.6437],[0.07312,1.6277],[0.07713,1.6219],[0.07957,1.6265],[0.08643,1.6034],[0.09158,1.5923],[0.09324,1.6021],[0.10075,1.5775],[0.10730,1.5593],],[[0.07588,-0.8663],[0.06823,-0.8934],[0.06290,-0.9090],[0.05860,-0.9201],[0.05494,-0.9277],[0.05177,-0.9325],[0.04889,-0.9357],[0.04647,-0.9353],[0.04417,-0.9343],[0.04204,-0.9326],[0.03999,-0.9307],[0.03810,-0.9280],[0.03637,-0.9250],[0.03477,-0.9222],[0.03335,-0.9202],[0.03212,-0.9201],[0.03113,-0.9244],[0.03052,-0.9402],[0.02962,-0.9366],[0.02799,-0.9087],[0.02692,-0.8770],[0.02590,-0.8441],[0.02489,-0.8142],[0.02389,-0.7823],[0.02300,-0.7486],[0.02177,-0.7166],[0.02091,-0.6856],[0.02010,-0.6519],[0.01932,-0.6173],[0.01868,-0.5883],[0.01773,-0.5588],[0.01717,-0.5314],[0.01663,-0.5024],[0.01600,-0.4775],[0.01543,-0.4508],[0.01499,-0.4242],[0.01451,-0.3973],[0.01406,-0.3696],[0.01367,-0.3418],[0.01325,-0.3135],[0.01284,-0.2847],[0.01243,-0.2557],[0.01191,-0.2262],[0.01131,-0.1960],[0.01075,-0.1652],[0.01016,-0.1335],[0.00952,-0.1004],[0.00892,-0.0664],[0.00836,-0.0316],[0.00805,0.0018],[0.00806,0.0325],[0.00814,0.0629],[0.00827,0.0928],[0.00844,0.1234],[0.00857,0.1513],[0.00871,0.1805],[0.00887,0.2096],[0.00943,0.2315],[0.01017,0.2546],[0.01055,0.2830],[0.01076,0.3115],[0.01094,0.3392],[0.01111,0.3678],[0.01127,0.3966],[0.01147,0.4253],[0.01160,0.4553],[0.01180,0.4851],[0.01193,0.5127],[0.01203,0.5410],[0.01217,0.5694],[0.01237,0.5975],[0.01250,0.6266],[0.01258,0.6565],[0.01270,0.6861],[0.01290,0.7151],[0.01304,0.7447],[0.01304,0.7739],[0.01314,0.8023],[0.01333,0.8299],[0.01350,0.8578],[0.01360,0.8864],[0.01373,0.9147],[0.01392,0.9425],[0.01415,0.9701],[0.01425,0.9990],[0.01438,1.0275],[0.01459,1.0552],[0.01487,1.0821],[0.01494,1.1098],[0.01508,1.1367],[0.01530,1.1628],[0.01560,1.1882],[0.01573,1.2153],[0.01592,1.2417],[0.01619,1.2670],[0.01648,1.2924],[0.01667,1.3189],[0.01691,1.3439],[0.01729,1.3661],[0.01746,1.3911],[0.01771,1.4148],[0.01809,1.4364],[0.01840,1.4592],[0.01869,1.4818],[0.01912,1.5017],[0.01946,1.5207],[0.01979,1.5379],[0.02029,1.5540],[0.02076,1.5725],[0.02124,1.5912],[0.02194,1.6065],[0.02242,1.6248],[0.02307,1.6403],[0.02389,1.6536],[0.02454,1.6706],[0.02546,1.6833],[0.02632,1.6965],[0.02724,1.7094],[0.02853,1.7177],[0.02948,1.7318],[0.03081,1.7397],[0.03213,1.7488],[0.03362,1.7568],[0.03534,1.7618],[0.03695,1.7686],[0.04102,1.7742],[0.04338,1.7748],[0.04630,1.7700],[0.04869,1.7717],[0.05173,1.7667],[0.05530,1.7521],[0.05919,1.7473],[0.06349,1.7403],[0.06874,1.7275],[0.07510,1.7078],[0.08042,1.6960],[0.08628,1.6804],[0.09276,1.6606],],[[0.12166,-0.9388],[0.11230,-0.9663],[0.10388,-0.9902],[0.09637,-1.0107],[0.08951,-1.0285],[0.08320,-1.0437],[0.07755,-1.0558],[0.07234,-1.0657],[0.06766,-1.0728],[0.06342,-1.0777],[0.05956,-1.0808],[0.05604,-1.0821],[0.05286,-1.0818],[0.04993,-1.0806],[0.04728,-1.0777],[0.04484,-1.0742],[0.04258,-1.0701],[0.04050,-1.0651],[0.03859,-1.0590],[0.03678,-1.0523],[0.03512,-1.0445],[0.03356,-1.0361],[0.03211,-1.0271],[0.03079,-1.0170],[0.02956,-1.0068],[0.02846,-0.9960],[0.02748,-0.9853],[0.02629,-0.9797],[0.02490,-0.9812],[0.02396,-0.9832],[0.02315,-0.9818],[0.02218,-0.9540],[0.02129,-0.9233],[0.02044,-0.8922],[0.01966,-0.8619],[0.01898,-0.8291],[0.01838,-0.7955],[0.01728,-0.7675],[0.01652,-0.7373],[0.01598,-0.7083],[0.01551,-0.6814],[0.01510,-0.6556],[0.01474,-0.6292],[0.01426,-0.6034],[0.01372,-0.5772],[0.01338,-0.5498],[0.01306,-0.5217],[0.01278,-0.4933],[0.01240,-0.4653],[0.01207,-0.4362],[0.01180,-0.4069],[0.01156,-0.3777],[0.01122,-0.3480],[0.01099,-0.3180],[0.01072,-0.2880],[0.01049,-0.2578],[0.01020,-0.2271],[0.00987,-0.1963],[0.00951,-0.1652],[0.00914,-0.1333],[0.00878,-0.1014],[0.00840,-0.0689],[0.00792,-0.0351],[0.00755,-0.0018],[0.00718,0.0321],[0.00681,0.0664],[0.00661,0.0996],[0.00703,0.1270],[0.00754,0.1544],[0.00794,0.2138],[0.00809,0.2439],[0.00825,0.2740],[0.00833,0.3041],[0.00847,0.3338],[0.00863,0.3635],[0.00872,0.3939],[0.00884,0.4240],[0.00892,0.4536],[0.00896,0.4838],[0.00904,0.5137],[0.00917,0.5431],[0.00932,0.5724],[0.00941,0.6024],[0.00953,0.6321],[0.00966,0.6616],[0.00976,0.6907],[0.00981,0.7205],[0.00989,0.7500],[0.01002,0.7791],[0.01020,0.8076],[0.01026,0.8372],[0.01036,0.8665],[0.01049,0.8954],[0.01068,0.9237],[0.01079,0.9528],[0.01089,0.9818],[0.01104,1.0104],[0.01122,1.0384],[0.01133,1.0668],[0.01143,1.0953],[0.01159,1.1232],[0.01181,1.1503],[0.01196,1.1782],[0.01210,1.2061],[0.01230,1.2332],[0.01256,1.2596],[0.01270,1.2873],[0.01289,1.3142],[0.01317,1.3401],[0.01334,1.3667],[0.01353,1.3930],[0.01381,1.4180],[0.01405,1.4434],[0.01429,1.4688],[0.01461,1.4928],[0.01488,1.5173],[0.01517,1.5414],[0.01557,1.5635],[0.01581,1.5873],[0.01617,1.6088],[0.01654,1.6297],[0.01690,1.6504],[0.01739,1.6680],[0.01775,1.6850],[0.01826,1.7009],[0.01876,1.7181],[0.01930,1.7346],[0.01994,1.7498],[0.02059,1.7653],[0.02134,1.7792],[0.02209,1.7933],[0.02294,1.8061],[0.02380,1.8188],[0.02482,1.8299],[0.02576,1.8425],[0.02699,1.8512],[0.02807,1.8623],[0.02940,1.8707],[0.03083,1.8784],[0.03230,1.8860],[0.03408,1.8901],[0.03572,1.8966],[0.03766,1.9001],[0.04003,1.8996],[0.04217,1.9024],[0.04469,1.9022],[0.04778,1.8974],[0.05090,1.8937],[0.05428,1.8891],[0.05842,1.8793],[0.06352,1.8635],[0.06880,1.8474],[0.07442,1.8265],[0.08131,1.8032],[0.08893,1.7749],],],
{"title":"Cl v Cd","sortData":false,"legend":{"show":false,"placement":"insideGrid","location":"ne"},"series":[{"showLabel":true,"index":0,"showLine":true,"trendline":{"type":"none","show":false},"color":"#4bb2c5"},{"showLabel":true,"index":0,"showLine":true,"trendline":{"type":"none","show":false},"color":"#EAA228"},{"showLabel":true,"index":0,"showLine":true,"trendline":{"type":"none","show":false},"color":"#839557"},{"showLabel":true,"index":0,"showLine":true,"trendline":{"type":"none","show":false},"color":"#953579"},{"showLabel":true,"index":0,"showLine":true,"trendline":{"type":"none","show":false},"color":"#d8b83f"}],"show":"$.jqplot.config.enablePlugins","axes":{"xaxis":{"max":0.14,"min":0,"tickInterval":0.02,"tickOptions":{"formatString":"%.2f"},"forceTickAt0":true,"rendererOptions":{"forceTickAt0":true}},"yaxis":{"max":2,"min":-1.5,"tickInterval":0.5,"tickOptions":{"formatString":"%.2f"},"forceTickAt0":true,"rendererOptions":{"forceTickAt0":true}}},"seriesDefaults":{"lineWidth":1,"showLabel":true,"markerOptions":{"size":5,"show":false}}});
jqplots.push(p);

var p = $.jqplot('liftaoa',[[[-10.000,-0.4771],[-9.750,-0.4697],[-9.500,-0.5706],[-9.250,-0.5953],[-9.000,-0.6325],[-8.750,-0.7024],[-8.500,-0.7027],[-8.250,-0.7046],[-8.000,-0.7042],[-7.750,-0.6993],[-7.500,-0.6888],[-7.250,-0.6719],[-7.000,-0.6543],[-6.750,-0.6352],[-6.500,-0.6144],[-6.250,-0.5938],[-6.000,-0.5708],[-5.750,-0.5493],[-5.500,-0.5276],[-5.250,-0.5067],[-5.000,-0.4859],[-4.750,-0.4657],[-4.500,-0.4538],[-4.250,-0.4547],[-4.000,-0.4494],[-3.750,-0.4448],[-3.500,-0.4380],[-3.250,-0.4338],[-3.000,-0.4268],[-2.750,-0.4176],[-2.500,-0.4078],[-2.250,-0.3861],[-2.000,-0.3532],[-1.750,-0.1958],[-1.500,-0.0269],[-1.250,0.1235],[-1.000,0.2746],[-0.750,0.3640],[-0.500,0.4262],[-0.250,0.4744],[0.000,0.4994],[0.250,0.5258],[0.500,0.5461],[0.750,0.5659],[1.000,0.5863],[1.250,0.6074],[1.500,0.6297],[1.750,0.6478],[2.000,0.6666],[2.250,0.6899],[2.500,0.7060],[2.750,0.7260],[3.000,0.7429],[3.250,0.7619],[3.500,0.7743],[3.750,0.7982],[4.000,0.8006],[4.250,0.8159],[4.500,0.8294],[4.750,0.8238],[5.000,0.8346],[5.250,0.8519],[5.500,0.8192],[5.750,0.7845],[6.000,0.7797],[6.250,0.8237],[6.500,0.6829],[6.750,0.5957],[7.000,0.5794],[7.250,0.5784],[7.500,0.5879],],[[-11.250,-0.4297],[-11.000,-0.3927],[-10.750,-0.6595],[-10.500,-0.6273],[-10.000,-0.7529],[-9.750,-0.7602],[-9.500,-0.7669],[-9.250,-0.7717],[-9.000,-0.7735],[-8.750,-0.7718],[-8.500,-0.7655],[-8.250,-0.7540],[-8.000,-0.7390],[-7.750,-0.7221],[-7.500,-0.7031],[-7.250,-0.6825],[-7.000,-0.6612],[-6.750,-0.6392],[-6.500,-0.6172],[-6.250,-0.5958],[-6.000,-0.5735],[-5.750,-0.5518],[-5.500,-0.5295],[-5.250,-0.5066],[-5.000,-0.4648],[-4.750,-0.4149],[-4.500,-0.3584],[-4.250,-0.3261],[-4.000,-0.2861],[-3.750,-0.2620],[-3.500,-0.2359],[-3.250,-0.2043],[-3.000,-0.1792],[-2.750,-0.1337],[-2.500,-0.1150],[-2.250,-0.0638],[-2.000,-0.0387],[-1.750,0.0220],[-1.500,0.0510],[-1.250,0.0926],[-1.000,0.1387],[-0.750,0.1673],[-0.500,0.2031],[-0.250,0.2297],[0.000,0.2586],[0.250,0.2774],[0.500,0.3062],[0.750,0.3269],[1.000,0.3533],[1.250,0.3792],[1.500,0.4001],[1.750,0.4279],[2.000,0.4554],[2.250,0.4782],[2.500,0.5038],[2.750,0.5312],[3.000,0.5598],[3.250,0.5812],[3.500,0.6066],[3.750,0.6363],[4.000,0.6598],[4.250,0.6855],[4.500,0.7133],[4.750,0.7367],[5.000,0.7624],[5.250,0.7909],[5.500,0.8144],[5.750,0.8396],[6.000,0.8677],[6.250,0.8988],[6.500,0.9211],[6.750,0.9485],[7.000,0.9798],[7.250,1.0087],[7.500,1.0348],[7.750,1.0688],[8.000,1.0984],[8.250,1.1079],[8.500,1.1316],[8.750,1.1644],[9.000,1.1835],[9.250,1.2019],[9.500,1.2347],[9.750,1.2617],[10.000,1.2699],[10.250,1.3013],[10.500,1.3364],[10.750,1.3305],[11.000,1.3585],[11.250,1.4029],[11.500,1.3782],[11.750,1.3950],[12.000,1.4582],[12.250,1.4076],[12.500,1.3608],[12.750,1.4566],[13.000,1.4331],],[[-12.500,-0.6695],[-12.250,-0.6587],[-12.000,-0.7845],[-11.750,-0.7939],[-11.500,-0.8073],[-11.250,-0.8199],[-11.000,-0.8336],[-10.750,-0.8477],[-10.500,-0.8592],[-10.250,-0.8661],[-10.000,-0.8677],[-9.750,-0.8505],[-9.500,-0.8235],[-9.250,-0.7932],[-9.000,-0.7636],[-8.750,-0.7321],[-8.500,-0.6997],[-8.250,-0.6652],[-8.000,-0.6322],[-7.750,-0.5974],[-7.500,-0.5576],[-7.250,-0.5170],[-7.000,-0.4883],[-6.750,-0.4533],[-6.500,-0.4130],[-6.250,-0.3697],[-6.000,-0.3444],[-5.750,-0.3054],[-5.500,-0.2637],[-5.250,-0.2205],[-5.000,-0.1882],[-4.750,-0.1498],[-4.500,-0.1146],[-4.250,-0.0848],[-4.000,-0.0550],[-3.750,-0.0251],[-3.500,0.0010],[-3.250,0.0248],[-3.000,0.0501],[-2.750,0.0753],[-2.500,0.0964],[-2.250,0.1257],[-2.000,0.1429],[-1.750,0.1664],[-1.500,0.1980],[-1.250,0.2192],[-1.000,0.2419],[-0.750,0.2662],[-0.500,0.2954],[-0.250,0.3099],[0.000,0.3290],[0.250,0.3537],[0.500,0.3887],[0.750,0.4091],[1.000,0.4321],[1.250,0.4586],[1.500,0.4887],[1.750,0.5236],[2.000,0.5496],[2.250,0.5744],[2.500,0.6015],[2.750,0.6298],[3.000,0.6599],[3.250,0.6919],[3.500,0.7263],[3.750,0.7533],[4.000,0.7797],[4.250,0.8074],[4.500,0.8360],[4.750,0.8640],[5.000,0.8934],[5.250,0.9248],[5.500,0.9570],[5.750,0.9840],[6.000,1.0100],[6.250,1.0367],[6.500,1.0632],[6.750,1.0898],[7.000,1.1184],[7.250,1.1491],[7.500,1.1757],[7.750,1.1988],[8.000,1.2236],[8.250,1.2513],[8.500,1.2741],[8.750,1.3002],[9.000,1.3241],[9.250,1.3469],[9.500,1.3670],[9.750,1.3903],[10.000,1.4181],[10.250,1.4322],[10.500,1.4502],[10.750,1.4728],[11.000,1.4882],[11.250,1.5005],[11.500,1.5169],[11.750,1.5282],[12.000,1.5369],[12.250,1.5491],[12.500,1.5618],[12.750,1.5657],[13.000,1.5733],[13.250,1.5868],[13.500,1.5949],[13.750,1.6080],[14.000,1.6204],[14.250,1.6260],[14.500,1.6365],[14.750,1.6427],[15.000,1.6447],[15.250,1.6522],[15.500,1.6532],[15.750,1.6504],[16.000,1.6538],[16.250,1.6531],[16.500,1.6442],[16.750,1.6432],[17.000,1.6437],[17.250,1.6277],[17.500,1.6219],[17.750,1.6265],[18.000,1.6034],[18.250,1.5923],[18.500,1.6021],[18.750,1.5775],[19.000,1.5593],],[[-16.000,-0.8663],[-15.750,-0.8934],[-15.500,-0.9090],[-15.250,-0.9201],[-15.000,-0.9277],[-14.750,-0.9325],[-14.500,-0.9357],[-14.250,-0.9353],[-14.000,-0.9343],[-13.750,-0.9326],[-13.500,-0.9307],[-13.250,-0.9280],[-13.000,-0.9250],[-12.750,-0.9222],[-12.500,-0.9202],[-12.250,-0.9201],[-12.000,-0.9244],[-11.750,-0.9402],[-11.500,-0.9366],[-11.250,-0.9087],[-11.000,-0.8770],[-10.750,-0.8441],[-10.500,-0.8142],[-10.250,-0.7823],[-10.000,-0.7486],[-9.750,-0.7166],[-9.500,-0.6856],[-9.250,-0.6519],[-9.000,-0.6173],[-8.750,-0.5883],[-8.500,-0.5588],[-8.250,-0.5314],[-8.000,-0.5024],[-7.750,-0.4775],[-7.500,-0.4508],[-7.250,-0.4242],[-7.000,-0.3973],[-6.750,-0.3696],[-6.500,-0.3418],[-6.250,-0.3135],[-6.000,-0.2847],[-5.750,-0.2557],[-5.500,-0.2262],[-5.250,-0.1960],[-5.000,-0.1652],[-4.750,-0.1335],[-4.500,-0.1004],[-4.250,-0.0664],[-4.000,-0.0316],[-3.750,0.0018],[-3.500,0.0325],[-3.250,0.0629],[-3.000,0.0928],[-2.750,0.1234],[-2.500,0.1513],[-2.250,0.1805],[-2.000,0.2096],[-1.750,0.2315],[-1.500,0.2546],[-1.250,0.2830],[-1.000,0.3115],[-0.750,0.3392],[-0.500,0.3678],[-0.250,0.3966],[0.000,0.4253],[0.250,0.4553],[0.500,0.4851],[0.750,0.5127],[1.000,0.5410],[1.250,0.5694],[1.500,0.5975],[1.750,0.6266],[2.000,0.6565],[2.250,0.6861],[2.500,0.7151],[2.750,0.7447],[3.000,0.7739],[3.250,0.8023],[3.500,0.8299],[3.750,0.8578],[4.000,0.8864],[4.250,0.9147],[4.500,0.9425],[4.750,0.9701],[5.000,0.9990],[5.250,1.0275],[5.500,1.0552],[5.750,1.0821],[6.000,1.1098],[6.250,1.1367],[6.500,1.1628],[6.750,1.1882],[7.000,1.2153],[7.250,1.2417],[7.500,1.2670],[7.750,1.2924],[8.000,1.3189],[8.250,1.3439],[8.500,1.3661],[8.750,1.3911],[9.000,1.4148],[9.250,1.4364],[9.500,1.4592],[9.750,1.4818],[10.000,1.5017],[10.250,1.5207],[10.500,1.5379],[10.750,1.5540],[11.000,1.5725],[11.250,1.5912],[11.500,1.6065],[11.750,1.6248],[12.000,1.6403],[12.250,1.6536],[12.500,1.6706],[12.750,1.6833],[13.000,1.6965],[13.250,1.7094],[13.500,1.7177],[13.750,1.7318],[14.000,1.7397],[14.250,1.7488],[14.500,1.7568],[14.750,1.7618],[15.000,1.7686],[15.500,1.7742],[15.750,1.7748],[16.000,1.7700],[16.250,1.7717],[16.500,1.7667],[16.750,1.7521],[17.000,1.7473],[17.250,1.7403],[17.500,1.7275],[17.750,1.7078],[18.000,1.6960],[18.250,1.6804],[18.500,1.6606],],[[-19.500,-0.9388],[-19.250,-0.9663],[-19.000,-0.9902],[-18.750,-1.0107],[-18.500,-1.0285],[-18.250,-1.0437],[-18.000,-1.0558],[-17.750,-1.0657],[-17.500,-1.0728],[-17.250,-1.0777],[-17.000,-1.0808],[-16.750,-1.0821],[-16.500,-1.0818],[-16.250,-1.0806],[-16.000,-1.0777],[-15.750,-1.0742],[-15.500,-1.0701],[-15.250,-1.0651],[-15.000,-1.0590],[-14.750,-1.0523],[-14.500,-1.0445],[-14.250,-1.0361],[-14.000,-1.0271],[-13.750,-1.0170],[-13.500,-1.0068],[-13.250,-0.9960],[-13.000,-0.9853],[-12.750,-0.9797],[-12.500,-0.9812],[-12.250,-0.9832],[-12.000,-0.9818],[-11.750,-0.9540],[-11.500,-0.9233],[-11.250,-0.8922],[-11.000,-0.8619],[-10.750,-0.8291],[-10.500,-0.7955],[-10.250,-0.7675],[-10.000,-0.7373],[-9.750,-0.7083],[-9.500,-0.6814],[-9.250,-0.6556],[-9.000,-0.6292],[-8.750,-0.6034],[-8.500,-0.5772],[-8.250,-0.5498],[-8.000,-0.5217],[-7.750,-0.4933],[-7.500,-0.4653],[-7.250,-0.4362],[-7.000,-0.4069],[-6.750,-0.3777],[-6.500,-0.3480],[-6.250,-0.3180],[-6.000,-0.2880],[-5.750,-0.2578],[-5.500,-0.2271],[-5.250,-0.1963],[-5.000,-0.1652],[-4.750,-0.1333],[-4.500,-0.1014],[-4.250,-0.0689],[-4.000,-0.0351],[-3.750,-0.0018],[-3.500,0.0321],[-3.250,0.0664],[-3.000,0.0996],[-2.750,0.1270],[-2.500,0.1544],[-2.000,0.2138],[-1.750,0.2439],[-1.500,0.2740],[-1.250,0.3041],[-1.000,0.3338],[-0.750,0.3635],[-0.500,0.3939],[-0.250,0.4240],[0.000,0.4536],[0.250,0.4838],[0.500,0.5137],[0.750,0.5431],[1.000,0.5724],[1.250,0.6024],[1.500,0.6321],[1.750,0.6616],[2.000,0.6907],[2.250,0.7205],[2.500,0.7500],[2.750,0.7791],[3.000,0.8076],[3.250,0.8372],[3.500,0.8665],[3.750,0.8954],[4.000,0.9237],[4.250,0.9528],[4.500,0.9818],[4.750,1.0104],[5.000,1.0384],[5.250,1.0668],[5.500,1.0953],[5.750,1.1232],[6.000,1.1503],[6.250,1.1782],[6.500,1.2061],[6.750,1.2332],[7.000,1.2596],[7.250,1.2873],[7.500,1.3142],[7.750,1.3401],[8.000,1.3667],[8.250,1.3930],[8.500,1.4180],[8.750,1.4434],[9.000,1.4688],[9.250,1.4928],[9.500,1.5173],[9.750,1.5414],[10.000,1.5635],[10.250,1.5873],[10.500,1.6088],[10.750,1.6297],[11.000,1.6504],[11.250,1.6680],[11.500,1.6850],[11.750,1.7009],[12.000,1.7181],[12.250,1.7346],[12.500,1.7498],[12.750,1.7653],[13.000,1.7792],[13.250,1.7933],[13.500,1.8061],[13.750,1.8188],[14.000,1.8299],[14.250,1.8425],[14.500,1.8512],[14.750,1.8623],[15.000,1.8707],[15.250,1.8784],[15.500,1.8860],[15.750,1.8901],[16.000,1.8966],[16.250,1.9001],[16.500,1.8996],[16.750,1.9024],[17.000,1.9022],[17.250,1.8974],[17.500,1.8937],[17.750,1.8891],[18.000,1.8793],[18.250,1.8635],[18.500,1.8474],[18.750,1.8265],[19.000,1.8032],[19.250,1.7749],],],
{"title":"Cl v Alpha","sortData":false,"legend":{"show":false,"placement":"insideGrid","location":"ne"},"series":[{"showLabel":true,"index":0,"showLine":true,"trendline":{"type":"none","show":false},"color":"#4bb2c5"},{"showLabel":true,"index":0,"showLine":true,"trendline":{"type":"none","show":false},"color":"#EAA228"},{"showLabel":true,"index":0,"showLine":true,"trendline":{"type":"none","show":false},"color":"#839557"},{"showLabel":true,"index":0,"showLine":true,"trendline":{"type":"none","show":false},"color":"#953579"},{"showLabel":true,"index":0,"showLine":true,"trendline":{"type":"none","show":false},"color":"#d8b83f"}],"show":"$.jqplot.config.enablePlugins","axes":{"xaxis":{"max":20,"min":-20,"tickInterval":5,"tickOptions":{"formatString":"%.1f"},"forceTickAt0":true,"rendererOptions":{"forceTickAt0":true}},"yaxis":{"max":2,"min":-1.5,"tickInterval":0.5,"tickOptions":{"formatString":"%.2f"},"forceTickAt0":true,"rendererOptions":{"forceTickAt0":true}}},"seriesDefaults":{"lineWidth":1,"showLabel":true,"markerOptions":{"size":5,"show":false}}});
jqplots.push(p);

var p = $.jqplot('momentaoa',[[[-10.000,-0.0483],[-9.750,-0.0477],[-9.500,-0.0503],[-9.250,-0.0481],[-9.000,-0.0456],[-8.750,-0.0425],[-8.500,-0.0407],[-8.250,-0.0391],[-8.000,-0.0378],[-7.750,-0.0368],[-7.500,-0.0362],[-7.250,-0.0352],[-7.000,-0.0344],[-6.750,-0.0337],[-6.500,-0.0334],[-6.250,-0.0323],[-6.000,-0.0316],[-5.750,-0.0304],[-5.500,-0.0291],[-5.250,-0.0274],[-5.000,-0.0258],[-4.750,-0.0249],[-4.500,-0.0213],[-4.250,-0.0107],[-4.000,-0.0027],[-3.750,0.0053],[-3.500,0.0118],[-3.250,0.0199],[-3.000,0.0263],[-2.750,0.0318],[-2.500,0.0360],[-2.250,0.0387],[-2.000,0.0385],[-1.750,0.0159],[-1.500,-0.0114],[-1.250,-0.0353],[-1.000,-0.0587],[-0.750,-0.0700],[-0.500,-0.0755],[-0.250,-0.0780],[0.000,-0.0768],[0.250,-0.0758],[0.500,-0.0744],[0.750,-0.0730],[1.000,-0.0719],[1.250,-0.0708],[1.500,-0.0699],[1.750,-0.0689],[2.000,-0.0679],[2.250,-0.0672],[2.500,-0.0661],[2.750,-0.0652],[3.000,-0.0641],[3.250,-0.0631],[3.500,-0.0614],[3.750,-0.0609],[4.000,-0.0582],[4.250,-0.0567],[4.500,-0.0551],[4.750,-0.0514],[5.000,-0.0494],[5.250,-0.0480],[5.500,-0.0414],[5.750,-0.0348],[6.000,-0.0317],[6.250,-0.0331],[6.500,-0.0257],[6.750,-0.0304],[7.000,-0.0334],[7.250,-0.0361],[7.500,-0.0388],],[[-11.250,-0.0391],[-11.000,-0.0353],[-10.750,-0.0619],[-10.500,-0.0619],[-10.000,-0.0509],[-9.750,-0.0480],[-9.500,-0.0452],[-9.250,-0.0427],[-9.000,-0.0405],[-8.750,-0.0386],[-8.500,-0.0371],[-8.250,-0.0359],[-8.000,-0.0349],[-7.750,-0.0341],[-7.500,-0.0335],[-7.250,-0.0328],[-7.000,-0.0320],[-6.750,-0.0313],[-6.500,-0.0305],[-6.250,-0.0298],[-6.000,-0.0291],[-5.750,-0.0284],[-5.500,-0.0277],[-5.250,-0.0273],[-5.000,-0.0305],[-4.750,-0.0356],[-4.500,-0.0436],[-4.250,-0.0423],[-4.000,-0.0425],[-3.750,-0.0396],[-3.500,-0.0365],[-3.250,-0.0342],[-3.000,-0.0317],[-2.750,-0.0326],[-2.500,-0.0282],[-2.250,-0.0294],[-2.000,-0.0272],[-1.750,-0.0313],[-1.500,-0.0293],[-1.250,-0.0309],[-1.000,-0.0321],[-0.750,-0.0312],[-0.500,-0.0309],[-0.250,-0.0297],[0.000,-0.0285],[0.250,-0.0265],[0.500,-0.0258],[0.750,-0.0246],[1.000,-0.0243],[1.250,-0.0241],[1.500,-0.0234],[1.750,-0.0236],[2.000,-0.0239],[2.250,-0.0236],[2.500,-0.0237],[2.750,-0.0240],[3.000,-0.0246],[3.250,-0.0242],[3.500,-0.0243],[3.750,-0.0251],[4.000,-0.0249],[4.250,-0.0251],[4.500,-0.0258],[4.750,-0.0256],[5.000,-0.0258],[5.250,-0.0265],[5.500,-0.0265],[5.750,-0.0267],[6.000,-0.0274],[6.250,-0.0286],[6.500,-0.0286],[6.750,-0.0294],[7.000,-0.0306],[7.250,-0.0319],[7.500,-0.0327],[7.750,-0.0346],[8.000,-0.0357],[8.250,-0.0340],[8.500,-0.0344],[8.750,-0.0358],[9.000,-0.0359],[9.250,-0.0358],[9.500,-0.0373],[9.750,-0.0383],[10.000,-0.0372],[10.250,-0.0385],[10.500,-0.0403],[10.750,-0.0378],[11.000,-0.0387],[11.250,-0.0412],[11.500,-0.0371],[11.750,-0.0368],[12.000,-0.0409],[12.250,-0.0344],[12.500,-0.0306],[12.750,-0.0350],[13.000,-0.0323],],[[-12.500,-0.0701],[-12.250,-0.0699],[-12.000,-0.0690],[-11.750,-0.0664],[-11.500,-0.0631],[-11.250,-0.0598],[-11.000,-0.0558],[-10.750,-0.0514],[-10.500,-0.0475],[-10.250,-0.0441],[-10.000,-0.0414],[-9.750,-0.0418],[-9.500,-0.0435],[-9.250,-0.0454],[-9.000,-0.0464],[-8.750,-0.0479],[-8.500,-0.0495],[-8.250,-0.0512],[-8.000,-0.0525],[-7.750,-0.0540],[-7.500,-0.0564],[-7.250,-0.0591],[-7.000,-0.0594],[-6.750,-0.0612],[-6.500,-0.0639],[-6.250,-0.0674],[-6.000,-0.0675],[-5.750,-0.0704],[-5.500,-0.0742],[-5.250,-0.0792],[-5.000,-0.0814],[-4.750,-0.0839],[-4.500,-0.0844],[-4.250,-0.0841],[-4.000,-0.0832],[-3.750,-0.0821],[-3.500,-0.0807],[-3.250,-0.0779],[-3.000,-0.0765],[-2.750,-0.0746],[-2.500,-0.0717],[-2.250,-0.0712],[-2.000,-0.0671],[-1.750,-0.0648],[-1.500,-0.0657],[-1.250,-0.0631],[-1.000,-0.0610],[-0.750,-0.0597],[-0.500,-0.0602],[-0.250,-0.0567],[0.000,-0.0545],[0.250,-0.0539],[0.500,-0.0563],[0.750,-0.0543],[1.000,-0.0530],[1.250,-0.0528],[1.500,-0.0536],[1.750,-0.0558],[2.000,-0.0554],[2.250,-0.0547],[2.500,-0.0547],[2.750,-0.0549],[3.000,-0.0557],[3.250,-0.0570],[3.500,-0.0590],[3.750,-0.0590],[4.000,-0.0588],[4.250,-0.0589],[4.500,-0.0594],[4.750,-0.0596],[5.000,-0.0603],[5.250,-0.0614],[5.500,-0.0628],[5.750,-0.0630],[6.000,-0.0628],[6.250,-0.0628],[6.500,-0.0628],[6.750,-0.0629],[7.000,-0.0634],[7.250,-0.0645],[7.500,-0.0647],[7.750,-0.0640],[8.000,-0.0637],[8.250,-0.0640],[8.500,-0.0635],[8.750,-0.0637],[9.000,-0.0633],[9.250,-0.0628],[9.500,-0.0618],[9.750,-0.0614],[10.000,-0.0620],[10.250,-0.0600],[10.500,-0.0587],[10.750,-0.0583],[11.000,-0.0567],[11.250,-0.0545],[11.500,-0.0531],[11.750,-0.0509],[12.000,-0.0485],[12.250,-0.0467],[12.500,-0.0450],[12.750,-0.0423],[13.000,-0.0401],[13.250,-0.0392],[13.500,-0.0385],[13.750,-0.0383],[14.000,-0.0380],[14.250,-0.0374],[14.500,-0.0371],[14.750,-0.0367],[15.000,-0.0362],[15.250,-0.0360],[15.500,-0.0356],[15.750,-0.0354],[16.000,-0.0352],[16.250,-0.0352],[16.500,-0.0356],[16.750,-0.0360],[17.000,-0.0363],[17.250,-0.0378],[17.500,-0.0390],[17.750,-0.0395],[18.000,-0.0423],[18.250,-0.0445],[18.500,-0.0448],[18.750,-0.0484],[19.000,-0.0517],],[[-16.000,-0.0628],[-15.750,-0.0673],[-15.500,-0.0700],[-15.250,-0.0717],[-15.000,-0.0728],[-14.750,-0.0734],[-14.500,-0.0738],[-14.250,-0.0738],[-14.000,-0.0736],[-13.750,-0.0732],[-13.500,-0.0726],[-13.250,-0.0717],[-13.000,-0.0705],[-12.750,-0.0689],[-12.500,-0.0668],[-12.250,-0.0642],[-12.000,-0.0605],[-11.750,-0.0546],[-11.500,-0.0527],[-11.250,-0.0537],[-11.000,-0.0558],[-10.750,-0.0582],[-10.500,-0.0598],[-10.250,-0.0616],[-10.000,-0.0637],[-9.750,-0.0653],[-9.500,-0.0668],[-9.250,-0.0687],[-9.000,-0.0706],[-8.750,-0.0714],[-8.500,-0.0726],[-8.250,-0.0730],[-8.000,-0.0736],[-7.750,-0.0736],[-7.500,-0.0739],[-7.250,-0.0740],[-7.000,-0.0742],[-6.750,-0.0745],[-6.500,-0.0748],[-6.250,-0.0751],[-6.000,-0.0756],[-5.750,-0.0761],[-5.500,-0.0768],[-5.250,-0.0778],[-5.000,-0.0790],[-4.750,-0.0804],[-4.500,-0.0821],[-4.250,-0.0840],[-4.000,-0.0859],[-3.750,-0.0872],[-3.500,-0.0875],[-3.250,-0.0877],[-3.000,-0.0877],[-2.750,-0.0879],[-2.500,-0.0874],[-2.250,-0.0873],[-2.000,-0.0873],[-1.750,-0.0857],[-1.500,-0.0846],[-1.250,-0.0846],[-1.000,-0.0847],[-0.750,-0.0845],[-0.500,-0.0845],[-0.250,-0.0846],[0.000,-0.0847],[0.250,-0.0850],[0.500,-0.0854],[0.750,-0.0852],[1.000,-0.0851],[1.250,-0.0851],[1.500,-0.0851],[1.750,-0.0853],[2.000,-0.0857],[2.250,-0.0861],[2.500,-0.0864],[2.750,-0.0868],[3.000,-0.0871],[3.250,-0.0872],[3.500,-0.0872],[3.750,-0.0872],[4.000,-0.0873],[4.250,-0.0874],[4.500,-0.0875],[4.750,-0.0876],[5.000,-0.0878],[5.250,-0.0880],[5.500,-0.0881],[5.750,-0.0881],[6.000,-0.0881],[6.250,-0.0880],[6.500,-0.0878],[6.750,-0.0875],[7.000,-0.0874],[7.250,-0.0872],[7.500,-0.0869],[7.750,-0.0867],[8.000,-0.0866],[8.250,-0.0862],[8.500,-0.0854],[8.750,-0.0850],[9.000,-0.0844],[9.250,-0.0835],[9.500,-0.0828],[9.750,-0.0821],[10.000,-0.0810],[10.250,-0.0796],[10.500,-0.0779],[10.750,-0.0762],[11.000,-0.0749],[11.250,-0.0738],[11.500,-0.0723],[11.750,-0.0711],[12.000,-0.0696],[12.250,-0.0680],[12.500,-0.0669],[12.750,-0.0654],[13.000,-0.0640],[13.250,-0.0626],[13.500,-0.0610],[13.750,-0.0600],[14.000,-0.0584],[14.250,-0.0572],[14.500,-0.0560],[14.750,-0.0547],[15.000,-0.0536],[15.500,-0.0514],[15.750,-0.0505],[16.000,-0.0496],[16.250,-0.0490],[16.500,-0.0484],[16.750,-0.0472],[17.000,-0.0479],[17.250,-0.0489],[17.500,-0.0504],[17.750,-0.0523],[18.000,-0.0541],[18.250,-0.0561],[18.500,-0.0583],],[[-19.500,-0.0313],[-19.250,-0.0368],[-19.000,-0.0416],[-18.750,-0.0459],[-18.500,-0.0497],[-18.250,-0.0531],[-18.000,-0.0560],[-17.750,-0.0587],[-17.500,-0.0611],[-17.250,-0.0631],[-17.000,-0.0649],[-16.750,-0.0663],[-16.500,-0.0675],[-16.250,-0.0685],[-16.000,-0.0692],[-15.750,-0.0698],[-15.500,-0.0701],[-15.250,-0.0702],[-15.000,-0.0701],[-14.750,-0.0700],[-14.500,-0.0697],[-14.250,-0.0693],[-14.000,-0.0689],[-13.750,-0.0682],[-13.500,-0.0675],[-13.250,-0.0666],[-13.000,-0.0654],[-12.750,-0.0636],[-12.500,-0.0608],[-12.250,-0.0573],[-12.000,-0.0544],[-11.750,-0.0562],[-11.500,-0.0583],[-11.250,-0.0603],[-11.000,-0.0620],[-10.750,-0.0641],[-10.500,-0.0662],[-10.250,-0.0678],[-10.000,-0.0693],[-9.750,-0.0702],[-9.500,-0.0705],[-9.250,-0.0705],[-9.000,-0.0706],[-8.750,-0.0707],[-8.500,-0.0709],[-8.250,-0.0711],[-8.000,-0.0715],[-7.750,-0.0718],[-7.500,-0.0721],[-7.250,-0.0726],[-7.000,-0.0731],[-6.750,-0.0734],[-6.500,-0.0740],[-6.250,-0.0745],[-6.000,-0.0751],[-5.750,-0.0757],[-5.500,-0.0764],[-5.250,-0.0772],[-5.000,-0.0781],[-4.750,-0.0793],[-4.500,-0.0804],[-4.250,-0.0817],[-4.000,-0.0834],[-3.750,-0.0848],[-3.500,-0.0864],[-3.250,-0.0881],[-3.000,-0.0894],[-2.750,-0.0894],[-2.500,-0.0894],[-2.000,-0.0899],[-1.750,-0.0902],[-1.500,-0.0906],[-1.250,-0.0909],[-1.000,-0.0911],[-0.750,-0.0913],[-0.500,-0.0917],[-0.250,-0.0921],[0.000,-0.0924],[0.250,-0.0927],[0.500,-0.0930],[0.750,-0.0932],[1.000,-0.0934],[1.250,-0.0937],[1.500,-0.0940],[1.750,-0.0942],[2.000,-0.0945],[2.250,-0.0948],[2.500,-0.0951],[2.750,-0.0953],[3.000,-0.0954],[3.250,-0.0957],[3.500,-0.0959],[3.750,-0.0961],[4.000,-0.0962],[4.250,-0.0964],[4.500,-0.0967],[4.750,-0.0968],[5.000,-0.0969],[5.250,-0.0970],[5.500,-0.0972],[5.750,-0.0972],[6.000,-0.0971],[6.250,-0.0971],[6.500,-0.0972],[6.750,-0.0971],[7.000,-0.0969],[7.250,-0.0969],[7.500,-0.0968],[7.750,-0.0966],[8.000,-0.0965],[8.250,-0.0963],[8.500,-0.0959],[8.750,-0.0955],[9.000,-0.0952],[9.250,-0.0946],[9.500,-0.0942],[9.750,-0.0936],[10.000,-0.0928],[10.250,-0.0922],[10.500,-0.0913],[10.750,-0.0903],[11.000,-0.0892],[11.250,-0.0876],[11.500,-0.0858],[11.750,-0.0840],[12.000,-0.0825],[12.250,-0.0809],[12.500,-0.0793],[12.750,-0.0777],[13.000,-0.0760],[13.250,-0.0744],[13.500,-0.0728],[13.750,-0.0712],[14.000,-0.0695],[14.250,-0.0681],[14.500,-0.0664],[14.750,-0.0651],[15.000,-0.0636],[15.250,-0.0622],[15.500,-0.0609],[15.750,-0.0595],[16.000,-0.0583],[16.250,-0.0572],[16.500,-0.0560],[16.750,-0.0551],[17.000,-0.0544],[17.250,-0.0537],[17.500,-0.0533],[17.750,-0.0532],[18.000,-0.0534],[18.250,-0.0541],[18.500,-0.0550],[18.750,-0.0558],[19.000,-0.0580],[19.250,-0.0604],],],
{"title":"Cm v Alpha","sortData":false,"legend":{"show":false,"placement":"insideGrid","location":"ne"},"series":[{"showLabel":true,"index":0,"showLine":true,"trendline":{"type":"none","show":false},"color":"#4bb2c5"},{"showLabel":true,"index":0,"showLine":true,"trendline":{"type":"none","show":false},"color":"#EAA228"},{"showLabel":true,"index":0,"showLine":true,"trendline":{"type":"none","show":false},"color":"#839557"},{"showLabel":true,"index":0,"showLine":true,"trendline":{"type":"none","show":false},"color":"#953579"},{"showLabel":true,"index":0,"showLine":true,"trendline":{"type":"none","show":false},"color":"#d8b83f"}],"show":"$.jqplot.config.enablePlugins","axes":{"xaxis":{"max":20,"min":-20,"tickInterval":5,"tickOptions":{"formatString":"%.1f"},"forceTickAt0":true,"rendererOptions":{"forceTickAt0":true}},"yaxis":{"max":0.04,"min":-0.1,"tickInterval":0.02,"tickOptions":{"formatString":"%.2f"},"forceTickAt0":true,"rendererOptions":{"forceTickAt0":true}}},"seriesDefaults":{"lineWidth":1,"showLabel":true,"markerOptions":{"size":5,"show":false}}});
jqplots.push(p);

var p = $.jqplot('dragaoa',[[[-10.000,0.09203],[-9.750,0.08812],[-9.500,0.07799],[-9.250,0.07443],[-9.000,0.07044],[-8.750,0.06493],[-8.500,0.06154],[-8.250,0.05811],[-8.000,0.05472],[-7.750,0.05145],[-7.500,0.04840],[-7.250,0.04602],[-7.000,0.04369],[-6.750,0.04158],[-6.500,0.03960],[-6.250,0.03798],[-6.000,0.03645],[-5.750,0.03512],[-5.500,0.03391],[-5.250,0.03282],[-5.000,0.03166],[-4.750,0.02999],[-4.500,0.02788],[-4.250,0.03055],[-4.000,0.03306],[-3.750,0.03517],[-3.500,0.03675],[-3.250,0.03814],[-3.000,0.03901],[-2.750,0.03943],[-2.500,0.03948],[-2.250,0.03952],[-2.000,0.03952],[-1.750,0.04065],[-1.500,0.04044],[-1.250,0.03909],[-1.000,0.03674],[-0.750,0.03457],[-0.500,0.03271],[-0.250,0.03106],[0.000,0.03032],[0.250,0.02952],[0.500,0.02920],[0.750,0.02901],[1.000,0.02885],[1.250,0.02874],[1.500,0.02862],[1.750,0.02890],[2.000,0.02921],[2.250,0.02929],[2.500,0.02988],[2.750,0.03029],[3.000,0.03090],[3.250,0.03149],[3.500,0.03239],[3.750,0.03282],[4.000,0.03426],[4.250,0.03506],[4.500,0.03608],[4.750,0.03786],[5.000,0.03888],[5.250,0.03981],[5.500,0.04258],[5.750,0.04542],[6.000,0.04725],[6.250,0.04738],[6.500,0.05979],[6.750,0.07395],[7.000,0.08041],[7.250,0.08564],[7.500,0.09027],],[[-11.250,0.11906],[-11.000,0.11569],[-10.750,0.07259],[-10.500,0.06972],[-10.000,0.06160],[-9.750,0.05899],[-9.500,0.05630],[-9.250,0.05346],[-9.000,0.05045],[-8.750,0.04726],[-8.500,0.04421],[-8.250,0.04160],[-8.000,0.03938],[-7.750,0.03752],[-7.500,0.03578],[-7.250,0.03441],[-7.000,0.03315],[-6.750,0.03193],[-6.500,0.03080],[-6.250,0.02998],[-6.000,0.02911],[-5.750,0.02830],[-5.500,0.02753],[-5.250,0.02690],[-5.000,0.02593],[-4.750,0.02451],[-4.500,0.02161],[-4.250,0.02269],[-4.000,0.02416],[-3.750,0.02543],[-3.500,0.02681],[-3.250,0.02801],[-3.000,0.02873],[-2.750,0.02926],[-2.500,0.02969],[-2.250,0.02986],[-2.000,0.02978],[-1.750,0.02924],[-1.500,0.02871],[-1.250,0.02786],[-1.000,0.02689],[-0.750,0.02606],[-0.500,0.02513],[-0.250,0.02430],[0.000,0.02353],[0.250,0.02302],[0.500,0.02259],[0.750,0.02247],[1.000,0.02234],[1.250,0.02234],[1.500,0.02246],[1.750,0.02243],[2.000,0.02254],[2.250,0.02267],[2.500,0.02285],[2.750,0.02295],[3.000,0.02328],[3.250,0.02343],[3.500,0.02366],[3.750,0.02404],[4.000,0.02424],[4.250,0.02455],[4.500,0.02516],[4.750,0.02536],[5.000,0.02570],[5.250,0.02617],[5.500,0.02678],[5.750,0.02719],[6.000,0.02762],[6.250,0.02842],[6.500,0.02895],[6.750,0.02952],[7.000,0.03004],[7.250,0.03100],[7.500,0.03180],[7.750,0.03237],[8.000,0.03319],[8.250,0.03429],[8.500,0.03509],[8.750,0.03557],[9.000,0.03697],[9.250,0.03818],[9.500,0.03860],[9.750,0.03968],[10.000,0.04149],[10.250,0.04189],[10.500,0.04248],[10.750,0.04504],[11.000,0.04553],[11.250,0.04547],[11.500,0.04899],[11.750,0.04998],[12.000,0.04871],[12.250,0.05334],[12.500,0.05876],[12.750,0.05420],[13.000,0.05804],],[[-12.500,0.07181],[-12.250,0.06941],[-12.000,0.05807],[-11.750,0.05560],[-11.500,0.05338],[-11.250,0.05114],[-11.000,0.04916],[-10.750,0.04728],[-10.500,0.04528],[-10.250,0.04311],[-10.000,0.04087],[-9.750,0.03812],[-9.500,0.03551],[-9.250,0.03338],[-9.000,0.03185],[-8.750,0.03073],[-8.500,0.02942],[-8.250,0.02806],[-8.000,0.02697],[-7.750,0.02596],[-7.500,0.02490],[-7.250,0.02396],[-7.000,0.02323],[-6.750,0.02226],[-6.500,0.02132],[-6.250,0.02038],[-6.000,0.01973],[-5.750,0.01866],[-5.500,0.01729],[-5.250,0.01545],[-5.000,0.01430],[-4.750,0.01340],[-4.500,0.01340],[-4.250,0.01362],[-4.000,0.01396],[-3.750,0.01441],[-3.500,0.01482],[-3.250,0.01532],[-3.000,0.01562],[-2.750,0.01585],[-2.500,0.01624],[-2.250,0.01635],[-2.000,0.01676],[-1.750,0.01694],[-1.500,0.01674],[-1.250,0.01672],[-1.000,0.01670],[-0.750,0.01665],[-0.500,0.01667],[-0.250,0.01713],[0.000,0.01756],[0.250,0.01789],[0.500,0.01811],[0.750,0.01823],[1.000,0.01843],[1.250,0.01862],[1.500,0.01873],[1.750,0.01905],[2.000,0.01902],[2.250,0.01910],[2.500,0.01935],[2.750,0.01948],[3.000,0.01958],[3.250,0.01976],[3.500,0.02011],[3.750,0.02015],[4.000,0.02025],[4.250,0.02045],[4.500,0.02076],[4.750,0.02089],[5.000,0.02107],[5.250,0.02135],[5.500,0.02173],[5.750,0.02186],[6.000,0.02200],[6.250,0.02226],[6.500,0.02263],[6.750,0.02283],[7.000,0.02305],[7.250,0.02343],[7.500,0.02378],[7.750,0.02397],[8.000,0.02417],[8.250,0.02463],[8.500,0.02492],[8.750,0.02521],[9.000,0.02544],[9.250,0.02589],[9.500,0.02619],[9.750,0.02648],[10.000,0.02702],[10.250,0.02734],[10.500,0.02764],[10.750,0.02805],[11.000,0.02860],[11.250,0.02898],[11.500,0.02939],[11.750,0.02998],[12.000,0.03059],[12.250,0.03112],[12.500,0.03185],[12.750,0.03265],[13.000,0.03331],[13.250,0.03418],[13.500,0.03565],[13.750,0.03689],[14.000,0.03835],[14.250,0.04017],[14.500,0.04167],[14.750,0.04363],[15.000,0.04588],[15.250,0.04770],[15.500,0.05019],[15.750,0.05306],[16.000,0.05533],[16.250,0.05815],[16.500,0.06199],[16.750,0.06499],[17.000,0.06787],[17.250,0.07312],[17.500,0.07713],[17.750,0.07957],[18.000,0.08643],[18.250,0.09158],[18.500,0.09324],[18.750,0.10075],[19.000,0.10730],],[[-16.000,0.07588],[-15.750,0.06823],[-15.500,0.06290],[-15.250,0.05860],[-15.000,0.05494],[-14.750,0.05177],[-14.500,0.04889],[-14.250,0.04647],[-14.000,0.04417],[-13.750,0.04204],[-13.500,0.03999],[-13.250,0.03810],[-13.000,0.03637],[-12.750,0.03477],[-12.500,0.03335],[-12.250,0.03212],[-12.000,0.03113],[-11.750,0.03052],[-11.500,0.02962],[-11.250,0.02799],[-11.000,0.02692],[-10.750,0.02590],[-10.500,0.02489],[-10.250,0.02389],[-10.000,0.02300],[-9.750,0.02177],[-9.500,0.02091],[-9.250,0.02010],[-9.000,0.01932],[-8.750,0.01868],[-8.500,0.01773],[-8.250,0.01717],[-8.000,0.01663],[-7.750,0.01600],[-7.500,0.01543],[-7.250,0.01499],[-7.000,0.01451],[-6.750,0.01406],[-6.500,0.01367],[-6.250,0.01325],[-6.000,0.01284],[-5.750,0.01243],[-5.500,0.01191],[-5.250,0.01131],[-5.000,0.01075],[-4.750,0.01016],[-4.500,0.00952],[-4.250,0.00892],[-4.000,0.00836],[-3.750,0.00805],[-3.500,0.00806],[-3.250,0.00814],[-3.000,0.00827],[-2.750,0.00844],[-2.500,0.00857],[-2.250,0.00871],[-2.000,0.00887],[-1.750,0.00943],[-1.500,0.01017],[-1.250,0.01055],[-1.000,0.01076],[-0.750,0.01094],[-0.500,0.01111],[-0.250,0.01127],[0.000,0.01147],[0.250,0.01160],[0.500,0.01180],[0.750,0.01193],[1.000,0.01203],[1.250,0.01217],[1.500,0.01237],[1.750,0.01250],[2.000,0.01258],[2.250,0.01270],[2.500,0.01290],[2.750,0.01304],[3.000,0.01304],[3.250,0.01314],[3.500,0.01333],[3.750,0.01350],[4.000,0.01360],[4.250,0.01373],[4.500,0.01392],[4.750,0.01415],[5.000,0.01425],[5.250,0.01438],[5.500,0.01459],[5.750,0.01487],[6.000,0.01494],[6.250,0.01508],[6.500,0.01530],[6.750,0.01560],[7.000,0.01573],[7.250,0.01592],[7.500,0.01619],[7.750,0.01648],[8.000,0.01667],[8.250,0.01691],[8.500,0.01729],[8.750,0.01746],[9.000,0.01771],[9.250,0.01809],[9.500,0.01840],[9.750,0.01869],[10.000,0.01912],[10.250,0.01946],[10.500,0.01979],[10.750,0.02029],[11.000,0.02076],[11.250,0.02124],[11.500,0.02194],[11.750,0.02242],[12.000,0.02307],[12.250,0.02389],[12.500,0.02454],[12.750,0.02546],[13.000,0.02632],[13.250,0.02724],[13.500,0.02853],[13.750,0.02948],[14.000,0.03081],[14.250,0.03213],[14.500,0.03362],[14.750,0.03534],[15.000,0.03695],[15.500,0.04102],[15.750,0.04338],[16.000,0.04630],[16.250,0.04869],[16.500,0.05173],[16.750,0.05530],[17.000,0.05919],[17.250,0.06349],[17.500,0.06874],[17.750,0.07510],[18.000,0.08042],[18.250,0.08628],[18.500,0.09276],],[[-19.500,0.12166],[-19.250,0.11230],[-19.000,0.10388],[-18.750,0.09637],[-18.500,0.08951],[-18.250,0.08320],[-18.000,0.07755],[-17.750,0.07234],[-17.500,0.06766],[-17.250,0.06342],[-17.000,0.05956],[-16.750,0.05604],[-16.500,0.05286],[-16.250,0.04993],[-16.000,0.04728],[-15.750,0.04484],[-15.500,0.04258],[-15.250,0.04050],[-15.000,0.03859],[-14.750,0.03678],[-14.500,0.03512],[-14.250,0.03356],[-14.000,0.03211],[-13.750,0.03079],[-13.500,0.02956],[-13.250,0.02846],[-13.000,0.02748],[-12.750,0.02629],[-12.500,0.02490],[-12.250,0.02396],[-12.000,0.02315],[-11.750,0.02218],[-11.500,0.02129],[-11.250,0.02044],[-11.000,0.01966],[-10.750,0.01898],[-10.500,0.01838],[-10.250,0.01728],[-10.000,0.01652],[-9.750,0.01598],[-9.500,0.01551],[-9.250,0.01510],[-9.000,0.01474],[-8.750,0.01426],[-8.500,0.01372],[-8.250,0.01338],[-8.000,0.01306],[-7.750,0.01278],[-7.500,0.01240],[-7.250,0.01207],[-7.000,0.01180],[-6.750,0.01156],[-6.500,0.01122],[-6.250,0.01099],[-6.000,0.01072],[-5.750,0.01049],[-5.500,0.01020],[-5.250,0.00987],[-5.000,0.00951],[-4.750,0.00914],[-4.500,0.00878],[-4.250,0.00840],[-4.000,0.00792],[-3.750,0.00755],[-3.500,0.00718],[-3.250,0.00681],[-3.000,0.00661],[-2.750,0.00703],[-2.500,0.00754],[-2.000,0.00794],[-1.750,0.00809],[-1.500,0.00825],[-1.250,0.00833],[-1.000,0.00847],[-0.750,0.00863],[-0.500,0.00872],[-0.250,0.00884],[0.000,0.00892],[0.250,0.00896],[0.500,0.00904],[0.750,0.00917],[1.000,0.00932],[1.250,0.00941],[1.500,0.00953],[1.750,0.00966],[2.000,0.00976],[2.250,0.00981],[2.500,0.00989],[2.750,0.01002],[3.000,0.01020],[3.250,0.01026],[3.500,0.01036],[3.750,0.01049],[4.000,0.01068],[4.250,0.01079],[4.500,0.01089],[4.750,0.01104],[5.000,0.01122],[5.250,0.01133],[5.500,0.01143],[5.750,0.01159],[6.000,0.01181],[6.250,0.01196],[6.500,0.01210],[6.750,0.01230],[7.000,0.01256],[7.250,0.01270],[7.500,0.01289],[7.750,0.01317],[8.000,0.01334],[8.250,0.01353],[8.500,0.01381],[8.750,0.01405],[9.000,0.01429],[9.250,0.01461],[9.500,0.01488],[9.750,0.01517],[10.000,0.01557],[10.250,0.01581],[10.500,0.01617],[10.750,0.01654],[11.000,0.01690],[11.250,0.01739],[11.500,0.01775],[11.750,0.01826],[12.000,0.01876],[12.250,0.01930],[12.500,0.01994],[12.750,0.02059],[13.000,0.02134],[13.250,0.02209],[13.500,0.02294],[13.750,0.02380],[14.000,0.02482],[14.250,0.02576],[14.500,0.02699],[14.750,0.02807],[15.000,0.02940],[15.250,0.03083],[15.500,0.03230],[15.750,0.03408],[16.000,0.03572],[16.250,0.03766],[16.500,0.04003],[16.750,0.04217],[17.000,0.04469],[17.250,0.04778],[17.500,0.05090],[17.750,0.05428],[18.000,0.05842],[18.250,0.06352],[18.500,0.06880],[18.750,0.07442],[19.000,0.08131],[19.250,0.08893],],],
{"title":"Cd v Alpha","sortData":false,"legend":{"show":false,"placement":"insideGrid","location":"ne"},"series":[{"showLabel":true,"index":0,"showLine":true,"trendline":{"type":"none","show":false},"color":"#4bb2c5"},{"showLabel":true,"index":0,"showLine":true,"trendline":{"type":"none","show":false},"color":"#EAA228"},{"showLabel":true,"index":0,"showLine":true,"trendline":{"type":"none","show":false},"color":"#839557"},{"showLabel":true,"index":0,"showLine":true,"trendline":{"type":"none","show":false},"color":"#953579"},{"showLabel":true,"index":0,"showLine":true,"trendline":{"type":"none","show":false},"color":"#d8b83f"}],"show":"$.jqplot.config.enablePlugins","axes":{"xaxis":{"max":20,"min":-20,"tickInterval":5,"tickOptions":{"formatString":"%.1f"},"forceTickAt0":true,"rendererOptions":{"forceTickAt0":true}},"yaxis":{"max":0.14,"min":0,"tickInterval":0.02,"tickOptions":{"formatString":"%.2f"},"forceTickAt0":true,"rendererOptions":{"forceTickAt0":true}}},"seriesDefaults":{"lineWidth":1,"showLabel":true,"markerOptions":{"size":5,"show":false}}});
jqplots.push(p);

var p = $.jqplot('effaoa',[[[-10.000,-5.1841790720417],[-9.750,-5.3302315024966],[-9.500,-7.3163226054622],[-9.250,-7.9981190380223],[-9.000,-8.9792731402612],[-8.750,-10.817803788696],[-8.500,-11.418589535262],[-8.250,-12.125279642058],[-8.000,-12.869152046784],[-7.750,-13.591836734694],[-7.500,-14.231404958678],[-7.250,-14.600173837462],[-7.000,-14.975967040513],[-6.750,-15.276575276575],[-6.500,-15.515151515152],[-6.250,-15.634544497104],[-6.000,-15.659807956104],[-5.750,-15.640660592255],[-5.500,-15.55883220289],[-5.250,-15.438756855576],[-5.000,-15.347441566646],[-4.750,-15.528509503168],[-4.500,-16.276901004304],[-4.250,-14.88379705401],[-4.000,-13.593466424682],[-3.750,-12.647142450953],[-3.500,-11.918367346939],[-3.250,-11.373885684321],[-3.000,-10.940784414253],[-2.750,-10.590920618818],[-2.500,-10.32928064843],[-2.250,-9.7697368421053],[-2.000,-8.9372469635628],[-1.750,-4.8167281672817],[-1.500,-0.66518298714144],[-1.250,3.1593757994372],[-1.000,7.4741426238432],[-0.750,10.529360717385],[-0.500,13.029654539896],[-0.250,15.273663876368],[0.000,16.470976253298],[0.250,17.811653116531],[0.500,18.702054794521],[0.750,19.507066528783],[1.000,20.322357019064],[1.250,21.134307585247],[1.500,22.002096436059],[1.750,22.415224913495],[2.000,22.82095172886],[2.250,23.554114032093],[2.500,23.627844712182],[2.750,23.96830637174],[3.000,24.042071197411],[3.250,24.194982534138],[3.500,23.905526397036],[3.750,24.320536258379],[4.000,23.368359603036],[4.250,23.271534512265],[4.500,22.987804878049],[4.750,21.75911251981],[5.000,21.466049382716],[5.250,21.39914594323],[5.500,19.239079379991],[5.750,17.27212681638],[6.000,16.501587301587],[6.250,17.384972562263],[6.500,11.42164241512],[6.750,8.0554428668019],[7.000,7.2055714463375],[7.250,6.753853339561],[7.500,6.5126841697131],],[[-11.250,-3.6091046531161],[-11.000,-3.3944161120235],[-10.750,-9.0852734536438],[-10.500,-8.9974182444062],[-10.000,-12.222402597403],[-9.750,-12.886929988134],[-9.500,-13.621669626998],[-9.250,-14.435091657314],[-9.000,-15.332011892963],[-8.750,-16.330935251799],[-8.500,-17.31508708437],[-8.250,-18.125],[-8.000,-18.765871000508],[-7.750,-19.245735607676],[-7.500,-19.650642817216],[-7.250,-19.834350479512],[-7.000,-19.945701357466],[-6.750,-20.018791105543],[-6.500,-20.038961038961],[-6.250,-19.873248832555],[-6.000,-19.701133631055],[-5.750,-19.498233215548],[-5.500,-19.233563385398],[-5.250,-18.832713754647],[-5.000,-17.925183185499],[-4.750,-16.927784577723],[-4.500,-16.584914391485],[-4.250,-14.371970030851],[-4.000,-11.841887417219],[-3.750,-10.302791977979],[-3.500,-8.798955613577],[-3.250,-7.2938236344163],[-3.000,-6.2373825269753],[-2.750,-4.5693779904306],[-2.500,-3.8733580330077],[-2.250,-2.1366376423309],[-2.000,-1.2995298858294],[-1.750,0.75239398084815],[-1.500,1.7763845350052],[-1.250,3.3237616654702],[-1.000,5.1580513201934],[-0.750,6.4198004604758],[-0.500,8.0819737365698],[-0.250,9.4526748971193],[0.000,10.990225244369],[0.250,12.050390964379],[0.500,13.554670208057],[0.750,14.548286604361],[1.000,15.814682184423],[1.250,16.974037600716],[1.500,17.813891362422],[1.750,19.077128845296],[2.000,20.204081632653],[2.250,21.093956771063],[2.500,22.048140043764],[2.750,23.145969498911],[3.000,24.046391752577],[3.250,24.805804524114],[3.500,25.6382079459],[3.750,26.468386023295],[4.000,27.219471947195],[4.250,27.922606924644],[4.500,28.350556438792],[4.750,29.049684542587],[5.000,29.665369649805],[5.250,30.221627818112],[5.500,30.410754294249],[5.750,30.878999632218],[6.000,31.415640839971],[6.250,31.625615763547],[6.500,31.816925734024],[6.750,32.130758807588],[7.000,32.616511318242],[7.250,32.538709677419],[7.500,32.540880503145],[7.750,33.018226753167],[8.000,33.094305513709],[8.250,32.309711286089],[8.500,32.24850384725],[8.750,32.735451222941],[9.000,32.012442520963],[9.250,31.47983237297],[9.500,31.987046632124],[9.750,31.796875],[10.000,30.60737527115],[10.250,31.064693244211],[10.500,31.459510357815],[10.750,29.540408525755],[11.000,29.837469800132],[11.250,30.853309874643],[11.500,28.132271892223],[11.750,27.911164465786],[12.000,29.936358037364],[12.250,26.389201349831],[12.500,23.158611300204],[12.750,26.874538745387],[13.000,24.691592005513],],[[-12.500,-9.3232140370422],[-12.250,-9.4899870335686],[-12.000,-13.509557430687],[-11.750,-14.278776978417],[-11.500,-15.123641813413],[-11.250,-16.032459913962],[-11.000,-16.956875508544],[-10.750,-17.929357021997],[-10.500,-18.975265017668],[-10.250,-20.09046624913],[-10.000,-21.230731587962],[-9.750,-22.311122770199],[-9.500,-23.19065052098],[-9.250,-23.762732174955],[-9.000,-23.974882260597],[-8.750,-23.823625122031],[-8.500,-23.783140720598],[-8.250,-23.706343549537],[-8.000,-23.440860215054],[-7.750,-23.012326656394],[-7.500,-22.393574297189],[-7.250,-21.577629382304],[-7.000,-21.020232458028],[-6.750,-20.363881401617],[-6.500,-19.37148217636],[-6.250,-18.140333660451],[-6.000,-17.455651292448],[-5.750,-16.366559485531],[-5.500,-15.251590514748],[-5.250,-14.271844660194],[-5.000,-13.160839160839],[-4.750,-11.179104477612],[-4.500,-8.5522388059701],[-4.250,-6.2261380323054],[-4.000,-3.9398280802292],[-3.750,-1.7418459403192],[-3.500,0.067476383265857],[-3.250,1.6187989556136],[-3.000,3.2074263764405],[-2.750,4.7507886435331],[-2.500,5.935960591133],[-2.250,7.6880733944954],[-2.000,8.5262529832936],[-1.750,9.8229043683589],[-1.500,11.827956989247],[-1.250,13.11004784689],[-1.000,14.48502994012],[-0.750,15.987987987988],[-0.500,17.720455908818],[-0.250,18.091068301226],[0.000,18.73576309795],[0.250,19.770821688094],[0.500,21.463279955826],[0.750,22.441031267142],[1.000,23.445469343462],[1.250,24.629430719656],[1.500,26.091831286706],[1.750,27.485564304462],[2.000,28.895899053628],[2.250,30.073298429319],[2.500,31.085271317829],[2.750,32.330595482546],[3.000,33.702757916241],[3.250,35.015182186235],[3.500,36.116360019891],[3.750,37.384615384615],[4.000,38.503703703704],[4.250,39.481662591687],[4.500,40.269749518304],[4.750,41.359502154141],[5.000,42.401518747034],[5.250,43.316159250585],[5.500,44.040497008744],[5.750,45.013723696249],[6.000,45.909090909091],[6.250,46.572327044025],[6.500,46.981882456916],[6.750,47.735435830048],[7.000,48.520607375271],[7.250,49.043960734102],[7.500,49.44070647603],[7.750,50.012515644556],[8.000,50.624741414977],[8.250,50.803897685749],[8.500,51.127608346709],[8.750,51.574771915906],[9.000,52.047955974843],[9.250,52.023947470066],[9.500,52.195494463536],[9.750,52.503776435045],[10.000,52.483345669874],[10.250,52.384784198976],[10.500,52.467438494935],[10.750,52.50623885918],[11.000,52.034965034965],[11.250,51.777087646653],[11.500,51.612793467166],[11.750,50.973982655103],[12.000,50.241909120628],[12.250,49.778277634961],[12.500,49.036106750392],[12.750,47.954058192956],[13.000,47.232062443711],[13.250,46.42480983031],[13.500,44.737727910238],[13.750,43.589048522635],[14.000,42.252933507171],[14.250,40.477968633308],[14.500,39.272858171346],[14.750,37.65069906028],[15.000,35.847863993025],[15.250,34.637316561845],[15.500,32.93883243674],[15.750,31.104410101772],[16.000,29.889752394723],[16.250,28.428202923474],[16.500,26.523632844007],[16.750,25.283889829204],[17.000,24.218358626787],[17.250,22.260667396061],[17.500,21.028134318683],[17.750,20.441121025512],[18.000,18.551428902002],[18.250,17.386984057655],[18.500,17.18253968254],[18.750,15.657568238213],[19.000,14.532152842498],],[[-16.000,-11.416710595677],[-15.750,-13.093946944159],[-15.500,-14.451510333863],[-15.250,-15.701365187713],[-15.000,-16.885693483801],[-14.750,-18.01236237203],[-14.500,-19.1388832072],[-14.250,-20.126963632451],[-14.000,-21.15236585918],[-13.750,-22.183634633682],[-13.500,-23.273318329582],[-13.250,-24.356955380577],[-13.000,-25.433049216387],[-12.750,-26.522864538395],[-12.500,-27.592203898051],[-12.250,-28.645703611457],[-12.000,-29.694828140058],[-11.750,-30.806028833552],[-11.500,-31.620526671168],[-11.250,-32.465166130761],[-11.000,-32.578008915305],[-10.750,-32.590733590734],[-10.500,-32.711932503013],[-10.250,-32.745918794475],[-10.000,-32.547826086957],[-9.750,-32.916858061553],[-9.500,-32.788139646102],[-9.250,-32.432835820896],[-9.000,-31.951345755694],[-8.750,-31.493576017131],[-8.500,-31.517202481669],[-8.250,-30.94933022714],[-8.000,-30.210463018641],[-7.750,-29.84375],[-7.500,-29.215813350616],[-7.250,-28.298865910607],[-7.000,-27.381116471399],[-6.750,-26.28733997155],[-6.500,-25.003657644477],[-6.250,-23.660377358491],[-6.000,-22.172897196262],[-5.750,-20.571198712792],[-5.500,-18.992443324937],[-5.250,-17.329796640141],[-5.000,-15.367441860465],[-4.750,-13.139763779528],[-4.500,-10.546218487395],[-4.250,-7.4439461883408],[-4.000,-3.7799043062201],[-3.750,0.22360248447205],[-3.500,4.0322580645161],[-3.250,7.7272727272727],[-3.000,11.221281741233],[-2.750,14.620853080569],[-2.500,17.654609101517],[-2.250,20.723306544202],[-2.000,23.630214205186],[-1.750,24.549310710498],[-1.500,25.034414945919],[-1.250,26.824644549763],[-1.000,28.949814126394],[-0.750,31.005484460695],[-0.500,33.105310531053],[-0.250,35.190771960958],[0.000,37.079337401918],[0.250,39.25],[0.500,41.110169491525],[0.750,42.975691533948],[1.000,44.970906068163],[1.250,46.787181594084],[1.500,48.302344381568],[1.750,50.128],[2.000,52.186009538951],[2.250,54.023622047244],[2.500,55.434108527132],[2.750,57.108895705521],[3.000,59.348159509202],[3.250,61.057838660578],[3.500,62.258064516129],[3.750,63.540740740741],[4.000,65.176470588235],[4.250,66.620538965768],[4.500,67.708333333333],[4.750,68.558303886926],[5.000,70.105263157895],[5.250,71.453407510431],[5.500,72.323509252913],[5.750,72.770679219906],[6.000,74.283801874163],[6.250,75.377984084881],[6.500,76],[6.750,76.166666666667],[7.000,77.260012714558],[7.250,77.996231155779],[7.500,78.258184064237],[7.750,78.422330097087],[8.000,79.118176364727],[8.250,79.473684210526],[8.500,79.010989010989],[8.750,79.6735395189],[9.000,79.887069452287],[9.250,79.402985074627],[9.500,79.304347826087],[9.750,79.28303905832],[10.000,78.540794979079],[10.250,78.144912641316],[10.500,77.710965133906],[10.750,76.589452932479],[11.000,75.746628131021],[11.250,74.915254237288],[11.500,73.222424794895],[11.750,72.471008028546],[12.000,71.100996965756],[12.250,69.217245709502],[12.500,68.076609616952],[12.750,66.115475255302],[13.000,64.456686930091],[13.250,62.753303964758],[13.500,60.206799859797],[13.750,58.744911804613],[14.000,56.465433300876],[14.250,54.428882664177],[14.500,52.254610350982],[14.750,49.85285795133],[15.000,47.864682002706],[15.500,43.252072159922],[15.750,40.912863070539],[16.000,38.228941684665],[16.250,36.387348531526],[16.500,34.152329402668],[16.750,31.683544303797],[17.000,29.520189221152],[17.250,27.410615845015],[17.500,25.130928135001],[17.750,22.74034620506],[18.000,21.089281273315],[18.250,19.476124246639],[18.500,17.902112979733],],[[-19.500,-7.7165872102581],[-19.250,-8.6046304541407],[-19.000,-9.532152483635],[-18.750,-10.487703642212],[-18.500,-11.490336275277],[-18.250,-12.544471153846],[-18.000,-13.614442295293],[-17.750,-14.731821951894],[-17.500,-15.85574933491],[-17.250,-16.993062125512],[-17.000,-18.146406984553],[-16.750,-19.309421841542],[-16.500,-20.465380249716],[-16.250,-21.642299218906],[-16.000,-22.79399323181],[-15.750,-23.956289027654],[-15.500,-25.131517144199],[-15.250,-26.298765432099],[-15.000,-27.442342575797],[-14.750,-28.610657966286],[-14.500,-29.740888382688],[-14.250,-30.873063170441],[-14.000,-31.986919962628],[-13.750,-33.030204611887],[-13.500,-34.059539918809],[-13.250,-34.996486296557],[-13.000,-35.855167394469],[-12.750,-37.265119817421],[-12.500,-39.40562248996],[-12.250,-41.035058430718],[-12.000,-42.410367170626],[-11.750,-43.011722272317],[-11.500,-43.367778299671],[-11.250,-43.649706457926],[-11.000,-43.840284842319],[-10.750,-43.68282402529],[-10.500,-43.280739934712],[-10.250,-44.415509259259],[-10.000,-44.630750605327],[-9.750,-44.324155193992],[-9.500,-43.932946486138],[-9.250,-43.417218543046],[-9.000,-42.686567164179],[-8.750,-42.314165497896],[-8.500,-42.069970845481],[-8.250,-41.091180866966],[-8.000,-39.946401225115],[-7.750,-38.599374021909],[-7.500,-37.524193548387],[-7.250,-36.139188069594],[-7.000,-34.483050847458],[-6.750,-32.673010380623],[-6.500,-31.016042780749],[-6.250,-28.935395814377],[-6.000,-26.865671641791],[-5.750,-24.575786463298],[-5.500,-22.264705882353],[-5.250,-19.888551165147],[-5.000,-17.371188222923],[-4.750,-14.584245076586],[-4.500,-11.548974943052],[-4.250,-8.202380952381],[-4.000,-4.4318181818182],[-3.750,-0.23841059602649],[-3.500,4.4707520891365],[-3.250,9.7503671071953],[-3.000,15.068078668684],[-2.750,18.065433854908],[-2.500,20.477453580902],[-2.000,26.926952141058],[-1.750,30.148331273177],[-1.500,33.212121212121],[-1.250,36.506602641056],[-1.000,39.409681227863],[-0.750,42.120509849363],[-0.500,45.172018348624],[-0.250,47.963800904977],[0.000,50.85201793722],[0.250,53.995535714286],[0.500,56.825221238938],[0.750,59.225736095965],[1.000,61.416309012876],[1.250,64.017003188098],[1.500,66.327387198321],[1.750,68.488612836439],[2.000,70.768442622951],[2.250,73.445463812436],[2.500,75.834175935288],[2.750,77.754491017964],[3.000,79.176470588235],[3.250,81.598440545809],[3.500,83.638996138996],[3.750,85.357483317445],[4.000,86.488764044944],[4.250,88.303985171455],[4.500,90.156106519743],[4.750,91.521739130435],[5.000,92.549019607843],[5.250,94.157105030891],[5.500,95.826771653543],[5.750,96.911130284728],[6.000,97.400508044031],[6.250,98.511705685619],[6.500,99.677685950413],[6.750,100.26016260163],[7.000,100.28662420382],[7.250,101.36220472441],[7.500,101.95500387898],[7.750,101.75398633257],[8.000,102.45127436282],[8.250,102.9563932003],[8.500,102.679217958],[8.750,102.73309608541],[9.000,102.78516445066],[9.250,102.17659137577],[9.500,101.96908602151],[9.750,101.608437706],[10.000,100.41746949261],[10.250,100.39848197343],[10.500,99.492888064317],[10.750,98.530834340992],[11.000,97.656804733728],[11.250,95.917193789534],[11.500,94.929577464789],[11.750,93.148959474261],[12.000,91.58315565032],[12.250,89.875647668394],[12.500,87.753259779338],[12.750,85.735794074794],[13.000,83.373945641987],[13.250,81.18153010412],[13.500,78.731473408893],[13.750,76.420168067227],[14.000,73.726833199033],[14.250,71.525621118012],[14.500,68.588366061504],[14.750,66.344852155326],[15.000,63.62925170068],[15.250,60.927667855984],[15.500,58.390092879257],[15.750,55.460680751174],[16.000,53.096304591265],[16.250,50.454062665959],[16.500,47.454409193105],[16.750,45.11263931705],[17.000,42.564332065339],[17.250,39.711176224362],[17.500,37.204322200393],[17.750,34.802873986735],[18.000,32.168777815816],[18.250,29.337216624685],[18.500,26.851744186047],[18.750,24.543133566246],[19.000,22.176854015496],[19.250,19.958394242663],],],
{"title":"Cl\/Cd v Alpha","sortData":false,"legend":{"show":false,"placement":"insideGrid","location":"ne"},"series":[{"showLabel":true,"index":0,"showLine":true,"trendline":{"type":"none","show":false},"color":"#4bb2c5"},{"showLabel":true,"index":0,"showLine":true,"trendline":{"type":"none","show":false},"color":"#EAA228"},{"showLabel":true,"index":0,"showLine":true,"trendline":{"type":"none","show":false},"color":"#839557"},{"showLabel":true,"index":0,"showLine":true,"trendline":{"type":"none","show":false},"color":"#953579"},{"showLabel":true,"index":0,"showLine":true,"trendline":{"type":"none","show":false},"color":"#d8b83f"}],"show":"$.jqplot.config.enablePlugins","axes":{"xaxis":{"max":20,"min":-20,"tickInterval":5,"tickOptions":{"formatString":"%.1f"},"forceTickAt0":true,"rendererOptions":{"forceTickAt0":true}},"yaxis":{"max":120,"min":-60,"tickInterval":20,"tickOptions":{"formatString":"%d"},"forceTickAt0":true,"rendererOptions":{"forceTickAt0":true}}},"seriesDefaults":{"lineWidth":1,"showLabel":true,"markerOptions":{"size":5,"show":false}}});
jqplots.push(p);

});
/*]]>*/
</script>
</body>
</html>