<!DOCTYPE html>
<html lang="en">
<head>
<link rel="stylesheet" type="text/css" href="/assets/62ff72f1/jquery.jqplot.min.css" media="screen, projection, print" />
<style type="text/css">
/*<![CDATA[*/
.jqplot-title {font-size:1.8em;padding:3px;}.jqplot-xaxis {font-size:0.8em;padding-top:3px;}.jqplot-yaxis {font-size:0.8em;padding-right:3px;}
/*]]>*/
</style>
<!--[if lt IE 9]><script type="text/javascript" src="/assets/62ff72f1/excanvas.min.js"></script></script><![endif]-->
<script type="text/javascript" src="/assets/780cfc96/jquery.min.js"></script>
<script type="text/javascript" src="/assets/62ff72f1/jquery.min.js"></script>
<script type="text/javascript" src="/assets/62ff72f1/jquery.jqplot.min.js"></script>
<script type="text/javascript">
/*<![CDATA[*/
var jqplots = [];

/*]]>*/
</script>
<title>Airfoil polar plot</title>
<meta http-equiv="Content-Language" content="en-gb"/>
<meta http-equiv="Content-Type" content="text/html; charset=windows-1252"/>
<meta content="none" name="robots" />
<meta name="copyright" content="Copyright 2010-2013. All Rights Reserved" />
</head>
<body>

<table style="width:800px;">
<tr><td>
<div id="liftdrag" style="height:400px;width:398px;margin:auto;display:inline-block;"></div>
</td><td>
<div id="liftaoa" style="height:400px;width:398px;margin:auto;display:inline-block;"></div>
</td></tr>
<tr><td>
<div id="effaoa" style="height:400px;width:398px;margin:auto;display:inline-block;"></div>
</td><td>
<div id="dragaoa" style="height:400px;width:398px;margin:auto;display:inline-block;"></div>
</td></tr>
<tr><td>
<div id="momentaoa" style="height:400px;width:398px;margin:auto;display:inline-block;"></div>
</td><td>
</td></tr>

</table>
<script type="text/javascript">
/*<![CDATA[*/
jQuery(window).load(function() {
var p = $.jqplot('liftdrag',[[[0.12917,-0.2934],[0.13108,-0.3279],[0.12825,-0.3295],[0.12503,-0.3172],[0.12398,-0.3254],[0.12558,-0.3624],[0.12232,-0.3603],[0.11942,-0.3491],[0.11868,-0.3634],[0.12092,-0.4171],[0.11497,-0.3778],[0.11386,-0.3891],[0.11526,-0.4411],[0.11018,-0.4073],[0.10922,-0.4247],[0.10998,-0.4826],[0.10528,-0.4454],[0.10507,-0.4841],[0.10139,-0.4734],[0.09921,-0.4740],[0.09680,-0.4882],[0.06983,-0.4718],[0.06926,-0.4640],[0.05747,-0.4329],[0.05425,-0.4147],[0.05118,-0.3951],[0.04887,-0.3762],[0.04797,-0.3598],[0.04667,-0.3408],[0.04495,-0.3188],[0.04424,-0.3012],[0.04348,-0.2808],[0.04315,-0.2632],[0.04285,-0.2443],[0.04275,-0.2251],[0.04283,-0.2064],[0.04307,-0.1898],[0.04344,-0.1732],[0.04393,-0.1577],[0.04591,-0.1163],[0.04838,0.0811],[0.04768,0.1431],[0.04871,0.1860],[0.04965,0.2221],[0.05057,0.2562],[0.05143,0.2898],[0.05223,0.3232],[0.05288,0.3668],[0.05365,0.3920],[0.05453,0.4137],[0.05555,0.4330],[0.05664,0.4523],[0.05772,0.4733],[0.05820,0.5100],[0.05916,0.5322],[0.06100,0.5378],[0.06255,0.5523],[0.06271,0.5912],[0.06545,0.5856],[0.06701,0.6023],[0.06824,0.6234],[0.07124,0.6195],[0.07096,0.6624],[0.07560,0.6391],[0.07426,0.6950],[0.08016,0.6578],[0.08033,0.6950],[0.08537,0.6717],[0.08588,0.7040],[0.09098,0.6832],[0.09122,0.7187],[0.09681,0.6942],[0.09659,0.7354],[0.10283,0.7057],[0.10198,0.7536],[0.10878,0.7225],[0.11387,0.7098],[0.11871,0.7048],[0.12331,0.7092],],[[0.10292,-0.2144],[0.10137,-0.2528],[0.09660,-0.2215],[0.09365,-0.1853],[0.09145,-0.1919],[0.08810,-0.2110],[0.08485,-0.1662],[0.08370,-0.1758],[0.04787,-0.3093],[0.04525,-0.2964],[0.04221,-0.2717],[0.04083,-0.2492],[0.03980,-0.2406],[0.03824,-0.2143],[0.03660,-0.1790],[0.03616,-0.1749],[0.03531,-0.1513],[0.03443,-0.1184],[0.03377,-0.0871],[0.03363,-0.0824],[0.03323,-0.0535],[0.03249,-0.0153],[0.03269,-0.0108],[0.03252,0.0129],[0.03212,0.0491],[0.03243,0.0610],[0.03219,0.0921],[0.03123,0.1493],[0.03163,0.1534],[0.03072,0.2040],[0.03147,0.2050],[0.03090,0.2450],[0.02987,0.2957],[0.03079,0.2929],[0.02968,0.3432],[0.02782,0.4033],[0.02748,0.4899],[0.02696,0.5327],[0.02587,0.5891],[0.02485,0.6438],[0.02556,0.6469],[0.02437,0.7037],[0.02491,0.7111],[0.02379,0.7655],[0.02407,0.7789],[0.02295,0.8332],[0.02312,0.8475],[0.02285,0.8760],[0.02208,0.9195],[0.02203,0.9392],[0.02188,0.9626],[0.02171,0.9874],[0.02157,1.0120],[0.02151,1.0354],[0.02154,1.0579],[0.02165,1.0799],[0.02183,1.1020],[0.02205,1.1249],[0.02235,1.1469],[0.02282,1.1632],[0.02331,1.1814],[0.02378,1.2035],[0.02427,1.2267],[0.02493,1.2416],[0.02552,1.2659],[0.02617,1.2837],[0.02690,1.3030],[0.02757,1.3266],[0.02841,1.3408],[0.02910,1.3681],[0.03002,1.3763],[0.03076,1.4050],[0.03175,1.4096],[0.03256,1.4339],[0.03364,1.4430],[0.03456,1.4545],[0.03560,1.4779],[0.03672,1.4740],[0.03755,1.5182],[0.03891,1.5003],[0.04011,1.5037],[0.04098,1.5464],[0.04273,1.5276],[0.04435,1.5241],[0.04520,1.5479],[0.04678,1.5596],[0.04921,1.5385],[0.05144,1.5288],[0.05283,1.5403],[0.05354,1.5819],[0.05763,1.5385],[0.06327,1.4856],],[[0.09088,-0.1415],[0.08826,-0.1219],[0.03864,-0.1822],[0.03828,-0.1439],[0.03418,-0.3014],[0.03185,-0.2902],[0.02981,-0.2693],[0.02835,-0.2401],[0.02734,-0.2256],[0.02591,-0.1998],[0.02454,-0.1759],[0.02349,-0.1564],[0.02237,-0.1286],[0.02136,-0.1047],[0.02060,-0.0814],[0.01995,-0.0524],[0.01939,-0.0265],[0.01874,-0.0037],[0.01815,0.0244],[0.01769,0.0533],[0.01730,0.0736],[0.01686,0.1011],[0.01636,0.1305],[0.01602,0.1501],[0.01562,0.1752],[0.01525,0.2050],[0.01509,0.2277],[0.01487,0.2539],[0.01456,0.2846],[0.01454,0.3061],[0.01443,0.3329],[0.01432,0.3642],[0.01435,0.3845],[0.01423,0.4131],[0.01419,0.4403],[0.01419,0.4636],[0.01407,0.4918],[0.01399,0.5190],[0.01396,0.5411],[0.01378,0.5683],[0.01358,0.5934],[0.01305,0.6122],[0.01266,0.7345],[0.01280,0.7550],[0.01284,0.7796],[0.01293,0.8036],[0.01301,0.8255],[0.01305,0.8513],[0.01312,0.8713],[0.01317,0.8953],[0.01322,0.9160],[0.01329,0.9368],[0.01332,0.9593],[0.01339,0.9780],[0.01348,0.9959],[0.01360,1.0133],[0.01377,1.0290],[0.01400,1.0426],[0.01433,1.0554],[0.01474,1.0674],[0.01518,1.0796],[0.01565,1.0910],[0.01615,1.1032],[0.01660,1.1166],[0.01709,1.1318],[0.01761,1.1480],[0.01808,1.1646],[0.01862,1.1819],[0.01912,1.1988],[0.01963,1.2154],[0.02019,1.2338],[0.02070,1.2489],[0.02131,1.2700],[0.02184,1.2834],[0.02241,1.2986],[0.02304,1.3185],[0.02365,1.3297],[0.02428,1.3446],[0.02498,1.3592],[0.02568,1.3696],[0.02639,1.3862],[0.02722,1.3941],[0.02803,1.4045],[0.02884,1.4197],[0.02982,1.4267],[0.03072,1.4376],[0.03170,1.4499],[0.03279,1.4578],[0.03377,1.4692],[0.03489,1.4799],[0.03614,1.4869],[0.03726,1.4965],[0.03841,1.5080],[0.03990,1.5126],[0.04128,1.5192],[0.04217,1.5355],[0.04403,1.5365],[0.04568,1.5414],[0.04719,1.5484],[0.04807,1.5648],[0.05027,1.5643],[0.05225,1.5674],[0.05408,1.5724],[0.05569,1.5793],[0.05719,1.5890],[0.05987,1.5864],[0.06240,1.5859],[0.06472,1.5875],[0.06653,1.5936],[0.06891,1.5957],[0.07272,1.5861],[0.07606,1.5812],[0.07904,1.5794],[0.08107,1.5845],[0.08609,1.5692],],[[0.04666,-0.5071],[0.03704,-0.5244],[0.03360,-0.5249],[0.03100,-0.5145],[0.02934,-0.5084],[0.02784,-0.4958],[0.02560,-0.4905],[0.02415,-0.4739],[0.02317,-0.4578],[0.02226,-0.4393],[0.02151,-0.4195],[0.02078,-0.4000],[0.02001,-0.3781],[0.01925,-0.3583],[0.01848,-0.3356],[0.01781,-0.3141],[0.01721,-0.2901],[0.01672,-0.2671],[0.01572,-0.2448],[0.01510,-0.2220],[0.01465,-0.1975],[0.01427,-0.1731],[0.01392,-0.1480],[0.01358,-0.1231],[0.01329,-0.0976],[0.01274,-0.0744],[0.01240,-0.0493],[0.01213,-0.0240],[0.01190,0.0019],[0.01161,0.0275],[0.01134,0.0528],[0.01116,0.0790],[0.01091,0.1048],[0.01067,0.1304],[0.01048,0.1566],[0.01034,0.1834],[0.01019,0.2095],[0.01007,0.2361],[0.00999,0.2633],[0.00984,0.2892],[0.00969,0.3153],[0.00961,0.3420],[0.00951,0.3681],[0.00942,0.3943],[0.00939,0.4213],[0.00937,0.4481],[0.00932,0.4743],[0.00930,0.5009],[0.00932,0.5281],[0.00928,0.5542],[0.00925,0.5801],[0.00926,0.6065],[0.00922,0.6320],[0.00916,0.6571],[0.00911,0.6819],[0.00892,0.7043],[0.00824,0.7963],[0.00834,0.8404],[0.00845,0.8624],[0.00853,0.8845],[0.00865,0.9060],[0.00879,0.9262],[0.00896,0.9454],[0.00918,0.9631],[0.00950,0.9769],[0.00994,0.9876],[0.01083,1.0095],[0.01120,1.0202],[0.01155,1.0322],[0.01186,1.0471],[0.01223,1.0608],[0.01252,1.0782],[0.01288,1.0939],[0.01324,1.1106],[0.01354,1.1292],[0.01394,1.1455],[0.01433,1.1624],[0.01464,1.1818],[0.01504,1.1990],[0.01557,1.2139],[0.01587,1.2340],[0.01627,1.2520],[0.01682,1.2671],[0.01725,1.2852],[0.01769,1.3030],[0.01830,1.3180],[0.01884,1.3346],[0.01936,1.3517],[0.02007,1.3657],[0.02070,1.3815],[0.02136,1.3970],[0.02231,1.4078],[0.02295,1.4245],[0.02398,1.4351],[0.02483,1.4490],[0.02596,1.4588],[0.02698,1.4709],[0.02817,1.4808],[0.02944,1.4902],[0.03057,1.5017],[0.03201,1.5095],[0.03343,1.5179],[0.03464,1.5293],[0.03613,1.5374],[0.03795,1.5421],[0.03927,1.5528],[0.04074,1.5622],[0.04239,1.5695],[0.04437,1.5735],[0.04626,1.5787],[0.04775,1.5888],[0.04954,1.5958],[0.05155,1.6007],[0.05398,1.6018],[0.05606,1.6065],[0.05793,1.6140],[0.06017,1.6179],[0.06285,1.6181],[0.06583,1.6159],[0.06790,1.6223],[0.07097,1.6206],[0.07467,1.6138],[0.07730,1.6162],[0.08146,1.6067],[0.08516,1.6013],],[[0.05617,-0.7296],[0.04651,-0.7567],[0.03984,-0.7601],[0.03366,-0.7516],[0.02982,-0.7379],[0.02754,-0.7173],[0.02579,-0.6970],[0.02472,-0.6881],[0.02386,-0.6774],[0.02347,-0.6638],[0.02183,-0.6601],[0.02067,-0.6509],[0.01981,-0.6359],[0.01912,-0.6198],[0.01850,-0.6017],[0.01796,-0.5816],[0.01742,-0.5619],[0.01691,-0.5410],[0.01638,-0.5197],[0.01589,-0.4980],[0.01543,-0.4756],[0.01502,-0.4526],[0.01464,-0.4291],[0.01427,-0.4054],[0.01394,-0.3815],[0.01329,-0.3602],[0.01272,-0.3385],[0.01236,-0.3151],[0.01206,-0.2906],[0.01181,-0.2659],[0.01158,-0.2412],[0.01134,-0.2158],[0.01115,-0.1907],[0.01095,-0.1645],[0.01070,-0.1393],[0.01039,-0.1144],[0.01018,-0.0881],[0.01004,-0.0620],[0.00988,-0.0353],[0.00976,-0.0084],[0.00954,0.0170],[0.00937,0.0439],[0.00925,0.0711],[0.00908,0.0973],[0.00897,0.1242],[0.00877,0.1511],[0.00857,0.1773],[0.00846,0.2035],[0.00834,0.2310],[0.00826,0.2584],[0.00820,0.2851],[0.00812,0.3119],[0.00800,0.3390],[0.00788,0.3655],[0.00780,0.3917],[0.00769,0.4186],[0.00760,0.4456],[0.00756,0.4721],[0.00755,0.4984],[0.00748,0.5525],[0.00750,0.5784],[0.00747,0.6054],[0.00748,0.6316],[0.00750,0.6575],[0.00750,0.6838],[0.00754,0.7085],[0.00753,0.7337],[0.00754,0.7576],[0.00754,0.7797],[0.00725,0.7942],[0.00741,0.9014],[0.00787,0.9221],[0.00828,0.9369],[0.00863,0.9530],[0.00889,0.9713],[0.00914,0.9900],[0.00936,1.0090],[0.00958,1.0283],[0.00976,1.0481],[0.00999,1.0640],[0.01017,1.0814],[0.01034,1.0998],[0.01057,1.1171],[0.01083,1.1340],[0.01100,1.1547],[0.01122,1.1742],[0.01151,1.1922],[0.01178,1.2111],[0.01200,1.2319],[0.01230,1.2507],[0.01268,1.2681],[0.01292,1.2889],[0.01323,1.3082],[0.01364,1.3258],[0.01399,1.3447],[0.01436,1.3636],[0.01484,1.3802],[0.01527,1.3982],[0.01580,1.4145],[0.01636,1.4304],[0.01693,1.4464],[0.01763,1.4604],[0.01838,1.4736],[0.01911,1.4877],[0.01991,1.5009],[0.02076,1.5138],[0.02157,1.5275],[0.02260,1.5380],[0.02345,1.5519],[0.02441,1.5641],[0.02559,1.5737],[0.02659,1.5862],[0.02764,1.5984],[0.02888,1.6081],[0.03021,1.6171],[0.03138,1.6287],[0.03253,1.6405],[0.03392,1.6497],[0.03544,1.6574],[0.03703,1.6649],[0.03829,1.6761],[0.03985,1.6844],[0.04169,1.6897],[0.04351,1.6954],[0.04528,1.7019],[0.04753,1.7037],[0.04977,1.7060],[0.05291,1.6997],[0.05772,1.6784],[0.06325,1.6527],[0.06908,1.6264],[0.07473,1.6039],[0.07998,1.5859],[0.08479,1.5725],],],
{"title":"Cl v Cd","sortData":false,"legend":{"show":false,"placement":"insideGrid","location":"ne"},"series":[{"showLabel":true,"index":0,"showLine":true,"trendline":{"type":"none","show":false},"color":"#4bb2c5"},{"showLabel":true,"index":0,"showLine":true,"trendline":{"type":"none","show":false},"color":"#EAA228"},{"showLabel":true,"index":0,"showLine":true,"trendline":{"type":"none","show":false},"color":"#839557"},{"showLabel":true,"index":0,"showLine":true,"trendline":{"type":"none","show":false},"color":"#953579"},{"showLabel":true,"index":0,"showLine":true,"trendline":{"type":"none","show":false},"color":"#d8b83f"}],"show":"$.jqplot.config.enablePlugins","axes":{"xaxis":{"max":0.14,"min":0,"tickInterval":0.02,"tickOptions":{"formatString":"%.2f"},"forceTickAt0":true,"rendererOptions":{"forceTickAt0":true}},"yaxis":{"max":2,"min":-1,"tickInterval":0.5,"tickOptions":{"formatString":"%.2f"},"forceTickAt0":true,"rendererOptions":{"forceTickAt0":true}}},"seriesDefaults":{"lineWidth":1,"showLabel":true,"markerOptions":{"size":5,"show":false}}});
jqplots.push(p);

var p = $.jqplot('liftaoa',[[[-9.250,-0.2934],[-9.000,-0.3279],[-8.750,-0.3295],[-8.500,-0.3172],[-8.250,-0.3254],[-8.000,-0.3624],[-7.750,-0.3603],[-7.500,-0.3491],[-7.250,-0.3634],[-7.000,-0.4171],[-6.750,-0.3778],[-6.500,-0.3891],[-6.250,-0.4411],[-6.000,-0.4073],[-5.750,-0.4247],[-5.500,-0.4826],[-5.250,-0.4454],[-5.000,-0.4841],[-4.750,-0.4734],[-4.500,-0.4740],[-4.250,-0.4882],[-4.000,-0.4718],[-3.750,-0.4640],[-3.500,-0.4329],[-3.250,-0.4147],[-3.000,-0.3951],[-2.750,-0.3762],[-2.500,-0.3598],[-2.250,-0.3408],[-2.000,-0.3188],[-1.750,-0.3012],[-1.500,-0.2808],[-1.250,-0.2632],[-1.000,-0.2443],[-0.750,-0.2251],[-0.500,-0.2064],[-0.250,-0.1898],[0.000,-0.1732],[0.250,-0.1577],[0.500,-0.1163],[0.750,0.0811],[1.000,0.1431],[1.250,0.1860],[1.500,0.2221],[1.750,0.2562],[2.000,0.2898],[2.250,0.3232],[2.500,0.3668],[2.750,0.3920],[3.000,0.4137],[3.250,0.4330],[3.500,0.4523],[3.750,0.4733],[4.000,0.5100],[4.250,0.5322],[4.500,0.5378],[4.750,0.5523],[5.000,0.5912],[5.250,0.5856],[5.500,0.6023],[5.750,0.6234],[6.000,0.6195],[6.250,0.6624],[6.500,0.6391],[6.750,0.6950],[7.000,0.6578],[7.250,0.6950],[7.500,0.6717],[7.750,0.7040],[8.000,0.6832],[8.250,0.7187],[8.500,0.6942],[8.750,0.7354],[9.000,0.7057],[9.250,0.7536],[9.500,0.7225],[9.750,0.7098],[10.000,0.7048],[10.250,0.7092],],[[-8.250,-0.2144],[-8.000,-0.2528],[-7.750,-0.2215],[-7.500,-0.1853],[-7.250,-0.1919],[-7.000,-0.2110],[-6.750,-0.1662],[-6.500,-0.1758],[-6.000,-0.3093],[-5.750,-0.2964],[-5.500,-0.2717],[-5.250,-0.2492],[-5.000,-0.2406],[-4.750,-0.2143],[-4.500,-0.1790],[-4.250,-0.1749],[-4.000,-0.1513],[-3.750,-0.1184],[-3.500,-0.0871],[-3.250,-0.0824],[-3.000,-0.0535],[-2.750,-0.0153],[-2.500,-0.0108],[-2.250,0.0129],[-2.000,0.0491],[-1.750,0.0610],[-1.500,0.0921],[-1.250,0.1493],[-1.000,0.1534],[-0.750,0.2040],[-0.500,0.2050],[-0.250,0.2450],[0.000,0.2957],[0.250,0.2929],[0.500,0.3432],[0.750,0.4033],[1.000,0.4899],[1.250,0.5327],[1.500,0.5891],[1.750,0.6438],[2.000,0.6469],[2.250,0.7037],[2.500,0.7111],[2.750,0.7655],[3.000,0.7789],[3.250,0.8332],[3.500,0.8475],[3.750,0.8760],[4.000,0.9195],[4.250,0.9392],[4.500,0.9626],[4.750,0.9874],[5.000,1.0120],[5.250,1.0354],[5.500,1.0579],[5.750,1.0799],[6.000,1.1020],[6.250,1.1249],[6.500,1.1469],[6.750,1.1632],[7.000,1.1814],[7.250,1.2035],[7.500,1.2267],[7.750,1.2416],[8.000,1.2659],[8.250,1.2837],[8.500,1.3030],[8.750,1.3266],[9.000,1.3408],[9.250,1.3681],[9.500,1.3763],[9.750,1.4050],[10.000,1.4096],[10.250,1.4339],[10.500,1.4430],[10.750,1.4545],[11.000,1.4779],[11.250,1.4740],[11.500,1.5182],[11.750,1.5003],[12.000,1.5037],[12.250,1.5464],[12.500,1.5276],[12.750,1.5241],[13.000,1.5479],[13.250,1.5596],[13.500,1.5385],[13.750,1.5288],[14.000,1.5403],[14.250,1.5819],[14.500,1.5385],[14.750,1.4856],],[[-9.250,-0.1415],[-9.000,-0.1219],[-8.750,-0.1822],[-8.500,-0.1439],[-8.250,-0.3014],[-8.000,-0.2902],[-7.750,-0.2693],[-7.500,-0.2401],[-7.250,-0.2256],[-7.000,-0.1998],[-6.750,-0.1759],[-6.500,-0.1564],[-6.250,-0.1286],[-6.000,-0.1047],[-5.750,-0.0814],[-5.500,-0.0524],[-5.250,-0.0265],[-5.000,-0.0037],[-4.750,0.0244],[-4.500,0.0533],[-4.250,0.0736],[-4.000,0.1011],[-3.750,0.1305],[-3.500,0.1501],[-3.250,0.1752],[-3.000,0.2050],[-2.750,0.2277],[-2.500,0.2539],[-2.250,0.2846],[-2.000,0.3061],[-1.750,0.3329],[-1.500,0.3642],[-1.250,0.3845],[-1.000,0.4131],[-0.750,0.4403],[-0.500,0.4636],[-0.250,0.4918],[0.000,0.5190],[0.250,0.5411],[0.500,0.5683],[0.750,0.5934],[1.000,0.6122],[1.250,0.7345],[1.500,0.7550],[1.750,0.7796],[2.000,0.8036],[2.250,0.8255],[2.500,0.8513],[2.750,0.8713],[3.000,0.8953],[3.250,0.9160],[3.500,0.9368],[3.750,0.9593],[4.000,0.9780],[4.250,0.9959],[4.500,1.0133],[4.750,1.0290],[5.000,1.0426],[5.250,1.0554],[5.500,1.0674],[5.750,1.0796],[6.000,1.0910],[6.250,1.1032],[6.500,1.1166],[6.750,1.1318],[7.000,1.1480],[7.250,1.1646],[7.500,1.1819],[7.750,1.1988],[8.000,1.2154],[8.250,1.2338],[8.500,1.2489],[8.750,1.2700],[9.000,1.2834],[9.250,1.2986],[9.500,1.3185],[9.750,1.3297],[10.000,1.3446],[10.250,1.3592],[10.500,1.3696],[10.750,1.3862],[11.000,1.3941],[11.250,1.4045],[11.500,1.4197],[11.750,1.4267],[12.000,1.4376],[12.250,1.4499],[12.500,1.4578],[12.750,1.4692],[13.000,1.4799],[13.250,1.4869],[13.500,1.4965],[13.750,1.5080],[14.000,1.5126],[14.250,1.5192],[14.500,1.5355],[14.750,1.5365],[15.000,1.5414],[15.250,1.5484],[15.500,1.5648],[15.750,1.5643],[16.000,1.5674],[16.250,1.5724],[16.500,1.5793],[16.750,1.5890],[17.000,1.5864],[17.250,1.5859],[17.500,1.5875],[17.750,1.5936],[18.000,1.5957],[18.250,1.5861],[18.500,1.5812],[18.750,1.5794],[19.000,1.5845],[19.250,1.5692],],[[-12.000,-0.5071],[-11.750,-0.5244],[-11.500,-0.5249],[-11.250,-0.5145],[-11.000,-0.5084],[-10.750,-0.4958],[-10.500,-0.4905],[-10.250,-0.4739],[-10.000,-0.4578],[-9.750,-0.4393],[-9.500,-0.4195],[-9.250,-0.4000],[-9.000,-0.3781],[-8.750,-0.3583],[-8.500,-0.3356],[-8.250,-0.3141],[-8.000,-0.2901],[-7.750,-0.2671],[-7.500,-0.2448],[-7.250,-0.2220],[-7.000,-0.1975],[-6.750,-0.1731],[-6.500,-0.1480],[-6.250,-0.1231],[-6.000,-0.0976],[-5.750,-0.0744],[-5.500,-0.0493],[-5.250,-0.0240],[-5.000,0.0019],[-4.750,0.0275],[-4.500,0.0528],[-4.250,0.0790],[-4.000,0.1048],[-3.750,0.1304],[-3.500,0.1566],[-3.250,0.1834],[-3.000,0.2095],[-2.750,0.2361],[-2.500,0.2633],[-2.250,0.2892],[-2.000,0.3153],[-1.750,0.3420],[-1.500,0.3681],[-1.250,0.3943],[-1.000,0.4213],[-0.750,0.4481],[-0.500,0.4743],[-0.250,0.5009],[0.000,0.5281],[0.250,0.5542],[0.500,0.5801],[0.750,0.6065],[1.000,0.6320],[1.250,0.6571],[1.500,0.6819],[1.750,0.7043],[2.000,0.7963],[2.250,0.8404],[2.500,0.8624],[2.750,0.8845],[3.000,0.9060],[3.250,0.9262],[3.500,0.9454],[3.750,0.9631],[4.000,0.9769],[4.250,0.9876],[4.750,1.0095],[5.000,1.0202],[5.250,1.0322],[5.500,1.0471],[5.750,1.0608],[6.000,1.0782],[6.250,1.0939],[6.500,1.1106],[6.750,1.1292],[7.000,1.1455],[7.250,1.1624],[7.500,1.1818],[7.750,1.1990],[8.000,1.2139],[8.250,1.2340],[8.500,1.2520],[8.750,1.2671],[9.000,1.2852],[9.250,1.3030],[9.500,1.3180],[9.750,1.3346],[10.000,1.3517],[10.250,1.3657],[10.500,1.3815],[10.750,1.3970],[11.000,1.4078],[11.250,1.4245],[11.500,1.4351],[11.750,1.4490],[12.000,1.4588],[12.250,1.4709],[12.500,1.4808],[12.750,1.4902],[13.000,1.5017],[13.250,1.5095],[13.500,1.5179],[13.750,1.5293],[14.000,1.5374],[14.250,1.5421],[14.500,1.5528],[14.750,1.5622],[15.000,1.5695],[15.250,1.5735],[15.500,1.5787],[15.750,1.5888],[16.000,1.5958],[16.250,1.6007],[16.500,1.6018],[16.750,1.6065],[17.000,1.6140],[17.250,1.6179],[17.500,1.6181],[17.750,1.6159],[18.000,1.6223],[18.250,1.6206],[18.500,1.6138],[18.750,1.6162],[19.000,1.6067],[19.250,1.6013],],[[-14.750,-0.7296],[-14.500,-0.7567],[-14.250,-0.7601],[-14.000,-0.7516],[-13.750,-0.7379],[-13.500,-0.7173],[-13.250,-0.6970],[-13.000,-0.6881],[-12.750,-0.6774],[-12.500,-0.6638],[-12.250,-0.6601],[-12.000,-0.6509],[-11.750,-0.6359],[-11.500,-0.6198],[-11.250,-0.6017],[-11.000,-0.5816],[-10.750,-0.5619],[-10.500,-0.5410],[-10.250,-0.5197],[-10.000,-0.4980],[-9.750,-0.4756],[-9.500,-0.4526],[-9.250,-0.4291],[-9.000,-0.4054],[-8.750,-0.3815],[-8.500,-0.3602],[-8.250,-0.3385],[-8.000,-0.3151],[-7.750,-0.2906],[-7.500,-0.2659],[-7.250,-0.2412],[-7.000,-0.2158],[-6.750,-0.1907],[-6.500,-0.1645],[-6.250,-0.1393],[-6.000,-0.1144],[-5.750,-0.0881],[-5.500,-0.0620],[-5.250,-0.0353],[-5.000,-0.0084],[-4.750,0.0170],[-4.500,0.0439],[-4.250,0.0711],[-4.000,0.0973],[-3.750,0.1242],[-3.500,0.1511],[-3.250,0.1773],[-3.000,0.2035],[-2.750,0.2310],[-2.500,0.2584],[-2.250,0.2851],[-2.000,0.3119],[-1.750,0.3390],[-1.500,0.3655],[-1.250,0.3917],[-1.000,0.4186],[-0.750,0.4456],[-0.500,0.4721],[-0.250,0.4984],[0.250,0.5525],[0.500,0.5784],[0.750,0.6054],[1.000,0.6316],[1.250,0.6575],[1.500,0.6838],[1.750,0.7085],[2.000,0.7337],[2.250,0.7576],[2.500,0.7797],[2.750,0.7942],[3.000,0.9014],[3.250,0.9221],[3.500,0.9369],[3.750,0.9530],[4.000,0.9713],[4.250,0.9900],[4.500,1.0090],[4.750,1.0283],[5.000,1.0481],[5.250,1.0640],[5.500,1.0814],[5.750,1.0998],[6.000,1.1171],[6.250,1.1340],[6.500,1.1547],[6.750,1.1742],[7.000,1.1922],[7.250,1.2111],[7.500,1.2319],[7.750,1.2507],[8.000,1.2681],[8.250,1.2889],[8.500,1.3082],[8.750,1.3258],[9.000,1.3447],[9.250,1.3636],[9.500,1.3802],[9.750,1.3982],[10.000,1.4145],[10.250,1.4304],[10.500,1.4464],[10.750,1.4604],[11.000,1.4736],[11.250,1.4877],[11.500,1.5009],[11.750,1.5138],[12.000,1.5275],[12.250,1.5380],[12.500,1.5519],[12.750,1.5641],[13.000,1.5737],[13.250,1.5862],[13.500,1.5984],[13.750,1.6081],[14.000,1.6171],[14.250,1.6287],[14.500,1.6405],[14.750,1.6497],[15.000,1.6574],[15.250,1.6649],[15.500,1.6761],[15.750,1.6844],[16.000,1.6897],[16.250,1.6954],[16.500,1.7019],[16.750,1.7037],[17.000,1.7060],[17.250,1.6997],[17.500,1.6784],[17.750,1.6527],[18.000,1.6264],[18.250,1.6039],[18.500,1.5859],[18.750,1.5725],],],
{"title":"Cl v Alpha","sortData":false,"legend":{"show":false,"placement":"insideGrid","location":"ne"},"series":[{"showLabel":true,"index":0,"showLine":true,"trendline":{"type":"none","show":false},"color":"#4bb2c5"},{"showLabel":true,"index":0,"showLine":true,"trendline":{"type":"none","show":false},"color":"#EAA228"},{"showLabel":true,"index":0,"showLine":true,"trendline":{"type":"none","show":false},"color":"#839557"},{"showLabel":true,"index":0,"showLine":true,"trendline":{"type":"none","show":false},"color":"#953579"},{"showLabel":true,"index":0,"showLine":true,"trendline":{"type":"none","show":false},"color":"#d8b83f"}],"show":"$.jqplot.config.enablePlugins","axes":{"xaxis":{"max":20,"min":-15,"tickInterval":5,"tickOptions":{"formatString":"%.1f"},"forceTickAt0":true,"rendererOptions":{"forceTickAt0":true}},"yaxis":{"max":2,"min":-1,"tickInterval":0.5,"tickOptions":{"formatString":"%.2f"},"forceTickAt0":true,"rendererOptions":{"forceTickAt0":true}}},"seriesDefaults":{"lineWidth":1,"showLabel":true,"markerOptions":{"size":5,"show":false}}});
jqplots.push(p);

var p = $.jqplot('momentaoa',[[[-9.250,-0.0211],[-9.000,-0.0193],[-8.750,-0.0175],[-8.500,-0.0153],[-8.250,-0.0134],[-8.000,-0.0116],[-7.750,-0.0100],[-7.500,-0.0081],[-7.250,-0.0062],[-7.000,-0.0036],[-6.750,-0.0026],[-6.500,-0.0004],[-6.250,0.0030],[-6.000,0.0037],[-5.750,0.0064],[-5.500,0.0081],[-5.250,0.0112],[-5.000,0.0119],[-4.750,0.0145],[-4.500,0.0163],[-4.250,0.0166],[-4.000,-0.0276],[-3.750,-0.0236],[-3.500,-0.0352],[-3.250,-0.0361],[-3.000,-0.0370],[-2.750,-0.0372],[-2.500,-0.0364],[-2.250,-0.0363],[-2.000,-0.0366],[-1.750,-0.0360],[-1.500,-0.0357],[-1.250,-0.0350],[-1.000,-0.0345],[-0.750,-0.0340],[-0.500,-0.0335],[-0.250,-0.0326],[0.000,-0.0318],[0.250,-0.0309],[0.500,-0.0344],[0.750,-0.0574],[1.000,-0.0637],[1.250,-0.0677],[1.500,-0.0697],[1.750,-0.0711],[2.000,-0.0722],[2.250,-0.0731],[2.500,-0.0750],[2.750,-0.0749],[3.000,-0.0743],[3.250,-0.0736],[3.500,-0.0730],[3.750,-0.0725],[4.000,-0.0731],[4.250,-0.0726],[4.500,-0.0711],[4.750,-0.0703],[5.000,-0.0708],[5.250,-0.0690],[5.500,-0.0685],[5.750,-0.0681],[6.000,-0.0669],[6.250,-0.0670],[6.500,-0.0657],[6.750,-0.0659],[7.000,-0.0646],[7.250,-0.0644],[7.500,-0.0638],[7.750,-0.0634],[8.000,-0.0631],[8.250,-0.0626],[8.500,-0.0627],[8.750,-0.0620],[9.000,-0.0625],[9.250,-0.0615],[9.500,-0.0625],[9.750,-0.0633],[10.000,-0.0643],[10.250,-0.0654],],[[-8.250,-0.0536],[-8.000,-0.0638],[-7.750,-0.0625],[-7.500,-0.0625],[-7.250,-0.0667],[-7.000,-0.0706],[-6.750,-0.0708],[-6.500,-0.0680],[-6.000,-0.0902],[-5.750,-0.0894],[-5.500,-0.0905],[-5.250,-0.0905],[-5.000,-0.0881],[-4.750,-0.0884],[-4.500,-0.0899],[-4.250,-0.0864],[-4.000,-0.0859],[-3.750,-0.0870],[-3.500,-0.0874],[-3.250,-0.0841],[-3.000,-0.0843],[-2.750,-0.0858],[-2.500,-0.0826],[-2.250,-0.0820],[-2.000,-0.0831],[-1.750,-0.0808],[-1.500,-0.0810],[-1.250,-0.0844],[-1.000,-0.0806],[-0.750,-0.0830],[-0.500,-0.0792],[-0.250,-0.0803],[0.000,-0.0829],[0.250,-0.0786],[0.500,-0.0811],[0.750,-0.0846],[1.000,-0.0959],[1.250,-0.0977],[1.500,-0.1011],[1.750,-0.1043],[2.000,-0.1002],[2.250,-0.1036],[2.500,-0.1001],[2.750,-0.1031],[3.000,-0.1003],[3.250,-0.1034],[3.500,-0.1007],[3.750,-0.1000],[4.000,-0.1015],[4.250,-0.0995],[4.500,-0.0981],[4.750,-0.0969],[5.000,-0.0957],[5.250,-0.0944],[5.500,-0.0930],[5.750,-0.0916],[6.000,-0.0903],[6.250,-0.0891],[6.500,-0.0879],[6.750,-0.0859],[7.000,-0.0843],[7.250,-0.0832],[7.500,-0.0825],[7.750,-0.0804],[8.000,-0.0799],[8.250,-0.0784],[8.500,-0.0772],[8.750,-0.0767],[9.000,-0.0747],[9.250,-0.0748],[9.500,-0.0720],[9.750,-0.0723],[10.000,-0.0690],[10.250,-0.0688],[10.500,-0.0662],[10.750,-0.0640],[11.000,-0.0638],[11.250,-0.0594],[11.500,-0.0623],[11.750,-0.0561],[12.000,-0.0532],[12.250,-0.0556],[12.500,-0.0501],[12.750,-0.0468],[13.000,-0.0466],[13.250,-0.0453],[13.500,-0.0408],[13.750,-0.0379],[14.000,-0.0367],[14.250,-0.0382],[14.500,-0.0332],[14.750,-0.0293],],[[-9.250,-0.0819],[-9.000,-0.0836],[-8.750,-0.1247],[-8.500,-0.1250],[-8.250,-0.1266],[-8.000,-0.1251],[-7.750,-0.1249],[-7.500,-0.1256],[-7.250,-0.1236],[-7.000,-0.1235],[-6.750,-0.1229],[-6.500,-0.1215],[-6.250,-0.1213],[-6.000,-0.1206],[-5.750,-0.1198],[-5.500,-0.1198],[-5.250,-0.1192],[-5.000,-0.1182],[-4.750,-0.1180],[-4.500,-0.1179],[-4.250,-0.1165],[-4.000,-0.1162],[-3.750,-0.1163],[-3.500,-0.1148],[-3.250,-0.1142],[-3.000,-0.1143],[-2.750,-0.1133],[-2.500,-0.1127],[-2.250,-0.1129],[-2.000,-0.1116],[-1.750,-0.1112],[-1.500,-0.1114],[-1.250,-0.1098],[-1.000,-0.1096],[-0.750,-0.1092],[-0.500,-0.1081],[-0.250,-0.1079],[0.000,-0.1076],[0.250,-0.1063],[0.500,-0.1059],[0.750,-0.1051],[1.000,-0.1029],[1.250,-0.1218],[1.500,-0.1202],[1.750,-0.1194],[2.000,-0.1184],[2.250,-0.1171],[2.500,-0.1164],[2.750,-0.1146],[3.000,-0.1136],[3.250,-0.1120],[3.500,-0.1104],[3.750,-0.1091],[4.000,-0.1071],[4.250,-0.1049],[4.500,-0.1027],[4.750,-0.1002],[5.000,-0.0973],[5.250,-0.0944],[5.500,-0.0914],[5.750,-0.0885],[6.000,-0.0855],[6.250,-0.0827],[6.500,-0.0802],[6.750,-0.0780],[7.000,-0.0761],[7.250,-0.0743],[7.500,-0.0727],[7.750,-0.0711],[8.000,-0.0694],[8.250,-0.0681],[8.500,-0.0662],[8.750,-0.0654],[9.000,-0.0634],[9.250,-0.0617],[9.500,-0.0608],[9.750,-0.0586],[10.000,-0.0570],[10.250,-0.0554],[10.500,-0.0533],[10.750,-0.0521],[11.000,-0.0499],[11.250,-0.0481],[11.500,-0.0468],[11.750,-0.0448],[12.000,-0.0432],[12.250,-0.0418],[12.500,-0.0401],[12.750,-0.0388],[13.000,-0.0375],[13.250,-0.0360],[13.500,-0.0347],[13.750,-0.0337],[14.000,-0.0323],[14.250,-0.0311],[14.500,-0.0303],[14.750,-0.0290],[15.000,-0.0280],[15.250,-0.0271],[15.500,-0.0265],[15.750,-0.0255],[16.000,-0.0247],[16.250,-0.0241],[16.500,-0.0235],[16.750,-0.0229],[17.000,-0.0224],[17.250,-0.0221],[17.500,-0.0218],[17.750,-0.0216],[18.000,-0.0214],[18.250,-0.0216],[18.500,-0.0220],[18.750,-0.0223],[19.000,-0.0224],[19.250,-0.0236],],[[-12.000,-0.1194],[-11.750,-0.1360],[-11.500,-0.1382],[-11.250,-0.1394],[-11.000,-0.1379],[-10.750,-0.1370],[-10.500,-0.1348],[-10.250,-0.1337],[-10.000,-0.1321],[-9.750,-0.1309],[-9.500,-0.1297],[-9.250,-0.1285],[-9.000,-0.1275],[-8.750,-0.1262],[-8.500,-0.1254],[-8.250,-0.1242],[-8.000,-0.1235],[-7.750,-0.1225],[-7.500,-0.1216],[-7.250,-0.1208],[-7.000,-0.1201],[-6.750,-0.1194],[-6.500,-0.1187],[-6.250,-0.1180],[-6.000,-0.1174],[-5.750,-0.1166],[-5.500,-0.1160],[-5.250,-0.1154],[-5.000,-0.1148],[-4.750,-0.1143],[-4.500,-0.1137],[-4.250,-0.1132],[-4.000,-0.1127],[-3.750,-0.1121],[-3.500,-0.1116],[-3.250,-0.1113],[-3.000,-0.1108],[-2.750,-0.1105],[-2.500,-0.1102],[-2.250,-0.1097],[-2.000,-0.1092],[-1.750,-0.1089],[-1.500,-0.1084],[-1.250,-0.1080],[-1.000,-0.1076],[-0.750,-0.1073],[-0.500,-0.1068],[-0.250,-0.1064],[0.000,-0.1061],[0.250,-0.1056],[0.500,-0.1050],[0.750,-0.1046],[1.000,-0.1040],[1.250,-0.1033],[1.500,-0.1026],[1.750,-0.1014],[2.000,-0.1148],[2.250,-0.1183],[2.500,-0.1170],[2.750,-0.1157],[3.000,-0.1143],[3.250,-0.1126],[3.500,-0.1108],[3.750,-0.1087],[4.000,-0.1059],[4.250,-0.1025],[4.750,-0.0960],[5.000,-0.0927],[5.250,-0.0897],[5.500,-0.0872],[5.750,-0.0847],[6.000,-0.0828],[6.250,-0.0807],[6.500,-0.0788],[6.750,-0.0772],[7.000,-0.0754],[7.250,-0.0737],[7.500,-0.0724],[7.750,-0.0708],[8.000,-0.0689],[8.250,-0.0678],[8.500,-0.0665],[8.750,-0.0648],[9.000,-0.0635],[9.250,-0.0623],[9.500,-0.0607],[9.750,-0.0594],[10.000,-0.0583],[10.250,-0.0567],[10.500,-0.0555],[10.750,-0.0543],[11.000,-0.0526],[11.250,-0.0516],[11.500,-0.0501],[11.750,-0.0490],[12.000,-0.0476],[12.250,-0.0464],[12.500,-0.0452],[12.750,-0.0439],[13.000,-0.0429],[13.250,-0.0417],[13.500,-0.0406],[13.750,-0.0397],[14.000,-0.0387],[14.250,-0.0376],[14.500,-0.0369],[14.750,-0.0361],[15.000,-0.0353],[15.250,-0.0345],[15.500,-0.0337],[15.750,-0.0332],[16.000,-0.0327],[16.250,-0.0322],[16.500,-0.0316],[16.750,-0.0312],[17.000,-0.0310],[17.250,-0.0307],[17.500,-0.0305],[17.750,-0.0303],[18.000,-0.0302],[18.250,-0.0303],[18.500,-0.0305],[18.750,-0.0307],[19.000,-0.0311],[19.250,-0.0316],],[[-14.750,-0.1001],[-14.500,-0.1108],[-14.250,-0.1200],[-14.000,-0.1309],[-13.750,-0.1384],[-13.500,-0.1428],[-13.250,-0.1452],[-13.000,-0.1440],[-12.750,-0.1425],[-12.500,-0.1407],[-12.250,-0.1383],[-12.000,-0.1361],[-11.750,-0.1346],[-11.500,-0.1330],[-11.250,-0.1316],[-11.000,-0.1305],[-10.750,-0.1293],[-10.500,-0.1283],[-10.250,-0.1273],[-10.000,-0.1263],[-9.750,-0.1254],[-9.500,-0.1245],[-9.250,-0.1237],[-9.000,-0.1229],[-8.750,-0.1221],[-8.500,-0.1210],[-8.250,-0.1199],[-8.000,-0.1191],[-7.750,-0.1184],[-7.500,-0.1177],[-7.250,-0.1170],[-7.000,-0.1164],[-6.750,-0.1157],[-6.500,-0.1153],[-6.250,-0.1146],[-6.000,-0.1140],[-5.750,-0.1136],[-5.500,-0.1131],[-5.250,-0.1127],[-5.000,-0.1123],[-4.750,-0.1117],[-4.500,-0.1113],[-4.250,-0.1110],[-4.000,-0.1105],[-3.750,-0.1102],[-3.500,-0.1098],[-3.250,-0.1094],[-3.000,-0.1090],[-2.750,-0.1087],[-2.500,-0.1085],[-2.250,-0.1081],[-2.000,-0.1077],[-1.750,-0.1074],[-1.500,-0.1070],[-1.250,-0.1066],[-1.000,-0.1063],[-0.750,-0.1060],[-0.500,-0.1056],[-0.250,-0.1051],[0.250,-0.1045],[0.500,-0.1040],[0.750,-0.1037],[1.000,-0.1032],[1.250,-0.1027],[1.500,-0.1022],[1.750,-0.1015],[2.000,-0.1009],[2.250,-0.1000],[2.500,-0.0987],[2.750,-0.0960],[3.000,-0.1135],[3.250,-0.1122],[3.500,-0.1096],[3.750,-0.1073],[4.000,-0.1054],[4.250,-0.1036],[4.500,-0.1018],[4.750,-0.1001],[5.000,-0.0985],[5.250,-0.0961],[5.500,-0.0940],[5.750,-0.0921],[6.000,-0.0901],[6.250,-0.0881],[6.500,-0.0867],[6.750,-0.0852],[7.000,-0.0836],[7.250,-0.0820],[7.500,-0.0809],[7.750,-0.0794],[8.000,-0.0778],[8.250,-0.0768],[8.500,-0.0755],[8.750,-0.0740],[9.000,-0.0728],[9.250,-0.0716],[9.500,-0.0701],[9.750,-0.0688],[10.000,-0.0674],[10.250,-0.0660],[10.500,-0.0646],[10.750,-0.0630],[11.000,-0.0615],[11.250,-0.0600],[11.500,-0.0586],[11.750,-0.0571],[12.000,-0.0558],[12.250,-0.0543],[12.500,-0.0531],[12.750,-0.0519],[13.000,-0.0505],[13.250,-0.0494],[13.500,-0.0484],[13.750,-0.0472],[14.000,-0.0461],[14.250,-0.0451],[14.500,-0.0443],[14.750,-0.0434],[15.000,-0.0424],[15.250,-0.0415],[15.500,-0.0408],[15.750,-0.0400],[16.000,-0.0392],[16.250,-0.0384],[16.500,-0.0378],[16.750,-0.0370],[17.000,-0.0364],[17.250,-0.0356],[17.500,-0.0347],[17.750,-0.0342],[18.000,-0.0340],[18.250,-0.0342],[18.500,-0.0346],[18.750,-0.0352],],],
{"title":"Cm v Alpha","sortData":false,"legend":{"show":false,"placement":"insideGrid","location":"ne"},"series":[{"showLabel":true,"index":0,"showLine":true,"trendline":{"type":"none","show":false},"color":"#4bb2c5"},{"showLabel":true,"index":0,"showLine":true,"trendline":{"type":"none","show":false},"color":"#EAA228"},{"showLabel":true,"index":0,"showLine":true,"trendline":{"type":"none","show":false},"color":"#839557"},{"showLabel":true,"index":0,"showLine":true,"trendline":{"type":"none","show":false},"color":"#953579"},{"showLabel":true,"index":0,"showLine":true,"trendline":{"type":"none","show":false},"color":"#d8b83f"}],"show":"$.jqplot.config.enablePlugins","axes":{"xaxis":{"max":20,"min":-15,"tickInterval":5,"tickOptions":{"formatString":"%.1f"},"forceTickAt0":true,"rendererOptions":{"forceTickAt0":true}},"yaxis":{"max":0.02,"min":-0.16,"tickInterval":0.02,"tickOptions":{"formatString":"%.2f"},"forceTickAt0":true,"rendererOptions":{"forceTickAt0":true}}},"seriesDefaults":{"lineWidth":1,"showLabel":true,"markerOptions":{"size":5,"show":false}}});
jqplots.push(p);

var p = $.jqplot('dragaoa',[[[-9.250,0.12917],[-9.000,0.13108],[-8.750,0.12825],[-8.500,0.12503],[-8.250,0.12398],[-8.000,0.12558],[-7.750,0.12232],[-7.500,0.11942],[-7.250,0.11868],[-7.000,0.12092],[-6.750,0.11497],[-6.500,0.11386],[-6.250,0.11526],[-6.000,0.11018],[-5.750,0.10922],[-5.500,0.10998],[-5.250,0.10528],[-5.000,0.10507],[-4.750,0.10139],[-4.500,0.09921],[-4.250,0.09680],[-4.000,0.06983],[-3.750,0.06926],[-3.500,0.05747],[-3.250,0.05425],[-3.000,0.05118],[-2.750,0.04887],[-2.500,0.04797],[-2.250,0.04667],[-2.000,0.04495],[-1.750,0.04424],[-1.500,0.04348],[-1.250,0.04315],[-1.000,0.04285],[-0.750,0.04275],[-0.500,0.04283],[-0.250,0.04307],[0.000,0.04344],[0.250,0.04393],[0.500,0.04591],[0.750,0.04838],[1.000,0.04768],[1.250,0.04871],[1.500,0.04965],[1.750,0.05057],[2.000,0.05143],[2.250,0.05223],[2.500,0.05288],[2.750,0.05365],[3.000,0.05453],[3.250,0.05555],[3.500,0.05664],[3.750,0.05772],[4.000,0.05820],[4.250,0.05916],[4.500,0.06100],[4.750,0.06255],[5.000,0.06271],[5.250,0.06545],[5.500,0.06701],[5.750,0.06824],[6.000,0.07124],[6.250,0.07096],[6.500,0.07560],[6.750,0.07426],[7.000,0.08016],[7.250,0.08033],[7.500,0.08537],[7.750,0.08588],[8.000,0.09098],[8.250,0.09122],[8.500,0.09681],[8.750,0.09659],[9.000,0.10283],[9.250,0.10198],[9.500,0.10878],[9.750,0.11387],[10.000,0.11871],[10.250,0.12331],],[[-8.250,0.10292],[-8.000,0.10137],[-7.750,0.09660],[-7.500,0.09365],[-7.250,0.09145],[-7.000,0.08810],[-6.750,0.08485],[-6.500,0.08370],[-6.000,0.04787],[-5.750,0.04525],[-5.500,0.04221],[-5.250,0.04083],[-5.000,0.03980],[-4.750,0.03824],[-4.500,0.03660],[-4.250,0.03616],[-4.000,0.03531],[-3.750,0.03443],[-3.500,0.03377],[-3.250,0.03363],[-3.000,0.03323],[-2.750,0.03249],[-2.500,0.03269],[-2.250,0.03252],[-2.000,0.03212],[-1.750,0.03243],[-1.500,0.03219],[-1.250,0.03123],[-1.000,0.03163],[-0.750,0.03072],[-0.500,0.03147],[-0.250,0.03090],[0.000,0.02987],[0.250,0.03079],[0.500,0.02968],[0.750,0.02782],[1.000,0.02748],[1.250,0.02696],[1.500,0.02587],[1.750,0.02485],[2.000,0.02556],[2.250,0.02437],[2.500,0.02491],[2.750,0.02379],[3.000,0.02407],[3.250,0.02295],[3.500,0.02312],[3.750,0.02285],[4.000,0.02208],[4.250,0.02203],[4.500,0.02188],[4.750,0.02171],[5.000,0.02157],[5.250,0.02151],[5.500,0.02154],[5.750,0.02165],[6.000,0.02183],[6.250,0.02205],[6.500,0.02235],[6.750,0.02282],[7.000,0.02331],[7.250,0.02378],[7.500,0.02427],[7.750,0.02493],[8.000,0.02552],[8.250,0.02617],[8.500,0.02690],[8.750,0.02757],[9.000,0.02841],[9.250,0.02910],[9.500,0.03002],[9.750,0.03076],[10.000,0.03175],[10.250,0.03256],[10.500,0.03364],[10.750,0.03456],[11.000,0.03560],[11.250,0.03672],[11.500,0.03755],[11.750,0.03891],[12.000,0.04011],[12.250,0.04098],[12.500,0.04273],[12.750,0.04435],[13.000,0.04520],[13.250,0.04678],[13.500,0.04921],[13.750,0.05144],[14.000,0.05283],[14.250,0.05354],[14.500,0.05763],[14.750,0.06327],],[[-9.250,0.09088],[-9.000,0.08826],[-8.750,0.03864],[-8.500,0.03828],[-8.250,0.03418],[-8.000,0.03185],[-7.750,0.02981],[-7.500,0.02835],[-7.250,0.02734],[-7.000,0.02591],[-6.750,0.02454],[-6.500,0.02349],[-6.250,0.02237],[-6.000,0.02136],[-5.750,0.02060],[-5.500,0.01995],[-5.250,0.01939],[-5.000,0.01874],[-4.750,0.01815],[-4.500,0.01769],[-4.250,0.01730],[-4.000,0.01686],[-3.750,0.01636],[-3.500,0.01602],[-3.250,0.01562],[-3.000,0.01525],[-2.750,0.01509],[-2.500,0.01487],[-2.250,0.01456],[-2.000,0.01454],[-1.750,0.01443],[-1.500,0.01432],[-1.250,0.01435],[-1.000,0.01423],[-0.750,0.01419],[-0.500,0.01419],[-0.250,0.01407],[0.000,0.01399],[0.250,0.01396],[0.500,0.01378],[0.750,0.01358],[1.000,0.01305],[1.250,0.01266],[1.500,0.01280],[1.750,0.01284],[2.000,0.01293],[2.250,0.01301],[2.500,0.01305],[2.750,0.01312],[3.000,0.01317],[3.250,0.01322],[3.500,0.01329],[3.750,0.01332],[4.000,0.01339],[4.250,0.01348],[4.500,0.01360],[4.750,0.01377],[5.000,0.01400],[5.250,0.01433],[5.500,0.01474],[5.750,0.01518],[6.000,0.01565],[6.250,0.01615],[6.500,0.01660],[6.750,0.01709],[7.000,0.01761],[7.250,0.01808],[7.500,0.01862],[7.750,0.01912],[8.000,0.01963],[8.250,0.02019],[8.500,0.02070],[8.750,0.02131],[9.000,0.02184],[9.250,0.02241],[9.500,0.02304],[9.750,0.02365],[10.000,0.02428],[10.250,0.02498],[10.500,0.02568],[10.750,0.02639],[11.000,0.02722],[11.250,0.02803],[11.500,0.02884],[11.750,0.02982],[12.000,0.03072],[12.250,0.03170],[12.500,0.03279],[12.750,0.03377],[13.000,0.03489],[13.250,0.03614],[13.500,0.03726],[13.750,0.03841],[14.000,0.03990],[14.250,0.04128],[14.500,0.04217],[14.750,0.04403],[15.000,0.04568],[15.250,0.04719],[15.500,0.04807],[15.750,0.05027],[16.000,0.05225],[16.250,0.05408],[16.500,0.05569],[16.750,0.05719],[17.000,0.05987],[17.250,0.06240],[17.500,0.06472],[17.750,0.06653],[18.000,0.06891],[18.250,0.07272],[18.500,0.07606],[18.750,0.07904],[19.000,0.08107],[19.250,0.08609],],[[-12.000,0.04666],[-11.750,0.03704],[-11.500,0.03360],[-11.250,0.03100],[-11.000,0.02934],[-10.750,0.02784],[-10.500,0.02560],[-10.250,0.02415],[-10.000,0.02317],[-9.750,0.02226],[-9.500,0.02151],[-9.250,0.02078],[-9.000,0.02001],[-8.750,0.01925],[-8.500,0.01848],[-8.250,0.01781],[-8.000,0.01721],[-7.750,0.01672],[-7.500,0.01572],[-7.250,0.01510],[-7.000,0.01465],[-6.750,0.01427],[-6.500,0.01392],[-6.250,0.01358],[-6.000,0.01329],[-5.750,0.01274],[-5.500,0.01240],[-5.250,0.01213],[-5.000,0.01190],[-4.750,0.01161],[-4.500,0.01134],[-4.250,0.01116],[-4.000,0.01091],[-3.750,0.01067],[-3.500,0.01048],[-3.250,0.01034],[-3.000,0.01019],[-2.750,0.01007],[-2.500,0.00999],[-2.250,0.00984],[-2.000,0.00969],[-1.750,0.00961],[-1.500,0.00951],[-1.250,0.00942],[-1.000,0.00939],[-0.750,0.00937],[-0.500,0.00932],[-0.250,0.00930],[0.000,0.00932],[0.250,0.00928],[0.500,0.00925],[0.750,0.00926],[1.000,0.00922],[1.250,0.00916],[1.500,0.00911],[1.750,0.00892],[2.000,0.00824],[2.250,0.00834],[2.500,0.00845],[2.750,0.00853],[3.000,0.00865],[3.250,0.00879],[3.500,0.00896],[3.750,0.00918],[4.000,0.00950],[4.250,0.00994],[4.750,0.01083],[5.000,0.01120],[5.250,0.01155],[5.500,0.01186],[5.750,0.01223],[6.000,0.01252],[6.250,0.01288],[6.500,0.01324],[6.750,0.01354],[7.000,0.01394],[7.250,0.01433],[7.500,0.01464],[7.750,0.01504],[8.000,0.01557],[8.250,0.01587],[8.500,0.01627],[8.750,0.01682],[9.000,0.01725],[9.250,0.01769],[9.500,0.01830],[9.750,0.01884],[10.000,0.01936],[10.250,0.02007],[10.500,0.02070],[10.750,0.02136],[11.000,0.02231],[11.250,0.02295],[11.500,0.02398],[11.750,0.02483],[12.000,0.02596],[12.250,0.02698],[12.500,0.02817],[12.750,0.02944],[13.000,0.03057],[13.250,0.03201],[13.500,0.03343],[13.750,0.03464],[14.000,0.03613],[14.250,0.03795],[14.500,0.03927],[14.750,0.04074],[15.000,0.04239],[15.250,0.04437],[15.500,0.04626],[15.750,0.04775],[16.000,0.04954],[16.250,0.05155],[16.500,0.05398],[16.750,0.05606],[17.000,0.05793],[17.250,0.06017],[17.500,0.06285],[17.750,0.06583],[18.000,0.06790],[18.250,0.07097],[18.500,0.07467],[18.750,0.07730],[19.000,0.08146],[19.250,0.08516],],[[-14.750,0.05617],[-14.500,0.04651],[-14.250,0.03984],[-14.000,0.03366],[-13.750,0.02982],[-13.500,0.02754],[-13.250,0.02579],[-13.000,0.02472],[-12.750,0.02386],[-12.500,0.02347],[-12.250,0.02183],[-12.000,0.02067],[-11.750,0.01981],[-11.500,0.01912],[-11.250,0.01850],[-11.000,0.01796],[-10.750,0.01742],[-10.500,0.01691],[-10.250,0.01638],[-10.000,0.01589],[-9.750,0.01543],[-9.500,0.01502],[-9.250,0.01464],[-9.000,0.01427],[-8.750,0.01394],[-8.500,0.01329],[-8.250,0.01272],[-8.000,0.01236],[-7.750,0.01206],[-7.500,0.01181],[-7.250,0.01158],[-7.000,0.01134],[-6.750,0.01115],[-6.500,0.01095],[-6.250,0.01070],[-6.000,0.01039],[-5.750,0.01018],[-5.500,0.01004],[-5.250,0.00988],[-5.000,0.00976],[-4.750,0.00954],[-4.500,0.00937],[-4.250,0.00925],[-4.000,0.00908],[-3.750,0.00897],[-3.500,0.00877],[-3.250,0.00857],[-3.000,0.00846],[-2.750,0.00834],[-2.500,0.00826],[-2.250,0.00820],[-2.000,0.00812],[-1.750,0.00800],[-1.500,0.00788],[-1.250,0.00780],[-1.000,0.00769],[-0.750,0.00760],[-0.500,0.00756],[-0.250,0.00755],[0.250,0.00748],[0.500,0.00750],[0.750,0.00747],[1.000,0.00748],[1.250,0.00750],[1.500,0.00750],[1.750,0.00754],[2.000,0.00753],[2.250,0.00754],[2.500,0.00754],[2.750,0.00725],[3.000,0.00741],[3.250,0.00787],[3.500,0.00828],[3.750,0.00863],[4.000,0.00889],[4.250,0.00914],[4.500,0.00936],[4.750,0.00958],[5.000,0.00976],[5.250,0.00999],[5.500,0.01017],[5.750,0.01034],[6.000,0.01057],[6.250,0.01083],[6.500,0.01100],[6.750,0.01122],[7.000,0.01151],[7.250,0.01178],[7.500,0.01200],[7.750,0.01230],[8.000,0.01268],[8.250,0.01292],[8.500,0.01323],[8.750,0.01364],[9.000,0.01399],[9.250,0.01436],[9.500,0.01484],[9.750,0.01527],[10.000,0.01580],[10.250,0.01636],[10.500,0.01693],[10.750,0.01763],[11.000,0.01838],[11.250,0.01911],[11.500,0.01991],[11.750,0.02076],[12.000,0.02157],[12.250,0.02260],[12.500,0.02345],[12.750,0.02441],[13.000,0.02559],[13.250,0.02659],[13.500,0.02764],[13.750,0.02888],[14.000,0.03021],[14.250,0.03138],[14.500,0.03253],[14.750,0.03392],[15.000,0.03544],[15.250,0.03703],[15.500,0.03829],[15.750,0.03985],[16.000,0.04169],[16.250,0.04351],[16.500,0.04528],[16.750,0.04753],[17.000,0.04977],[17.250,0.05291],[17.500,0.05772],[17.750,0.06325],[18.000,0.06908],[18.250,0.07473],[18.500,0.07998],[18.750,0.08479],],],
{"title":"Cd v Alpha","sortData":false,"legend":{"show":false,"placement":"insideGrid","location":"ne"},"series":[{"showLabel":true,"index":0,"showLine":true,"trendline":{"type":"none","show":false},"color":"#4bb2c5"},{"showLabel":true,"index":0,"showLine":true,"trendline":{"type":"none","show":false},"color":"#EAA228"},{"showLabel":true,"index":0,"showLine":true,"trendline":{"type":"none","show":false},"color":"#839557"},{"showLabel":true,"index":0,"showLine":true,"trendline":{"type":"none","show":false},"color":"#953579"},{"showLabel":true,"index":0,"showLine":true,"trendline":{"type":"none","show":false},"color":"#d8b83f"}],"show":"$.jqplot.config.enablePlugins","axes":{"xaxis":{"max":20,"min":-15,"tickInterval":5,"tickOptions":{"formatString":"%.1f"},"forceTickAt0":true,"rendererOptions":{"forceTickAt0":true}},"yaxis":{"max":0.14,"min":0,"tickInterval":0.02,"tickOptions":{"formatString":"%.2f"},"forceTickAt0":true,"rendererOptions":{"forceTickAt0":true}}},"seriesDefaults":{"lineWidth":1,"showLabel":true,"markerOptions":{"size":5,"show":false}}});
jqplots.push(p);

var p = $.jqplot('effaoa',[[[-9.250,-2.2714252535418],[-9.000,-2.5015257857797],[-8.750,-2.5692007797271],[-8.500,-2.5369911221307],[-8.250,-2.6246168736893],[-8.000,-2.8858098423316],[-7.750,-2.9455526487901],[-7.500,-2.9232959303299],[-7.250,-3.062015503876],[-7.000,-3.4493880251406],[-6.750,-3.2860746281639],[-6.500,-3.4173546460566],[-6.250,-3.8269998264793],[-6.000,-3.696678163006],[-5.750,-3.8884819630104],[-5.500,-4.3880705582833],[-5.250,-4.230623100304],[-5.000,-4.6074045874179],[-4.750,-4.6690995167176],[-4.500,-4.7777441790142],[-4.250,-5.0433884297521],[-4.000,-6.7564084204497],[-3.750,-6.6993935893734],[-3.500,-7.5326257177658],[-3.250,-7.6442396313364],[-3.000,-7.7198124267292],[-2.750,-7.6979742173112],[-2.500,-7.5005211590577],[-2.250,-7.3023355474609],[-2.000,-7.0923248053393],[-1.750,-6.8083182640145],[-1.500,-6.458141674333],[-1.250,-6.0996523754345],[-1.000,-5.7012835472579],[-0.750,-5.2654970760234],[-0.500,-4.8190520663087],[-0.250,-4.4067796610169],[0.000,-3.9871086556169],[0.250,-3.5898019576599],[0.500,-2.5332171640166],[0.750,1.6763125258371],[1.000,3.0012583892617],[1.250,3.8185177581605],[1.500,4.4733131923464],[1.750,5.0662448091754],[2.000,5.6348434765701],[2.250,6.1880145510243],[2.500,6.9364599092284],[2.750,7.3066169617894],[3.000,7.586649550706],[3.250,7.7947794779478],[3.500,7.9855225988701],[3.750,8.1999306999307],[4.000,8.7628865979381],[4.250,8.9959432048682],[4.500,8.8163934426229],[4.750,8.8297362110312],[5.000,9.4275235209695],[5.250,8.9472880061115],[5.500,8.9882107148187],[5.750,9.1354044548652],[6.000,8.6959573273442],[6.250,9.3348365276212],[6.500,8.4537037037037],[6.750,9.3590088876919],[7.000,8.2060878243513],[7.250,8.6518112784763],[7.500,7.8681035492562],[7.750,8.197484862599],[8.000,7.5093427126841],[8.250,7.878754659066],[8.500,7.1707468236752],[8.750,7.6136245988198],[9.000,6.8627832344646],[9.250,7.3896842518141],[9.500,6.6418459275602],[9.750,6.2334240800913],[10.000,5.9371577794626],[10.250,5.7513583650961],],[[-8.250,-2.0831713952585],[-8.000,-2.4938344677913],[-7.750,-2.2929606625259],[-7.500,-1.9786438868126],[-7.250,-2.098414434117],[-7.000,-2.3950056753689],[-6.750,-1.958750736594],[-6.500,-2.1003584229391],[-6.000,-6.4612492166284],[-5.750,-6.5502762430939],[-5.500,-6.4368633025349],[-5.250,-6.1033553759491],[-5.000,-6.0452261306533],[-4.750,-5.6040794979079],[-4.500,-4.8907103825137],[-4.250,-4.8368362831858],[-4.000,-4.2849051260266],[-3.750,-3.4388614580308],[-3.500,-2.579212318626],[-3.250,-2.4501932798097],[-3.000,-1.6099909720132],[-2.750,-0.47091412742382],[-2.500,-0.33037626185378],[-2.250,0.39667896678967],[-2.000,1.5286425902864],[-1.750,1.8809744064138],[-1.500,2.861136999068],[-1.250,4.7806596221582],[-1.000,4.8498261144483],[-0.750,6.640625],[-0.500,6.5141404512234],[-0.250,7.9288025889968],[0.000,9.8995647807164],[0.250,9.5128288405326],[0.500,11.563342318059],[0.750,14.496764917326],[1.000,17.827510917031],[1.250,19.758902077151],[1.500,22.771550057982],[1.750,25.907444668008],[2.000,25.309076682316],[2.250,28.875666803447],[2.500,28.546768366118],[2.750,32.177385456074],[3.000,32.35978396344],[3.250,36.305010893246],[3.500,36.656574394464],[3.750,38.336980306346],[4.000,41.64402173913],[4.250,42.632773490695],[4.500,43.994515539305],[4.750,45.481345002303],[5.000,46.917014371813],[5.250,48.135750813575],[5.500,49.113277623027],[5.750,49.879907621247],[6.000,50.48098946404],[6.250,51.015873015873],[6.500,51.315436241611],[6.750,50.972830850131],[7.000,50.682110682111],[7.250,50.609756097561],[7.500,50.543881334981],[7.750,49.803449659045],[8.000,49.604231974922],[8.250,49.052350019106],[8.500,48.438661710037],[8.750,48.117519042437],[9.000,47.194649771207],[9.250,47.013745704467],[9.500,45.846102598268],[9.750,45.676202860858],[10.000,44.396850393701],[10.250,44.038697788698],[10.500,42.895362663496],[10.750,42.086226851852],[11.000,41.51404494382],[11.250,40.141612200436],[11.500,40.431424766977],[11.750,38.558211256746],[12.000,37.489404138619],[12.250,37.735480722304],[12.500,35.750058506904],[12.750,34.36527621195],[13.000,34.245575221239],[13.250,33.339033775118],[13.500,31.263970737655],[13.750,29.720062208398],[14.000,29.155782699224],[14.250,29.546133731789],[14.500,26.69616519174],[14.750,23.480322427691],],[[-9.250,-1.5569982394366],[-9.000,-1.3811466122819],[-8.750,-4.7153209109731],[-8.500,-3.7591431556949],[-8.250,-8.8180222352253],[-8.000,-9.1114599686028],[-7.750,-9.0338812479034],[-7.500,-8.4691358024691],[-7.250,-8.2516459400146],[-7.000,-7.7113083751447],[-6.750,-7.1678891605542],[-6.500,-6.6581524052788],[-6.250,-5.7487706750112],[-6.000,-4.9016853932584],[-5.750,-3.9514563106796],[-5.500,-2.6265664160401],[-5.250,-1.3666838576586],[-5.000,-0.1974386339381],[-4.750,1.3443526170799],[-4.500,3.0130016958734],[-4.250,4.2543352601156],[-4.000,5.9964412811388],[-3.750,7.9767726161369],[-3.500,9.3695380774032],[-3.250,11.216389244558],[-3.000,13.44262295082],[-2.750,15.089463220676],[-2.500,17.074646940148],[-2.250,19.546703296703],[-2.000,21.0522696011],[-1.750,23.069993069993],[-1.500,25.432960893855],[-1.250,26.794425087108],[-1.000,29.030217849613],[-0.750,31.028893587033],[-0.500,32.670894996476],[-0.250,34.953802416489],[0.000,37.097927090779],[0.250,38.760744985673],[0.500,41.240928882438],[0.750,43.696612665685],[1.000,46.911877394636],[1.250,58.017377567141],[1.500,58.984375],[1.750,60.716510903427],[2.000,62.15003866976],[2.250,63.451191391238],[2.500,65.233716475096],[2.750,66.41006097561],[3.000,67.980258162491],[3.250,69.28895612708],[3.500,70.489089541008],[3.750,72.01951951952],[4.000,73.039581777446],[4.250,73.879821958457],[4.500,74.507352941176],[4.750,74.727668845316],[5.000,74.471428571429],[5.250,73.649685973482],[5.500,72.415196743555],[5.750,71.119894598155],[6.000,69.712460063898],[6.250,68.30959752322],[6.500,67.265060240964],[6.750,66.225863077823],[7.000,65.19023282226],[7.250,64.413716814159],[7.500,63.474758324382],[7.750,62.698744769874],[8.000,61.91543555782],[8.250,61.109460128777],[8.500,60.333333333333],[8.750,59.596433599249],[9.000,58.763736263736],[9.250,57.947344935297],[9.500,57.2265625],[9.750,56.224101479915],[10.000,55.378912685338],[10.250,54.411529223379],[10.500,53.333333333333],[10.750,52.527472527473],[11.000,51.216017634093],[11.250,50.107028184088],[11.500,49.226768377254],[11.750,47.843729040912],[12.000,46.796875],[12.250,45.738170347003],[12.500,44.45867642574],[12.750,43.506070476755],[13.000,42.416165090284],[13.250,41.142778085224],[13.500,40.163714439077],[13.750,39.26060921635],[14.000,37.90977443609],[14.250,36.802325581395],[14.500,36.412141332701],[14.750,34.89666136725],[15.000,33.743432574431],[15.250,32.8120364484],[15.500,32.552527563969],[15.750,31.117962999801],[16.000,29.998086124402],[16.250,29.075443786982],[16.500,28.358771772311],[16.750,27.784577723378],[17.000,26.497411057291],[17.250,25.415064102564],[17.500,24.528739184178],[17.750,23.953103862919],[18.000,23.156290814105],[18.250,21.811056105611],[18.500,20.788850907179],[18.750,19.982287449393],[19.000,19.544837794499],[19.250,18.227436403764],],[[-12.000,-10.867981140163],[-11.750,-14.157667386609],[-11.500,-15.622023809524],[-11.250,-16.596774193548],[-11.000,-17.327880027267],[-10.750,-17.808908045977],[-10.500,-19.16015625],[-10.250,-19.623188405797],[-10.000,-19.7583081571],[-9.750,-19.734950584007],[-9.500,-19.502556950256],[-9.250,-19.249278152069],[-9.000,-18.895552223888],[-8.750,-18.612987012987],[-8.500,-18.160173160173],[-8.250,-17.636159460977],[-8.000,-16.8564787914],[-7.750,-15.974880382775],[-7.500,-15.572519083969],[-7.250,-14.701986754967],[-7.000,-13.481228668942],[-6.750,-12.130343377715],[-6.500,-10.632183908046],[-6.250,-9.0648011782032],[-6.000,-7.3438675696012],[-5.750,-5.839874411303],[-5.500,-3.9758064516129],[-5.250,-1.9785655399835],[-5.000,0.15966386554622],[-4.750,2.3686477174849],[-4.500,4.6560846560847],[-4.250,7.078853046595],[-4.000,9.6058661778185],[-3.750,12.221180880975],[-3.500,14.942748091603],[-3.250,17.736943907157],[-3.000,20.559371933268],[-2.750,23.445878848064],[-2.500,26.356356356356],[-2.250,29.390243902439],[-2.000,32.538699690402],[-1.750,35.587929240375],[-1.500,38.706624605678],[-1.250,41.857749469214],[-1.000,44.866879659212],[-0.750,47.822838847385],[-0.500,50.890557939914],[-0.250,53.860215053763],[0.000,56.663090128755],[0.250,59.719827586207],[0.500,62.713513513514],[0.750,65.496760259179],[1.000,68.546637744035],[1.250,71.735807860262],[1.500,74.851811196487],[1.750,78.957399103139],[2.000,96.638349514563],[2.250,100.76738609113],[2.500,102.05917159763],[2.750,103.69284876905],[3.000,104.73988439306],[3.250,105.36973833902],[3.500,105.51339285714],[3.750,104.9128540305],[4.000,102.83157894737],[4.250,99.356136820926],[4.750,93.213296398892],[5.000,91.089285714286],[5.250,89.367965367965],[5.500,88.288364249578],[5.750,86.737530662306],[6.000,86.11821086262],[6.250,84.930124223602],[6.500,83.882175226586],[6.750,83.397341211226],[7.000,82.173601147776],[7.250,81.116538729937],[7.500,80.724043715847],[7.750,79.720744680851],[8.000,77.964033397559],[8.250,77.75677378702],[8.500,76.951444376152],[8.750,75.332936979786],[9.000,74.504347826087],[9.250,73.657433578293],[9.500,72.021857923497],[9.750,70.83864118896],[10.000,69.819214876033],[10.250,68.046836073742],[10.500,66.739130434783],[10.750,65.402621722846],[11.000,63.101748095025],[11.250,62.069716775599],[11.500,59.845704753962],[11.750,58.356826419654],[12.000,56.194144838213],[12.250,54.518161601186],[12.500,52.566560170394],[12.750,50.618206521739],[13.000,49.123323519791],[13.250,47.157138394252],[13.500,45.40532455878],[13.750,44.148383371824],[14.000,42.551895931359],[14.250,40.635046113307],[14.500,39.541634835752],[14.750,38.345606283751],[15.000,37.025241802312],[15.250,35.463150777552],[15.500,34.126675313446],[15.750,33.273298429319],[16.000,32.212353653613],[16.250,31.051406401552],[16.500,29.673953316043],[16.750,28.65679628969],[17.000,27.861211807354],[17.250,26.888815024098],[17.500,25.745425616547],[17.750,24.546559319459],[18.000,23.892488954345],[18.250,22.835000704523],[18.500,21.612428016606],[18.750,20.908150064683],[19.000,19.723790817579],[19.250,18.803428839831],],[[-14.750,-12.989140110379],[-14.500,-16.26961943668],[-14.250,-19.078815261044],[-14.000,-22.32917409388],[-13.750,-24.745137491616],[-13.500,-26.045751633987],[-13.250,-27.025979061652],[-13.000,-27.835760517799],[-12.750,-28.390611902766],[-12.500,-28.282914358756],[-12.250,-30.238204306001],[-12.000,-31.490082244799],[-11.750,-32.099949520444],[-11.500,-32.416317991632],[-11.250,-32.524324324324],[-11.000,-32.383073496659],[-10.750,-32.256027554535],[-10.500,-31.992903607333],[-10.250,-31.727716727717],[-10.000,-31.340465701699],[-9.750,-30.823071937784],[-9.500,-30.133155792277],[-9.250,-29.310109289617],[-9.000,-28.409250175193],[-8.750,-27.367288378766],[-8.500,-27.103085026336],[-8.250,-26.611635220126],[-8.000,-25.493527508091],[-7.750,-24.096185737977],[-7.500,-22.514817950889],[-7.250,-20.829015544041],[-7.000,-19.029982363316],[-6.750,-17.103139013453],[-6.500,-15.022831050228],[-6.250,-13.018691588785],[-6.000,-11.010587102984],[-5.750,-8.6542239685658],[-5.500,-6.1752988047809],[-5.250,-3.5728744939271],[-5.000,-0.86065573770492],[-4.750,1.7819706498952],[-4.500,4.6851654215582],[-4.250,7.6864864864865],[-4.000,10.715859030837],[-3.750,13.846153846154],[-3.500,17.229190421893],[-3.250,20.688448074679],[-3.000,24.054373522459],[-2.750,27.697841726619],[-2.500,31.283292978208],[-2.250,34.768292682927],[-2.000,38.411330049261],[-1.750,42.375],[-1.500,46.383248730964],[-1.250,50.217948717949],[-1.000,54.43433029909],[-0.750,58.631578947368],[-0.500,62.44708994709],[-0.250,66.013245033113],[0.250,73.863636363636],[0.500,77.12],[0.750,81.044176706827],[1.000,84.438502673797],[1.250,87.666666666667],[1.500,91.173333333333],[1.750,93.965517241379],[2.000,97.436918990704],[2.250,100.4774535809],[2.500,103.40848806366],[2.750,109.54482758621],[3.000,121.64642375169],[3.250,117.16645489199],[3.500,113.15217391304],[3.750,110.42873696408],[4.000,109.2575928009],[4.250,108.31509846827],[4.500,107.79914529915],[4.750,107.3382045929],[5.000,107.38729508197],[5.250,106.50650650651],[5.500,106.33235004916],[5.750,106.36363636364],[6.000,105.68590350047],[6.250,104.70914127424],[6.500,104.97272727273],[6.750,104.65240641711],[7.000,103.57949609036],[7.250,102.80984719864],[7.500,102.65833333333],[7.750,101.68292682927],[8.000,100.00788643533],[8.250,99.760061919505],[8.500,98.881330309902],[8.750,97.199413489736],[9.000,96.118656182988],[9.250,94.958217270195],[9.500,93.00539083558],[9.750,91.565160445318],[10.000,89.525316455696],[10.250,87.432762836186],[10.500,85.434140578854],[10.750,82.836074872377],[11.000,80.174102285092],[11.250,77.849293563579],[11.500,75.384229030638],[11.750,72.919075144509],[12.000,70.815948076032],[12.250,68.053097345133],[12.500,66.179104477612],[12.750,64.076198279394],[13.000,61.496678389996],[13.250,59.654005265137],[13.500,57.829232995658],[13.750,55.682132963989],[14.000,53.528632903012],[14.250,51.902485659656],[14.500,50.430371964341],[14.750,48.635023584906],[15.000,46.766365688488],[15.250,44.960842560086],[15.500,43.773831287542],[15.750,42.268506900878],[16.000,40.53010314224],[16.250,38.965754998851],[16.500,37.586130742049],[16.750,35.844729644435],[17.000,34.277677315652],[17.250,32.124362124362],[17.500,29.078309078309],[17.750,26.129644268775],[18.000,23.543717429068],[18.250,21.462598688612],[18.500,19.828707176794],[18.750,18.545819082439],],],
{"title":"Cl\/Cd v Alpha","sortData":false,"legend":{"show":false,"placement":"insideGrid","location":"ne"},"series":[{"showLabel":true,"index":0,"showLine":true,"trendline":{"type":"none","show":false},"color":"#4bb2c5"},{"showLabel":true,"index":0,"showLine":true,"trendline":{"type":"none","show":false},"color":"#EAA228"},{"showLabel":true,"index":0,"showLine":true,"trendline":{"type":"none","show":false},"color":"#839557"},{"showLabel":true,"index":0,"showLine":true,"trendline":{"type":"none","show":false},"color":"#953579"},{"showLabel":true,"index":0,"showLine":true,"trendline":{"type":"none","show":false},"color":"#d8b83f"}],"show":"$.jqplot.config.enablePlugins","axes":{"xaxis":{"max":20,"min":-15,"tickInterval":5,"tickOptions":{"formatString":"%.1f"},"forceTickAt0":true,"rendererOptions":{"forceTickAt0":true}},"yaxis":{"max":140,"min":-40,"tickInterval":20,"tickOptions":{"formatString":"%d"},"forceTickAt0":true,"rendererOptions":{"forceTickAt0":true}}},"seriesDefaults":{"lineWidth":1,"showLabel":true,"markerOptions":{"size":5,"show":false}}});
jqplots.push(p);

});
/*]]>*/
</script>
</body>
</html>