<!DOCTYPE html>
<html lang="en">
<head>
<link rel="stylesheet" type="text/css" href="/assets/62ff72f1/jquery.jqplot.min.css" media="screen, projection, print" />
<style type="text/css">
/*<![CDATA[*/
.jqplot-title {font-size:1.8em;padding:3px;}.jqplot-xaxis {font-size:0.8em;padding-top:3px;}.jqplot-yaxis {font-size:0.8em;padding-right:3px;}
/*]]>*/
</style>
<!--[if lt IE 9]><script type="text/javascript" src="/assets/62ff72f1/excanvas.min.js"></script></script><![endif]-->
<script type="text/javascript" src="/assets/780cfc96/jquery.min.js"></script>
<script type="text/javascript" src="/assets/62ff72f1/jquery.min.js"></script>
<script type="text/javascript" src="/assets/62ff72f1/jquery.jqplot.min.js"></script>
<script type="text/javascript">
/*<![CDATA[*/
var jqplots = [];

/*]]>*/
</script>
<title>Airfoil polar plot</title>
<meta http-equiv="Content-Language" content="en-gb"/>
<meta http-equiv="Content-Type" content="text/html; charset=windows-1252"/>
<meta content="none" name="robots" />
<meta name="copyright" content="Copyright 2010-2013. All Rights Reserved" />
</head>
<body>

<table style="width:800px;">
<tr><td>
<div id="liftdrag" style="height:400px;width:398px;margin:auto;display:inline-block;"></div>
</td><td>
<div id="liftaoa" style="height:400px;width:398px;margin:auto;display:inline-block;"></div>
</td></tr>
<tr><td>
<div id="effaoa" style="height:400px;width:398px;margin:auto;display:inline-block;"></div>
</td><td>
<div id="dragaoa" style="height:400px;width:398px;margin:auto;display:inline-block;"></div>
</td></tr>
<tr><td>
<div id="momentaoa" style="height:400px;width:398px;margin:auto;display:inline-block;"></div>
</td><td>
</td></tr>

</table>
<script type="text/javascript">
/*<![CDATA[*/
jQuery(window).load(function() {
var p = $.jqplot('liftdrag',[[[0.12799,-0.5029],[0.12497,-0.5016],[0.12221,-0.5045],[0.11974,-0.5115],[0.11744,-0.5231],[0.11371,-0.5043],[0.11138,-0.5116],[0.10835,-0.4303],[0.10548,-0.4194],[0.10354,-0.5149],[0.10104,-0.5116],[0.05844,-0.6172],[0.05410,-0.5963],[0.05070,-0.5761],[0.04816,-0.5558],[0.04573,-0.5336],[0.04359,-0.5104],[0.04203,-0.4876],[0.04052,-0.4655],[0.03938,-0.4418],[0.03841,-0.4190],[0.03783,-0.3955],[0.03946,-0.2190],[0.03953,-0.2089],[0.03964,-0.1990],[0.03977,-0.1893],[0.03992,-0.1795],[0.04011,-0.1698],[0.04031,-0.1602],[0.04054,-0.1506],[0.04079,-0.1410],[0.04107,-0.1314],[0.04138,-0.1219],[0.04172,-0.1123],[0.04209,-0.1026],[0.04249,-0.0930],[0.04294,-0.0830],[0.04345,-0.0727],[0.04402,-0.0618],[0.04466,-0.0504],[0.04538,-0.0386],[0.04616,-0.0263],[0.04735,-0.0084],[0.05195,0.0573],[0.05397,0.0861],[0.05586,0.1128],[0.05768,0.1378],[0.05943,0.1614],[0.06114,0.1837],[0.06286,0.2051],[0.06464,0.2266],[0.06662,0.2492],[0.06894,0.2756],[0.07095,0.2994],[0.07214,0.3132],[0.07349,0.3261],[0.07514,0.3407],[0.07735,0.3611],[0.07978,0.3869],[0.08131,0.4015],[0.08269,0.4067],[0.08516,0.4271],[0.08753,0.4507],[0.08895,0.4577],[0.09108,0.4667],[0.09368,0.4890],[0.08994,0.5645],[0.09153,0.5827],[0.09307,0.6018],[0.09452,0.6234],[0.09507,0.6636],[0.09681,0.6726],[0.09821,0.6890],[0.09759,0.7349],[0.09910,0.7430],[0.06180,0.8829],[0.06351,0.8950],[0.06357,0.9312],[0.06454,1.1359],[0.06820,1.1540],[0.07163,1.1540],[0.07534,1.1530],[0.07914,1.1479],[0.08307,1.1357],[0.08750,1.1279],[0.09234,1.1212],[0.09569,1.0937],[0.10100,1.0257],[0.10832,0.9843],[0.11601,0.9532],[0.12416,0.9271],[0.13144,0.9138],[0.13745,0.9139],[0.15968,0.8415],[0.15570,0.6124],],[[0.10690,-0.4696],[0.10265,-0.4945],[0.09833,-0.5219],[0.09472,-0.5450],[0.09233,-0.6803],[0.08900,-0.6629],[0.08597,-0.6651],[0.08379,-0.6914],[0.07589,-0.6254],[0.07639,-0.6834],[0.07198,-0.6714],[0.06586,-0.6621],[0.06320,-0.6536],[0.06045,-0.6438],[0.05797,-0.6331],[0.04466,-0.5773],[0.04255,-0.5575],[0.03947,-0.5384],[0.03769,-0.5170],[0.03648,-0.4882],[0.03646,-0.4545],[0.03519,-0.4270],[0.03533,-0.3943],[0.03527,-0.3624],[0.03473,-0.3383],[0.03504,-0.3066],[0.03499,-0.2815],[0.03820,-0.1473],[0.03901,-0.1150],[0.03999,-0.0845],[0.04212,-0.0013],[0.04273,0.0216],[0.04340,0.0447],[0.04414,0.0695],[0.04497,0.0966],[0.04529,0.1255],[0.04474,0.2146],[0.04488,0.2406],[0.04505,0.2616],[0.04528,0.2848],[0.04551,0.3194],[0.04564,0.3289],[0.04581,0.3445],[0.04593,0.3811],[0.04607,0.3878],[0.04624,0.4004],[0.04622,0.4340],[0.04637,0.4410],[0.04618,0.4817],[0.04634,0.4862],[0.04657,0.4948],[0.04617,0.5341],[0.04650,0.5423],[0.04685,0.5563],[0.04631,0.5942],[0.04679,0.6069],[0.04600,0.6487],[0.04663,0.6602],[0.04554,0.7045],[0.04614,0.7172],[0.04671,0.7323],[0.04543,0.7758],[0.04601,0.7907],[0.04410,0.8387],[0.03171,0.9450],[0.02836,0.9799],[0.02911,0.9729],[0.03161,0.9528],[0.03515,0.9282],[0.03816,0.9174],[0.04030,0.9184],[0.04232,0.9215],[0.04457,0.9220],[0.04683,0.9230],[0.04851,0.9320],[0.04979,0.9474],[0.05096,0.9673],[0.05197,1.0722],[0.05501,1.1324],[0.05706,1.1488],[0.05959,1.1599],[0.06342,1.1558],[0.06742,1.1544],[0.07159,1.1517],[0.07564,1.1408],[0.08075,1.1375],[0.07839,0.9850],[0.08290,0.9652],[0.08766,0.9730],[0.09022,0.9325],[0.09412,0.8931],[0.09923,0.8549],[0.10517,0.8187],[0.11213,0.7821],[0.12090,0.7406],],[[0.11872,-0.1230],[0.11576,-0.1263],[0.11256,-0.1295],[0.10906,-0.1281],[0.10531,-0.1275],[0.09966,-0.1194],[0.09716,-0.1081],[0.09443,-0.1026],[0.09157,-0.0988],[0.08838,-0.0979],[0.08501,-0.0990],[0.08068,-0.1085],[0.07542,-0.1233],[0.07076,-0.1447],[0.06816,-0.1683],[0.06720,-0.1984],[0.06660,-0.2214],[0.06608,-0.2433],[0.06553,-0.2630],[0.06471,-0.2799],[0.08384,-0.5762],[0.08095,-0.5674],[0.07802,-0.5735],[0.07467,-0.5681],[0.07105,-0.5556],[0.06791,-0.5629],[0.06685,-0.5439],[0.05945,-0.5543],[0.05653,-0.5377],[0.04943,-0.5150],[0.04548,-0.4885],[0.03795,-0.3894],[0.03670,-0.3716],[0.03596,-0.3683],[0.03605,-0.3541],[0.03345,-0.3108],[0.03290,-0.2892],[0.03179,-0.2397],[0.03094,-0.2064],[0.03045,-0.1633],[0.03020,-0.1583],[0.02976,-0.1291],[0.02719,-0.1086],[0.02742,-0.1274],[0.02807,-0.1134],[0.02854,-0.0937],[0.03163,0.2194],[0.03150,0.2998],[0.03120,0.3776],[0.03097,0.4207],[0.03144,0.4016],[0.03119,0.4405],[0.03088,0.4838],[0.03129,0.4663],[0.03158,0.4673],[0.03140,0.4937],[0.03105,0.5303],[0.03064,0.5709],[0.03104,0.5581],[0.03060,0.5957],[0.03010,0.6359],[0.03045,0.6238],[0.03062,0.6254],[0.03021,0.6541],[0.02960,0.6898],[0.02893,0.7284],[0.02911,0.7268],[0.02856,0.7530],[0.02777,0.7875],[0.02683,0.8251],[0.02691,0.8205],[0.02591,0.8562],[0.02484,0.8914],[0.02321,0.9275],[0.02199,0.9391],[0.02135,0.9396],[0.01930,0.9840],[0.01766,1.0282],[0.01820,1.0123],[0.01908,0.9915],[0.02051,0.9729],[0.02249,0.9544],[0.02537,0.9282],[0.02849,0.9063],[0.03038,0.9067],[0.03168,0.9165],[0.03327,0.9228],[0.03536,0.9231],[0.03683,0.9320],[0.03859,0.9380],[0.04038,0.9444],[0.04209,0.9523],[0.04365,0.9633],[0.04494,0.9796],[0.04593,1.0047],[0.04705,1.0323],],[[0.08845,-0.1312],[0.08394,-0.1327],[0.07906,-0.1358],[0.04501,-0.2829],[0.04217,-0.3051],[0.03908,-0.3190],[0.03563,-0.3312],[0.03208,-0.3393],[0.02860,-0.3416],[0.02605,-0.3340],[0.02427,-0.3197],[0.02300,-0.3020],[0.02006,-0.2858],[0.01918,-0.2644],[0.01863,-0.2420],[0.01849,-0.2190],[0.01810,-0.1956],[0.01719,-0.1737],[0.01656,-0.1528],[0.01634,-0.1294],[0.01623,-0.1051],[0.01561,-0.0854],[0.01549,-0.0614],[0.01544,-0.0363],[0.01492,-0.0158],[0.01478,0.0082],[0.01463,0.0317],[0.01456,0.0535],[0.01452,0.0712],[0.01422,0.0875],[0.01346,0.0998],[0.01262,0.1129],[0.01200,0.1223],[0.01225,0.1495],[0.01259,0.1760],[0.01285,0.2032],[0.01347,0.2150],[0.01390,0.2320],[0.01433,0.2501],[0.01458,0.2717],[0.01456,0.3015],[0.01441,0.3320],[0.01432,0.3634],[0.01478,0.3641],[0.01475,0.3990],[0.01460,0.4316],[0.01439,0.4568],[0.01414,0.4855],[0.01388,0.5195],[0.01369,0.5532],[0.01380,0.5564],[0.01357,0.5851],[0.01332,0.6167],[0.01305,0.6508],[0.01279,0.6859],[0.01278,0.6968],[0.01257,0.7216],[0.01230,0.7540],[0.01199,0.7891],[0.01180,0.8139],[0.01165,0.8325],[0.01135,0.8641],[0.01102,0.8881],[0.01048,0.9146],[0.01023,0.9254],[0.01001,0.9354],[0.00984,0.9412],[0.00993,0.9492],[0.01050,0.9466],[0.01141,0.9376],[0.01259,0.9278],[0.01398,0.9166],[0.01531,0.9113],[0.01702,0.9013],[0.01932,0.8842],[0.02209,0.8691],[0.02362,0.8781],[0.02452,0.8974],[0.02548,0.9158],[0.02666,0.9305],[0.02822,0.9368],[0.02968,0.9441],[0.03104,0.9538],[0.03233,0.9649],[0.03354,0.9772],[0.03498,0.9868],[0.03656,0.9953],[0.03809,1.0047],[0.03959,1.0150],[0.04111,1.0258],[0.04255,1.0391],],[[0.05093,-0.3637],[0.04373,-0.3978],[0.04058,-0.4112],[0.03854,-0.4160],[0.03608,-0.4287],[0.03331,-0.4475],[0.03006,-0.4746],[0.02702,-0.5016],[0.02404,-0.5167],[0.02187,-0.5150],[0.02010,-0.5067],[0.01893,-0.4920],[0.01827,-0.4732],[0.01764,-0.4533],[0.01724,-0.4321],[0.01670,-0.4104],[0.01617,-0.3881],[0.01561,-0.3657],[0.01506,-0.3430],[0.01471,-0.3191],[0.01347,-0.3018],[0.01293,-0.2799],[0.01261,-0.2561],[0.01237,-0.2315],[0.01216,-0.2064],[0.01167,-0.1841],[0.01153,-0.1583],[0.01145,-0.1318],[0.01107,-0.1084],[0.01092,-0.0826],[0.01082,-0.0561],[0.01067,-0.0301],[0.01045,-0.0050],[0.01036,0.0217],[0.01023,0.0478],[0.01012,0.0735],[0.01006,0.0988],[0.00982,0.1237],[0.00937,0.1456],[0.00880,0.1656],[0.00827,0.1863],[0.00759,0.2055],[0.00705,0.2237],[0.00716,0.2520],[0.00724,0.2808],[0.00730,0.3104],[0.00753,0.3385],[0.00791,0.3645],[0.00798,0.3919],[0.00796,0.4189],[0.00799,0.4460],[0.00802,0.4736],[0.00813,0.5014],[0.00821,0.5268],[0.00831,0.5533],[0.00835,0.5826],[0.00829,0.6099],[0.00822,0.6377],[0.00815,0.6664],[0.00807,0.6959],[0.00799,0.7259],[0.00792,0.7562],[0.00788,0.7845],[0.00777,0.8105],[0.00766,0.8382],[0.00755,0.8668],[0.00740,0.8921],[0.00727,0.9187],[0.00718,0.9430],[0.00712,0.9653],[0.00732,0.9753],[0.00783,0.9731],[0.00829,0.9654],[0.00899,0.9572],[0.00993,0.9467],[0.01103,0.9378],[0.01219,0.9307],[0.01335,0.9260],[0.01489,0.9147],[0.01708,0.8922],[0.01899,0.8807],[0.01986,0.8916],[0.02042,0.9085],[0.02101,0.9250],[0.02167,0.9405],[0.02249,0.9537],[0.02348,0.9645],[0.02430,0.9780],[0.02502,0.9936],[0.02597,1.0057],[0.02703,1.0162],[0.02796,1.0288],[0.02900,1.0399],[0.03032,1.0476],[0.03179,1.0539],[0.03440,1.0461],[0.03575,1.0558],[0.03717,1.0652],[0.03838,1.0775],[0.03967,1.0893],[0.04123,1.0988],[0.04278,1.1097],[0.04435,1.1227],[0.04592,1.1365],[0.04762,1.1523],[0.05012,1.1712],],],
{"title":"Cl v Cd","sortData":false,"legend":{"show":false,"placement":"insideGrid","location":"ne"},"series":[{"showLabel":true,"index":0,"showLine":true,"trendline":{"type":"none","show":false},"color":"#4bb2c5"},{"showLabel":true,"index":0,"showLine":true,"trendline":{"type":"none","show":false},"color":"#EAA228"},{"showLabel":true,"index":0,"showLine":true,"trendline":{"type":"none","show":false},"color":"#839557"},{"showLabel":true,"index":0,"showLine":true,"trendline":{"type":"none","show":false},"color":"#953579"},{"showLabel":true,"index":0,"showLine":true,"trendline":{"type":"none","show":false},"color":"#d8b83f"}],"show":"$.jqplot.config.enablePlugins","axes":{"xaxis":{"max":0.16,"min":0,"tickInterval":0.02,"tickOptions":{"formatString":"%.2f"},"forceTickAt0":true,"rendererOptions":{"forceTickAt0":true}},"yaxis":{"max":1.2,"min":-0.8,"tickInterval":0.2,"tickOptions":{"formatString":"%.2f"},"forceTickAt0":true,"rendererOptions":{"forceTickAt0":true}}},"seriesDefaults":{"lineWidth":1,"showLabel":true,"markerOptions":{"size":5,"show":false}}});
jqplots.push(p);

var p = $.jqplot('liftaoa',[[[-8.500,-0.5029],[-8.250,-0.5016],[-8.000,-0.5045],[-7.750,-0.5115],[-7.500,-0.5231],[-7.250,-0.5043],[-7.000,-0.5116],[-6.750,-0.4303],[-6.500,-0.4194],[-6.250,-0.5149],[-6.000,-0.5116],[-4.250,-0.6172],[-4.000,-0.5963],[-3.750,-0.5761],[-3.500,-0.5558],[-3.250,-0.5336],[-3.000,-0.5104],[-2.750,-0.4876],[-2.500,-0.4655],[-2.250,-0.4418],[-2.000,-0.4190],[-1.750,-0.3955],[-1.500,-0.2190],[-1.250,-0.2089],[-1.000,-0.1990],[-0.750,-0.1893],[-0.500,-0.1795],[-0.250,-0.1698],[0.000,-0.1602],[0.250,-0.1506],[0.500,-0.1410],[0.750,-0.1314],[1.000,-0.1219],[1.250,-0.1123],[1.500,-0.1026],[1.750,-0.0930],[2.000,-0.0830],[2.250,-0.0727],[2.500,-0.0618],[2.750,-0.0504],[3.000,-0.0386],[3.250,-0.0263],[3.500,-0.0084],[4.000,0.0573],[4.250,0.0861],[4.500,0.1128],[4.750,0.1378],[5.000,0.1614],[5.250,0.1837],[5.500,0.2051],[5.750,0.2266],[6.000,0.2492],[6.250,0.2756],[6.500,0.2994],[6.750,0.3132],[7.000,0.3261],[7.250,0.3407],[7.500,0.3611],[7.750,0.3869],[8.000,0.4015],[8.250,0.4067],[8.500,0.4271],[8.750,0.4507],[9.000,0.4577],[9.250,0.4667],[9.500,0.4890],[9.750,0.5645],[10.000,0.5827],[10.250,0.6018],[10.500,0.6234],[10.750,0.6636],[11.000,0.6726],[11.250,0.6890],[11.500,0.7349],[11.750,0.7430],[12.000,0.8829],[12.250,0.8950],[12.500,0.9312],[12.750,1.1359],[13.000,1.1540],[13.250,1.1540],[13.500,1.1530],[13.750,1.1479],[14.000,1.1357],[14.250,1.1279],[14.500,1.1212],[14.750,1.0937],[15.000,1.0257],[15.250,0.9843],[15.500,0.9532],[15.750,0.9271],[16.000,0.9138],[16.250,0.9139],[16.500,0.8415],[16.750,0.6124],],[[-7.750,-0.4696],[-7.500,-0.4945],[-7.250,-0.5219],[-7.000,-0.5450],[-6.750,-0.6803],[-6.500,-0.6629],[-6.250,-0.6651],[-6.000,-0.6914],[-5.750,-0.6254],[-5.500,-0.6834],[-5.250,-0.6714],[-4.750,-0.6621],[-4.500,-0.6536],[-4.250,-0.6438],[-4.000,-0.6331],[-3.750,-0.5773],[-3.500,-0.5575],[-3.250,-0.5384],[-3.000,-0.5170],[-2.750,-0.4882],[-2.500,-0.4545],[-2.250,-0.4270],[-2.000,-0.3943],[-1.750,-0.3624],[-1.500,-0.3383],[-1.250,-0.3066],[-1.000,-0.2815],[-0.750,-0.1473],[-0.500,-0.1150],[-0.250,-0.0845],[0.500,-0.0013],[0.750,0.0216],[1.000,0.0447],[1.250,0.0695],[1.500,0.0966],[1.750,0.1255],[2.000,0.2146],[2.250,0.2406],[2.500,0.2616],[2.750,0.2848],[3.000,0.3194],[3.250,0.3289],[3.500,0.3445],[3.750,0.3811],[4.000,0.3878],[4.250,0.4004],[4.500,0.4340],[4.750,0.4410],[5.000,0.4817],[5.250,0.4862],[5.500,0.4948],[5.750,0.5341],[6.000,0.5423],[6.250,0.5563],[6.500,0.5942],[6.750,0.6069],[7.000,0.6487],[7.250,0.6602],[7.500,0.7045],[7.750,0.7172],[8.000,0.7323],[8.250,0.7758],[8.500,0.7907],[8.750,0.8387],[9.000,0.9450],[9.250,0.9799],[9.500,0.9729],[9.750,0.9528],[10.000,0.9282],[10.250,0.9174],[10.500,0.9184],[10.750,0.9215],[11.000,0.9220],[11.250,0.9230],[11.500,0.9320],[11.750,0.9474],[12.000,0.9673],[12.250,1.0722],[12.500,1.1324],[12.750,1.1488],[13.000,1.1599],[13.250,1.1558],[13.500,1.1544],[13.750,1.1517],[14.000,1.1408],[14.250,1.1375],[14.500,0.9850],[14.750,0.9652],[15.000,0.9730],[15.250,0.9325],[15.500,0.8931],[15.750,0.8549],[16.000,0.8187],[16.250,0.7821],[16.500,0.7406],],[[-13.000,-0.1230],[-12.750,-0.1263],[-12.500,-0.1295],[-12.250,-0.1281],[-12.000,-0.1275],[-11.750,-0.1194],[-11.500,-0.1081],[-11.250,-0.1026],[-11.000,-0.0988],[-10.750,-0.0979],[-10.500,-0.0990],[-10.250,-0.1085],[-10.000,-0.1233],[-9.750,-0.1447],[-9.500,-0.1683],[-9.250,-0.1984],[-9.000,-0.2214],[-8.750,-0.2433],[-8.500,-0.2630],[-8.250,-0.2799],[-7.500,-0.5762],[-7.250,-0.5674],[-7.000,-0.5735],[-6.750,-0.5681],[-6.500,-0.5556],[-6.250,-0.5629],[-6.000,-0.5439],[-5.750,-0.5543],[-5.500,-0.5377],[-5.250,-0.5150],[-5.000,-0.4885],[-4.750,-0.3894],[-4.500,-0.3716],[-4.250,-0.3683],[-4.000,-0.3541],[-3.750,-0.3108],[-3.500,-0.2892],[-3.250,-0.2397],[-2.750,-0.2064],[-2.500,-0.1633],[-2.250,-0.1583],[-2.000,-0.1291],[-1.750,-0.1086],[-1.500,-0.1274],[-1.250,-0.1134],[-1.000,-0.0937],[-0.500,0.2194],[-0.250,0.2998],[0.000,0.3776],[0.250,0.4207],[0.500,0.4016],[0.750,0.4405],[1.000,0.4838],[1.250,0.4663],[1.500,0.4673],[1.750,0.4937],[2.000,0.5303],[2.250,0.5709],[2.500,0.5581],[2.750,0.5957],[3.000,0.6359],[3.250,0.6238],[3.500,0.6254],[3.750,0.6541],[4.000,0.6898],[4.250,0.7284],[4.750,0.7268],[5.000,0.7530],[5.250,0.7875],[5.500,0.8251],[5.750,0.8205],[6.000,0.8562],[6.250,0.8914],[6.750,0.9275],[7.000,0.9391],[7.250,0.9396],[7.500,0.9840],[7.750,1.0282],[8.000,1.0123],[8.250,0.9915],[8.500,0.9729],[8.750,0.9544],[9.000,0.9282],[9.250,0.9063],[9.500,0.9067],[9.750,0.9165],[10.000,0.9228],[10.250,0.9231],[10.500,0.9320],[10.750,0.9380],[11.000,0.9444],[11.250,0.9523],[11.500,0.9633],[11.750,0.9796],[12.000,1.0047],[12.250,1.0323],],[[-11.250,-0.1312],[-11.000,-0.1327],[-10.750,-0.1358],[-9.500,-0.2829],[-9.250,-0.3051],[-9.000,-0.3190],[-8.750,-0.3312],[-8.500,-0.3393],[-8.250,-0.3416],[-8.000,-0.3340],[-7.750,-0.3197],[-7.500,-0.3020],[-7.250,-0.2858],[-7.000,-0.2644],[-6.750,-0.2420],[-6.500,-0.2190],[-6.250,-0.1956],[-6.000,-0.1737],[-5.750,-0.1528],[-5.500,-0.1294],[-5.250,-0.1051],[-5.000,-0.0854],[-4.750,-0.0614],[-4.500,-0.0363],[-4.250,-0.0158],[-4.000,0.0082],[-3.750,0.0317],[-3.500,0.0535],[-3.250,0.0712],[-3.000,0.0875],[-2.750,0.0998],[-2.500,0.1129],[-2.250,0.1223],[-2.000,0.1495],[-1.750,0.1760],[-1.500,0.2032],[-1.250,0.2150],[-1.000,0.2320],[-0.750,0.2501],[-0.500,0.2717],[-0.250,0.3015],[0.000,0.3320],[0.250,0.3634],[0.500,0.3641],[0.750,0.3990],[1.000,0.4316],[1.250,0.4568],[1.500,0.4855],[1.750,0.5195],[2.000,0.5532],[2.250,0.5564],[2.500,0.5851],[2.750,0.6167],[3.000,0.6508],[3.250,0.6859],[3.500,0.6968],[3.750,0.7216],[4.000,0.7540],[4.250,0.7891],[4.500,0.8139],[4.750,0.8325],[5.000,0.8641],[5.250,0.8881],[5.500,0.9146],[5.750,0.9254],[6.000,0.9354],[6.250,0.9412],[6.500,0.9492],[6.750,0.9466],[7.000,0.9376],[7.250,0.9278],[7.500,0.9166],[7.750,0.9113],[8.000,0.9013],[8.250,0.8842],[8.500,0.8691],[8.750,0.8781],[9.000,0.8974],[9.250,0.9158],[9.500,0.9305],[9.750,0.9368],[10.000,0.9441],[10.250,0.9538],[10.500,0.9649],[10.750,0.9772],[11.000,0.9868],[11.250,0.9953],[11.500,1.0047],[11.750,1.0150],[12.000,1.0258],[12.250,1.0391],],[[-12.250,-0.3637],[-12.000,-0.3978],[-11.750,-0.4112],[-11.500,-0.4160],[-11.250,-0.4287],[-11.000,-0.4475],[-10.750,-0.4746],[-10.500,-0.5016],[-10.250,-0.5167],[-10.000,-0.5150],[-9.750,-0.5067],[-9.500,-0.4920],[-9.250,-0.4732],[-9.000,-0.4533],[-8.750,-0.4321],[-8.500,-0.4104],[-8.250,-0.3881],[-8.000,-0.3657],[-7.750,-0.3430],[-7.500,-0.3191],[-7.250,-0.3018],[-7.000,-0.2799],[-6.750,-0.2561],[-6.500,-0.2315],[-6.250,-0.2064],[-6.000,-0.1841],[-5.750,-0.1583],[-5.500,-0.1318],[-5.250,-0.1084],[-5.000,-0.0826],[-4.750,-0.0561],[-4.500,-0.0301],[-4.250,-0.0050],[-4.000,0.0217],[-3.750,0.0478],[-3.500,0.0735],[-3.250,0.0988],[-3.000,0.1237],[-2.750,0.1456],[-2.500,0.1656],[-2.250,0.1863],[-2.000,0.2055],[-1.750,0.2237],[-1.500,0.2520],[-1.250,0.2808],[-1.000,0.3104],[-0.750,0.3385],[-0.500,0.3645],[-0.250,0.3919],[0.000,0.4189],[0.250,0.4460],[0.500,0.4736],[0.750,0.5014],[1.000,0.5268],[1.250,0.5533],[1.500,0.5826],[1.750,0.6099],[2.000,0.6377],[2.250,0.6664],[2.500,0.6959],[2.750,0.7259],[3.000,0.7562],[3.250,0.7845],[3.500,0.8105],[3.750,0.8382],[4.000,0.8668],[4.250,0.8921],[4.500,0.9187],[4.750,0.9430],[5.000,0.9653],[5.250,0.9753],[5.500,0.9731],[5.750,0.9654],[6.000,0.9572],[6.250,0.9467],[6.500,0.9378],[6.750,0.9307],[7.000,0.9260],[7.250,0.9147],[7.500,0.8922],[7.750,0.8807],[8.000,0.8916],[8.250,0.9085],[8.500,0.9250],[8.750,0.9405],[9.000,0.9537],[9.250,0.9645],[9.500,0.9780],[9.750,0.9936],[10.000,1.0057],[10.250,1.0162],[10.500,1.0288],[10.750,1.0399],[11.000,1.0476],[11.250,1.0539],[11.500,1.0461],[11.750,1.0558],[12.000,1.0652],[12.250,1.0775],[12.500,1.0893],[12.750,1.0988],[13.000,1.1097],[13.250,1.1227],[13.500,1.1365],[13.750,1.1523],[14.000,1.1712],],],
{"title":"Cl v Alpha","sortData":false,"legend":{"show":false,"placement":"insideGrid","location":"ne"},"series":[{"showLabel":true,"index":0,"showLine":true,"trendline":{"type":"none","show":false},"color":"#4bb2c5"},{"showLabel":true,"index":0,"showLine":true,"trendline":{"type":"none","show":false},"color":"#EAA228"},{"showLabel":true,"index":0,"showLine":true,"trendline":{"type":"none","show":false},"color":"#839557"},{"showLabel":true,"index":0,"showLine":true,"trendline":{"type":"none","show":false},"color":"#953579"},{"showLabel":true,"index":0,"showLine":true,"trendline":{"type":"none","show":false},"color":"#d8b83f"}],"show":"$.jqplot.config.enablePlugins","axes":{"xaxis":{"max":20,"min":-15,"tickInterval":5,"tickOptions":{"formatString":"%.1f"},"forceTickAt0":true,"rendererOptions":{"forceTickAt0":true}},"yaxis":{"max":1.2,"min":-0.8,"tickInterval":0.2,"tickOptions":{"formatString":"%.2f"},"forceTickAt0":true,"rendererOptions":{"forceTickAt0":true}}},"seriesDefaults":{"lineWidth":1,"showLabel":true,"markerOptions":{"size":5,"show":false}}});
jqplots.push(p);

var p = $.jqplot('momentaoa',[[[-8.500,-0.0176],[-8.250,-0.0155],[-8.000,-0.0134],[-7.750,-0.0111],[-7.500,-0.0087],[-7.250,-0.0060],[-7.000,-0.0032],[-6.750,-0.0027],[-6.500,-0.0004],[-6.250,0.0062],[-6.000,0.0098],[-4.250,-0.0132],[-4.000,-0.0126],[-3.750,-0.0118],[-3.500,-0.0109],[-3.250,-0.0099],[-3.000,-0.0089],[-2.750,-0.0079],[-2.500,-0.0071],[-2.250,-0.0060],[-2.000,-0.0051],[-1.750,-0.0040],[-1.500,-0.0220],[-1.250,-0.0198],[-1.000,-0.0178],[-0.750,-0.0157],[-0.500,-0.0137],[-0.250,-0.0118],[0.000,-0.0098],[0.250,-0.0079],[0.500,-0.0060],[0.750,-0.0042],[1.000,-0.0024],[1.250,-0.0006],[1.500,0.0011],[1.750,0.0027],[2.000,0.0042],[2.250,0.0056],[2.500,0.0068],[2.750,0.0078],[3.000,0.0087],[3.250,0.0094],[3.500,0.0089],[4.000,0.0020],[4.250,-0.0006],[4.500,-0.0027],[4.750,-0.0046],[5.000,-0.0061],[5.250,-0.0073],[5.500,-0.0085],[5.750,-0.0096],[6.000,-0.0109],[6.250,-0.0128],[6.500,-0.0143],[6.750,-0.0142],[7.000,-0.0141],[7.250,-0.0143],[7.500,-0.0155],[7.750,-0.0172],[8.000,-0.0175],[8.250,-0.0168],[8.500,-0.0180],[8.750,-0.0195],[9.000,-0.0191],[9.250,-0.0193],[9.500,-0.0208],[9.750,-0.0213],[10.000,-0.0216],[10.250,-0.0219],[10.500,-0.0222],[10.750,-0.0231],[11.000,-0.0226],[11.250,-0.0223],[11.500,-0.0224],[11.750,-0.0215],[12.000,0.0077],[12.250,0.0094],[12.500,0.0110],[12.750,0.0036],[13.000,0.0044],[13.250,0.0064],[13.500,0.0081],[13.750,0.0098],[14.000,0.0117],[14.250,0.0129],[14.500,0.0137],[14.750,0.0152],[15.000,0.0154],[15.250,0.0132],[15.500,0.0101],[15.750,0.0061],[16.000,0.0029],[16.250,0.0009],[16.500,-0.0151],[16.750,-0.0141],],[[-7.750,-0.0251],[-7.500,-0.0261],[-7.250,-0.0267],[-7.000,-0.0251],[-6.750,-0.0238],[-6.500,-0.0209],[-6.250,-0.0192],[-6.000,-0.0193],[-5.750,-0.0165],[-5.500,-0.0168],[-5.250,-0.0146],[-4.750,-0.0127],[-4.500,-0.0116],[-4.250,-0.0101],[-4.000,-0.0086],[-3.750,-0.0078],[-3.500,-0.0066],[-3.250,-0.0060],[-3.000,-0.0049],[-2.750,-0.0053],[-2.500,-0.0064],[-2.250,-0.0068],[-2.000,-0.0081],[-1.750,-0.0093],[-1.500,-0.0093],[-1.250,-0.0106],[-1.000,-0.0108],[-0.750,-0.0253],[-0.500,-0.0277],[-0.250,-0.0298],[0.500,-0.0338],[0.750,-0.0341],[1.000,-0.0344],[1.250,-0.0349],[1.500,-0.0358],[1.750,-0.0365],[2.000,-0.0448],[2.250,-0.0447],[2.500,-0.0439],[2.750,-0.0434],[3.000,-0.0447],[3.250,-0.0421],[3.500,-0.0405],[3.750,-0.0419],[4.000,-0.0390],[4.250,-0.0369],[4.500,-0.0378],[4.750,-0.0349],[5.000,-0.0366],[5.250,-0.0335],[5.500,-0.0310],[5.750,-0.0323],[6.000,-0.0300],[6.250,-0.0285],[6.500,-0.0296],[6.750,-0.0281],[7.000,-0.0295],[7.250,-0.0280],[7.500,-0.0295],[7.750,-0.0281],[8.000,-0.0271],[8.250,-0.0282],[8.500,-0.0271],[8.750,-0.0283],[9.000,-0.0281],[9.250,-0.0252],[9.500,-0.0196],[9.750,-0.0142],[10.000,-0.0096],[10.250,-0.0063],[10.500,-0.0042],[10.750,-0.0023],[11.000,-0.0005],[11.250,0.0013],[11.500,0.0028],[11.750,0.0040],[12.000,0.0048],[12.250,0.0009],[12.500,-0.0016],[12.750,-0.0005],[13.000,0.0013],[13.250,0.0042],[13.500,0.0061],[13.750,0.0078],[14.000,0.0096],[14.250,0.0105],[14.500,0.0200],[14.750,0.0205],[15.000,0.0204],[15.250,0.0210],[15.500,0.0201],[15.750,0.0178],[16.000,0.0145],[16.250,0.0099],[16.500,0.0037],],[[-13.000,-0.1216],[-12.750,-0.1249],[-12.500,-0.1281],[-12.250,-0.1303],[-12.000,-0.1327],[-11.750,-0.1319],[-11.500,-0.1317],[-11.250,-0.1324],[-11.000,-0.1333],[-10.750,-0.1347],[-10.500,-0.1364],[-10.250,-0.1398],[-10.000,-0.1452],[-9.750,-0.1488],[-9.500,-0.1485],[-9.250,-0.1448],[-9.000,-0.1401],[-8.750,-0.1351],[-8.500,-0.1299],[-8.250,-0.1248],[-7.500,-0.0526],[-7.250,-0.0530],[-7.000,-0.0507],[-6.750,-0.0505],[-6.500,-0.0519],[-6.250,-0.0481],[-6.000,-0.0479],[-5.750,-0.0449],[-5.500,-0.0449],[-5.250,-0.0428],[-5.000,-0.0433],[-4.750,-0.0527],[-4.500,-0.0511],[-4.250,-0.0470],[-4.000,-0.0449],[-3.750,-0.0471],[-3.500,-0.0461],[-3.250,-0.0498],[-2.750,-0.0463],[-2.500,-0.0489],[-2.250,-0.0454],[-2.000,-0.0459],[-1.750,-0.0454],[-1.500,-0.0346],[-1.250,-0.0297],[-1.000,-0.0259],[-0.500,-0.0748],[-0.250,-0.0857],[0.000,-0.0962],[0.250,-0.0994],[0.500,-0.0915],[0.750,-0.0937],[1.000,-0.0967],[1.250,-0.0891],[1.500,-0.0848],[1.750,-0.0847],[2.000,-0.0863],[2.250,-0.0885],[2.500,-0.0818],[2.750,-0.0835],[3.000,-0.0856],[3.250,-0.0790],[3.500,-0.0747],[3.750,-0.0748],[4.000,-0.0759],[4.250,-0.0775],[4.750,-0.0680],[5.000,-0.0675],[5.250,-0.0682],[5.500,-0.0694],[5.750,-0.0640],[6.000,-0.0647],[6.250,-0.0653],[6.750,-0.0609],[7.000,-0.0570],[7.250,-0.0517],[7.500,-0.0526],[7.750,-0.0533],[8.000,-0.0457],[8.250,-0.0380],[8.500,-0.0315],[8.750,-0.0259],[9.000,-0.0200],[9.250,-0.0151],[9.500,-0.0126],[9.750,-0.0111],[10.000,-0.0094],[10.250,-0.0073],[10.500,-0.0060],[10.750,-0.0046],[11.000,-0.0032],[11.250,-0.0018],[11.500,-0.0006],[11.750,0.0004],[12.000,0.0010],[12.250,0.0013],],[[-11.250,-0.1253],[-11.000,-0.1274],[-10.750,-0.1299],[-9.500,-0.1347],[-9.250,-0.1295],[-9.000,-0.1253],[-8.750,-0.1210],[-8.500,-0.1168],[-8.250,-0.1129],[-8.000,-0.1101],[-7.750,-0.1083],[-7.500,-0.1069],[-7.250,-0.1055],[-7.000,-0.1048],[-6.750,-0.1043],[-6.500,-0.1038],[-6.250,-0.1033],[-6.000,-0.1025],[-5.750,-0.1017],[-5.500,-0.1012],[-5.250,-0.1008],[-5.000,-0.0997],[-4.750,-0.0993],[-4.500,-0.0991],[-4.250,-0.0980],[-4.000,-0.0976],[-3.750,-0.0971],[-3.500,-0.0963],[-3.250,-0.0949],[-3.000,-0.0933],[-2.750,-0.0912],[-2.500,-0.0890],[-2.250,-0.0849],[-2.000,-0.0847],[-1.750,-0.0840],[-1.500,-0.0837],[-1.250,-0.0806],[-1.000,-0.0782],[-0.750,-0.0752],[-0.500,-0.0728],[-0.250,-0.0728],[0.000,-0.0735],[0.250,-0.0737],[0.500,-0.0684],[0.750,-0.0693],[1.000,-0.0703],[1.250,-0.0699],[1.500,-0.0703],[1.750,-0.0718],[2.000,-0.0732],[2.250,-0.0688],[2.500,-0.0693],[2.750,-0.0703],[3.000,-0.0718],[3.250,-0.0735],[3.500,-0.0706],[3.750,-0.0703],[4.000,-0.0715],[4.250,-0.0732],[4.500,-0.0729],[4.750,-0.0714],[5.000,-0.0724],[5.250,-0.0719],[5.500,-0.0716],[5.750,-0.0684],[6.000,-0.0650],[6.250,-0.0607],[6.500,-0.0571],[6.750,-0.0518],[7.000,-0.0458],[7.250,-0.0403],[7.500,-0.0348],[7.750,-0.0306],[8.000,-0.0259],[8.250,-0.0207],[8.500,-0.0166],[8.750,-0.0153],[9.000,-0.0153],[9.250,-0.0152],[9.500,-0.0148],[9.750,-0.0130],[10.000,-0.0114],[10.250,-0.0102],[10.500,-0.0091],[10.750,-0.0083],[11.000,-0.0072],[11.250,-0.0060],[11.500,-0.0050],[11.750,-0.0041],[12.000,-0.0030],[12.250,-0.0021],],[[-12.250,-0.1371],[-12.000,-0.1408],[-11.750,-0.1404],[-11.500,-0.1392],[-11.250,-0.1369],[-11.000,-0.1333],[-10.750,-0.1277],[-10.500,-0.1209],[-10.250,-0.1153],[-10.000,-0.1120],[-9.750,-0.1095],[-9.500,-0.1079],[-9.250,-0.1069],[-9.000,-0.1060],[-8.750,-0.1053],[-8.500,-0.1047],[-8.250,-0.1041],[-8.000,-0.1035],[-7.750,-0.1029],[-7.500,-0.1025],[-7.250,-0.1010],[-7.000,-0.1003],[-6.750,-0.0998],[-6.500,-0.0996],[-6.250,-0.0994],[-6.000,-0.0986],[-5.750,-0.0986],[-5.500,-0.0986],[-5.250,-0.0981],[-5.000,-0.0980],[-4.750,-0.0981],[-4.500,-0.0980],[-4.250,-0.0979],[-4.000,-0.0980],[-3.750,-0.0979],[-3.500,-0.0978],[-3.250,-0.0977],[-3.000,-0.0975],[-2.750,-0.0968],[-2.500,-0.0959],[-2.250,-0.0951],[-2.000,-0.0940],[-1.750,-0.0922],[-1.500,-0.0924],[-1.250,-0.0927],[-1.000,-0.0932],[-0.750,-0.0930],[-0.500,-0.0923],[-0.250,-0.0924],[0.000,-0.0923],[0.250,-0.0923],[0.500,-0.0924],[0.750,-0.0924],[1.000,-0.0917],[1.250,-0.0913],[1.500,-0.0919],[1.750,-0.0922],[2.000,-0.0926],[2.250,-0.0931],[2.500,-0.0939],[2.750,-0.0947],[3.000,-0.0956],[3.250,-0.0961],[3.500,-0.0960],[3.750,-0.0963],[4.000,-0.0968],[4.250,-0.0965],[4.500,-0.0966],[4.750,-0.0961],[5.000,-0.0952],[5.250,-0.0917],[5.500,-0.0859],[5.750,-0.0789],[6.000,-0.0723],[6.250,-0.0658],[6.500,-0.0599],[6.750,-0.0546],[7.000,-0.0499],[7.250,-0.0443],[7.500,-0.0374],[7.750,-0.0323],[8.000,-0.0304],[8.250,-0.0294],[8.500,-0.0283],[8.750,-0.0272],[9.000,-0.0257],[9.250,-0.0240],[9.500,-0.0227],[9.750,-0.0217],[10.000,-0.0203],[10.250,-0.0188],[10.500,-0.0176],[10.750,-0.0163],[11.000,-0.0146],[11.250,-0.0129],[11.500,-0.0098],[11.750,-0.0085],[12.000,-0.0073],[12.250,-0.0065],[12.500,-0.0056],[12.750,-0.0046],[13.000,-0.0037],[13.250,-0.0028],[13.500,-0.0021],[13.750,-0.0015],[14.000,-0.0011],],],
{"title":"Cm v Alpha","sortData":false,"legend":{"show":false,"placement":"insideGrid","location":"ne"},"series":[{"showLabel":true,"index":0,"showLine":true,"trendline":{"type":"none","show":false},"color":"#4bb2c5"},{"showLabel":true,"index":0,"showLine":true,"trendline":{"type":"none","show":false},"color":"#EAA228"},{"showLabel":true,"index":0,"showLine":true,"trendline":{"type":"none","show":false},"color":"#839557"},{"showLabel":true,"index":0,"showLine":true,"trendline":{"type":"none","show":false},"color":"#953579"},{"showLabel":true,"index":0,"showLine":true,"trendline":{"type":"none","show":false},"color":"#d8b83f"}],"show":"$.jqplot.config.enablePlugins","axes":{"xaxis":{"max":20,"min":-15,"tickInterval":5,"tickOptions":{"formatString":"%.1f"},"forceTickAt0":true,"rendererOptions":{"forceTickAt0":true}},"yaxis":{"max":0.04,"min":-0.16,"tickInterval":0.02,"tickOptions":{"formatString":"%.2f"},"forceTickAt0":true,"rendererOptions":{"forceTickAt0":true}}},"seriesDefaults":{"lineWidth":1,"showLabel":true,"markerOptions":{"size":5,"show":false}}});
jqplots.push(p);

var p = $.jqplot('dragaoa',[[[-8.500,0.12799],[-8.250,0.12497],[-8.000,0.12221],[-7.750,0.11974],[-7.500,0.11744],[-7.250,0.11371],[-7.000,0.11138],[-6.750,0.10835],[-6.500,0.10548],[-6.250,0.10354],[-6.000,0.10104],[-4.250,0.05844],[-4.000,0.05410],[-3.750,0.05070],[-3.500,0.04816],[-3.250,0.04573],[-3.000,0.04359],[-2.750,0.04203],[-2.500,0.04052],[-2.250,0.03938],[-2.000,0.03841],[-1.750,0.03783],[-1.500,0.03946],[-1.250,0.03953],[-1.000,0.03964],[-0.750,0.03977],[-0.500,0.03992],[-0.250,0.04011],[0.000,0.04031],[0.250,0.04054],[0.500,0.04079],[0.750,0.04107],[1.000,0.04138],[1.250,0.04172],[1.500,0.04209],[1.750,0.04249],[2.000,0.04294],[2.250,0.04345],[2.500,0.04402],[2.750,0.04466],[3.000,0.04538],[3.250,0.04616],[3.500,0.04735],[4.000,0.05195],[4.250,0.05397],[4.500,0.05586],[4.750,0.05768],[5.000,0.05943],[5.250,0.06114],[5.500,0.06286],[5.750,0.06464],[6.000,0.06662],[6.250,0.06894],[6.500,0.07095],[6.750,0.07214],[7.000,0.07349],[7.250,0.07514],[7.500,0.07735],[7.750,0.07978],[8.000,0.08131],[8.250,0.08269],[8.500,0.08516],[8.750,0.08753],[9.000,0.08895],[9.250,0.09108],[9.500,0.09368],[9.750,0.08994],[10.000,0.09153],[10.250,0.09307],[10.500,0.09452],[10.750,0.09507],[11.000,0.09681],[11.250,0.09821],[11.500,0.09759],[11.750,0.09910],[12.000,0.06180],[12.250,0.06351],[12.500,0.06357],[12.750,0.06454],[13.000,0.06820],[13.250,0.07163],[13.500,0.07534],[13.750,0.07914],[14.000,0.08307],[14.250,0.08750],[14.500,0.09234],[14.750,0.09569],[15.000,0.10100],[15.250,0.10832],[15.500,0.11601],[15.750,0.12416],[16.000,0.13144],[16.250,0.13745],[16.500,0.15968],[16.750,0.15570],],[[-7.750,0.10690],[-7.500,0.10265],[-7.250,0.09833],[-7.000,0.09472],[-6.750,0.09233],[-6.500,0.08900],[-6.250,0.08597],[-6.000,0.08379],[-5.750,0.07589],[-5.500,0.07639],[-5.250,0.07198],[-4.750,0.06586],[-4.500,0.06320],[-4.250,0.06045],[-4.000,0.05797],[-3.750,0.04466],[-3.500,0.04255],[-3.250,0.03947],[-3.000,0.03769],[-2.750,0.03648],[-2.500,0.03646],[-2.250,0.03519],[-2.000,0.03533],[-1.750,0.03527],[-1.500,0.03473],[-1.250,0.03504],[-1.000,0.03499],[-0.750,0.03820],[-0.500,0.03901],[-0.250,0.03999],[0.500,0.04212],[0.750,0.04273],[1.000,0.04340],[1.250,0.04414],[1.500,0.04497],[1.750,0.04529],[2.000,0.04474],[2.250,0.04488],[2.500,0.04505],[2.750,0.04528],[3.000,0.04551],[3.250,0.04564],[3.500,0.04581],[3.750,0.04593],[4.000,0.04607],[4.250,0.04624],[4.500,0.04622],[4.750,0.04637],[5.000,0.04618],[5.250,0.04634],[5.500,0.04657],[5.750,0.04617],[6.000,0.04650],[6.250,0.04685],[6.500,0.04631],[6.750,0.04679],[7.000,0.04600],[7.250,0.04663],[7.500,0.04554],[7.750,0.04614],[8.000,0.04671],[8.250,0.04543],[8.500,0.04601],[8.750,0.04410],[9.000,0.03171],[9.250,0.02836],[9.500,0.02911],[9.750,0.03161],[10.000,0.03515],[10.250,0.03816],[10.500,0.04030],[10.750,0.04232],[11.000,0.04457],[11.250,0.04683],[11.500,0.04851],[11.750,0.04979],[12.000,0.05096],[12.250,0.05197],[12.500,0.05501],[12.750,0.05706],[13.000,0.05959],[13.250,0.06342],[13.500,0.06742],[13.750,0.07159],[14.000,0.07564],[14.250,0.08075],[14.500,0.07839],[14.750,0.08290],[15.000,0.08766],[15.250,0.09022],[15.500,0.09412],[15.750,0.09923],[16.000,0.10517],[16.250,0.11213],[16.500,0.12090],],[[-13.000,0.11872],[-12.750,0.11576],[-12.500,0.11256],[-12.250,0.10906],[-12.000,0.10531],[-11.750,0.09966],[-11.500,0.09716],[-11.250,0.09443],[-11.000,0.09157],[-10.750,0.08838],[-10.500,0.08501],[-10.250,0.08068],[-10.000,0.07542],[-9.750,0.07076],[-9.500,0.06816],[-9.250,0.06720],[-9.000,0.06660],[-8.750,0.06608],[-8.500,0.06553],[-8.250,0.06471],[-7.500,0.08384],[-7.250,0.08095],[-7.000,0.07802],[-6.750,0.07467],[-6.500,0.07105],[-6.250,0.06791],[-6.000,0.06685],[-5.750,0.05945],[-5.500,0.05653],[-5.250,0.04943],[-5.000,0.04548],[-4.750,0.03795],[-4.500,0.03670],[-4.250,0.03596],[-4.000,0.03605],[-3.750,0.03345],[-3.500,0.03290],[-3.250,0.03179],[-2.750,0.03094],[-2.500,0.03045],[-2.250,0.03020],[-2.000,0.02976],[-1.750,0.02719],[-1.500,0.02742],[-1.250,0.02807],[-1.000,0.02854],[-0.500,0.03163],[-0.250,0.03150],[0.000,0.03120],[0.250,0.03097],[0.500,0.03144],[0.750,0.03119],[1.000,0.03088],[1.250,0.03129],[1.500,0.03158],[1.750,0.03140],[2.000,0.03105],[2.250,0.03064],[2.500,0.03104],[2.750,0.03060],[3.000,0.03010],[3.250,0.03045],[3.500,0.03062],[3.750,0.03021],[4.000,0.02960],[4.250,0.02893],[4.750,0.02911],[5.000,0.02856],[5.250,0.02777],[5.500,0.02683],[5.750,0.02691],[6.000,0.02591],[6.250,0.02484],[6.750,0.02321],[7.000,0.02199],[7.250,0.02135],[7.500,0.01930],[7.750,0.01766],[8.000,0.01820],[8.250,0.01908],[8.500,0.02051],[8.750,0.02249],[9.000,0.02537],[9.250,0.02849],[9.500,0.03038],[9.750,0.03168],[10.000,0.03327],[10.250,0.03536],[10.500,0.03683],[10.750,0.03859],[11.000,0.04038],[11.250,0.04209],[11.500,0.04365],[11.750,0.04494],[12.000,0.04593],[12.250,0.04705],],[[-11.250,0.08845],[-11.000,0.08394],[-10.750,0.07906],[-9.500,0.04501],[-9.250,0.04217],[-9.000,0.03908],[-8.750,0.03563],[-8.500,0.03208],[-8.250,0.02860],[-8.000,0.02605],[-7.750,0.02427],[-7.500,0.02300],[-7.250,0.02006],[-7.000,0.01918],[-6.750,0.01863],[-6.500,0.01849],[-6.250,0.01810],[-6.000,0.01719],[-5.750,0.01656],[-5.500,0.01634],[-5.250,0.01623],[-5.000,0.01561],[-4.750,0.01549],[-4.500,0.01544],[-4.250,0.01492],[-4.000,0.01478],[-3.750,0.01463],[-3.500,0.01456],[-3.250,0.01452],[-3.000,0.01422],[-2.750,0.01346],[-2.500,0.01262],[-2.250,0.01200],[-2.000,0.01225],[-1.750,0.01259],[-1.500,0.01285],[-1.250,0.01347],[-1.000,0.01390],[-0.750,0.01433],[-0.500,0.01458],[-0.250,0.01456],[0.000,0.01441],[0.250,0.01432],[0.500,0.01478],[0.750,0.01475],[1.000,0.01460],[1.250,0.01439],[1.500,0.01414],[1.750,0.01388],[2.000,0.01369],[2.250,0.01380],[2.500,0.01357],[2.750,0.01332],[3.000,0.01305],[3.250,0.01279],[3.500,0.01278],[3.750,0.01257],[4.000,0.01230],[4.250,0.01199],[4.500,0.01180],[4.750,0.01165],[5.000,0.01135],[5.250,0.01102],[5.500,0.01048],[5.750,0.01023],[6.000,0.01001],[6.250,0.00984],[6.500,0.00993],[6.750,0.01050],[7.000,0.01141],[7.250,0.01259],[7.500,0.01398],[7.750,0.01531],[8.000,0.01702],[8.250,0.01932],[8.500,0.02209],[8.750,0.02362],[9.000,0.02452],[9.250,0.02548],[9.500,0.02666],[9.750,0.02822],[10.000,0.02968],[10.250,0.03104],[10.500,0.03233],[10.750,0.03354],[11.000,0.03498],[11.250,0.03656],[11.500,0.03809],[11.750,0.03959],[12.000,0.04111],[12.250,0.04255],],[[-12.250,0.05093],[-12.000,0.04373],[-11.750,0.04058],[-11.500,0.03854],[-11.250,0.03608],[-11.000,0.03331],[-10.750,0.03006],[-10.500,0.02702],[-10.250,0.02404],[-10.000,0.02187],[-9.750,0.02010],[-9.500,0.01893],[-9.250,0.01827],[-9.000,0.01764],[-8.750,0.01724],[-8.500,0.01670],[-8.250,0.01617],[-8.000,0.01561],[-7.750,0.01506],[-7.500,0.01471],[-7.250,0.01347],[-7.000,0.01293],[-6.750,0.01261],[-6.500,0.01237],[-6.250,0.01216],[-6.000,0.01167],[-5.750,0.01153],[-5.500,0.01145],[-5.250,0.01107],[-5.000,0.01092],[-4.750,0.01082],[-4.500,0.01067],[-4.250,0.01045],[-4.000,0.01036],[-3.750,0.01023],[-3.500,0.01012],[-3.250,0.01006],[-3.000,0.00982],[-2.750,0.00937],[-2.500,0.00880],[-2.250,0.00827],[-2.000,0.00759],[-1.750,0.00705],[-1.500,0.00716],[-1.250,0.00724],[-1.000,0.00730],[-0.750,0.00753],[-0.500,0.00791],[-0.250,0.00798],[0.000,0.00796],[0.250,0.00799],[0.500,0.00802],[0.750,0.00813],[1.000,0.00821],[1.250,0.00831],[1.500,0.00835],[1.750,0.00829],[2.000,0.00822],[2.250,0.00815],[2.500,0.00807],[2.750,0.00799],[3.000,0.00792],[3.250,0.00788],[3.500,0.00777],[3.750,0.00766],[4.000,0.00755],[4.250,0.00740],[4.500,0.00727],[4.750,0.00718],[5.000,0.00712],[5.250,0.00732],[5.500,0.00783],[5.750,0.00829],[6.000,0.00899],[6.250,0.00993],[6.500,0.01103],[6.750,0.01219],[7.000,0.01335],[7.250,0.01489],[7.500,0.01708],[7.750,0.01899],[8.000,0.01986],[8.250,0.02042],[8.500,0.02101],[8.750,0.02167],[9.000,0.02249],[9.250,0.02348],[9.500,0.02430],[9.750,0.02502],[10.000,0.02597],[10.250,0.02703],[10.500,0.02796],[10.750,0.02900],[11.000,0.03032],[11.250,0.03179],[11.500,0.03440],[11.750,0.03575],[12.000,0.03717],[12.250,0.03838],[12.500,0.03967],[12.750,0.04123],[13.000,0.04278],[13.250,0.04435],[13.500,0.04592],[13.750,0.04762],[14.000,0.05012],],],
{"title":"Cd v Alpha","sortData":false,"legend":{"show":false,"placement":"insideGrid","location":"ne"},"series":[{"showLabel":true,"index":0,"showLine":true,"trendline":{"type":"none","show":false},"color":"#4bb2c5"},{"showLabel":true,"index":0,"showLine":true,"trendline":{"type":"none","show":false},"color":"#EAA228"},{"showLabel":true,"index":0,"showLine":true,"trendline":{"type":"none","show":false},"color":"#839557"},{"showLabel":true,"index":0,"showLine":true,"trendline":{"type":"none","show":false},"color":"#953579"},{"showLabel":true,"index":0,"showLine":true,"trendline":{"type":"none","show":false},"color":"#d8b83f"}],"show":"$.jqplot.config.enablePlugins","axes":{"xaxis":{"max":20,"min":-15,"tickInterval":5,"tickOptions":{"formatString":"%.1f"},"forceTickAt0":true,"rendererOptions":{"forceTickAt0":true}},"yaxis":{"max":0.16,"min":0,"tickInterval":0.02,"tickOptions":{"formatString":"%.2f"},"forceTickAt0":true,"rendererOptions":{"forceTickAt0":true}}},"seriesDefaults":{"lineWidth":1,"showLabel":true,"markerOptions":{"size":5,"show":false}}});
jqplots.push(p);

var p = $.jqplot('effaoa',[[[-8.500,-3.9292132197828],[-8.250,-4.0137633031928],[-8.000,-4.1281400867359],[-7.750,-4.2717554701854],[-7.500,-4.454189373297],[-7.250,-4.43496614194],[-7.000,-4.5932842521099],[-6.750,-3.9713890170743],[-6.500,-3.9761092150171],[-6.250,-4.9729573111841],[-6.000,-5.0633412509897],[-4.250,-10.561259411362],[-4.000,-11.022181146026],[-3.750,-11.36291913215],[-3.500,-11.540697674419],[-3.250,-11.668488956921],[-3.000,-11.709107593485],[-2.750,-11.601237211516],[-2.500,-11.488153998026],[-2.250,-11.218892839005],[-2.000,-10.908617547514],[-1.750,-10.454665609305],[-1.500,-5.5499239736442],[-1.250,-5.2845939792563],[-1.000,-5.0201816347124],[-0.750,-4.759869248177],[-0.500,-4.4964929859719],[-0.250,-4.2333582647719],[0.000,-3.9741999503845],[0.250,-3.7148495313271],[0.500,-3.4567295905859],[0.750,-3.1994156318481],[1.000,-2.9458675688739],[1.250,-2.6917545541707],[1.500,-2.4376336421953],[1.750,-2.1887502941869],[2.000,-1.932929669306],[2.250,-1.6731875719217],[2.500,-1.4039073148569],[2.750,-1.128526645768],[3.000,-0.85059497576025],[3.250,-0.56975736568458],[3.500,-0.17740232312566],[4.000,1.1029836381136],[4.250,1.5953307392996],[4.500,2.0193340494092],[4.750,2.3890429958391],[5.000,2.7158001009591],[5.250,3.0045796532548],[5.500,3.2628062360802],[5.750,3.5055693069307],[6.000,3.740618432903],[6.250,3.9976791412823],[6.500,4.2198731501057],[6.750,4.3415580815082],[7.000,4.4373384133896],[7.250,4.5342028214001],[7.500,4.6683904330963],[7.750,4.8495863624969],[8.000,4.9378920182019],[8.250,4.9183698149716],[8.500,5.0152653828088],[8.750,5.1490917399749],[9.000,5.1455874086565],[9.250,5.1240667545015],[9.500,5.2198975234842],[9.750,6.2764064932177],[10.000,6.3662187261007],[10.250,6.4661007843559],[10.500,6.595429538722],[10.750,6.9801199116441],[11.000,6.9476293771305],[11.250,7.0155788616231],[11.500,7.5304846808075],[11.750,7.4974772956609],[12.000,14.28640776699],[12.250,14.092268934026],[12.500,14.648419065597],[12.750,17.599938022932],[13.000,16.92082111437],[13.250,16.110568197683],[13.500,15.303955402177],[13.750,14.504675259035],[14.000,13.671602263152],[14.250,12.890285714286],[14.500,12.142083604072],[14.750,11.429616469851],[15.000,10.155445544554],[15.250,9.086964549483],[15.500,8.216533057495],[15.750,7.4669780927835],[16.000,6.9522215459525],[16.250,6.648963259367],[16.500,5.2699148296593],[16.750,3.9332048811818],],[[-7.750,-4.3928905519177],[-7.500,-4.8173404773502],[-7.250,-5.3076375470355],[-7.000,-5.7538006756757],[-6.750,-7.3681360337918],[-6.500,-7.4483146067416],[-6.250,-7.7364196812842],[-6.000,-8.2515813342881],[-5.750,-8.2408749505864],[-5.500,-8.9461971462233],[-5.250,-9.3275909974993],[-4.750,-10.053143030671],[-4.500,-10.341772151899],[-4.250,-10.650124069479],[-4.000,-10.921166120407],[-3.750,-12.926556202418],[-3.500,-13.10223266745],[-3.250,-13.640739802382],[-3.000,-13.717166357124],[-2.750,-13.382675438596],[-2.500,-12.46571585299],[-2.250,-12.134129013924],[-2.000,-11.160486838381],[-1.750,-10.275021264531],[-1.500,-9.7408580477973],[-1.250,-8.75],[-1.000,-8.0451557587882],[-0.750,-3.8560209424084],[-0.500,-2.94796206101],[-0.250,-2.1130282570643],[0.500,-0.030864197530864],[0.750,0.50549964895858],[1.000,1.0299539170507],[1.250,1.5745355686452],[1.500,2.1480987324883],[1.750,2.7710311327004],[2.000,4.7966025927582],[2.250,5.3609625668449],[2.500,5.8068812430633],[2.750,6.2897526501767],[3.000,7.0182377499451],[3.250,7.2063978965819],[3.500,7.5201920977952],[3.750,8.2974091008056],[4.000,8.4176253527241],[4.250,8.659169550173],[4.500,9.3898745131977],[4.750,9.5104593487168],[5.000,10.430922477263],[5.250,10.492015537333],[5.500,10.624865793429],[5.750,11.568117825428],[6.000,11.662365591398],[6.250,11.874066168623],[6.500,12.830922047074],[6.750,12.970720239367],[7.000,14.102173913043],[7.250,14.158267209951],[7.500,15.469916556873],[7.750,15.543996532293],[8.000,15.67758509955],[8.250,17.076821483601],[8.500,17.185394479461],[8.750,19.018140589569],[9.000,29.801324503311],[9.250,34.552186177715],[9.500,33.421504637582],[9.750,30.142360012654],[10.000,26.406827880512],[10.250,24.040880503145],[10.500,22.789081885856],[10.750,21.774574669187],[11.000,20.686560466682],[11.250,19.709587871023],[11.500,19.212533498248],[11.750,19.02791725246],[12.000,18.981554160126],[12.250,20.631133346161],[12.500,20.585348118524],[12.750,20.133193130039],[13.000,19.464675281087],[13.250,18.224534847051],[13.500,17.122515574014],[13.750,16.087442380221],[14.000,15.081967213115],[14.250,14.086687306502],[14.500,12.56537823702],[14.750,11.642943305187],[15.000,11.099703399498],[15.250,10.335845710485],[15.500,9.4889502762431],[15.750,8.6153381033961],[16.000,7.7845393172958],[16.250,6.9749398020155],[16.500,6.125723738627],],[[-13.000,-1.036051212938],[-12.750,-1.0910504492053],[-12.500,-1.1504975124378],[-12.250,-1.1745827984596],[-12.000,-1.2107112335011],[-11.750,-1.1980734497291],[-11.500,-1.1125977768629],[-11.250,-1.0865191146881],[-11.000,-1.078955989953],[-10.750,-1.1077166779814],[-10.500,-1.1645688742501],[-10.250,-1.3448190381755],[-10.000,-1.6348448687351],[-9.750,-2.0449406444319],[-9.500,-2.4691901408451],[-9.250,-2.952380952381],[-9.000,-3.3243243243243],[-8.750,-3.6819007263923],[-8.500,-4.0134289638334],[-8.250,-4.3254520166898],[-7.500,-6.8726145038168],[-7.250,-7.0092649783817],[-7.000,-7.3506793129967],[-6.750,-7.6081424936387],[-6.500,-7.8198451794511],[-6.250,-8.2889117950228],[-6.000,-8.1361256544503],[-5.750,-9.3238015138772],[-5.500,-9.5117636653105],[-5.250,-10.418774023872],[-5.000,-10.740985048373],[-4.750,-10.260869565217],[-4.500,-10.125340599455],[-4.250,-10.241935483871],[-4.000,-9.8224687933426],[-3.750,-9.2914798206278],[-3.500,-8.790273556231],[-3.250,-7.5401069518717],[-2.750,-6.6709760827408],[-2.500,-5.3628899835796],[-2.250,-5.2417218543046],[-2.000,-4.3380376344086],[-1.750,-3.9941154836337],[-1.500,-4.6462436177972],[-1.250,-4.0399002493766],[-1.000,-3.2831114225648],[-0.500,6.9364527347455],[-0.250,9.5174603174603],[0.000,12.102564102564],[0.250,13.584113658379],[0.500,12.773536895674],[0.750,14.123116383456],[1.000,15.667098445596],[1.250,14.902524768297],[1.500,14.797340088664],[1.750,15.722929936306],[2.000,17.078904991948],[2.250,18.632506527415],[2.500,17.980025773196],[2.750,19.467320261438],[3.000,21.126245847176],[3.250,20.486042692939],[3.500,20.424559111692],[3.750,21.651770936776],[4.000,23.304054054054],[4.250,25.178015900449],[4.750,24.967365166609],[5.000,26.365546218487],[5.250,28.357940223263],[5.500,30.752888557585],[5.750,30.490523968785],[6.000,33.045156310305],[6.250,35.885668276973],[6.750,39.961223610513],[7.000,42.705775352433],[7.250,44.009367681499],[7.500,50.984455958549],[7.750,58.221970554926],[8.000,55.620879120879],[8.250,51.965408805031],[8.500,47.435397367138],[8.750,42.436638506003],[9.000,36.586519511234],[9.250,31.811161811162],[9.500,29.845292955892],[9.750,28.929924242424],[10.000,27.736699729486],[10.250,26.105769230769],[10.500,25.305457507467],[10.750,24.306815237108],[11.000,23.387815750371],[11.250,22.625326680922],[11.500,22.068728522337],[11.750,21.79795282599],[12.000,21.874591770085],[12.250,21.940488841658],],[[-11.250,-1.4833239118146],[-11.000,-1.5808911126995],[-10.750,-1.7176827725778],[-9.500,-6.2852699400133],[-9.250,-7.235001185677],[-9.000,-8.1627430910952],[-8.750,-9.2955374684255],[-8.500,-10.576683291771],[-8.250,-11.944055944056],[-8.000,-12.821497120921],[-7.750,-13.172641120725],[-7.500,-13.130434782609],[-7.250,-14.247258225324],[-7.000,-13.785192909281],[-6.750,-12.989801395598],[-6.500,-11.8442401298],[-6.250,-10.806629834254],[-6.000,-10.104712041885],[-5.750,-9.2270531400966],[-5.500,-7.9192166462668],[-5.250,-6.4756623536661],[-5.000,-5.4708520179372],[-4.750,-3.9638476436411],[-4.500,-2.3510362694301],[-4.250,-1.058981233244],[-4.000,0.55480378890392],[-3.750,2.1667805878332],[-3.500,3.6744505494505],[-3.250,4.9035812672176],[-3.000,6.1533052039381],[-2.750,7.4145616641902],[-2.500,8.946117274168],[-2.250,10.191666666667],[-2.000,12.204081632653],[-1.750,13.979348689436],[-1.500,15.813229571984],[-1.250,15.961395694135],[-1.000,16.690647482014],[-0.750,17.452896022331],[-0.500,18.63511659808],[-0.250,20.707417582418],[0.000,23.039555863983],[0.250,25.377094972067],[0.500,24.634641407307],[0.750,27.050847457627],[1.000,29.561643835616],[1.250,31.744266851981],[1.500,34.335219236209],[1.750,37.42795389049],[2.000,40.409057706355],[2.250,40.31884057971],[2.500,43.117170228445],[2.750,46.298798798799],[3.000,49.869731800766],[3.250,53.627834245504],[3.500,54.52269170579],[3.750,57.406523468576],[4.000,61.30081300813],[4.250,65.81317764804],[4.500,68.974576271186],[4.750,71.459227467811],[5.000,76.132158590308],[5.250,80.589836660617],[5.500,87.270992366412],[5.750,90.459433040078],[6.000,93.446553446553],[6.250,95.650406504065],[6.500,95.589123867069],[6.750,90.152380952381],[7.000,82.173531989483],[7.250,73.693407466243],[7.500,65.565092989986],[7.750,59.523187459177],[8.000,52.955346650999],[8.250,45.766045548654],[8.500,39.3435943866],[8.750,37.176121930567],[9.000,36.598694942904],[9.250,35.94191522763],[9.500,34.902475618905],[9.750,33.196314670446],[10.000,31.809299191375],[10.250,30.728092783505],[10.500,29.845344880916],[10.750,29.135360763268],[11.000,28.210405946255],[11.250,27.223741794311],[11.500,26.377001837753],[11.750,25.63778732003],[12.000,24.952566285575],[12.250,24.420681551116],],[[-12.250,-7.1411741606126],[-12.000,-9.096729933684],[-11.750,-10.133070478068],[-11.500,-10.793980280228],[-11.250,-11.881929046563],[-11.000,-13.434404082858],[-10.750,-15.788423153693],[-10.500,-18.564026646928],[-10.250,-21.493344425957],[-10.000,-23.548239597622],[-9.750,-25.208955223881],[-9.500,-25.990491283677],[-9.250,-25.900383141762],[-9.000,-25.697278911565],[-8.750,-25.063805104408],[-8.500,-24.574850299401],[-8.250,-24.00123685838],[-8.000,-23.427290198591],[-7.750,-22.775564409031],[-7.500,-21.69272603671],[-7.250,-22.405345211581],[-7.000,-21.647331786543],[-6.750,-20.309278350515],[-6.500,-18.714632174616],[-6.250,-16.973684210526],[-6.000,-15.775492716367],[-5.750,-13.729401561145],[-5.500,-11.510917030568],[-5.250,-9.7922312556459],[-5.000,-7.5641025641026],[-4.750,-5.184842883549],[-4.500,-2.8209934395501],[-4.250,-0.47846889952153],[-4.000,2.0945945945946],[-3.750,4.672531769306],[-3.500,7.2628458498024],[-3.250,9.8210735586481],[-3.000,12.596741344196],[-2.750,15.538954108858],[-2.500,18.818181818182],[-2.250,22.527206771463],[-2.000,27.075098814229],[-1.750,31.730496453901],[-1.500,35.195530726257],[-1.250,38.78453038674],[-1.000,42.520547945205],[-0.750,44.953519256308],[-0.500,46.080910240202],[-0.250,49.110275689223],[0.000,52.625628140704],[0.250,55.819774718398],[0.500,59.052369077307],[0.750,61.672816728167],[1.000,64.165651644336],[1.250,66.582430806258],[1.500,69.77245508982],[1.750,73.57056694813],[2.000,77.579075425791],[2.250,81.766871165644],[2.500,86.232961586121],[2.750,90.851063829787],[3.000,95.479797979798],[3.250,99.555837563452],[3.500,104.31145431145],[3.750,109.42558746736],[4.000,114.80794701987],[4.250,120.55405405405],[4.500,126.36863823934],[4.750,131.33704735376],[5.000,135.57584269663],[5.250,133.23770491803],[5.500,124.27841634738],[5.750,116.45355850422],[6.000,106.47385984427],[6.250,95.337361530715],[6.500,85.022665457842],[6.750,76.349466776046],[7.000,69.36329588015],[7.250,61.430490261921],[7.500,52.236533957845],[7.750,46.377040547657],[8.000,44.894259818731],[8.250,44.49069539667],[8.500,44.026653974298],[8.750,43.401015228426],[9.000,42.405513561583],[9.250,41.077512776831],[9.500,40.246913580247],[9.750,39.712230215827],[10.000,38.725452445129],[10.250,37.595264520903],[10.500,36.795422031474],[10.750,35.858620689655],[11.000,34.551451187335],[11.250,33.15193457062],[11.500,30.40988372093],[11.750,29.532867132867],[12.000,28.657519504977],[12.250,28.074517978114],[12.500,27.45903705571],[12.750,26.650497210769],[13.000,25.9396914446],[13.250,25.314543404735],[13.500,24.74956445993],[13.750,24.197816043679],[14.000,23.367916999202],],],
{"title":"Cl\/Cd v Alpha","sortData":false,"legend":{"show":false,"placement":"insideGrid","location":"ne"},"series":[{"showLabel":true,"index":0,"showLine":true,"trendline":{"type":"none","show":false},"color":"#4bb2c5"},{"showLabel":true,"index":0,"showLine":true,"trendline":{"type":"none","show":false},"color":"#EAA228"},{"showLabel":true,"index":0,"showLine":true,"trendline":{"type":"none","show":false},"color":"#839557"},{"showLabel":true,"index":0,"showLine":true,"trendline":{"type":"none","show":false},"color":"#953579"},{"showLabel":true,"index":0,"showLine":true,"trendline":{"type":"none","show":false},"color":"#d8b83f"}],"show":"$.jqplot.config.enablePlugins","axes":{"xaxis":{"max":20,"min":-15,"tickInterval":5,"tickOptions":{"formatString":"%.1f"},"forceTickAt0":true,"rendererOptions":{"forceTickAt0":true}},"yaxis":{"max":140,"min":-40,"tickInterval":20,"tickOptions":{"formatString":"%d"},"forceTickAt0":true,"rendererOptions":{"forceTickAt0":true}}},"seriesDefaults":{"lineWidth":1,"showLabel":true,"markerOptions":{"size":5,"show":false}}});
jqplots.push(p);

});
/*]]>*/
</script>
</body>
</html>