<!DOCTYPE html>
<html lang="en">
<head>
<link rel="stylesheet" type="text/css" href="/assets/62ff72f1/jquery.jqplot.min.css" media="screen, projection, print" />
<style type="text/css">
/*<![CDATA[*/
.jqplot-title {font-size:1.8em;padding:3px;}.jqplot-xaxis {font-size:0.8em;padding-top:3px;}.jqplot-yaxis {font-size:0.8em;padding-right:3px;}
/*]]>*/
</style>
<!--[if lt IE 9]><script type="text/javascript" src="/assets/62ff72f1/excanvas.min.js"></script></script><![endif]-->
<script type="text/javascript" src="/assets/780cfc96/jquery.min.js"></script>
<script type="text/javascript" src="/assets/62ff72f1/jquery.min.js"></script>
<script type="text/javascript" src="/assets/62ff72f1/jquery.jqplot.min.js"></script>
<script type="text/javascript">
/*<![CDATA[*/
var jqplots = [];

/*]]>*/
</script>
<title>Airfoil polar plot</title>
<meta http-equiv="Content-Language" content="en-gb"/>
<meta http-equiv="Content-Type" content="text/html; charset=windows-1252"/>
<meta content="none" name="robots" />
<meta name="copyright" content="Copyright 2010-2013. All Rights Reserved" />
</head>
<body>

<table style="width:800px;">
<tr><td>
<div id="liftdrag" style="height:400px;width:398px;margin:auto;display:inline-block;"></div>
</td><td>
<div id="liftaoa" style="height:400px;width:398px;margin:auto;display:inline-block;"></div>
</td></tr>
<tr><td>
<div id="effaoa" style="height:400px;width:398px;margin:auto;display:inline-block;"></div>
</td><td>
<div id="dragaoa" style="height:400px;width:398px;margin:auto;display:inline-block;"></div>
</td></tr>
<tr><td>
<div id="momentaoa" style="height:400px;width:398px;margin:auto;display:inline-block;"></div>
</td><td>
</td></tr>

</table>
<script type="text/javascript">
/*<![CDATA[*/
jQuery(window).load(function() {
var p = $.jqplot('liftdrag',[[[0.14794,-0.0935],[0.14641,-0.0907],[0.14722,-0.1024],[0.13850,-0.0611],[0.13789,-0.0657],[0.13289,-0.0466],[0.13054,-0.0388],[0.13158,-0.0583],[0.12459,-0.0211],[0.12493,-0.0367],[0.11927,-0.0069],[0.11971,-0.0248],[0.11464,0.0033],[0.11247,0.0048],[0.11210,-0.0053],[0.10888,0.0111],[0.10678,0.0167],[0.10481,0.0213],[0.10331,0.0221],[0.10207,0.0217],[0.10086,0.0229],[0.10029,0.0168],[0.09987,0.0109],[0.09999,-0.0001],[0.10319,-0.0465],[0.10851,-0.1227],[0.13641,-0.4876],[0.13220,-0.4670],[0.12012,-0.3530],[0.11948,-0.3531],[0.12222,-0.6119],[0.11947,-0.6169],[0.11663,-0.6165],[0.11378,-0.6239],[0.10652,-0.2819],[0.10098,-0.3429],[0.09819,-0.4165],[0.09459,-0.4830],[0.09081,-0.5528],[0.06580,-0.4014],[0.06420,-0.3696],[0.06417,-0.3255],[0.06335,-0.2957],[0.06302,-0.2666],[0.06365,-0.2292],[0.06351,-0.2039],[0.06397,-0.1782],[0.06549,-0.1431],[0.06529,-0.1243],[0.06535,-0.1043],[0.06495,-0.0589],[0.06572,-0.0442],[0.06674,-0.0288],[0.06822,-0.0095],[0.07024,0.0172],[0.07076,0.0273],[0.07186,0.0407],[0.07460,0.0726],[0.07498,0.0806],[0.07613,0.0931],[0.07850,0.1211],[0.07906,0.1272],[0.08214,0.1599],[0.08224,0.1624],[0.08577,0.1972],[0.08544,0.1956],[0.08883,0.2281],[0.08863,0.2259],[0.09172,0.2565],[0.09196,0.2563],[0.09456,0.2827],[0.09585,0.2900],[0.09741,0.3053],[0.10091,0.3361],[0.10083,0.3318],[0.10335,0.3553],[0.10627,0.3757],[0.10646,0.3758],[0.10949,0.4021],[0.11080,0.4066],[0.11238,0.4190],[0.11576,0.4460],[0.11655,0.4455],[0.11852,0.4606],[0.12227,0.4882],[0.12266,0.4840],[0.12487,0.5003],[0.12906,0.5288],[0.12909,0.5217],[0.13149,0.5387],[0.13599,0.5670],[0.13577,0.5583],[0.13836,0.5756],[0.14339,0.6049],[0.14266,0.5934],[0.14555,0.6119],[0.15017,0.6352],[0.14975,0.6277],[0.15318,0.6485],],[[0.14202,-0.1143],[0.14072,-0.1195],[0.13875,-0.1216],[0.12949,-0.0774],[0.12663,-0.0689],[0.12382,-0.0635],[0.12139,-0.0622],[0.12004,-0.0720],[0.11862,-0.0852],[0.11299,-0.0685],[0.10914,-0.0440],[0.10638,-0.0364],[0.10369,-0.0349],[0.10153,-0.0444],[0.09941,-0.0675],[0.09468,-0.0367],[0.09231,-0.0239],[0.08965,-0.0378],[0.08643,-0.0619],[0.08361,-0.0290],[0.08087,-0.0322],[0.07812,-0.0592],[0.07731,-0.0951],[0.07337,-0.0737],[0.07169,-0.0750],[0.07300,-0.1192],[0.06821,-0.0927],[0.06743,-0.0978],[0.06578,-0.1032],[0.06779,-0.1258],[0.06447,-0.1138],[0.09488,-0.4380],[0.06947,-0.2064],[0.06703,-0.1839],[0.07838,-0.3826],[0.07598,-0.3572],[0.07423,-0.3549],[0.07240,-0.3271],[0.06246,-0.2396],[0.06056,-0.2030],[0.05986,-0.1820],[0.05921,-0.1559],[0.05920,-0.1145],[0.05852,-0.1097],[0.05906,-0.0693],[0.05884,-0.0660],[0.05907,-0.0284],[0.05886,-0.0263],[0.05943,0.0085],[0.05938,0.0107],[0.05770,0.0358],[0.06248,0.1488],[0.06198,0.1274],[0.06385,0.1626],[0.06336,0.1397],[0.06523,0.1757],[0.06480,0.1528],[0.06661,0.1875],[0.06640,0.1634],[0.06801,0.1941],[0.06847,0.1786],[0.06985,0.2063],[0.07214,0.2462],[0.07219,0.2229],[0.07396,0.2545],[0.07649,0.2923],[0.07651,0.2621],[0.07825,0.2922],[0.08082,0.3314],[0.08117,0.3019],[0.08283,0.3252],[0.08495,0.3549],[0.08778,0.3885],[0.08786,0.3581],[0.08967,0.3815],[0.09195,0.4107],[0.09492,0.4422],[0.09506,0.4114],[0.09690,0.4339],[0.09926,0.4619],[0.10210,0.4839],[0.10260,0.4649],[0.10456,0.4872],[0.10716,0.5176],[0.10872,0.5041],[0.11047,0.5194],[0.11271,0.5464],[0.11610,0.5823],[0.11672,0.5547],[0.11883,0.5785],[0.12203,0.6137],[0.12313,0.5917],[0.12529,0.6147],[0.12859,0.6497],[0.12971,0.6292],[0.13206,0.6542],[0.13468,0.6544],[0.13647,0.6676],[0.13923,0.6972],],[[0.11342,-0.0764],[0.11053,-0.0833],[0.10729,-0.0821],[0.10199,-0.0735],[0.09940,-0.0589],[0.09724,-0.0472],[0.09431,-0.0435],[0.09113,-0.0426],[0.08738,-0.0540],[0.08278,-0.0681],[0.07903,-0.0884],[0.07675,-0.1053],[0.07475,-0.1202],[0.06800,-0.1141],[0.06549,-0.0994],[0.06332,-0.0967],[0.06104,-0.0974],[0.05868,-0.0984],[0.05639,-0.0997],[0.05747,-0.1065],[0.05072,-0.1025],[0.04839,-0.0886],[0.04669,-0.0755],[0.04256,-0.0530],[0.04090,-0.0357],[0.03522,-0.0154],[0.03315,0.0056],[0.03157,0.0284],[0.03003,0.0518],[0.02922,0.0721],[0.02902,0.0934],[0.02770,0.1150],[0.02732,0.1374],[0.02701,0.1602],[0.02668,0.1837],[0.02630,0.2081],[0.02580,0.2318],[0.02538,0.2556],[0.02630,0.2604],[0.02657,0.2699],[0.02540,0.2559],[0.02651,0.2641],[0.02717,0.2727],[0.02759,0.2807],[0.03088,0.2401],[0.03122,0.2607],[0.03041,0.4564],[0.02981,0.5254],[0.02918,0.5894],[0.02875,0.6348],[0.02851,0.6698],[0.03156,0.6651],[0.03133,0.7003],[0.03097,0.7396],[0.03060,0.7786],[0.03026,0.8164],[0.03007,0.8431],[0.03931,0.6445],[0.03899,0.6677],[0.04068,0.6301],[0.03953,0.6762],[0.03850,0.7223],[0.03758,0.7693],[0.03659,0.8151],[0.03558,0.8598],[0.04448,0.6246],[0.04354,0.6636],[0.04909,0.6050],[0.04931,0.6296],[0.04921,0.6585],[0.04900,0.6891],[0.05245,0.6755],[0.05255,0.7026],[0.05239,0.7327],[0.05210,0.7641],[0.05173,0.7963],[0.05134,0.8283],[0.06108,0.7534],[0.06170,0.7758],[0.06177,0.8032],[0.06704,0.7813],[0.06811,0.7999],[0.06845,0.8250],[0.07380,0.8053],[0.07542,0.8189],[0.07569,0.8441],[0.07576,0.8712],[0.07551,0.9007],[0.07499,0.9322],[0.06660,1.0410],[0.05241,1.1687],[0.04652,1.2408],[0.04491,1.2762],[0.04456,1.2975],[0.04679,1.2961],[0.04943,1.2909],[0.05295,1.2792],[0.05709,1.2627],[0.06230,1.2380],[0.06843,1.2077],[0.07412,1.1840],[0.08039,1.1573],[0.08613,1.1369],[0.09028,1.1306],[0.09408,1.1278],[0.09737,1.1293],[0.10081,1.1301],[0.10441,1.1300],[0.10838,1.1275],],[[0.09123,-0.0150],[0.08840,-0.0091],[0.08491,-0.0066],[0.08116,-0.0057],[0.07717,-0.0060],[0.07219,-0.0118],[0.06648,-0.0204],[0.06113,-0.0271],[0.05441,-0.0425],[0.04972,-0.0593],[0.04588,-0.0774],[0.04296,-0.0943],[0.03980,-0.1113],[0.04300,-0.1568],[0.04125,-0.1458],[0.03974,-0.1333],[0.03865,-0.1180],[0.03662,-0.1040],[0.02741,-0.1122],[0.02448,-0.0962],[0.02258,-0.0751],[0.02229,-0.0503],[0.01970,-0.0279],[0.01879,-0.0026],[0.01815,0.0231],[0.01762,0.0491],[0.01720,0.0752],[0.01669,0.1010],[0.01630,0.1269],[0.01560,0.1505],[0.01518,0.1751],[0.01496,0.2011],[0.01477,0.2273],[0.01459,0.2536],[0.01449,0.2798],[0.01437,0.3059],[0.01413,0.3315],[0.01376,0.3563],[0.01200,0.3738],[0.01201,0.3925],[0.01233,0.4188],[0.01270,0.4420],[0.01306,0.4641],[0.01332,0.4850],[0.01344,0.5077],[0.01359,0.5313],[0.01379,0.5548],[0.01380,0.5759],[0.01384,0.6009],[0.01382,0.6237],[0.01386,0.6473],[0.01393,0.6728],[0.01387,0.6951],[0.01382,0.7216],[0.01379,0.7495],[0.01379,0.7783],[0.01394,0.8073],[0.01399,0.8332],[0.01396,0.8540],[0.01396,0.8775],[0.01396,0.9032],[0.01393,0.9298],[0.01390,0.9578],[0.01386,0.9872],[0.01385,1.0175],[0.01386,1.0440],[0.01385,1.0625],[0.01385,1.0855],[0.01381,1.1112],[0.01375,1.1390],[0.01369,1.1684],[0.01350,1.1997],[0.01338,1.2192],[0.01295,1.2440],[0.01271,1.2703],[0.01265,1.2902],[0.01242,1.3135],[0.01235,1.3311],[0.01238,1.3465],[0.01262,1.3568],[0.01330,1.3605],[0.01483,1.3575],[0.01721,1.3419],[0.02007,1.3323],[0.02371,1.3175],[0.02728,1.3028],[0.03136,1.2800],[0.03479,1.2647],[0.04009,1.2269],[0.04504,1.1980],[0.05000,1.1716],[0.05449,1.1527],[0.05967,1.1292],[0.06325,1.1233],[0.06612,1.1247],[0.06866,1.1296],[0.07122,1.1346],[0.07367,1.1410],[0.07643,1.1451],[0.07904,1.1504],[0.08201,1.1533],[0.08505,1.1559],[0.08820,1.1581],[0.09170,1.1580],[0.09532,1.1572],[0.09905,1.1559],[0.10254,1.1568],],[[0.08835,-0.0586],[0.08179,-0.0657],[0.07792,-0.0656],[0.07321,-0.0695],[0.06739,-0.0783],[0.02749,-0.3732],[0.02469,-0.3698],[0.02370,-0.3526],[0.02047,-0.3487],[0.01988,-0.3268],[0.01962,-0.3028],[0.01927,-0.2790],[0.01880,-0.2551],[0.01816,-0.2315],[0.01780,-0.2064],[0.01774,-0.1803],[0.01581,-0.1598],[0.01549,-0.1342],[0.01516,-0.1082],[0.01474,-0.0822],[0.01439,-0.0559],[0.01427,-0.0288],[0.01351,-0.0041],[0.01285,0.0201],[0.01256,0.0460],[0.01241,0.0724],[0.01219,0.0990],[0.01191,0.1255],[0.01168,0.1522],[0.01141,0.1787],[0.01106,0.2047],[0.01089,0.2320],[0.01075,0.2597],[0.01063,0.2875],[0.01045,0.3152],[0.01029,0.3430],[0.01017,0.3711],[0.01000,0.3990],[0.00941,0.4249],[0.00809,0.4503],[0.00797,0.4767],[0.00807,0.5046],[0.00821,0.5322],[0.00833,0.5606],[0.00842,0.5870],[0.00852,0.6148],[0.00858,0.6424],[0.00869,0.6679],[0.00878,0.6954],[0.00883,0.7249],[0.00889,0.7542],[0.00900,0.7799],[0.00911,0.8062],[0.00913,0.8343],[0.00915,0.8629],[0.00917,0.8916],[0.00921,0.9208],[0.00923,0.9503],[0.00922,0.9787],[0.00920,1.0060],[0.00922,1.0337],[0.00930,1.0616],[0.00934,1.0891],[0.00936,1.1167],[0.00938,1.1445],[0.00939,1.1726],[0.00934,1.2006],[0.00935,1.2281],[0.00931,1.2561],[0.00934,1.2831],[0.00933,1.3095],[0.00939,1.3336],[0.00957,1.3551],[0.01004,1.3709],[0.01092,1.3777],[0.01202,1.3768],[0.01311,1.3662],[0.01459,1.3461],[0.01688,1.3124],[0.01988,1.2891],[0.02403,1.2596],[0.02841,1.2264],[0.03176,1.2052],[0.03527,1.1826],[0.03910,1.1583],[0.04361,1.1312],[0.04655,1.1256],[0.04942,1.1214],[0.05137,1.1275],[0.05316,1.1353],[0.05504,1.1429],[0.05711,1.1491],[0.05907,1.1572],[0.06161,1.1624],[0.06410,1.1695],[0.06677,1.1727],[0.06986,1.1732],[0.07273,1.1760],[0.07523,1.1824],[0.07787,1.1878],[0.08073,1.1916],[0.08373,1.1947],[0.08676,1.1978],[0.09002,1.1996],[0.09315,1.2024],],],
{"title":"Cl v Cd","sortData":false,"legend":{"show":false,"placement":"insideGrid","location":"ne"},"series":[{"showLabel":true,"index":0,"showLine":true,"trendline":{"type":"none","show":false},"color":"#4bb2c5"},{"showLabel":true,"index":0,"showLine":true,"trendline":{"type":"none","show":false},"color":"#EAA228"},{"showLabel":true,"index":0,"showLine":true,"trendline":{"type":"none","show":false},"color":"#839557"},{"showLabel":true,"index":0,"showLine":true,"trendline":{"type":"none","show":false},"color":"#953579"},{"showLabel":true,"index":0,"showLine":true,"trendline":{"type":"none","show":false},"color":"#d8b83f"}],"show":"$.jqplot.config.enablePlugins","axes":{"xaxis":{"max":0.16,"min":0,"tickInterval":0.02,"tickOptions":{"formatString":"%.2f"},"forceTickAt0":true,"rendererOptions":{"forceTickAt0":true}},"yaxis":{"max":1.5,"min":-1,"tickInterval":0.5,"tickOptions":{"formatString":"%.2f"},"forceTickAt0":true,"rendererOptions":{"forceTickAt0":true}}},"seriesDefaults":{"lineWidth":1,"showLabel":true,"markerOptions":{"size":5,"show":false}}});
jqplots.push(p);

var p = $.jqplot('liftaoa',[[[-13.750,-0.0935],[-13.500,-0.0907],[-13.250,-0.1024],[-13.000,-0.0611],[-12.750,-0.0657],[-12.500,-0.0466],[-12.250,-0.0388],[-12.000,-0.0583],[-11.750,-0.0211],[-11.500,-0.0367],[-11.250,-0.0069],[-11.000,-0.0248],[-10.750,0.0033],[-10.500,0.0048],[-10.250,-0.0053],[-10.000,0.0111],[-9.750,0.0167],[-9.500,0.0213],[-9.250,0.0221],[-9.000,0.0217],[-8.750,0.0229],[-8.500,0.0168],[-8.250,0.0109],[-8.000,-0.0001],[-7.750,-0.0465],[-7.500,-0.1227],[-7.250,-0.4876],[-7.000,-0.4670],[-6.750,-0.3530],[-6.500,-0.3531],[-5.750,-0.6119],[-5.500,-0.6169],[-5.250,-0.6165],[-5.000,-0.6239],[-3.500,-0.2819],[-2.750,-0.3429],[-2.500,-0.4165],[-2.250,-0.4830],[-2.000,-0.5528],[-1.750,-0.4014],[-1.500,-0.3696],[-1.250,-0.3255],[-1.000,-0.2957],[-0.750,-0.2666],[-0.500,-0.2292],[-0.250,-0.2039],[0.000,-0.1782],[0.250,-0.1431],[0.500,-0.1243],[0.750,-0.1043],[1.000,-0.0589],[1.250,-0.0442],[1.500,-0.0288],[1.750,-0.0095],[2.000,0.0172],[2.250,0.0273],[2.500,0.0407],[2.750,0.0726],[3.000,0.0806],[3.250,0.0931],[3.500,0.1211],[3.750,0.1272],[4.000,0.1599],[4.250,0.1624],[4.500,0.1972],[4.750,0.1956],[5.000,0.2281],[5.250,0.2259],[5.500,0.2565],[5.750,0.2563],[6.000,0.2827],[6.250,0.2900],[6.500,0.3053],[6.750,0.3361],[7.000,0.3318],[7.250,0.3553],[7.500,0.3757],[7.750,0.3758],[8.000,0.4021],[8.250,0.4066],[8.500,0.4190],[8.750,0.4460],[9.000,0.4455],[9.250,0.4606],[9.500,0.4882],[9.750,0.4840],[10.000,0.5003],[10.250,0.5288],[10.500,0.5217],[10.750,0.5387],[11.000,0.5670],[11.250,0.5583],[11.500,0.5756],[11.750,0.6049],[12.000,0.5934],[12.250,0.6119],[12.500,0.6352],[12.750,0.6277],[13.000,0.6485],],[[-13.250,-0.1143],[-13.000,-0.1195],[-12.750,-0.1216],[-12.500,-0.0774],[-12.250,-0.0689],[-12.000,-0.0635],[-11.750,-0.0622],[-11.500,-0.0720],[-11.250,-0.0852],[-11.000,-0.0685],[-10.750,-0.0440],[-10.500,-0.0364],[-10.250,-0.0349],[-10.000,-0.0444],[-9.750,-0.0675],[-9.500,-0.0367],[-9.250,-0.0239],[-9.000,-0.0378],[-8.750,-0.0619],[-8.500,-0.0290],[-8.250,-0.0322],[-8.000,-0.0592],[-7.750,-0.0951],[-7.500,-0.0737],[-7.250,-0.0750],[-7.000,-0.1192],[-6.750,-0.0927],[-6.500,-0.0978],[-6.250,-0.1032],[-6.000,-0.1258],[-5.750,-0.1138],[-5.500,-0.4380],[-5.000,-0.2064],[-4.750,-0.1839],[-4.000,-0.3826],[-3.750,-0.3572],[-3.500,-0.3549],[-3.250,-0.3271],[-2.500,-0.2396],[-2.250,-0.2030],[-2.000,-0.1820],[-1.750,-0.1559],[-1.500,-0.1145],[-1.250,-0.1097],[-1.000,-0.0693],[-0.750,-0.0660],[-0.500,-0.0284],[-0.250,-0.0263],[0.000,0.0085],[0.250,0.0107],[0.500,0.0358],[0.750,0.1488],[1.000,0.1274],[1.250,0.1626],[1.500,0.1397],[1.750,0.1757],[2.000,0.1528],[2.250,0.1875],[2.500,0.1634],[2.750,0.1941],[3.000,0.1786],[3.250,0.2063],[3.500,0.2462],[3.750,0.2229],[4.000,0.2545],[4.250,0.2923],[4.500,0.2621],[4.750,0.2922],[5.000,0.3314],[5.250,0.3019],[5.500,0.3252],[5.750,0.3549],[6.000,0.3885],[6.250,0.3581],[6.500,0.3815],[6.750,0.4107],[7.000,0.4422],[7.250,0.4114],[7.500,0.4339],[7.750,0.4619],[8.000,0.4839],[8.250,0.4649],[8.500,0.4872],[8.750,0.5176],[9.000,0.5041],[9.250,0.5194],[9.500,0.5464],[9.750,0.5823],[10.000,0.5547],[10.250,0.5785],[10.500,0.6137],[10.750,0.5917],[11.000,0.6147],[11.250,0.6497],[11.500,0.6292],[11.750,0.6542],[12.000,0.6544],[12.250,0.6676],[12.500,0.6972],],[[-11.500,-0.0764],[-11.250,-0.0833],[-11.000,-0.0821],[-10.750,-0.0735],[-10.500,-0.0589],[-10.250,-0.0472],[-10.000,-0.0435],[-9.750,-0.0426],[-9.500,-0.0540],[-9.250,-0.0681],[-9.000,-0.0884],[-8.750,-0.1053],[-8.500,-0.1202],[-8.250,-0.1141],[-8.000,-0.0994],[-7.750,-0.0967],[-7.500,-0.0974],[-7.250,-0.0984],[-7.000,-0.0997],[-6.750,-0.1065],[-6.500,-0.1025],[-6.250,-0.0886],[-6.000,-0.0755],[-5.500,-0.0530],[-5.250,-0.0357],[-5.000,-0.0154],[-4.750,0.0056],[-4.500,0.0284],[-4.250,0.0518],[-4.000,0.0721],[-3.750,0.0934],[-3.500,0.1150],[-3.250,0.1374],[-3.000,0.1602],[-2.750,0.1837],[-2.500,0.2081],[-2.250,0.2318],[-2.000,0.2556],[-1.750,0.2604],[-1.500,0.2699],[-1.250,0.2559],[-1.000,0.2641],[-0.750,0.2727],[-0.500,0.2807],[-0.250,0.2401],[0.000,0.2607],[0.250,0.4564],[0.500,0.5254],[0.750,0.5894],[1.000,0.6348],[1.250,0.6698],[1.500,0.6651],[1.750,0.7003],[2.000,0.7396],[2.250,0.7786],[2.500,0.8164],[2.750,0.8431],[3.000,0.6445],[3.250,0.6677],[3.500,0.6301],[3.750,0.6762],[4.000,0.7223],[4.250,0.7693],[4.500,0.8151],[4.750,0.8598],[5.000,0.6246],[5.250,0.6636],[5.500,0.6050],[5.750,0.6296],[6.000,0.6585],[6.250,0.6891],[6.500,0.6755],[6.750,0.7026],[7.000,0.7327],[7.250,0.7641],[7.500,0.7963],[7.750,0.8283],[8.000,0.7534],[8.250,0.7758],[8.500,0.8032],[8.750,0.7813],[9.000,0.7999],[9.250,0.8250],[9.500,0.8053],[9.750,0.8189],[10.000,0.8441],[10.250,0.8712],[10.500,0.9007],[10.750,0.9322],[11.250,1.0410],[11.500,1.1687],[11.750,1.2408],[12.000,1.2762],[12.250,1.2975],[12.500,1.2961],[12.750,1.2909],[13.000,1.2792],[13.250,1.2627],[13.500,1.2380],[13.750,1.2077],[14.000,1.1840],[14.250,1.1573],[14.500,1.1369],[14.750,1.1306],[15.000,1.1278],[15.250,1.1293],[15.500,1.1301],[15.750,1.1300],[16.000,1.1275],],[[-11.000,-0.0150],[-10.750,-0.0091],[-10.500,-0.0066],[-10.250,-0.0057],[-10.000,-0.0060],[-9.750,-0.0118],[-9.500,-0.0204],[-9.250,-0.0271],[-9.000,-0.0425],[-8.750,-0.0593],[-8.500,-0.0774],[-8.250,-0.0943],[-8.000,-0.1113],[-7.500,-0.1568],[-7.250,-0.1458],[-7.000,-0.1333],[-6.750,-0.1180],[-6.500,-0.1040],[-6.250,-0.1122],[-6.000,-0.0962],[-5.750,-0.0751],[-5.500,-0.0503],[-5.250,-0.0279],[-5.000,-0.0026],[-4.750,0.0231],[-4.500,0.0491],[-4.250,0.0752],[-4.000,0.1010],[-3.750,0.1269],[-3.500,0.1505],[-3.250,0.1751],[-3.000,0.2011],[-2.750,0.2273],[-2.500,0.2536],[-2.250,0.2798],[-2.000,0.3059],[-1.750,0.3315],[-1.500,0.3563],[-1.250,0.3738],[-1.000,0.3925],[-0.750,0.4188],[-0.500,0.4420],[-0.250,0.4641],[0.000,0.4850],[0.250,0.5077],[0.500,0.5313],[0.750,0.5548],[1.000,0.5759],[1.250,0.6009],[1.500,0.6237],[1.750,0.6473],[2.000,0.6728],[2.250,0.6951],[2.500,0.7216],[2.750,0.7495],[3.000,0.7783],[3.250,0.8073],[3.500,0.8332],[3.750,0.8540],[4.000,0.8775],[4.250,0.9032],[4.500,0.9298],[4.750,0.9578],[5.000,0.9872],[5.250,1.0175],[5.500,1.0440],[5.750,1.0625],[6.000,1.0855],[6.250,1.1112],[6.500,1.1390],[6.750,1.1684],[7.000,1.1997],[7.250,1.2192],[7.500,1.2440],[7.750,1.2703],[8.000,1.2902],[8.250,1.3135],[8.500,1.3311],[8.750,1.3465],[9.000,1.3568],[9.250,1.3605],[9.500,1.3575],[9.750,1.3419],[10.000,1.3323],[10.250,1.3175],[10.500,1.3028],[10.750,1.2800],[11.000,1.2647],[11.250,1.2269],[11.500,1.1980],[11.750,1.1716],[12.000,1.1527],[12.250,1.1292],[12.500,1.1233],[12.750,1.1247],[13.000,1.1296],[13.250,1.1346],[13.500,1.1410],[13.750,1.1451],[14.000,1.1504],[14.250,1.1533],[14.500,1.1559],[14.750,1.1581],[15.000,1.1580],[15.250,1.1572],[15.500,1.1559],[15.750,1.1568],],[[-10.500,-0.0586],[-10.250,-0.0657],[-10.000,-0.0656],[-9.750,-0.0695],[-9.500,-0.0783],[-9.250,-0.3732],[-9.000,-0.3698],[-8.750,-0.3526],[-8.500,-0.3487],[-8.250,-0.3268],[-8.000,-0.3028],[-7.750,-0.2790],[-7.500,-0.2551],[-7.250,-0.2315],[-7.000,-0.2064],[-6.750,-0.1803],[-6.500,-0.1598],[-6.250,-0.1342],[-6.000,-0.1082],[-5.750,-0.0822],[-5.500,-0.0559],[-5.250,-0.0288],[-5.000,-0.0041],[-4.750,0.0201],[-4.500,0.0460],[-4.250,0.0724],[-4.000,0.0990],[-3.750,0.1255],[-3.500,0.1522],[-3.250,0.1787],[-3.000,0.2047],[-2.750,0.2320],[-2.500,0.2597],[-2.250,0.2875],[-2.000,0.3152],[-1.750,0.3430],[-1.500,0.3711],[-1.250,0.3990],[-1.000,0.4249],[-0.750,0.4503],[-0.500,0.4767],[-0.250,0.5046],[0.000,0.5322],[0.250,0.5606],[0.500,0.5870],[0.750,0.6148],[1.000,0.6424],[1.250,0.6679],[1.500,0.6954],[1.750,0.7249],[2.000,0.7542],[2.250,0.7799],[2.500,0.8062],[2.750,0.8343],[3.000,0.8629],[3.250,0.8916],[3.500,0.9208],[3.750,0.9503],[4.000,0.9787],[4.250,1.0060],[4.500,1.0337],[4.750,1.0616],[5.000,1.0891],[5.250,1.1167],[5.500,1.1445],[5.750,1.1726],[6.000,1.2006],[6.250,1.2281],[6.500,1.2561],[6.750,1.2831],[7.000,1.3095],[7.250,1.3336],[7.500,1.3551],[7.750,1.3709],[8.000,1.3777],[8.250,1.3768],[8.500,1.3662],[8.750,1.3461],[9.000,1.3124],[9.250,1.2891],[9.500,1.2596],[9.750,1.2264],[10.000,1.2052],[10.250,1.1826],[10.500,1.1583],[10.750,1.1312],[11.000,1.1256],[11.250,1.1214],[11.500,1.1275],[11.750,1.1353],[12.000,1.1429],[12.250,1.1491],[12.500,1.1572],[12.750,1.1624],[13.000,1.1695],[13.250,1.1727],[13.500,1.1732],[13.750,1.1760],[14.000,1.1824],[14.250,1.1878],[14.500,1.1916],[14.750,1.1947],[15.000,1.1978],[15.250,1.1996],[15.500,1.2024],],],
{"title":"Cl v Alpha","sortData":false,"legend":{"show":false,"placement":"insideGrid","location":"ne"},"series":[{"showLabel":true,"index":0,"showLine":true,"trendline":{"type":"none","show":false},"color":"#4bb2c5"},{"showLabel":true,"index":0,"showLine":true,"trendline":{"type":"none","show":false},"color":"#EAA228"},{"showLabel":true,"index":0,"showLine":true,"trendline":{"type":"none","show":false},"color":"#839557"},{"showLabel":true,"index":0,"showLine":true,"trendline":{"type":"none","show":false},"color":"#953579"},{"showLabel":true,"index":0,"showLine":true,"trendline":{"type":"none","show":false},"color":"#d8b83f"}],"show":"$.jqplot.config.enablePlugins","axes":{"xaxis":{"max":20,"min":-15,"tickInterval":5,"tickOptions":{"formatString":"%.1f"},"forceTickAt0":true,"rendererOptions":{"forceTickAt0":true}},"yaxis":{"max":1.5,"min":-1,"tickInterval":0.5,"tickOptions":{"formatString":"%.2f"},"forceTickAt0":true,"rendererOptions":{"forceTickAt0":true}}},"seriesDefaults":{"lineWidth":1,"showLabel":true,"markerOptions":{"size":5,"show":false}}});
jqplots.push(p);

var p = $.jqplot('momentaoa',[[[-13.750,-0.0882],[-13.500,-0.0917],[-13.250,-0.0962],[-13.000,-0.0963],[-12.750,-0.0993],[-12.500,-0.1005],[-12.250,-0.1026],[-12.000,-0.1061],[-11.750,-0.1054],[-11.500,-0.1084],[-11.250,-0.1083],[-11.000,-0.1112],[-10.750,-0.1108],[-10.500,-0.1117],[-10.250,-0.1128],[-10.000,-0.1126],[-9.750,-0.1127],[-9.500,-0.1130],[-9.250,-0.1129],[-9.000,-0.1118],[-8.750,-0.1102],[-8.500,-0.1078],[-8.250,-0.1049],[-8.000,-0.1009],[-7.750,-0.0929],[-7.500,-0.0804],[-7.250,-0.0121],[-7.000,-0.0195],[-6.750,-0.0473],[-6.500,-0.0403],[-5.750,-0.0046],[-5.500,-0.0023],[-5.250,0.0005],[-5.000,0.0027],[-3.500,0.0172],[-2.750,0.0280],[-2.500,0.0372],[-2.250,0.0446],[-2.000,0.0520],[-1.750,-0.0324],[-1.500,-0.0341],[-1.250,-0.0366],[-1.000,-0.0376],[-0.750,-0.0387],[-0.500,-0.0408],[-0.250,-0.0407],[0.000,-0.0404],[0.250,-0.0417],[0.500,-0.0406],[0.750,-0.0401],[1.000,-0.0388],[1.250,-0.0375],[1.500,-0.0367],[1.750,-0.0366],[2.000,-0.0377],[2.250,-0.0363],[2.500,-0.0355],[2.750,-0.0375],[3.000,-0.0360],[3.250,-0.0353],[3.500,-0.0368],[3.750,-0.0353],[4.000,-0.0375],[4.250,-0.0356],[4.500,-0.0381],[4.750,-0.0358],[5.000,-0.0380],[5.250,-0.0358],[5.500,-0.0377],[5.750,-0.0360],[6.000,-0.0374],[6.250,-0.0368],[6.500,-0.0369],[6.750,-0.0389],[7.000,-0.0371],[7.250,-0.0383],[7.500,-0.0393],[7.750,-0.0381],[8.000,-0.0396],[8.250,-0.0391],[8.500,-0.0392],[8.750,-0.0409],[9.000,-0.0401],[9.250,-0.0406],[9.500,-0.0423],[9.750,-0.0414],[10.000,-0.0421],[10.250,-0.0440],[10.500,-0.0431],[10.750,-0.0439],[11.000,-0.0458],[11.250,-0.0450],[11.500,-0.0460],[11.750,-0.0480],[12.000,-0.0472],[12.250,-0.0483],[12.500,-0.0500],[12.750,-0.0497],[13.000,-0.0511],],[[-13.250,-0.0833],[-13.000,-0.0865],[-12.750,-0.0893],[-12.500,-0.0856],[-12.250,-0.0868],[-12.000,-0.0883],[-11.750,-0.0903],[-11.500,-0.0937],[-11.250,-0.0976],[-11.000,-0.0971],[-10.750,-0.0952],[-10.500,-0.0962],[-10.250,-0.0979],[-10.000,-0.1013],[-9.750,-0.1068],[-9.500,-0.1035],[-9.250,-0.1031],[-9.000,-0.1067],[-8.750,-0.1120],[-8.500,-0.1075],[-8.250,-0.1092],[-8.000,-0.1120],[-7.750,-0.1117],[-7.500,-0.1109],[-7.250,-0.1104],[-7.000,-0.1090],[-6.750,-0.1089],[-6.500,-0.1076],[-6.250,-0.1060],[-6.000,-0.1030],[-5.750,-0.1017],[-5.500,-0.0575],[-5.000,-0.0851],[-4.750,-0.0855],[-4.000,-0.0586],[-3.750,-0.0600],[-3.500,-0.0577],[-3.250,-0.0589],[-2.500,-0.0581],[-2.250,-0.0584],[-2.000,-0.0575],[-1.750,-0.0574],[-1.500,-0.0590],[-1.250,-0.0561],[-1.000,-0.0577],[-0.750,-0.0548],[-0.500,-0.0562],[-0.250,-0.0534],[0.000,-0.0544],[0.250,-0.0518],[0.500,-0.0518],[0.750,-0.0611],[1.000,-0.0550],[1.250,-0.0562],[1.500,-0.0500],[1.750,-0.0512],[2.000,-0.0453],[2.250,-0.0463],[2.500,-0.0408],[2.750,-0.0415],[3.000,-0.0378],[3.250,-0.0383],[3.500,-0.0401],[3.750,-0.0365],[4.000,-0.0376],[4.250,-0.0394],[4.500,-0.0357],[4.750,-0.0368],[5.000,-0.0387],[5.250,-0.0356],[5.500,-0.0363],[5.750,-0.0375],[6.000,-0.0391],[6.250,-0.0363],[6.500,-0.0370],[6.750,-0.0382],[7.000,-0.0398],[7.250,-0.0373],[7.500,-0.0381],[7.750,-0.0392],[8.000,-0.0402],[8.250,-0.0388],[8.500,-0.0396],[8.750,-0.0408],[9.000,-0.0401],[9.250,-0.0406],[9.500,-0.0417],[9.750,-0.0433],[10.000,-0.0422],[10.250,-0.0430],[10.500,-0.0445],[10.750,-0.0439],[11.000,-0.0448],[11.250,-0.0462],[11.500,-0.0460],[11.750,-0.0469],[12.000,-0.0476],[12.250,-0.0483],[12.500,-0.0493],],[[-11.500,-0.0883],[-11.250,-0.0921],[-11.000,-0.0943],[-10.750,-0.0939],[-10.500,-0.0932],[-10.250,-0.0931],[-10.000,-0.0944],[-9.750,-0.0963],[-9.500,-0.1012],[-9.250,-0.1071],[-9.000,-0.1101],[-8.750,-0.1095],[-8.500,-0.1081],[-8.250,-0.1089],[-8.000,-0.1083],[-7.750,-0.1075],[-7.500,-0.1066],[-7.250,-0.1056],[-7.000,-0.1044],[-6.750,-0.1007],[-6.500,-0.1008],[-6.250,-0.1002],[-6.000,-0.0992],[-5.500,-0.0963],[-5.250,-0.0954],[-5.000,-0.0910],[-4.750,-0.0901],[-4.500,-0.0892],[-4.250,-0.0885],[-4.000,-0.0875],[-3.750,-0.0866],[-3.500,-0.0860],[-3.250,-0.0854],[-3.000,-0.0847],[-2.750,-0.0840],[-2.500,-0.0835],[-2.250,-0.0829],[-2.000,-0.0823],[-1.750,-0.0800],[-1.500,-0.0785],[-1.250,-0.0708],[-1.000,-0.0659],[-0.750,-0.0605],[-0.500,-0.0545],[-0.250,-0.0481],[0.000,-0.0446],[0.250,-0.0722],[0.500,-0.0795],[0.750,-0.0860],[1.000,-0.0893],[1.250,-0.0907],[1.500,-0.0899],[1.750,-0.0915],[2.000,-0.0939],[2.250,-0.0960],[2.500,-0.0980],[2.750,-0.0978],[3.000,-0.0703],[3.250,-0.0693],[3.500,-0.0610],[3.750,-0.0624],[4.000,-0.0641],[4.250,-0.0664],[4.500,-0.0684],[4.750,-0.0702],[5.000,-0.0406],[5.250,-0.0412],[5.500,-0.0370],[5.750,-0.0372],[6.000,-0.0375],[6.250,-0.0379],[6.500,-0.0369],[6.750,-0.0373],[7.000,-0.0378],[7.250,-0.0383],[7.500,-0.0388],[7.750,-0.0393],[8.000,-0.0371],[8.250,-0.0374],[8.500,-0.0378],[8.750,-0.0374],[9.000,-0.0377],[9.250,-0.0380],[9.500,-0.0379],[9.750,-0.0382],[10.000,-0.0385],[10.250,-0.0388],[10.500,-0.0392],[10.750,-0.0395],[11.250,-0.0399],[11.500,-0.0413],[11.750,-0.0426],[12.000,-0.0429],[12.250,-0.0425],[12.500,-0.0417],[12.750,-0.0407],[13.000,-0.0398],[13.250,-0.0389],[13.500,-0.0381],[13.750,-0.0376],[14.000,-0.0374],[14.250,-0.0375],[14.500,-0.0379],[14.750,-0.0383],[15.000,-0.0389],[15.250,-0.0395],[15.500,-0.0402],[15.750,-0.0410],[16.000,-0.0419],],[[-11.000,-0.0847],[-10.750,-0.0855],[-10.500,-0.0868],[-10.250,-0.0883],[-10.000,-0.0899],[-9.750,-0.0925],[-9.500,-0.0964],[-9.250,-0.0997],[-9.000,-0.1052],[-8.750,-0.1074],[-8.500,-0.1074],[-8.250,-0.1055],[-8.000,-0.1027],[-7.500,-0.1023],[-7.250,-0.1013],[-7.000,-0.1003],[-6.750,-0.0996],[-6.500,-0.0981],[-6.250,-0.0924],[-6.000,-0.0906],[-5.750,-0.0896],[-5.500,-0.0890],[-5.250,-0.0883],[-5.000,-0.0881],[-4.750,-0.0879],[-4.500,-0.0876],[-4.250,-0.0874],[-4.000,-0.0871],[-3.750,-0.0869],[-3.500,-0.0863],[-3.250,-0.0859],[-3.000,-0.0858],[-2.750,-0.0857],[-2.500,-0.0856],[-2.250,-0.0855],[-2.000,-0.0854],[-1.750,-0.0853],[-1.500,-0.0853],[-1.250,-0.0850],[-1.000,-0.0826],[-0.750,-0.0821],[-0.500,-0.0807],[-0.250,-0.0791],[0.000,-0.0771],[0.250,-0.0757],[0.500,-0.0746],[0.750,-0.0735],[1.000,-0.0721],[1.250,-0.0717],[1.500,-0.0707],[1.750,-0.0700],[2.000,-0.0697],[2.250,-0.0686],[2.500,-0.0686],[2.750,-0.0689],[3.000,-0.0694],[3.250,-0.0702],[3.500,-0.0703],[3.750,-0.0692],[4.000,-0.0687],[4.250,-0.0686],[4.500,-0.0688],[4.750,-0.0692],[5.000,-0.0700],[5.250,-0.0710],[5.500,-0.0710],[5.750,-0.0696],[6.000,-0.0692],[6.250,-0.0692],[6.500,-0.0697],[6.750,-0.0705],[7.000,-0.0715],[7.250,-0.0705],[7.500,-0.0702],[7.750,-0.0702],[8.000,-0.0693],[8.250,-0.0688],[8.500,-0.0674],[8.750,-0.0657],[9.000,-0.0632],[9.250,-0.0601],[9.500,-0.0575],[9.750,-0.0542],[10.000,-0.0529],[10.250,-0.0518],[10.500,-0.0505],[10.750,-0.0486],[11.000,-0.0470],[11.250,-0.0444],[11.500,-0.0426],[11.750,-0.0411],[12.000,-0.0402],[12.250,-0.0393],[12.500,-0.0392],[12.750,-0.0392],[13.000,-0.0394],[13.250,-0.0396],[13.500,-0.0399],[13.750,-0.0402],[14.000,-0.0406],[14.250,-0.0410],[14.500,-0.0414],[14.750,-0.0420],[15.000,-0.0426],[15.250,-0.0433],[15.500,-0.0440],[15.750,-0.0448],],[[-10.500,-0.0959],[-10.250,-0.0996],[-10.000,-0.1014],[-9.750,-0.1039],[-9.500,-0.1076],[-9.250,-0.0980],[-9.000,-0.0952],[-8.750,-0.0940],[-8.500,-0.0913],[-8.250,-0.0907],[-8.000,-0.0903],[-7.750,-0.0899],[-7.500,-0.0895],[-7.250,-0.0890],[-7.000,-0.0887],[-6.750,-0.0885],[-6.500,-0.0877],[-6.250,-0.0876],[-6.000,-0.0874],[-5.750,-0.0873],[-5.500,-0.0871],[-5.250,-0.0872],[-5.000,-0.0868],[-4.750,-0.0863],[-4.500,-0.0862],[-4.250,-0.0861],[-4.000,-0.0861],[-3.750,-0.0860],[-3.500,-0.0859],[-3.250,-0.0859],[-3.000,-0.0857],[-2.750,-0.0858],[-2.500,-0.0860],[-2.250,-0.0861],[-2.000,-0.0863],[-1.750,-0.0865],[-1.500,-0.0868],[-1.250,-0.0871],[-1.000,-0.0875],[-0.750,-0.0884],[-0.500,-0.0882],[-0.250,-0.0882],[0.000,-0.0881],[0.250,-0.0882],[0.500,-0.0879],[0.750,-0.0879],[1.000,-0.0880],[1.250,-0.0874],[1.500,-0.0874],[1.750,-0.0881],[2.000,-0.0887],[2.250,-0.0883],[2.500,-0.0882],[2.750,-0.0885],[3.000,-0.0890],[3.250,-0.0895],[3.500,-0.0901],[3.750,-0.0909],[4.000,-0.0913],[4.250,-0.0915],[4.500,-0.0918],[4.750,-0.0922],[5.000,-0.0925],[5.250,-0.0929],[5.500,-0.0933],[5.750,-0.0937],[6.000,-0.0942],[6.250,-0.0946],[6.500,-0.0950],[6.750,-0.0954],[7.000,-0.0955],[7.250,-0.0952],[7.500,-0.0945],[7.750,-0.0929],[8.000,-0.0898],[8.250,-0.0855],[8.500,-0.0795],[8.750,-0.0724],[9.000,-0.0648],[9.250,-0.0607],[9.500,-0.0572],[9.750,-0.0535],[10.000,-0.0505],[10.250,-0.0476],[10.500,-0.0449],[10.750,-0.0426],[11.000,-0.0417],[11.250,-0.0408],[11.500,-0.0404],[11.750,-0.0401],[12.000,-0.0399],[12.250,-0.0397],[12.500,-0.0397],[12.750,-0.0400],[13.000,-0.0407],[13.250,-0.0408],[13.500,-0.0410],[13.750,-0.0413],[14.000,-0.0417],[14.250,-0.0421],[14.500,-0.0426],[14.750,-0.0431],[15.000,-0.0437],[15.250,-0.0443],[15.500,-0.0450],],],
{"title":"Cm v Alpha","sortData":false,"legend":{"show":false,"placement":"insideGrid","location":"ne"},"series":[{"showLabel":true,"index":0,"showLine":true,"trendline":{"type":"none","show":false},"color":"#4bb2c5"},{"showLabel":true,"index":0,"showLine":true,"trendline":{"type":"none","show":false},"color":"#EAA228"},{"showLabel":true,"index":0,"showLine":true,"trendline":{"type":"none","show":false},"color":"#839557"},{"showLabel":true,"index":0,"showLine":true,"trendline":{"type":"none","show":false},"color":"#953579"},{"showLabel":true,"index":0,"showLine":true,"trendline":{"type":"none","show":false},"color":"#d8b83f"}],"show":"$.jqplot.config.enablePlugins","axes":{"xaxis":{"max":20,"min":-15,"tickInterval":5,"tickOptions":{"formatString":"%.1f"},"forceTickAt0":true,"rendererOptions":{"forceTickAt0":true}},"yaxis":{"max":0.06,"min":-0.12,"tickInterval":0.02,"tickOptions":{"formatString":"%.2f"},"forceTickAt0":true,"rendererOptions":{"forceTickAt0":true}}},"seriesDefaults":{"lineWidth":1,"showLabel":true,"markerOptions":{"size":5,"show":false}}});
jqplots.push(p);

var p = $.jqplot('dragaoa',[[[-13.750,0.14794],[-13.500,0.14641],[-13.250,0.14722],[-13.000,0.13850],[-12.750,0.13789],[-12.500,0.13289],[-12.250,0.13054],[-12.000,0.13158],[-11.750,0.12459],[-11.500,0.12493],[-11.250,0.11927],[-11.000,0.11971],[-10.750,0.11464],[-10.500,0.11247],[-10.250,0.11210],[-10.000,0.10888],[-9.750,0.10678],[-9.500,0.10481],[-9.250,0.10331],[-9.000,0.10207],[-8.750,0.10086],[-8.500,0.10029],[-8.250,0.09987],[-8.000,0.09999],[-7.750,0.10319],[-7.500,0.10851],[-7.250,0.13641],[-7.000,0.13220],[-6.750,0.12012],[-6.500,0.11948],[-5.750,0.12222],[-5.500,0.11947],[-5.250,0.11663],[-5.000,0.11378],[-3.500,0.10652],[-2.750,0.10098],[-2.500,0.09819],[-2.250,0.09459],[-2.000,0.09081],[-1.750,0.06580],[-1.500,0.06420],[-1.250,0.06417],[-1.000,0.06335],[-0.750,0.06302],[-0.500,0.06365],[-0.250,0.06351],[0.000,0.06397],[0.250,0.06549],[0.500,0.06529],[0.750,0.06535],[1.000,0.06495],[1.250,0.06572],[1.500,0.06674],[1.750,0.06822],[2.000,0.07024],[2.250,0.07076],[2.500,0.07186],[2.750,0.07460],[3.000,0.07498],[3.250,0.07613],[3.500,0.07850],[3.750,0.07906],[4.000,0.08214],[4.250,0.08224],[4.500,0.08577],[4.750,0.08544],[5.000,0.08883],[5.250,0.08863],[5.500,0.09172],[5.750,0.09196],[6.000,0.09456],[6.250,0.09585],[6.500,0.09741],[6.750,0.10091],[7.000,0.10083],[7.250,0.10335],[7.500,0.10627],[7.750,0.10646],[8.000,0.10949],[8.250,0.11080],[8.500,0.11238],[8.750,0.11576],[9.000,0.11655],[9.250,0.11852],[9.500,0.12227],[9.750,0.12266],[10.000,0.12487],[10.250,0.12906],[10.500,0.12909],[10.750,0.13149],[11.000,0.13599],[11.250,0.13577],[11.500,0.13836],[11.750,0.14339],[12.000,0.14266],[12.250,0.14555],[12.500,0.15017],[12.750,0.14975],[13.000,0.15318],],[[-13.250,0.14202],[-13.000,0.14072],[-12.750,0.13875],[-12.500,0.12949],[-12.250,0.12663],[-12.000,0.12382],[-11.750,0.12139],[-11.500,0.12004],[-11.250,0.11862],[-11.000,0.11299],[-10.750,0.10914],[-10.500,0.10638],[-10.250,0.10369],[-10.000,0.10153],[-9.750,0.09941],[-9.500,0.09468],[-9.250,0.09231],[-9.000,0.08965],[-8.750,0.08643],[-8.500,0.08361],[-8.250,0.08087],[-8.000,0.07812],[-7.750,0.07731],[-7.500,0.07337],[-7.250,0.07169],[-7.000,0.07300],[-6.750,0.06821],[-6.500,0.06743],[-6.250,0.06578],[-6.000,0.06779],[-5.750,0.06447],[-5.500,0.09488],[-5.000,0.06947],[-4.750,0.06703],[-4.000,0.07838],[-3.750,0.07598],[-3.500,0.07423],[-3.250,0.07240],[-2.500,0.06246],[-2.250,0.06056],[-2.000,0.05986],[-1.750,0.05921],[-1.500,0.05920],[-1.250,0.05852],[-1.000,0.05906],[-0.750,0.05884],[-0.500,0.05907],[-0.250,0.05886],[0.000,0.05943],[0.250,0.05938],[0.500,0.05770],[0.750,0.06248],[1.000,0.06198],[1.250,0.06385],[1.500,0.06336],[1.750,0.06523],[2.000,0.06480],[2.250,0.06661],[2.500,0.06640],[2.750,0.06801],[3.000,0.06847],[3.250,0.06985],[3.500,0.07214],[3.750,0.07219],[4.000,0.07396],[4.250,0.07649],[4.500,0.07651],[4.750,0.07825],[5.000,0.08082],[5.250,0.08117],[5.500,0.08283],[5.750,0.08495],[6.000,0.08778],[6.250,0.08786],[6.500,0.08967],[6.750,0.09195],[7.000,0.09492],[7.250,0.09506],[7.500,0.09690],[7.750,0.09926],[8.000,0.10210],[8.250,0.10260],[8.500,0.10456],[8.750,0.10716],[9.000,0.10872],[9.250,0.11047],[9.500,0.11271],[9.750,0.11610],[10.000,0.11672],[10.250,0.11883],[10.500,0.12203],[10.750,0.12313],[11.000,0.12529],[11.250,0.12859],[11.500,0.12971],[11.750,0.13206],[12.000,0.13468],[12.250,0.13647],[12.500,0.13923],],[[-11.500,0.11342],[-11.250,0.11053],[-11.000,0.10729],[-10.750,0.10199],[-10.500,0.09940],[-10.250,0.09724],[-10.000,0.09431],[-9.750,0.09113],[-9.500,0.08738],[-9.250,0.08278],[-9.000,0.07903],[-8.750,0.07675],[-8.500,0.07475],[-8.250,0.06800],[-8.000,0.06549],[-7.750,0.06332],[-7.500,0.06104],[-7.250,0.05868],[-7.000,0.05639],[-6.750,0.05747],[-6.500,0.05072],[-6.250,0.04839],[-6.000,0.04669],[-5.500,0.04256],[-5.250,0.04090],[-5.000,0.03522],[-4.750,0.03315],[-4.500,0.03157],[-4.250,0.03003],[-4.000,0.02922],[-3.750,0.02902],[-3.500,0.02770],[-3.250,0.02732],[-3.000,0.02701],[-2.750,0.02668],[-2.500,0.02630],[-2.250,0.02580],[-2.000,0.02538],[-1.750,0.02630],[-1.500,0.02657],[-1.250,0.02540],[-1.000,0.02651],[-0.750,0.02717],[-0.500,0.02759],[-0.250,0.03088],[0.000,0.03122],[0.250,0.03041],[0.500,0.02981],[0.750,0.02918],[1.000,0.02875],[1.250,0.02851],[1.500,0.03156],[1.750,0.03133],[2.000,0.03097],[2.250,0.03060],[2.500,0.03026],[2.750,0.03007],[3.000,0.03931],[3.250,0.03899],[3.500,0.04068],[3.750,0.03953],[4.000,0.03850],[4.250,0.03758],[4.500,0.03659],[4.750,0.03558],[5.000,0.04448],[5.250,0.04354],[5.500,0.04909],[5.750,0.04931],[6.000,0.04921],[6.250,0.04900],[6.500,0.05245],[6.750,0.05255],[7.000,0.05239],[7.250,0.05210],[7.500,0.05173],[7.750,0.05134],[8.000,0.06108],[8.250,0.06170],[8.500,0.06177],[8.750,0.06704],[9.000,0.06811],[9.250,0.06845],[9.500,0.07380],[9.750,0.07542],[10.000,0.07569],[10.250,0.07576],[10.500,0.07551],[10.750,0.07499],[11.250,0.06660],[11.500,0.05241],[11.750,0.04652],[12.000,0.04491],[12.250,0.04456],[12.500,0.04679],[12.750,0.04943],[13.000,0.05295],[13.250,0.05709],[13.500,0.06230],[13.750,0.06843],[14.000,0.07412],[14.250,0.08039],[14.500,0.08613],[14.750,0.09028],[15.000,0.09408],[15.250,0.09737],[15.500,0.10081],[15.750,0.10441],[16.000,0.10838],],[[-11.000,0.09123],[-10.750,0.08840],[-10.500,0.08491],[-10.250,0.08116],[-10.000,0.07717],[-9.750,0.07219],[-9.500,0.06648],[-9.250,0.06113],[-9.000,0.05441],[-8.750,0.04972],[-8.500,0.04588],[-8.250,0.04296],[-8.000,0.03980],[-7.500,0.04300],[-7.250,0.04125],[-7.000,0.03974],[-6.750,0.03865],[-6.500,0.03662],[-6.250,0.02741],[-6.000,0.02448],[-5.750,0.02258],[-5.500,0.02229],[-5.250,0.01970],[-5.000,0.01879],[-4.750,0.01815],[-4.500,0.01762],[-4.250,0.01720],[-4.000,0.01669],[-3.750,0.01630],[-3.500,0.01560],[-3.250,0.01518],[-3.000,0.01496],[-2.750,0.01477],[-2.500,0.01459],[-2.250,0.01449],[-2.000,0.01437],[-1.750,0.01413],[-1.500,0.01376],[-1.250,0.01200],[-1.000,0.01201],[-0.750,0.01233],[-0.500,0.01270],[-0.250,0.01306],[0.000,0.01332],[0.250,0.01344],[0.500,0.01359],[0.750,0.01379],[1.000,0.01380],[1.250,0.01384],[1.500,0.01382],[1.750,0.01386],[2.000,0.01393],[2.250,0.01387],[2.500,0.01382],[2.750,0.01379],[3.000,0.01379],[3.250,0.01394],[3.500,0.01399],[3.750,0.01396],[4.000,0.01396],[4.250,0.01396],[4.500,0.01393],[4.750,0.01390],[5.000,0.01386],[5.250,0.01385],[5.500,0.01386],[5.750,0.01385],[6.000,0.01385],[6.250,0.01381],[6.500,0.01375],[6.750,0.01369],[7.000,0.01350],[7.250,0.01338],[7.500,0.01295],[7.750,0.01271],[8.000,0.01265],[8.250,0.01242],[8.500,0.01235],[8.750,0.01238],[9.000,0.01262],[9.250,0.01330],[9.500,0.01483],[9.750,0.01721],[10.000,0.02007],[10.250,0.02371],[10.500,0.02728],[10.750,0.03136],[11.000,0.03479],[11.250,0.04009],[11.500,0.04504],[11.750,0.05000],[12.000,0.05449],[12.250,0.05967],[12.500,0.06325],[12.750,0.06612],[13.000,0.06866],[13.250,0.07122],[13.500,0.07367],[13.750,0.07643],[14.000,0.07904],[14.250,0.08201],[14.500,0.08505],[14.750,0.08820],[15.000,0.09170],[15.250,0.09532],[15.500,0.09905],[15.750,0.10254],],[[-10.500,0.08835],[-10.250,0.08179],[-10.000,0.07792],[-9.750,0.07321],[-9.500,0.06739],[-9.250,0.02749],[-9.000,0.02469],[-8.750,0.02370],[-8.500,0.02047],[-8.250,0.01988],[-8.000,0.01962],[-7.750,0.01927],[-7.500,0.01880],[-7.250,0.01816],[-7.000,0.01780],[-6.750,0.01774],[-6.500,0.01581],[-6.250,0.01549],[-6.000,0.01516],[-5.750,0.01474],[-5.500,0.01439],[-5.250,0.01427],[-5.000,0.01351],[-4.750,0.01285],[-4.500,0.01256],[-4.250,0.01241],[-4.000,0.01219],[-3.750,0.01191],[-3.500,0.01168],[-3.250,0.01141],[-3.000,0.01106],[-2.750,0.01089],[-2.500,0.01075],[-2.250,0.01063],[-2.000,0.01045],[-1.750,0.01029],[-1.500,0.01017],[-1.250,0.01000],[-1.000,0.00941],[-0.750,0.00809],[-0.500,0.00797],[-0.250,0.00807],[0.000,0.00821],[0.250,0.00833],[0.500,0.00842],[0.750,0.00852],[1.000,0.00858],[1.250,0.00869],[1.500,0.00878],[1.750,0.00883],[2.000,0.00889],[2.250,0.00900],[2.500,0.00911],[2.750,0.00913],[3.000,0.00915],[3.250,0.00917],[3.500,0.00921],[3.750,0.00923],[4.000,0.00922],[4.250,0.00920],[4.500,0.00922],[4.750,0.00930],[5.000,0.00934],[5.250,0.00936],[5.500,0.00938],[5.750,0.00939],[6.000,0.00934],[6.250,0.00935],[6.500,0.00931],[6.750,0.00934],[7.000,0.00933],[7.250,0.00939],[7.500,0.00957],[7.750,0.01004],[8.000,0.01092],[8.250,0.01202],[8.500,0.01311],[8.750,0.01459],[9.000,0.01688],[9.250,0.01988],[9.500,0.02403],[9.750,0.02841],[10.000,0.03176],[10.250,0.03527],[10.500,0.03910],[10.750,0.04361],[11.000,0.04655],[11.250,0.04942],[11.500,0.05137],[11.750,0.05316],[12.000,0.05504],[12.250,0.05711],[12.500,0.05907],[12.750,0.06161],[13.000,0.06410],[13.250,0.06677],[13.500,0.06986],[13.750,0.07273],[14.000,0.07523],[14.250,0.07787],[14.500,0.08073],[14.750,0.08373],[15.000,0.08676],[15.250,0.09002],[15.500,0.09315],],],
{"title":"Cd v Alpha","sortData":false,"legend":{"show":false,"placement":"insideGrid","location":"ne"},"series":[{"showLabel":true,"index":0,"showLine":true,"trendline":{"type":"none","show":false},"color":"#4bb2c5"},{"showLabel":true,"index":0,"showLine":true,"trendline":{"type":"none","show":false},"color":"#EAA228"},{"showLabel":true,"index":0,"showLine":true,"trendline":{"type":"none","show":false},"color":"#839557"},{"showLabel":true,"index":0,"showLine":true,"trendline":{"type":"none","show":false},"color":"#953579"},{"showLabel":true,"index":0,"showLine":true,"trendline":{"type":"none","show":false},"color":"#d8b83f"}],"show":"$.jqplot.config.enablePlugins","axes":{"xaxis":{"max":20,"min":-15,"tickInterval":5,"tickOptions":{"formatString":"%.1f"},"forceTickAt0":true,"rendererOptions":{"forceTickAt0":true}},"yaxis":{"max":0.16,"min":0,"tickInterval":0.02,"tickOptions":{"formatString":"%.2f"},"forceTickAt0":true,"rendererOptions":{"forceTickAt0":true}}},"seriesDefaults":{"lineWidth":1,"showLabel":true,"markerOptions":{"size":5,"show":false}}});
jqplots.push(p);

var p = $.jqplot('effaoa',[[[-13.750,-0.63201297823442],[-13.500,-0.61949320401612],[-13.250,-0.695557668795],[-13.000,-0.44115523465704],[-12.750,-0.47646674885779],[-12.500,-0.3506659643314],[-12.250,-0.29722690363107],[-12.000,-0.44307645538836],[-11.750,-0.16935548599406],[-11.500,-0.29376450812455],[-11.250,-0.057851932589922],[-11.000,-0.20716732102581],[-10.750,0.028785764131193],[-10.500,0.042678047479328],[-10.250,-0.047279214986619],[-10.000,0.10194709772226],[-9.750,0.15639632890054],[-9.500,0.20322488312184],[-9.250,0.2139192720937],[-9.000,0.21259919662976],[-8.750,0.22704739242514],[-8.500,0.1675142087945],[-8.250,0.10914188444978],[-8.000,-0.001000100010001],[-7.750,-0.45062506056788],[-7.500,-1.1307713574786],[-7.250,-3.5745179972143],[-7.000,-3.5325264750378],[-6.750,-2.9387279387279],[-6.500,-2.9553063274188],[-5.750,-5.0065455735559],[-5.500,-5.1636394073826],[-5.250,-5.285947011918],[-5.000,-5.4833889963087],[-3.500,-2.6464513706346],[-2.750,-3.3957219251337],[-2.500,-4.2417761482839],[-2.250,-5.1062480177609],[-2.000,-6.0874353044819],[-1.750,-6.1003039513678],[-1.500,-5.7570093457944],[-1.250,-5.0724637681159],[-1.000,-4.6677190213102],[-0.750,-4.2304030466519],[-0.500,-3.6009426551453],[-0.250,-3.2105180286569],[0.000,-2.7856807878693],[0.250,-2.1850664223546],[0.500,-1.9038137540205],[0.750,-1.5960214231064],[1.000,-0.90685142417244],[1.250,-0.67255021302495],[1.500,-0.43152532214564],[1.750,-0.13925535033714],[2.000,0.24487471526196],[2.250,0.38581119276427],[2.500,0.5663790704147],[2.750,0.97319034852547],[3.000,1.0749533208856],[3.250,1.2229081833706],[3.500,1.5426751592357],[3.750,1.6089046293954],[4.000,1.9466764061359],[4.250,1.9747081712062],[4.500,2.2991722047336],[4.750,2.2893258426966],[5.000,2.5678261848475],[5.250,2.548798375268],[5.500,2.7965547317924],[5.750,2.7870813397129],[6.000,2.9896362098139],[6.250,3.0255607720396],[6.500,3.134175136023],[6.750,3.3306907144981],[7.000,3.2906872954478],[7.250,3.4378326076439],[7.500,3.5353345252658],[7.750,3.5299643058426],[8.000,3.6724815051603],[8.250,3.6696750902527],[8.500,3.7284214273002],[8.750,3.852798894264],[9.000,3.8223938223938],[9.250,3.886263921701],[9.500,3.9928028134457],[9.750,3.945866623186],[10.000,4.0065668295027],[10.250,4.0973190763986],[10.500,4.0413664884964],[10.750,4.0968894973002],[11.000,4.1694242223693],[11.250,4.1121013478677],[11.500,4.1601618965019],[11.750,4.2185647534696],[12.000,4.1595401654283],[12.250,4.2040535898317],[12.500,4.2298728108144],[12.750,4.191652754591],[13.000,4.2335814074945],],[[-13.250,-0.80481622306717],[-13.000,-0.84920409323479],[-12.750,-0.8763963963964],[-12.500,-0.59772955440575],[-12.250,-0.54410487246308],[-12.000,-0.51284122112744],[-11.750,-0.51239805585304],[-11.500,-0.59980006664445],[-11.250,-0.71825998988366],[-11.000,-0.60624834056111],[-10.750,-0.4031519149716],[-10.500,-0.34216958074826],[-10.250,-0.3365801909538],[-10.000,-0.43730916970354],[-9.750,-0.6790061362036],[-9.500,-0.38762146176595],[-9.250,-0.25891019391182],[-9.000,-0.42163970998327],[-8.750,-0.7161865093139],[-8.500,-0.3468484631025],[-8.250,-0.39816990231235],[-8.000,-0.75780849974398],[-7.750,-1.2301125339542],[-7.500,-1.0044977511244],[-7.250,-1.0461710140884],[-7.000,-1.6328767123288],[-6.750,-1.3590382641841],[-6.500,-1.4503930001483],[-6.250,-1.568865916692],[-6.000,-1.855730933766],[-5.750,-1.765162090895],[-5.500,-4.6163575042159],[-5.000,-2.9710666474737],[-4.750,-2.7435476652245],[-4.000,-4.88134728247],[-3.750,-4.7012371676757],[-3.500,-4.7810858143608],[-3.250,-4.517955801105],[-2.500,-3.8360550752482],[-2.250,-3.3520475561427],[-2.000,-3.0404276645506],[-1.750,-2.6330011822327],[-1.500,-1.9341216216216],[-1.250,-1.8745727956254],[-1.000,-1.1733830003386],[-0.750,-1.1216859279402],[-0.500,-0.48078550871847],[-0.250,-0.44682296975875],[0.000,0.14302540804308],[0.250,0.18019535197036],[0.500,0.62045060658579],[0.750,2.381562099872],[1.000,2.0555017747661],[1.250,2.5465935787001],[1.500,2.2048611111111],[1.750,2.6935459144565],[2.000,2.358024691358],[2.250,2.8148926587599],[2.500,2.460843373494],[2.750,2.8539920599912],[3.000,2.6084416532788],[3.250,2.9534717251253],[3.500,3.4128084280566],[3.750,3.0876852749688],[4.000,3.4410492157923],[4.250,3.8214145639953],[4.500,3.4256959874526],[4.750,3.7341853035144],[5.000,4.1004701806484],[5.250,3.719354441296],[5.500,3.9261137269105],[5.750,4.1777516185992],[6.000,4.4258373205742],[6.250,4.0758024129297],[6.500,4.2544886807182],[6.750,4.4665579119086],[7.000,4.6586599241466],[7.250,4.3277929728592],[7.500,4.4778121775026],[7.750,4.6534354221237],[8.000,4.7394711067581],[8.250,4.5311890838207],[8.500,4.6595256312165],[8.750,4.8301605076521],[9.000,4.6366813833701],[9.250,4.7017289761926],[9.500,4.847839588324],[9.750,5.015503875969],[10.000,4.7523989033585],[10.250,4.8682992510309],[10.500,5.0290912070802],[10.750,4.8054901323804],[11.000,4.9062175752255],[11.250,5.0524924177619],[11.500,4.8508210623699],[11.750,4.9538088747539],[12.000,4.8589248589249],[12.250,4.891917637576],[12.500,5.0075414781297],],[[-11.500,-0.6736025392347],[-11.250,-0.75364154528182],[-11.000,-0.76521577034206],[-10.750,-0.72065888812629],[-10.500,-0.59255533199195],[-10.250,-0.48539695598519],[-10.000,-0.4612448308769],[-9.750,-0.46746406232854],[-9.500,-0.61799038681621],[-9.250,-0.82266247885963],[-9.000,-1.1185625711755],[-8.750,-1.371986970684],[-8.500,-1.6080267558528],[-8.250,-1.6779411764706],[-8.000,-1.5177889754161],[-7.750,-1.5271636133923],[-7.500,-1.5956749672346],[-7.250,-1.6768916155419],[-7.000,-1.768043979429],[-6.750,-1.8531407690969],[-6.500,-2.0208990536278],[-6.250,-1.8309568092581],[-6.000,-1.6170486185479],[-5.500,-1.2453007518797],[-5.250,-0.87286063569682],[-5.000,-0.43725156161272],[-4.750,0.16892911010558],[-4.500,0.89958821666139],[-4.250,1.7249417249417],[-4.000,2.4674880219028],[-3.750,3.2184700206754],[-3.500,4.1516245487365],[-3.250,5.0292825768668],[-3.000,5.9311366160681],[-2.750,6.8853073463268],[-2.500,7.9125475285171],[-2.250,8.984496124031],[-2.000,10.070921985816],[-1.750,9.9011406844106],[-1.500,10.158073014678],[-1.250,10.074803149606],[-1.000,9.9622783855149],[-0.750,10.036805299963],[-0.500,10.173976078289],[-0.250,7.7752590673575],[0.000,8.3504163997438],[0.250,15.008220979941],[0.500,17.624958067762],[0.750,20.198766278273],[1.000,22.08],[1.250,23.493511048755],[1.500,21.074144486692],[1.750,22.352377912544],[2.000,23.881175330965],[2.250,25.444444444444],[2.500,26.979510905486],[2.750,28.037911539741],[3.000,16.395319257186],[3.250,17.124903821493],[3.500,15.48918387414],[3.750,17.105995446496],[4.000,18.761038961039],[4.250,20.470995210218],[4.500,22.276578300082],[4.750,24.165261382799],[5.000,14.04226618705],[5.250,15.24115755627],[5.500,12.324302301894],[5.750,12.768201176232],[6.000,13.381426539321],[6.250,14.063265306122],[6.500,12.878932316492],[6.750,13.370123691722],[7.000,13.985493414774],[7.250,14.666026871401],[7.500,15.393388749275],[7.750,16.133619010518],[8.000,12.334643091028],[8.250,12.573743922204],[8.500,13.003075926825],[8.750,11.65423627685],[9.000,11.744237263251],[9.250,12.052593133674],[9.500,10.911924119241],[9.750,10.857862635906],[10.000,11.152067644339],[10.250,11.499472016895],[10.500,11.928221427625],[10.750,12.430990798773],[11.250,15.630630630631],[11.500,22.299179545888],[11.750,26.672398968186],[12.000,28.416833667335],[12.250,29.118043087971],[12.500,27.700363325497],[12.750,26.115719198867],[13.000,24.158640226629],[13.250,22.117708880715],[13.500,19.871589085072],[13.750,17.648692094111],[14.000,15.974096060443],[14.250,14.396069162831],[14.500,13.199814234297],[14.750,12.523260965884],[15.000,11.987670068027],[15.250,11.598028140084],[15.500,11.210197401051],[15.750,10.822718130447],[16.000,10.403210924525],],[[-11.000,-0.16441959881618],[-10.750,-0.10294117647059],[-10.500,-0.077729360499352],[-10.250,-0.070231641202563],[-10.000,-0.077750421148115],[-9.750,-0.16345754259593],[-9.500,-0.30685920577617],[-9.250,-0.44331752003926],[-9.000,-0.78110641426208],[-8.750,-1.1926790024135],[-8.500,-1.6870095902354],[-8.250,-2.1950651769088],[-8.000,-2.7964824120603],[-7.500,-3.646511627907],[-7.250,-3.5345454545455],[-7.000,-3.3543029693005],[-6.750,-3.0530401034929],[-6.500,-2.8399781540142],[-6.250,-4.0933965705947],[-6.000,-3.9297385620915],[-5.750,-3.325952170062],[-5.500,-2.2566173171826],[-5.250,-1.4162436548223],[-5.000,-0.1383714741884],[-4.750,1.2727272727273],[-4.500,2.7866061293984],[-4.250,4.3720930232558],[-4.000,6.0515278609946],[-3.750,7.7852760736196],[-3.500,9.6474358974359],[-3.250,11.534914361001],[-3.000,13.442513368984],[-2.750,15.389302640487],[-2.500,17.381768334476],[-2.250,19.309868875086],[-2.000,21.287404314544],[-1.750,23.460721868365],[-1.500,25.893895348837],[-1.250,31.15],[-1.000,32.681099084097],[-0.750,33.965936739659],[-0.500,34.803149606299],[-0.250,35.535987748851],[0.000,36.411411411411],[0.250,37.775297619048],[0.500,39.094922737307],[0.750,40.232052211748],[1.000,41.731884057971],[1.250,43.417630057803],[1.500,45.13024602026],[1.750,46.702741702742],[2.000,48.29863603733],[2.250,50.115356885364],[2.500,52.214182344428],[2.750,54.350978970268],[3.000,56.439448875997],[3.250,57.912482065997],[3.500,59.556826304503],[3.750,61.174785100287],[4.000,62.858166189112],[4.250,64.699140401146],[4.500,66.748025843503],[4.750,68.906474820144],[5.000,71.226551226551],[5.250,73.465703971119],[5.500,75.324675324675],[5.750,76.714801444043],[6.000,78.375451263538],[6.250,80.463432295438],[6.500,82.836363636364],[6.750,85.346968590212],[7.000,88.866666666667],[7.250,91.121076233184],[7.500,96.061776061776],[7.750,99.944925255704],[8.000,101.99209486166],[8.250,105.75684380032],[8.500,107.78137651822],[8.750,108.76413570275],[9.000,107.5118858954],[9.250,102.29323308271],[9.500,91.537424140256],[9.750,77.972109238815],[10.000,66.382660687593],[10.250,55.567271193589],[10.500,47.756598240469],[10.750,40.816326530612],[11.000,36.352400114976],[11.250,30.603641805937],[11.500,26.598579040853],[11.750,23.432],[12.000,21.154340245917],[12.250,18.924082453494],[12.500,17.759683794466],[12.750,17.00998185118],[13.000,16.452082726478],[13.250,15.930918281382],[13.500,15.487986968915],[13.750,14.982336778752],[14.000,14.554655870445],[14.250,14.0629191562],[14.500,13.590828924162],[14.750,13.130385487528],[15.000,12.628135223555],[15.250,12.140159462862],[15.500,11.669863705199],[15.750,11.281451141018],],[[-10.500,-0.66327108092813],[-10.250,-0.80327668419122],[-10.000,-0.84188911704312],[-9.750,-0.94932386286027],[-9.500,-1.1618934560024],[-9.250,-13.575845762095],[-9.000,-14.977723774808],[-8.750,-14.877637130802],[-8.500,-17.034684904739],[-8.250,-16.438631790744],[-8.000,-15.433231396534],[-7.750,-14.478463933576],[-7.500,-13.56914893617],[-7.250,-12.747797356828],[-7.000,-11.595505617978],[-6.750,-10.163472378805],[-6.500,-10.10752688172],[-6.250,-8.6636539703034],[-6.000,-7.1372031662269],[-5.750,-5.5766621438263],[-5.500,-3.8846421125782],[-5.250,-2.0182200420463],[-5.000,-0.30347890451517],[-4.750,1.5642023346304],[-4.500,3.6624203821656],[-4.250,5.8340048348106],[-4.000,8.1214109926169],[-3.750,10.537363560034],[-3.500,13.030821917808],[-3.250,15.661700262927],[-3.000,18.508137432188],[-2.750,21.303948576676],[-2.500,24.158139534884],[-2.250,27.046095954845],[-2.000,30.162679425837],[-1.750,33.333333333333],[-1.500,36.489675516224],[-1.250,39.9],[-1.000,45.154091392136],[-0.750,55.66131025958],[-0.500,59.811794228356],[-0.250,62.527881040892],[0.000,64.823386114495],[0.250,67.298919567827],[0.500,69.714964370546],[0.750,72.159624413146],[1.000,74.871794871795],[1.250,76.858457997699],[1.500,79.202733485194],[1.750,82.095130237826],[2.000,84.836895388076],[2.250,86.655555555556],[2.500,88.496158068057],[2.750,91.380065717415],[3.000,94.306010928962],[3.250,97.230098146129],[3.500,99.978284473398],[3.750,102.95774647887],[4.000,106.14967462039],[4.250,109.34782608696],[4.500,112.11496746204],[4.750,114.15053763441],[5.000,116.60599571734],[5.250,119.30555555556],[5.500,122.01492537313],[5.750,124.87752928647],[6.000,128.54389721627],[6.250,131.34759358289],[6.500,134.91944146079],[6.750,137.37687366167],[7.000,140.3536977492],[7.250,142.02342917998],[7.500,141.5987460815],[7.750,136.5438247012],[8.000,126.163003663],[8.250,114.54242928453],[8.500,104.21052631579],[8.750,92.261823166552],[9.000,77.748815165877],[9.250,64.844064386318],[9.500,52.417811069496],[9.750,43.167898627244],[10.000,37.947103274559],[10.250,33.529912106606],[10.500,29.624040920716],[10.750,25.939004815409],[11.000,24.18045112782],[11.250,22.691218130312],[11.500,21.948608137045],[11.750,21.356282919488],[12.000,20.764898255814],[12.250,20.120819471196],[12.500,19.590316573557],[12.750,18.867067034572],[13.000,18.244929797192],[13.250,17.563276920773],[13.500,16.793587174349],[13.750,16.169393647738],[14.000,15.717134122026],[14.250,15.253627841274],[14.500,14.760312151616],[14.750,14.268482025558],[15.000,13.805901337022],[15.250,13.325927571651],[15.500,12.908212560386],],],
{"title":"Cl\/Cd v Alpha","sortData":false,"legend":{"show":false,"placement":"insideGrid","location":"ne"},"series":[{"showLabel":true,"index":0,"showLine":true,"trendline":{"type":"none","show":false},"color":"#4bb2c5"},{"showLabel":true,"index":0,"showLine":true,"trendline":{"type":"none","show":false},"color":"#EAA228"},{"showLabel":true,"index":0,"showLine":true,"trendline":{"type":"none","show":false},"color":"#839557"},{"showLabel":true,"index":0,"showLine":true,"trendline":{"type":"none","show":false},"color":"#953579"},{"showLabel":true,"index":0,"showLine":true,"trendline":{"type":"none","show":false},"color":"#d8b83f"}],"show":"$.jqplot.config.enablePlugins","axes":{"xaxis":{"max":20,"min":-15,"tickInterval":5,"tickOptions":{"formatString":"%.1f"},"forceTickAt0":true,"rendererOptions":{"forceTickAt0":true}},"yaxis":{"max":160,"min":-20,"tickInterval":20,"tickOptions":{"formatString":"%d"},"forceTickAt0":true,"rendererOptions":{"forceTickAt0":true}}},"seriesDefaults":{"lineWidth":1,"showLabel":true,"markerOptions":{"size":5,"show":false}}});
jqplots.push(p);

});
/*]]>*/
</script>
</body>
</html>