<!DOCTYPE html>
<html lang="en">
<head>
<link rel="stylesheet" type="text/css" href="/assets/62ff72f1/jquery.jqplot.min.css" media="screen, projection, print" />
<style type="text/css">
/*<![CDATA[*/
.jqplot-title {font-size:1.8em;padding:3px;}.jqplot-xaxis {font-size:0.8em;padding-top:3px;}.jqplot-yaxis {font-size:0.8em;padding-right:3px;}
/*]]>*/
</style>
<!--[if lt IE 9]><script type="text/javascript" src="/assets/62ff72f1/excanvas.min.js"></script></script><![endif]-->
<script type="text/javascript" src="/assets/780cfc96/jquery.min.js"></script>
<script type="text/javascript" src="/assets/62ff72f1/jquery.min.js"></script>
<script type="text/javascript" src="/assets/62ff72f1/jquery.jqplot.min.js"></script>
<script type="text/javascript">
/*<![CDATA[*/
var jqplots = [];

/*]]>*/
</script>
<title>Airfoil polar plot</title>
<meta http-equiv="Content-Language" content="en-gb"/>
<meta http-equiv="Content-Type" content="text/html; charset=windows-1252"/>
<meta content="none" name="robots" />
<meta name="copyright" content="Copyright 2010-2013. All Rights Reserved" />
</head>
<body>

<table style="width:800px;">
<tr><td>
<div id="liftdrag" style="height:400px;width:398px;margin:auto;display:inline-block;"></div>
</td><td>
<div id="liftaoa" style="height:400px;width:398px;margin:auto;display:inline-block;"></div>
</td></tr>
<tr><td>
<div id="effaoa" style="height:400px;width:398px;margin:auto;display:inline-block;"></div>
</td><td>
<div id="dragaoa" style="height:400px;width:398px;margin:auto;display:inline-block;"></div>
</td></tr>
<tr><td>
<div id="momentaoa" style="height:400px;width:398px;margin:auto;display:inline-block;"></div>
</td><td>
</td></tr>

</table>
<script type="text/javascript">
/*<![CDATA[*/
jQuery(window).load(function() {
var p = $.jqplot('liftdrag',[[[0.11097,-0.3947],[0.11073,-0.4080],[0.11100,-0.4226],[0.10468,-0.4055],[0.10299,-0.4095],[0.10307,-0.4182],[0.09740,-0.4071],[0.09569,-0.4072],[0.09212,-0.4028],[0.08983,-0.3968],[0.08618,-0.3911],[0.08332,-0.3806],[0.08030,-0.3674],[0.07701,-0.3569],[0.07381,-0.3495],[0.07092,-0.3327],[0.06786,-0.3265],[0.06489,-0.3120],[0.06210,-0.2999],[0.04103,-0.0272],[0.03509,0.0595],[0.03220,0.1051],[0.03031,0.1482],[0.02886,0.1819],[0.02766,0.2164],[0.02688,0.2471],[0.02608,0.2764],[0.02516,0.3090],[0.02265,0.3258],[0.02311,0.3510],[0.02360,0.3752],[0.02412,0.3987],[0.02468,0.4217],[0.02529,0.4442],[0.02594,0.4661],[0.02664,0.4875],[0.02741,0.5084],[0.02824,0.5285],[0.02915,0.5480],[0.03015,0.5666],[0.03126,0.5844],[0.03251,0.6012],[0.03388,0.6170],[0.03539,0.6324],[0.03730,0.6976],[0.03845,0.7510],[0.03916,0.8016],[0.03943,0.8531],[0.03763,0.9247],[0.03075,1.0268],[0.02511,1.0827],[0.02827,1.1032],[0.03115,1.1291],[0.03355,1.1714],[0.03620,1.2145],[0.03945,1.2566],[0.04274,1.2876],[0.04648,1.3152],[0.05036,1.3360],[0.05410,1.3550],[0.05860,1.3668],[0.06386,1.3690],[0.06941,1.3703],[0.07546,1.3787],[0.08097,1.3501],[0.08725,1.3445],[0.08963,1.2421],[0.09330,1.1856],[0.09939,1.1528],[0.10713,1.0971],[0.12495,1.0138],],[[0.09832,-0.4147],[0.09590,-0.4147],[0.09339,-0.4136],[0.09082,-0.4099],[0.08811,-0.3844],[0.08329,-0.3779],[0.08004,-0.3802],[0.07714,-0.3730],[0.07376,-0.3566],[0.06812,-0.3168],[0.06584,-0.3111],[0.06049,-0.2671],[0.05577,-0.2200],[0.05331,-0.2088],[0.04855,-0.1477],[0.04571,-0.1230],[0.04294,-0.0874],[0.03136,0.0420],[0.02838,0.0894],[0.02590,0.1330],[0.02458,0.1695],[0.02358,0.2015],[0.02298,0.2315],[0.02251,0.2600],[0.02208,0.2890],[0.02184,0.3178],[0.01965,0.3622],[0.01969,0.3718],[0.02020,0.3950],[0.02075,0.4177],[0.02133,0.4398],[0.02197,0.4615],[0.02268,0.4857],[0.02351,0.5310],[0.02417,0.5797],[0.02457,0.6292],[0.02480,0.6750],[0.02487,0.7199],[0.02473,0.7658],[0.02388,0.8187],[0.02246,0.8732],[0.02156,0.9182],[0.02000,0.9640],[0.01775,1.0108],[0.01544,1.0796],[0.01718,1.1129],[0.02073,1.1130],[0.02235,1.1294],[0.02377,1.1468],[0.02545,1.1648],[0.02706,1.1889],[0.02923,1.2161],[0.03152,1.2491],[0.03346,1.2769],[0.03741,1.3112],[0.04073,1.3364],[0.04311,1.3549],[0.04706,1.3732],[0.05197,1.3882],[0.05710,1.3963],],[[0.08668,-0.4154],[0.08423,-0.4183],[0.08160,-0.4119],[0.07847,-0.4014],[0.07488,-0.3863],[0.07033,-0.3570],[0.06103,-0.2492],[0.05517,-0.2343],[0.05206,-0.2015],[0.04323,-0.1147],[0.04150,-0.0865],[0.03599,-0.0214],[0.03273,0.0317],[0.02514,0.0985],[0.02250,0.1450],[0.02110,0.1869],[0.02021,0.2228],[0.01994,0.2581],[0.01899,0.2968],[0.01878,0.3357],[0.01835,0.3724],[0.01798,0.4078],[0.01693,0.4483],[0.01608,0.4739],[0.01621,0.5053],[0.01625,0.5445],[0.01623,0.5837],[0.01616,0.6204],[0.01604,0.6647],[0.01594,0.6943],[0.01536,0.7410],[0.01431,0.7934],[0.01379,0.8284],[0.01310,0.8672],[0.01212,0.9069],[0.01114,0.9458],[0.01033,0.9967],[0.01018,1.0549],[0.01157,1.0650],[0.01292,1.0745],[0.01490,1.0815],[0.01693,1.0937],[0.01776,1.1153],[0.01864,1.1362],[0.01961,1.1564],[0.02042,1.1779],[0.02155,1.1980],[0.02331,1.2184],[0.02442,1.2420],[0.02601,1.2672],[0.02973,1.2984],[0.03108,1.3228],[0.03370,1.3492],[0.03636,1.3719],[0.03844,1.3916],[0.04231,1.4089],[0.04926,1.4174],[0.18211,0.9688],[0.18836,0.9582],],[[0.11875,-0.4177],[0.11636,-0.4166],[0.11399,-0.4160],[0.11060,-0.4054],[0.10707,-0.3926],[0.10341,-0.3795],[0.09984,-0.3669],[0.09643,-0.3554],[0.09313,-0.3434],[0.08939,-0.3284],[0.08507,-0.3113],[0.07994,-0.2853],[0.07439,-0.2701],[0.07192,-0.2591],[0.06835,-0.2370],[0.06338,-0.2018],[0.05627,-0.1376],[0.04933,-0.0887],[0.04019,-0.0605],[0.03682,-0.0255],[0.03282,0.0171],[0.01845,0.1163],[0.01571,0.1575],[0.01498,0.1843],[0.01453,0.2142],[0.01443,0.2460],[0.01313,0.2822],[0.01287,0.3165],[0.01263,0.3517],[0.01193,0.3881],[0.01165,0.4238],[0.01131,0.4607],[0.01110,0.4837],[0.01057,0.5217],[0.01001,0.5606],[0.00939,0.5998],[0.00881,0.6394],[0.00789,0.6786],[0.00733,0.6979],[0.00680,0.7441],[0.00654,0.7723],[0.00626,0.8050],[0.00600,0.8410],[0.00587,0.8758],[0.00586,0.9116],[0.00625,0.9373],[0.00737,0.9455],[0.00824,0.9612],[0.00885,0.9817],[0.01023,0.9954],[0.01113,1.0156],[0.01249,1.0328],[0.01297,1.0569],[0.01337,1.0815],[0.01382,1.1058],[0.01437,1.1293],[0.01492,1.1526],[0.01544,1.1759],[0.01602,1.1987],[0.01672,1.2207],[0.01764,1.2412],[0.01943,1.2582],[0.01979,1.2822],[0.02054,1.3046],[0.02124,1.3267],[0.02388,1.3465],[0.02400,1.3691],[0.02487,1.3915],[0.02579,1.4132],[0.02654,1.4338],[0.02809,1.4534],[0.03034,1.4733],[0.03192,1.4926],[0.03431,1.5099],[0.03649,1.5249],[0.03869,1.5374],[0.04055,1.5479],[0.04241,1.5558],[0.04574,1.5557],[0.04968,1.5437],[0.05374,1.5279],[0.05816,1.5074],[0.06307,1.4849],[0.06821,1.4625],[0.10082,1.3091],[0.11052,1.2837],],[[0.08649,-0.2571],[0.08334,-0.2467],[0.07919,-0.2316],[0.07443,-0.2067],[0.07054,-0.1930],[0.06604,-0.1749],[0.05762,-0.1472],[0.05534,-0.1195],[0.05121,-0.0842],[0.04459,-0.0314],[0.01135,0.0760],[0.01090,0.1101],[0.01051,0.1446],[0.01031,0.1789],[0.00963,0.2003],[0.00947,0.2282],[0.00926,0.2595],[0.00879,0.2928],[0.00861,0.3256],[0.00842,0.3591],[0.00814,0.3938],[0.00773,0.4297],[0.00747,0.4663],[0.00719,0.5030],[0.00685,0.5393],[0.00671,0.5627],[0.00644,0.5932],[0.00612,0.6267],[0.00572,0.6636],[0.00534,0.6913],[0.00502,0.7214],[0.00474,0.7534],[0.00445,0.7842],[0.00428,0.8081],[0.00438,0.8231],[0.00493,0.8403],[0.00592,0.8523],[0.00647,0.8736],[0.00687,0.8971],[0.00810,0.9126],[0.00872,0.9350],[0.00971,0.9548],[0.01036,0.9776],[0.01062,1.0034],[0.01088,1.0291],[0.01116,1.0546],[0.01146,1.0800],[0.01179,1.1051],[0.01216,1.1298],[0.01263,1.1539],[0.01328,1.1766],[0.01351,1.2019],[0.01377,1.2269],[0.01410,1.2514],[0.01447,1.2755],[0.01488,1.2992],[0.01587,1.3189],[0.01585,1.3453],[0.01601,1.3705],[0.01615,1.3956],[0.01701,1.4158],[0.01730,1.4397],[0.01760,1.4635],[0.01801,1.4862],[0.01938,1.5023],[0.01995,1.5236],[0.02065,1.5438],[0.02143,1.5633],[0.02217,1.5826],[0.02301,1.6009],[0.02429,1.6160],[0.02745,1.6210],[0.02820,1.6369],[0.02888,1.6516],[0.03006,1.6628],[0.03137,1.6725],[0.03295,1.6801],[0.03461,1.6861],[0.03627,1.6915],[0.03813,1.6949],[0.03999,1.6978],[0.04234,1.6967],[0.04483,1.6944],[0.04754,1.6902],[0.05149,1.6773],[0.05530,1.6661],[0.05987,1.6512],[0.06565,1.6300],[0.07146,1.6121],[0.07882,1.5883],],],
{"title":"Cl v Cd","sortData":false,"legend":{"show":false,"placement":"insideGrid","location":"ne"},"series":[{"showLabel":true,"index":0,"showLine":true,"trendline":{"type":"none","show":false},"color":"#4bb2c5"},{"showLabel":true,"index":0,"showLine":true,"trendline":{"type":"none","show":false},"color":"#EAA228"},{"showLabel":true,"index":0,"showLine":true,"trendline":{"type":"none","show":false},"color":"#839557"},{"showLabel":true,"index":0,"showLine":true,"trendline":{"type":"none","show":false},"color":"#953579"},{"showLabel":true,"index":0,"showLine":true,"trendline":{"type":"none","show":false},"color":"#d8b83f"}],"show":"$.jqplot.config.enablePlugins","axes":{"xaxis":{"max":0.2,"min":0,"tickInterval":0.02,"tickOptions":{"formatString":"%.2f"},"forceTickAt0":true,"rendererOptions":{"forceTickAt0":true}},"yaxis":{"max":2,"min":-0.5,"tickInterval":0.5,"tickOptions":{"formatString":"%.2f"},"forceTickAt0":true,"rendererOptions":{"forceTickAt0":true}}},"seriesDefaults":{"lineWidth":1,"showLabel":true,"markerOptions":{"size":5,"show":false}}});
jqplots.push(p);

var p = $.jqplot('liftaoa',[[[-7.500,-0.3947],[-7.250,-0.4080],[-7.000,-0.4226],[-6.750,-0.4055],[-6.500,-0.4095],[-6.250,-0.4182],[-6.000,-0.4071],[-5.750,-0.4072],[-5.500,-0.4028],[-5.250,-0.3968],[-5.000,-0.3911],[-4.750,-0.3806],[-4.500,-0.3674],[-4.250,-0.3569],[-4.000,-0.3495],[-3.750,-0.3327],[-3.500,-0.3265],[-3.250,-0.3120],[-3.000,-0.2999],[-2.250,-0.0272],[-2.000,0.0595],[-1.750,0.1051],[-1.500,0.1482],[-1.250,0.1819],[-1.000,0.2164],[-0.750,0.2471],[-0.500,0.2764],[-0.250,0.3090],[0.000,0.3258],[0.250,0.3510],[0.500,0.3752],[0.750,0.3987],[1.000,0.4217],[1.250,0.4442],[1.500,0.4661],[1.750,0.4875],[2.000,0.5084],[2.250,0.5285],[2.500,0.5480],[2.750,0.5666],[3.000,0.5844],[3.250,0.6012],[3.500,0.6170],[3.750,0.6324],[4.000,0.6976],[4.250,0.7510],[4.500,0.8016],[4.750,0.8531],[5.000,0.9247],[5.250,1.0268],[5.500,1.0827],[5.750,1.1032],[6.000,1.1291],[6.250,1.1714],[6.500,1.2145],[6.750,1.2566],[7.000,1.2876],[7.250,1.3152],[7.500,1.3360],[7.750,1.3550],[8.000,1.3668],[8.250,1.3690],[8.500,1.3703],[8.750,1.3787],[9.000,1.3501],[9.250,1.3445],[9.500,1.2421],[9.750,1.1856],[10.000,1.1528],[10.250,1.0971],[10.500,1.0138],],[[-6.500,-0.4147],[-6.250,-0.4147],[-6.000,-0.4136],[-5.750,-0.4099],[-5.500,-0.3844],[-5.250,-0.3779],[-5.000,-0.3802],[-4.750,-0.3730],[-4.500,-0.3566],[-4.250,-0.3168],[-4.000,-0.3111],[-3.750,-0.2671],[-3.500,-0.2200],[-3.250,-0.2088],[-3.000,-0.1477],[-2.750,-0.1230],[-2.500,-0.0874],[-2.250,0.0420],[-2.000,0.0894],[-1.750,0.1330],[-1.500,0.1695],[-1.250,0.2015],[-1.000,0.2315],[-0.750,0.2600],[-0.500,0.2890],[-0.250,0.3178],[0.000,0.3622],[0.250,0.3718],[0.500,0.3950],[0.750,0.4177],[1.000,0.4398],[1.250,0.4615],[1.500,0.4857],[1.750,0.5310],[2.000,0.5797],[2.250,0.6292],[2.500,0.6750],[2.750,0.7199],[3.000,0.7658],[3.250,0.8187],[3.500,0.8732],[3.750,0.9182],[4.000,0.9640],[4.250,1.0108],[4.500,1.0796],[4.750,1.1129],[5.000,1.1130],[5.250,1.1294],[5.500,1.1468],[5.750,1.1648],[6.000,1.1889],[6.250,1.2161],[6.500,1.2491],[6.750,1.2769],[7.000,1.3112],[7.250,1.3364],[7.500,1.3549],[7.750,1.3732],[8.000,1.3882],[8.250,1.3963],],[[-5.750,-0.4154],[-5.500,-0.4183],[-5.250,-0.4119],[-5.000,-0.4014],[-4.750,-0.3863],[-4.500,-0.3570],[-4.250,-0.2492],[-4.000,-0.2343],[-3.750,-0.2015],[-3.500,-0.1147],[-3.250,-0.0865],[-3.000,-0.0214],[-2.750,0.0317],[-2.500,0.0985],[-2.250,0.1450],[-2.000,0.1869],[-1.750,0.2228],[-1.500,0.2581],[-1.250,0.2968],[-1.000,0.3357],[-0.750,0.3724],[-0.500,0.4078],[-0.250,0.4483],[0.000,0.4739],[0.250,0.5053],[0.500,0.5445],[0.750,0.5837],[1.000,0.6204],[1.250,0.6647],[1.500,0.6943],[1.750,0.7410],[2.000,0.7934],[2.250,0.8284],[2.500,0.8672],[2.750,0.9069],[3.000,0.9458],[3.250,0.9967],[3.500,1.0549],[3.750,1.0650],[4.000,1.0745],[4.250,1.0815],[4.500,1.0937],[4.750,1.1153],[5.000,1.1362],[5.250,1.1564],[5.500,1.1779],[5.750,1.1980],[6.000,1.2184],[6.250,1.2420],[6.500,1.2672],[6.750,1.2984],[7.000,1.3228],[7.250,1.3492],[7.500,1.3719],[7.750,1.3916],[8.000,1.4089],[8.250,1.4174],[13.500,0.9688],[13.750,0.9582],],[[-9.250,-0.4177],[-9.000,-0.4166],[-8.750,-0.4160],[-8.500,-0.4054],[-8.250,-0.3926],[-8.000,-0.3795],[-7.750,-0.3669],[-7.500,-0.3554],[-7.250,-0.3434],[-7.000,-0.3284],[-6.750,-0.3113],[-6.500,-0.2853],[-6.250,-0.2701],[-6.000,-0.2591],[-5.750,-0.2370],[-5.500,-0.2018],[-5.250,-0.1376],[-5.000,-0.0887],[-4.750,-0.0605],[-4.500,-0.0255],[-4.250,0.0171],[-4.000,0.1163],[-3.750,0.1575],[-3.500,0.1843],[-3.250,0.2142],[-3.000,0.2460],[-2.750,0.2822],[-2.500,0.3165],[-2.250,0.3517],[-2.000,0.3881],[-1.750,0.4238],[-1.500,0.4607],[-1.250,0.4837],[-1.000,0.5217],[-0.750,0.5606],[-0.500,0.5998],[-0.250,0.6394],[0.000,0.6786],[0.250,0.6979],[0.500,0.7441],[0.750,0.7723],[1.000,0.8050],[1.250,0.8410],[1.500,0.8758],[1.750,0.9116],[2.000,0.9373],[2.250,0.9455],[2.500,0.9612],[2.750,0.9817],[3.000,0.9954],[3.250,1.0156],[3.500,1.0328],[3.750,1.0569],[4.000,1.0815],[4.250,1.1058],[4.500,1.1293],[4.750,1.1526],[5.000,1.1759],[5.250,1.1987],[5.500,1.2207],[5.750,1.2412],[6.000,1.2582],[6.250,1.2822],[6.500,1.3046],[6.750,1.3267],[7.000,1.3465],[7.250,1.3691],[7.500,1.3915],[7.750,1.4132],[8.000,1.4338],[8.250,1.4534],[8.500,1.4733],[8.750,1.4926],[9.000,1.5099],[9.250,1.5249],[9.500,1.5374],[9.750,1.5479],[10.000,1.5558],[10.250,1.5557],[10.500,1.5437],[10.750,1.5279],[11.000,1.5074],[11.250,1.4849],[11.500,1.4625],[12.000,1.3091],[12.250,1.2837],],[[-7.750,-0.2571],[-7.500,-0.2467],[-7.250,-0.2316],[-7.000,-0.2067],[-6.750,-0.1930],[-6.500,-0.1749],[-6.250,-0.1472],[-6.000,-0.1195],[-5.750,-0.0842],[-5.500,-0.0314],[-5.250,0.0760],[-5.000,0.1101],[-4.750,0.1446],[-4.500,0.1789],[-4.250,0.2003],[-4.000,0.2282],[-3.750,0.2595],[-3.500,0.2928],[-3.250,0.3256],[-3.000,0.3591],[-2.750,0.3938],[-2.500,0.4297],[-2.250,0.4663],[-2.000,0.5030],[-1.750,0.5393],[-1.500,0.5627],[-1.250,0.5932],[-1.000,0.6267],[-0.750,0.6636],[-0.500,0.6913],[-0.250,0.7214],[0.000,0.7534],[0.250,0.7842],[0.500,0.8081],[0.750,0.8231],[1.000,0.8403],[1.250,0.8523],[1.500,0.8736],[1.750,0.8971],[2.000,0.9126],[2.250,0.9350],[2.500,0.9548],[2.750,0.9776],[3.000,1.0034],[3.250,1.0291],[3.500,1.0546],[3.750,1.0800],[4.000,1.1051],[4.250,1.1298],[4.500,1.1539],[4.750,1.1766],[5.000,1.2019],[5.250,1.2269],[5.500,1.2514],[5.750,1.2755],[6.000,1.2992],[6.250,1.3189],[6.500,1.3453],[6.750,1.3705],[7.000,1.3956],[7.250,1.4158],[7.500,1.4397],[7.750,1.4635],[8.000,1.4862],[8.250,1.5023],[8.500,1.5236],[8.750,1.5438],[9.000,1.5633],[9.250,1.5826],[9.500,1.6009],[9.750,1.6160],[10.000,1.6210],[10.250,1.6369],[10.500,1.6516],[10.750,1.6628],[11.000,1.6725],[11.250,1.6801],[11.500,1.6861],[11.750,1.6915],[12.000,1.6949],[12.250,1.6978],[12.500,1.6967],[12.750,1.6944],[13.000,1.6902],[13.250,1.6773],[13.500,1.6661],[13.750,1.6512],[14.000,1.6300],[14.250,1.6121],[14.500,1.5883],],],
{"title":"Cl v Alpha","sortData":false,"legend":{"show":false,"placement":"insideGrid","location":"ne"},"series":[{"showLabel":true,"index":0,"showLine":true,"trendline":{"type":"none","show":false},"color":"#4bb2c5"},{"showLabel":true,"index":0,"showLine":true,"trendline":{"type":"none","show":false},"color":"#EAA228"},{"showLabel":true,"index":0,"showLine":true,"trendline":{"type":"none","show":false},"color":"#839557"},{"showLabel":true,"index":0,"showLine":true,"trendline":{"type":"none","show":false},"color":"#953579"},{"showLabel":true,"index":0,"showLine":true,"trendline":{"type":"none","show":false},"color":"#d8b83f"}],"show":"$.jqplot.config.enablePlugins","axes":{"xaxis":{"max":15,"min":-10,"tickInterval":5,"tickOptions":{"formatString":"%.1f"},"forceTickAt0":true,"rendererOptions":{"forceTickAt0":true}},"yaxis":{"max":2,"min":-0.5,"tickInterval":0.5,"tickOptions":{"formatString":"%.2f"},"forceTickAt0":true,"rendererOptions":{"forceTickAt0":true}}},"seriesDefaults":{"lineWidth":1,"showLabel":true,"markerOptions":{"size":5,"show":false}}});
jqplots.push(p);

var p = $.jqplot('momentaoa',[[[-7.500,-0.0197],[-7.250,-0.0186],[-7.000,-0.0194],[-6.750,-0.0157],[-6.500,-0.0155],[-6.250,-0.0209],[-6.000,-0.0146],[-5.750,-0.0172],[-5.500,-0.0164],[-5.250,-0.0190],[-5.000,-0.0173],[-4.750,-0.0220],[-4.500,-0.0253],[-4.250,-0.0255],[-4.000,-0.0232],[-3.750,-0.0262],[-3.500,-0.0225],[-3.250,-0.0230],[-3.000,-0.0217],[-2.250,-0.0880],[-2.000,-0.1020],[-1.750,-0.1062],[-1.500,-0.1095],[-1.250,-0.1109],[-1.000,-0.1121],[-0.750,-0.1127],[-0.500,-0.1127],[-0.250,-0.1135],[0.000,-0.1100],[0.250,-0.1098],[0.500,-0.1096],[0.750,-0.1094],[1.000,-0.1092],[1.250,-0.1090],[1.500,-0.1087],[1.750,-0.1085],[2.000,-0.1082],[2.250,-0.1079],[2.500,-0.1077],[2.750,-0.1075],[3.000,-0.1073],[3.250,-0.1072],[3.500,-0.1071],[3.750,-0.1072],[4.000,-0.1159],[4.250,-0.1218],[4.500,-0.1266],[4.750,-0.1308],[5.000,-0.1354],[5.250,-0.1377],[5.500,-0.1321],[5.750,-0.1248],[6.000,-0.1240],[6.250,-0.1254],[6.500,-0.1271],[6.750,-0.1284],[7.000,-0.1285],[7.250,-0.1273],[7.500,-0.1254],[7.750,-0.1239],[8.000,-0.1211],[8.250,-0.1172],[8.500,-0.1141],[8.750,-0.1123],[9.000,-0.1072],[9.250,-0.1052],[9.500,-0.0914],[9.750,-0.0866],[10.000,-0.0856],[10.250,-0.0877],[10.500,-0.1011],],[[-6.500,-0.0143],[-6.250,-0.0140],[-6.000,-0.0146],[-5.750,-0.0170],[-5.500,-0.0339],[-5.250,-0.0343],[-5.000,-0.0279],[-4.750,-0.0265],[-4.500,-0.0298],[-4.250,-0.0433],[-4.000,-0.0399],[-3.750,-0.0516],[-3.500,-0.0622],[-3.250,-0.0599],[-3.000,-0.0732],[-2.750,-0.0746],[-2.500,-0.0788],[-2.250,-0.1024],[-2.000,-0.1066],[-1.750,-0.1099],[-1.500,-0.1117],[-1.250,-0.1126],[-1.000,-0.1132],[-0.750,-0.1135],[-0.500,-0.1139],[-0.250,-0.1145],[0.000,-0.1172],[0.250,-0.1140],[0.500,-0.1137],[0.750,-0.1133],[1.000,-0.1130],[1.250,-0.1127],[1.500,-0.1130],[1.750,-0.1172],[2.000,-0.1218],[2.250,-0.1262],[2.500,-0.1298],[2.750,-0.1330],[3.000,-0.1362],[3.250,-0.1397],[3.500,-0.1428],[3.750,-0.1447],[4.000,-0.1458],[4.250,-0.1458],[4.500,-0.1494],[4.750,-0.1484],[5.000,-0.1438],[5.250,-0.1415],[5.500,-0.1395],[5.750,-0.1376],[6.000,-0.1365],[6.250,-0.1365],[6.500,-0.1367],[6.750,-0.1363],[7.000,-0.1373],[7.250,-0.1361],[7.500,-0.1336],[7.750,-0.1313],[8.000,-0.1289],[8.250,-0.1242],],[[-5.750,-0.0238],[-5.500,-0.0175],[-5.250,-0.0174],[-5.000,-0.0196],[-4.750,-0.0233],[-4.500,-0.0312],[-4.250,-0.0625],[-4.000,-0.0641],[-3.750,-0.0682],[-3.500,-0.0885],[-3.250,-0.0903],[-3.000,-0.1017],[-2.750,-0.1089],[-2.500,-0.1166],[-2.250,-0.1205],[-2.000,-0.1234],[-1.750,-0.1252],[-1.500,-0.1267],[-1.250,-0.1290],[-1.000,-0.1313],[-0.750,-0.1333],[-0.500,-0.1351],[-0.250,-0.1385],[0.000,-0.1374],[0.250,-0.1382],[0.500,-0.1404],[0.750,-0.1426],[1.000,-0.1443],[1.250,-0.1474],[1.500,-0.1476],[1.750,-0.1506],[2.000,-0.1544],[2.250,-0.1551],[2.500,-0.1564],[2.750,-0.1574],[3.000,-0.1582],[3.250,-0.1617],[3.500,-0.1666],[3.750,-0.1624],[4.000,-0.1588],[4.250,-0.1552],[4.500,-0.1526],[4.750,-0.1513],[5.000,-0.1500],[5.250,-0.1484],[5.500,-0.1471],[5.750,-0.1457],[6.000,-0.1443],[6.250,-0.1433],[6.500,-0.1426],[6.750,-0.1434],[7.000,-0.1423],[7.250,-0.1414],[7.500,-0.1400],[7.750,-0.1387],[8.000,-0.1363],[8.250,-0.1319],[13.500,-0.1344],[13.750,-0.1397],],[[-9.250,-0.0158],[-9.000,-0.0154],[-8.750,-0.0149],[-8.500,-0.0175],[-8.250,-0.0207],[-8.000,-0.0243],[-7.750,-0.0277],[-7.500,-0.0320],[-7.250,-0.0383],[-7.000,-0.0427],[-6.750,-0.0478],[-6.500,-0.0556],[-6.250,-0.0597],[-6.000,-0.0606],[-5.750,-0.0657],[-5.500,-0.0753],[-5.250,-0.0941],[-5.000,-0.1066],[-4.750,-0.1162],[-4.500,-0.1213],[-4.250,-0.1278],[-4.000,-0.1478],[-3.750,-0.1513],[-3.500,-0.1514],[-3.250,-0.1518],[-3.000,-0.1526],[-2.750,-0.1546],[-2.500,-0.1560],[-2.250,-0.1575],[-2.000,-0.1595],[-1.750,-0.1612],[-1.500,-0.1631],[-1.250,-0.1620],[-1.000,-0.1641],[-0.750,-0.1666],[-0.500,-0.1693],[-0.250,-0.1719],[0.000,-0.1739],[0.250,-0.1712],[0.500,-0.1747],[0.750,-0.1743],[1.000,-0.1749],[1.250,-0.1763],[1.500,-0.1774],[1.750,-0.1788],[2.000,-0.1779],[2.250,-0.1734],[2.500,-0.1710],[2.750,-0.1695],[3.000,-0.1671],[3.250,-0.1658],[3.500,-0.1640],[3.750,-0.1632],[4.000,-0.1626],[4.250,-0.1618],[4.500,-0.1609],[4.750,-0.1599],[5.000,-0.1590],[5.250,-0.1580],[5.500,-0.1569],[5.750,-0.1555],[6.000,-0.1535],[6.250,-0.1528],[6.500,-0.1517],[6.750,-0.1507],[7.000,-0.1496],[7.250,-0.1485],[7.500,-0.1475],[7.750,-0.1464],[8.000,-0.1452],[8.250,-0.1441],[8.500,-0.1427],[8.750,-0.1412],[9.000,-0.1394],[9.250,-0.1374],[9.500,-0.1350],[9.750,-0.1325],[10.000,-0.1298],[10.250,-0.1260],[10.500,-0.1205],[10.750,-0.1149],[11.000,-0.1096],[11.250,-0.1050],[11.500,-0.1015],[12.000,-0.1046],[12.250,-0.1110],],[[-7.750,-0.0609],[-7.500,-0.0634],[-7.250,-0.0689],[-7.000,-0.0766],[-6.750,-0.0806],[-6.500,-0.0863],[-6.250,-0.0996],[-6.000,-0.1041],[-5.750,-0.1126],[-5.500,-0.1267],[-5.250,-0.1675],[-5.000,-0.1690],[-4.750,-0.1705],[-4.500,-0.1720],[-4.250,-0.1707],[-4.000,-0.1707],[-3.750,-0.1715],[-3.500,-0.1728],[-3.250,-0.1738],[-3.000,-0.1751],[-2.750,-0.1766],[-2.500,-0.1784],[-2.250,-0.1803],[-2.000,-0.1821],[-1.750,-0.1839],[-1.500,-0.1828],[-1.250,-0.1834],[-1.000,-0.1847],[-0.750,-0.1866],[-0.500,-0.1865],[-0.250,-0.1870],[0.000,-0.1878],[0.250,-0.1884],[0.500,-0.1872],[0.750,-0.1838],[1.000,-0.1814],[1.250,-0.1779],[1.500,-0.1766],[1.750,-0.1758],[2.000,-0.1736],[2.250,-0.1726],[2.500,-0.1713],[2.750,-0.1703],[3.000,-0.1699],[3.250,-0.1694],[3.500,-0.1689],[3.750,-0.1684],[4.000,-0.1678],[4.250,-0.1671],[4.500,-0.1663],[4.750,-0.1653],[5.000,-0.1648],[5.250,-0.1643],[5.500,-0.1637],[5.750,-0.1630],[6.000,-0.1623],[6.250,-0.1608],[6.500,-0.1606],[6.750,-0.1602],[7.000,-0.1597],[7.250,-0.1583],[7.500,-0.1577],[7.750,-0.1570],[8.000,-0.1562],[8.250,-0.1540],[8.500,-0.1529],[8.750,-0.1516],[9.000,-0.1501],[9.250,-0.1487],[9.500,-0.1471],[9.750,-0.1450],[10.000,-0.1413],[10.250,-0.1393],[10.500,-0.1372],[10.750,-0.1345],[11.000,-0.1317],[11.250,-0.1286],[11.500,-0.1255],[11.750,-0.1224],[12.000,-0.1192],[12.250,-0.1162],[12.500,-0.1129],[12.750,-0.1097],[13.000,-0.1068],[13.250,-0.1036],[13.500,-0.1012],[13.750,-0.0993],[14.000,-0.0982],[14.250,-0.0983],[14.500,-0.0999],],],
{"title":"Cm v Alpha","sortData":false,"legend":{"show":false,"placement":"insideGrid","location":"ne"},"series":[{"showLabel":true,"index":0,"showLine":true,"trendline":{"type":"none","show":false},"color":"#4bb2c5"},{"showLabel":true,"index":0,"showLine":true,"trendline":{"type":"none","show":false},"color":"#EAA228"},{"showLabel":true,"index":0,"showLine":true,"trendline":{"type":"none","show":false},"color":"#839557"},{"showLabel":true,"index":0,"showLine":true,"trendline":{"type":"none","show":false},"color":"#953579"},{"showLabel":true,"index":0,"showLine":true,"trendline":{"type":"none","show":false},"color":"#d8b83f"}],"show":"$.jqplot.config.enablePlugins","axes":{"xaxis":{"max":15,"min":-10,"tickInterval":5,"tickOptions":{"formatString":"%.1f"},"forceTickAt0":true,"rendererOptions":{"forceTickAt0":true}},"yaxis":{"max":0,"min":-0.2,"tickInterval":0.02,"tickOptions":{"formatString":"%.2f"},"forceTickAt0":true,"rendererOptions":{"forceTickAt0":true}}},"seriesDefaults":{"lineWidth":1,"showLabel":true,"markerOptions":{"size":5,"show":false}}});
jqplots.push(p);

var p = $.jqplot('dragaoa',[[[-7.500,0.11097],[-7.250,0.11073],[-7.000,0.11100],[-6.750,0.10468],[-6.500,0.10299],[-6.250,0.10307],[-6.000,0.09740],[-5.750,0.09569],[-5.500,0.09212],[-5.250,0.08983],[-5.000,0.08618],[-4.750,0.08332],[-4.500,0.08030],[-4.250,0.07701],[-4.000,0.07381],[-3.750,0.07092],[-3.500,0.06786],[-3.250,0.06489],[-3.000,0.06210],[-2.250,0.04103],[-2.000,0.03509],[-1.750,0.03220],[-1.500,0.03031],[-1.250,0.02886],[-1.000,0.02766],[-0.750,0.02688],[-0.500,0.02608],[-0.250,0.02516],[0.000,0.02265],[0.250,0.02311],[0.500,0.02360],[0.750,0.02412],[1.000,0.02468],[1.250,0.02529],[1.500,0.02594],[1.750,0.02664],[2.000,0.02741],[2.250,0.02824],[2.500,0.02915],[2.750,0.03015],[3.000,0.03126],[3.250,0.03251],[3.500,0.03388],[3.750,0.03539],[4.000,0.03730],[4.250,0.03845],[4.500,0.03916],[4.750,0.03943],[5.000,0.03763],[5.250,0.03075],[5.500,0.02511],[5.750,0.02827],[6.000,0.03115],[6.250,0.03355],[6.500,0.03620],[6.750,0.03945],[7.000,0.04274],[7.250,0.04648],[7.500,0.05036],[7.750,0.05410],[8.000,0.05860],[8.250,0.06386],[8.500,0.06941],[8.750,0.07546],[9.000,0.08097],[9.250,0.08725],[9.500,0.08963],[9.750,0.09330],[10.000,0.09939],[10.250,0.10713],[10.500,0.12495],],[[-6.500,0.09832],[-6.250,0.09590],[-6.000,0.09339],[-5.750,0.09082],[-5.500,0.08811],[-5.250,0.08329],[-5.000,0.08004],[-4.750,0.07714],[-4.500,0.07376],[-4.250,0.06812],[-4.000,0.06584],[-3.750,0.06049],[-3.500,0.05577],[-3.250,0.05331],[-3.000,0.04855],[-2.750,0.04571],[-2.500,0.04294],[-2.250,0.03136],[-2.000,0.02838],[-1.750,0.02590],[-1.500,0.02458],[-1.250,0.02358],[-1.000,0.02298],[-0.750,0.02251],[-0.500,0.02208],[-0.250,0.02184],[0.000,0.01965],[0.250,0.01969],[0.500,0.02020],[0.750,0.02075],[1.000,0.02133],[1.250,0.02197],[1.500,0.02268],[1.750,0.02351],[2.000,0.02417],[2.250,0.02457],[2.500,0.02480],[2.750,0.02487],[3.000,0.02473],[3.250,0.02388],[3.500,0.02246],[3.750,0.02156],[4.000,0.02000],[4.250,0.01775],[4.500,0.01544],[4.750,0.01718],[5.000,0.02073],[5.250,0.02235],[5.500,0.02377],[5.750,0.02545],[6.000,0.02706],[6.250,0.02923],[6.500,0.03152],[6.750,0.03346],[7.000,0.03741],[7.250,0.04073],[7.500,0.04311],[7.750,0.04706],[8.000,0.05197],[8.250,0.05710],],[[-5.750,0.08668],[-5.500,0.08423],[-5.250,0.08160],[-5.000,0.07847],[-4.750,0.07488],[-4.500,0.07033],[-4.250,0.06103],[-4.000,0.05517],[-3.750,0.05206],[-3.500,0.04323],[-3.250,0.04150],[-3.000,0.03599],[-2.750,0.03273],[-2.500,0.02514],[-2.250,0.02250],[-2.000,0.02110],[-1.750,0.02021],[-1.500,0.01994],[-1.250,0.01899],[-1.000,0.01878],[-0.750,0.01835],[-0.500,0.01798],[-0.250,0.01693],[0.000,0.01608],[0.250,0.01621],[0.500,0.01625],[0.750,0.01623],[1.000,0.01616],[1.250,0.01604],[1.500,0.01594],[1.750,0.01536],[2.000,0.01431],[2.250,0.01379],[2.500,0.01310],[2.750,0.01212],[3.000,0.01114],[3.250,0.01033],[3.500,0.01018],[3.750,0.01157],[4.000,0.01292],[4.250,0.01490],[4.500,0.01693],[4.750,0.01776],[5.000,0.01864],[5.250,0.01961],[5.500,0.02042],[5.750,0.02155],[6.000,0.02331],[6.250,0.02442],[6.500,0.02601],[6.750,0.02973],[7.000,0.03108],[7.250,0.03370],[7.500,0.03636],[7.750,0.03844],[8.000,0.04231],[8.250,0.04926],[13.500,0.18211],[13.750,0.18836],],[[-9.250,0.11875],[-9.000,0.11636],[-8.750,0.11399],[-8.500,0.11060],[-8.250,0.10707],[-8.000,0.10341],[-7.750,0.09984],[-7.500,0.09643],[-7.250,0.09313],[-7.000,0.08939],[-6.750,0.08507],[-6.500,0.07994],[-6.250,0.07439],[-6.000,0.07192],[-5.750,0.06835],[-5.500,0.06338],[-5.250,0.05627],[-5.000,0.04933],[-4.750,0.04019],[-4.500,0.03682],[-4.250,0.03282],[-4.000,0.01845],[-3.750,0.01571],[-3.500,0.01498],[-3.250,0.01453],[-3.000,0.01443],[-2.750,0.01313],[-2.500,0.01287],[-2.250,0.01263],[-2.000,0.01193],[-1.750,0.01165],[-1.500,0.01131],[-1.250,0.01110],[-1.000,0.01057],[-0.750,0.01001],[-0.500,0.00939],[-0.250,0.00881],[0.000,0.00789],[0.250,0.00733],[0.500,0.00680],[0.750,0.00654],[1.000,0.00626],[1.250,0.00600],[1.500,0.00587],[1.750,0.00586],[2.000,0.00625],[2.250,0.00737],[2.500,0.00824],[2.750,0.00885],[3.000,0.01023],[3.250,0.01113],[3.500,0.01249],[3.750,0.01297],[4.000,0.01337],[4.250,0.01382],[4.500,0.01437],[4.750,0.01492],[5.000,0.01544],[5.250,0.01602],[5.500,0.01672],[5.750,0.01764],[6.000,0.01943],[6.250,0.01979],[6.500,0.02054],[6.750,0.02124],[7.000,0.02388],[7.250,0.02400],[7.500,0.02487],[7.750,0.02579],[8.000,0.02654],[8.250,0.02809],[8.500,0.03034],[8.750,0.03192],[9.000,0.03431],[9.250,0.03649],[9.500,0.03869],[9.750,0.04055],[10.000,0.04241],[10.250,0.04574],[10.500,0.04968],[10.750,0.05374],[11.000,0.05816],[11.250,0.06307],[11.500,0.06821],[12.000,0.10082],[12.250,0.11052],],[[-7.750,0.08649],[-7.500,0.08334],[-7.250,0.07919],[-7.000,0.07443],[-6.750,0.07054],[-6.500,0.06604],[-6.250,0.05762],[-6.000,0.05534],[-5.750,0.05121],[-5.500,0.04459],[-5.250,0.01135],[-5.000,0.01090],[-4.750,0.01051],[-4.500,0.01031],[-4.250,0.00963],[-4.000,0.00947],[-3.750,0.00926],[-3.500,0.00879],[-3.250,0.00861],[-3.000,0.00842],[-2.750,0.00814],[-2.500,0.00773],[-2.250,0.00747],[-2.000,0.00719],[-1.750,0.00685],[-1.500,0.00671],[-1.250,0.00644],[-1.000,0.00612],[-0.750,0.00572],[-0.500,0.00534],[-0.250,0.00502],[0.000,0.00474],[0.250,0.00445],[0.500,0.00428],[0.750,0.00438],[1.000,0.00493],[1.250,0.00592],[1.500,0.00647],[1.750,0.00687],[2.000,0.00810],[2.250,0.00872],[2.500,0.00971],[2.750,0.01036],[3.000,0.01062],[3.250,0.01088],[3.500,0.01116],[3.750,0.01146],[4.000,0.01179],[4.250,0.01216],[4.500,0.01263],[4.750,0.01328],[5.000,0.01351],[5.250,0.01377],[5.500,0.01410],[5.750,0.01447],[6.000,0.01488],[6.250,0.01587],[6.500,0.01585],[6.750,0.01601],[7.000,0.01615],[7.250,0.01701],[7.500,0.01730],[7.750,0.01760],[8.000,0.01801],[8.250,0.01938],[8.500,0.01995],[8.750,0.02065],[9.000,0.02143],[9.250,0.02217],[9.500,0.02301],[9.750,0.02429],[10.000,0.02745],[10.250,0.02820],[10.500,0.02888],[10.750,0.03006],[11.000,0.03137],[11.250,0.03295],[11.500,0.03461],[11.750,0.03627],[12.000,0.03813],[12.250,0.03999],[12.500,0.04234],[12.750,0.04483],[13.000,0.04754],[13.250,0.05149],[13.500,0.05530],[13.750,0.05987],[14.000,0.06565],[14.250,0.07146],[14.500,0.07882],],],
{"title":"Cd v Alpha","sortData":false,"legend":{"show":false,"placement":"insideGrid","location":"ne"},"series":[{"showLabel":true,"index":0,"showLine":true,"trendline":{"type":"none","show":false},"color":"#4bb2c5"},{"showLabel":true,"index":0,"showLine":true,"trendline":{"type":"none","show":false},"color":"#EAA228"},{"showLabel":true,"index":0,"showLine":true,"trendline":{"type":"none","show":false},"color":"#839557"},{"showLabel":true,"index":0,"showLine":true,"trendline":{"type":"none","show":false},"color":"#953579"},{"showLabel":true,"index":0,"showLine":true,"trendline":{"type":"none","show":false},"color":"#d8b83f"}],"show":"$.jqplot.config.enablePlugins","axes":{"xaxis":{"max":15,"min":-10,"tickInterval":5,"tickOptions":{"formatString":"%.1f"},"forceTickAt0":true,"rendererOptions":{"forceTickAt0":true}},"yaxis":{"max":0.2,"min":0,"tickInterval":0.02,"tickOptions":{"formatString":"%.2f"},"forceTickAt0":true,"rendererOptions":{"forceTickAt0":true}}},"seriesDefaults":{"lineWidth":1,"showLabel":true,"markerOptions":{"size":5,"show":false}}});
jqplots.push(p);

var p = $.jqplot('effaoa',[[[-7.500,-3.5568171577904],[-7.250,-3.6846383094012],[-7.000,-3.8072072072072],[-6.750,-3.8737103553687],[-6.500,-3.9761141858433],[-6.250,-4.0574366935093],[-6.000,-4.1796714579055],[-5.750,-4.2554080886195],[-5.500,-4.3725575336518],[-5.250,-4.4172325503729],[-5.000,-4.5381759108842],[-4.750,-4.567930868939],[-4.500,-4.5753424657534],[-4.250,-4.6344630567459],[-4.000,-4.735130741092],[-3.750,-4.6912013536379],[-3.500,-4.8113763631005],[-3.250,-4.8081368469718],[-3.000,-4.829307568438],[-2.250,-0.66292956373385],[-2.000,1.6956397834141],[-1.750,3.2639751552795],[-1.500,4.8894754206533],[-1.250,6.3028413028413],[-1.000,7.823571945047],[-0.750,9.1927083333333],[-0.500,10.598159509202],[-0.250,12.281399046105],[0.000,14.384105960265],[0.250,15.188230203375],[0.500,15.898305084746],[0.750,16.529850746269],[1.000,17.086709886548],[1.250,17.564254646105],[1.500,17.968388589052],[1.750,18.29954954955],[2.000,18.547975191536],[2.250,18.714589235127],[2.500,18.799313893654],[2.750,18.792703150912],[3.000,18.694817658349],[3.250,18.492771454937],[3.500,18.211334120425],[3.750,17.869454648206],[4.000,18.702412868633],[4.250,19.531859557867],[4.500,20.46986721144],[4.750,21.635810296728],[5.000,24.573478607494],[5.250,33.391869918699],[5.500,43.118279569892],[5.750,39.023700035373],[6.000,36.247191011236],[6.250,34.915052160954],[6.500,33.549723756906],[6.750,31.852978453739],[7.000,30.12634534394],[7.250,28.296041308089],[7.500,26.528991262907],[7.750,25.046210720887],[8.000,23.324232081911],[8.250,21.437519574068],[8.500,19.742112087595],[8.750,18.270606944076],[9.000,16.674076818575],[9.250,15.409742120344],[9.500,13.858083231061],[9.750,12.707395498392],[10.000,11.598752389576],[10.250,10.240828899468],[10.500,8.1136454581833],],[[-6.500,-4.2178600488202],[-6.250,-4.3242961418144],[-6.000,-4.4287396937574],[-5.750,-4.5133230565955],[-5.500,-4.3627284076722],[-5.250,-4.5371593228479],[-5.000,-4.7501249375312],[-4.750,-4.8353642727508],[-4.500,-4.8345986984816],[-4.250,-4.6506165590135],[-4.000,-4.7250911300122],[-3.750,-4.4156058852703],[-3.500,-3.9447731755424],[-3.250,-3.9167135621835],[-3.000,-3.0422245108136],[-2.750,-2.690877269744],[-2.500,-2.0353982300885],[-2.250,1.3392857142857],[-2.000,3.1501057082452],[-1.750,5.1351351351351],[-1.500,6.8958502847844],[-1.250,8.5453774385072],[-1.000,10.073977371628],[-0.750,11.550422034651],[-0.500,13.088768115942],[-0.250,14.551282051282],[0.000,18.432569974555],[0.250,18.882681564246],[0.500,19.554455445545],[0.750,20.130120481928],[1.000,20.618846694796],[1.250,21.005917159763],[1.500,21.415343915344],[1.750,22.586133560187],[2.000,23.984278030616],[2.250,25.608465608466],[2.500,27.217741935484],[2.750,28.946521913953],[3.000,30.966437525273],[3.250,34.28391959799],[3.500,38.878005342832],[3.750,42.588126159555],[4.000,48.2],[4.250,56.946478873239],[4.500,69.922279792746],[4.750,64.778812572759],[5.000,53.690303907381],[5.250,50.532438478747],[5.500,48.245687841817],[5.750,45.768172888016],[6.000,43.935698447894],[6.250,41.604515908313],[6.500,39.628807106599],[6.750,38.161984459056],[7.000,35.049452018177],[7.250,32.811195678861],[7.500,31.428902806773],[7.750,29.179770505737],[8.000,26.711564364056],[8.250,24.453590192644],],[[-5.750,-4.7923396400554],[-5.500,-4.9661640745578],[-5.250,-5.0477941176471],[-5.000,-5.1153306996304],[-4.750,-5.1589209401709],[-4.500,-5.0760699559221],[-4.250,-4.0832377519253],[-4.000,-4.2468733007069],[-3.750,-3.8705339992317],[-3.500,-2.6532500578302],[-3.250,-2.0843373493976],[-3.000,-0.59460961378161],[-2.750,0.96853040024442],[-2.500,3.9180588703262],[-2.250,6.4444444444444],[-2.000,8.8578199052133],[-1.750,11.024245423058],[-1.500,12.943831494483],[-1.250,15.629278567667],[-1.000,17.875399361022],[-0.750,20.294277929155],[-0.500,22.680756395996],[-0.250,26.479621972829],[0.000,29.471393034826],[0.250,31.172115977791],[0.500,33.507692307692],[0.750,35.964263709181],[1.000,38.391089108911],[1.250,41.440149625935],[1.500,43.557089084065],[1.750,48.2421875],[2.000,55.443745632425],[2.250,60.072516316171],[2.500,66.198473282443],[2.750,74.826732673267],[3.000,84.901256732496],[3.250,96.48596321394],[3.500,103.62475442043],[3.750,92.048401037165],[4.000,83.165634674923],[4.250,72.58389261745],[4.500,64.601299468399],[4.750,62.798423423423],[5.000,60.954935622318],[5.250,58.969913309536],[5.500,57.683643486778],[5.750,55.591647331787],[6.000,52.269412269412],[6.250,50.859950859951],[6.500,48.719723183391],[6.750,43.673057517659],[7.000,42.561132561133],[7.250,40.035608308605],[7.500,37.73102310231],[7.750,36.201873048907],[8.000,33.299456393288],[8.250,28.773853024767],[13.500,5.3198616220965],[13.750,5.0870673179019],],[[-9.250,-3.5174736842105],[-9.000,-3.5802681333792],[-8.750,-3.6494429335907],[-8.500,-3.6654611211573],[-8.250,-3.6667600635099],[-8.000,-3.6698578474035],[-7.750,-3.6748798076923],[-7.500,-3.6855750285181],[-7.250,-3.6873188016751],[-7.000,-3.6737890144311],[-6.750,-3.6593393675796],[-6.500,-3.5689266950213],[-6.250,-3.6308643634897],[-6.000,-3.6026140155729],[-5.750,-3.4674469641551],[-5.500,-3.183969706532],[-5.250,-2.4453527634619],[-5.000,-1.7980944658423],[-4.750,-1.5053495894501],[-4.500,-0.69255839217816],[-4.250,0.52102376599634],[-4.000,6.3035230352304],[-3.750,10.025461489497],[-3.500,12.303070761015],[-3.250,14.741913282863],[-3.000,17.047817047817],[-2.750,21.492764661081],[-2.500,24.592074592075],[-2.250,27.84639746635],[-2.000,32.531433361274],[-1.750,36.377682403433],[-1.500,40.733863837312],[-1.250,43.576576576577],[-1.000,49.356669820246],[-0.750,56.003996003996],[-0.500,63.876464323749],[-0.250,72.576617480136],[0.000,86.007604562738],[0.250,95.211459754434],[0.500,109.42647058824],[0.750,118.08868501529],[1.000,128.59424920128],[1.250,140.16666666667],[1.500,149.19931856899],[1.750,155.56313993174],[2.000,149.968],[2.250,128.29036635007],[2.500,116.65048543689],[2.750,110.92655367232],[3.000,97.302052785924],[3.250,91.248876909254],[3.500,82.690152121697],[3.750,81.488049344641],[4.000,80.890052356021],[4.250,80.014471780029],[4.500,78.587334725122],[4.750,77.252010723861],[5.000,76.15932642487],[5.250,74.825218476904],[5.500,73.008373205742],[5.750,70.362811791383],[6.000,64.75553268142],[6.250,64.790298130369],[6.500,63.515092502434],[6.750,62.462335216573],[7.000,56.386097152429],[7.250,57.045833333333],[7.500,55.95094491355],[7.750,54.796432725863],[8.000,54.024114544084],[8.250,51.740833036668],[8.500,48.559657218194],[8.750,46.760651629073],[9.000,44.007577965608],[9.250,41.78953137846],[9.500,39.736365986043],[9.750,38.172626387176],[10.000,36.684744164112],[10.250,34.011805859204],[10.500,31.072866344605],[10.750,28.431336062523],[11.000,25.918156808803],[11.250,23.543681623593],[11.500,21.441137663099],[12.000,12.984526879587],[12.250,11.615092290988],],[[-7.750,-2.9725979882067],[-7.500,-2.960163186945],[-7.250,-2.9246116933956],[-7.000,-2.7771060056429],[-6.750,-2.7360362914658],[-6.500,-2.6483949121744],[-6.250,-2.5546685178757],[-6.000,-2.159378388146],[-5.750,-1.6442101152119],[-5.500,-0.70419376541826],[-5.250,6.6960352422907],[-5.000,10.100917431193],[-4.750,13.758325404377],[-4.500,17.352085354025],[-4.250,20.79958463136],[-4.000,24.097148891235],[-3.750,28.023758099352],[-3.500,33.310580204778],[-3.250,37.816492450639],[-3.000,42.648456057007],[-2.750,48.378378378378],[-2.500,55.588615782665],[-2.250,62.423025435074],[-2.000,69.958275382476],[-1.750,78.729927007299],[-1.500,83.859910581222],[-1.250,92.111801242236],[-1.000,102.40196078431],[-0.750,116.01398601399],[-0.500,129.45692883895],[-0.250,143.70517928287],[0.000,158.94514767932],[0.250,176.22471910112],[0.500,188.80841121495],[0.750,187.92237442922],[1.000,170.4462474645],[1.250,143.96959459459],[1.500,135.02318392581],[1.750,130.58224163028],[2.000,112.66666666667],[2.250,107.2247706422],[2.500,98.331616889804],[2.750,94.362934362934],[3.000,94.482109227872],[3.250,94.586397058824],[3.500,94.498207885305],[3.750,94.240837696335],[4.000,93.73197625106],[4.250,92.911184210526],[4.500,91.361836896279],[4.750,88.599397590361],[5.000,88.963730569948],[5.250,89.099491648511],[5.500,88.751773049645],[5.750,88.147892190739],[6.000,87.311827956989],[6.250,83.106490233144],[6.500,84.876971608833],[6.750,85.602748282324],[7.000,86.414860681115],[7.250,83.233392122281],[7.500,83.219653179191],[7.750,83.153409090909],[8.000,82.520821765686],[8.250,77.518059855521],[8.500,76.370927318296],[8.750,74.760290556901],[9.000,72.949136724218],[9.250,71.384754172305],[9.500,69.574098218166],[9.750,66.529435981886],[10.000,59.052823315118],[10.250,58.04609929078],[10.500,57.18836565097],[10.750,55.316034597472],[11.000,53.315269365636],[11.250,50.98937784522],[11.500,48.717133776365],[11.750,46.636338571822],[12.000,44.450563860477],[12.250,42.455613903476],[12.500,40.073216816249],[12.750,37.796118670533],[13.000,35.553218342448],[13.250,32.575257331521],[13.500,30.128390596745],[13.750,27.5797561383],[14.000,24.828636709825],[14.250,22.559473831514],[14.500,20.150976909414],],],
{"title":"Cl\/Cd v Alpha","sortData":false,"legend":{"show":false,"placement":"insideGrid","location":"ne"},"series":[{"showLabel":true,"index":0,"showLine":true,"trendline":{"type":"none","show":false},"color":"#4bb2c5"},{"showLabel":true,"index":0,"showLine":true,"trendline":{"type":"none","show":false},"color":"#EAA228"},{"showLabel":true,"index":0,"showLine":true,"trendline":{"type":"none","show":false},"color":"#839557"},{"showLabel":true,"index":0,"showLine":true,"trendline":{"type":"none","show":false},"color":"#953579"},{"showLabel":true,"index":0,"showLine":true,"trendline":{"type":"none","show":false},"color":"#d8b83f"}],"show":"$.jqplot.config.enablePlugins","axes":{"xaxis":{"max":15,"min":-10,"tickInterval":5,"tickOptions":{"formatString":"%.1f"},"forceTickAt0":true,"rendererOptions":{"forceTickAt0":true}},"yaxis":{"max":200,"min":-20,"tickInterval":20,"tickOptions":{"formatString":"%d"},"forceTickAt0":true,"rendererOptions":{"forceTickAt0":true}}},"seriesDefaults":{"lineWidth":1,"showLabel":true,"markerOptions":{"size":5,"show":false}}});
jqplots.push(p);

});
/*]]>*/
</script>
</body>
</html>