<!DOCTYPE html>
<html lang="en">
<head>
<link rel="stylesheet" type="text/css" href="/assets/62ff72f1/jquery.jqplot.min.css" media="screen, projection, print" />
<style type="text/css">
/*<![CDATA[*/
.jqplot-title {font-size:1.8em;padding:3px;}.jqplot-xaxis {font-size:0.8em;padding-top:3px;}.jqplot-yaxis {font-size:0.8em;padding-right:3px;}
/*]]>*/
</style>
<!--[if lt IE 9]><script type="text/javascript" src="/assets/62ff72f1/excanvas.min.js"></script></script><![endif]-->
<script type="text/javascript" src="/assets/780cfc96/jquery.min.js"></script>
<script type="text/javascript" src="/assets/62ff72f1/jquery.min.js"></script>
<script type="text/javascript" src="/assets/62ff72f1/jquery.jqplot.min.js"></script>
<script type="text/javascript">
/*<![CDATA[*/
var jqplots = [];

/*]]>*/
</script>
<title>Airfoil polar plot</title>
<meta http-equiv="Content-Language" content="en-gb"/>
<meta http-equiv="Content-Type" content="text/html; charset=windows-1252"/>
<meta content="none" name="robots" />
<meta name="copyright" content="Copyright 2010-2013. All Rights Reserved" />
</head>
<body>

<table style="width:800px;">
<tr><td>
<div id="liftdrag" style="height:400px;width:398px;margin:auto;display:inline-block;"></div>
</td><td>
<div id="liftaoa" style="height:400px;width:398px;margin:auto;display:inline-block;"></div>
</td></tr>
<tr><td>
<div id="effaoa" style="height:400px;width:398px;margin:auto;display:inline-block;"></div>
</td><td>
<div id="dragaoa" style="height:400px;width:398px;margin:auto;display:inline-block;"></div>
</td></tr>
<tr><td>
<div id="momentaoa" style="height:400px;width:398px;margin:auto;display:inline-block;"></div>
</td><td>
</td></tr>

</table>
<script type="text/javascript">
/*<![CDATA[*/
jQuery(window).load(function() {
var p = $.jqplot('liftdrag',[[[0.11101,-0.3056],[0.10857,-0.3022],[0.10982,-0.3305],[0.10354,-0.3018],[0.10272,-0.3142],[0.10447,-0.3532],[0.09756,-0.3135],[0.09811,-0.3436],[0.09497,-0.3411],[0.09355,-0.3493],[0.09448,-0.3889],[0.09048,-0.3727],[0.09069,-0.4053],[0.08728,-0.3950],[0.08656,-0.4209],[0.08402,-0.4165],[0.08164,-0.4200],[0.07974,-0.4286],[0.07769,-0.4328],[0.07546,-0.4337],[0.07316,-0.4329],[0.07101,-0.4316],[0.06902,-0.4331],[0.06713,-0.4341],[0.06555,-0.4366],[0.06365,-0.4387],[0.06184,-0.4432],[0.04094,-0.2142],[0.03931,-0.1939],[0.03787,-0.1718],[0.03683,-0.1280],[0.03614,-0.0814],[0.03565,-0.0349],[0.03527,0.0032],[0.03493,0.0405],[0.03450,0.0844],[0.03267,0.1299],[0.03199,0.1738],[0.03287,0.2075],[0.03377,0.2419],[0.03468,0.2797],[0.03554,0.3143],[0.03640,0.3392],[0.03730,0.3658],[0.03818,0.3949],[0.03902,0.4271],[0.03972,0.4637],[0.04022,0.5020],[0.04061,0.5373],[0.04089,0.5720],[0.04114,0.6058],[0.04149,0.6359],[0.04183,0.6652],[0.04214,0.6945],[0.04240,0.7239],[0.04242,0.7560],[0.04241,0.7882],[0.04222,0.8226],[0.04193,0.8567],[0.04171,0.8896],[0.04136,0.9237],[0.04112,0.9565],[0.04123,0.9855],[0.04147,1.0129],[0.04206,1.0361],[0.04325,1.0527],[0.04465,1.0680],[0.04465,1.1028],[0.04471,1.1378],[0.05087,1.0912],[0.05355,1.0933],[0.05114,1.1605],[0.07775,0.9311],[0.08150,0.9328],[0.08649,0.9253],[0.09397,0.8943],[0.09409,0.9287],[0.10170,0.8976],[0.10742,0.8818],],[[0.10109,-0.3090],[0.10058,-0.3319],[0.10069,-0.3638],[0.09566,-0.3473],[0.09304,-0.3370],[0.09170,-0.3471],[0.09087,-0.3665],[0.09018,-0.3898],[0.08932,-0.4183],[0.08683,-0.4451],[0.08404,-0.4392],[0.08199,-0.4331],[0.07595,-0.4001],[0.07272,-0.3654],[0.06841,-0.3454],[0.06178,-0.2769],[0.05770,-0.2571],[0.05453,-0.2240],[0.03895,-0.1714],[0.03478,-0.1366],[0.03172,-0.0913],[0.02979,-0.0646],[0.02779,-0.0196],[0.02674,0.0078],[0.02546,0.0512],[0.02479,0.0796],[0.02378,0.1222],[0.02327,0.1541],[0.02251,0.1930],[0.02150,0.2406],[0.02090,0.2611],[0.01973,0.3039],[0.01801,0.3782],[0.01801,0.4089],[0.01805,0.4384],[0.01788,0.4743],[0.01802,0.4991],[0.01774,0.5379],[0.01793,0.5603],[0.01793,0.5879],[0.01752,0.6253],[0.01741,0.6509],[0.01729,0.6772],[0.01727,0.7030],[0.01733,0.7292],[0.01732,0.7576],[0.01733,0.7856],[0.01749,0.8096],[0.01764,0.8342],[0.01779,0.8593],[0.01793,0.8849],[0.01805,0.9108],[0.01817,0.9364],[0.01832,0.9618],[0.01849,0.9862],[0.01869,1.0094],[0.01891,1.0313],[0.01914,1.0530],[0.01939,1.0753],[0.01969,1.0982],[0.02008,1.1217],[0.02061,1.1416],[0.02119,1.1630],[0.02185,1.1851],[0.02256,1.2074],[0.02323,1.2294],[0.02387,1.2517],[0.02446,1.2733],[0.02507,1.2910],[0.02580,1.3107],[0.02647,1.3337],[0.02704,1.3513],[0.02757,1.3654],[0.02797,1.3770],[0.02839,1.3855],[0.02895,1.3932],[0.02964,1.4013],[0.03035,1.4072],[0.03110,1.4101],[0.03197,1.4077],[0.03304,1.4025],[0.03441,1.3943],[0.03630,1.3826],[0.03913,1.3658],[0.04284,1.3468],[0.04679,1.3303],[0.05061,1.3179],[0.05440,1.3070],[0.05764,1.3035],[0.06080,1.3004],[0.06367,1.3022],[0.06623,1.3068],[0.06771,1.3233],[0.07074,1.3256],[0.07396,1.3266],[0.07698,1.3297],[0.07954,1.3381],[0.08166,1.3621],[0.08612,1.3539],[0.09105,1.3428],[0.09648,1.3290],[0.10242,1.3130],[0.10896,1.2948],[0.11606,1.2751],[0.12391,1.2532],[0.13225,1.2314],],[[0.08919,-0.3563],[0.08820,-0.3727],[0.08618,-0.3771],[0.08003,-0.3561],[0.06947,-0.3347],[0.06799,-0.3101],[0.06497,-0.2797],[0.05479,-0.2540],[0.05266,-0.2226],[0.05047,-0.2003],[0.04476,-0.1652],[0.03144,-0.1454],[0.02705,-0.1116],[0.02417,-0.0734],[0.02225,-0.0482],[0.02039,-0.0093],[0.01919,0.0195],[0.01828,0.0554],[0.01712,0.0832],[0.01605,0.1150],[0.01543,0.1423],[0.01483,0.1734],[0.01420,0.1985],[0.01369,0.2288],[0.01325,0.2529],[0.01287,0.2806],[0.01241,0.3063],[0.01214,0.3319],[0.01190,0.3592],[0.01165,0.3833],[0.01102,0.4060],[0.00989,0.4843],[0.00995,0.5090],[0.01000,0.5343],[0.01008,0.5575],[0.01015,0.5814],[0.01023,0.6059],[0.01031,0.6309],[0.01040,0.6547],[0.01051,0.6786],[0.01064,0.7032],[0.01078,0.7284],[0.01091,0.7529],[0.01105,0.7768],[0.01120,0.8010],[0.01136,0.8254],[0.01153,0.8498],[0.01170,0.8740],[0.01186,0.8976],[0.01203,0.9210],[0.01222,0.9444],[0.01241,0.9675],[0.01263,0.9904],[0.01288,1.0130],[0.01316,1.0352],[0.01348,1.0567],[0.01383,1.0777],[0.01420,1.0980],[0.01463,1.1180],[0.01509,1.1374],[0.01558,1.1564],[0.01602,1.1753],[0.01651,1.1943],[0.01702,1.2136],[0.01748,1.2326],[0.01796,1.2507],[0.01848,1.2682],[0.01905,1.2848],[0.01954,1.3011],[0.02005,1.3158],[0.02063,1.3278],[0.02121,1.3392],[0.02173,1.3523],[0.02240,1.3634],[0.02305,1.3737],[0.02372,1.3839],[0.02456,1.3914],[0.02566,1.3965],[0.02807,1.3851],[0.03096,1.3718],[0.03357,1.3646],[0.03624,1.3582],[0.03862,1.3569],[0.04149,1.3514],[0.04461,1.3449],[0.04741,1.3430],[0.05044,1.3398],[0.05367,1.3358],[0.05720,1.3301],[0.06083,1.3238],[0.06398,1.3224],[0.06694,1.3235],[0.06996,1.3245],[0.07296,1.3259],[0.07614,1.3263],[0.07894,1.3293],[0.08112,1.3360],[0.08316,1.3449],[0.08646,1.3464],[0.08999,1.3466],[0.09380,1.3456],[0.09790,1.3430],[0.10246,1.3381],[0.10744,1.3311],[0.11286,1.3223],[0.11868,1.3119],[0.12507,1.2994],[0.13196,1.2853],[0.13958,1.2689],[0.14856,1.2480],],[[0.08365,-0.2784],[0.09097,-0.3591],[0.08843,-0.3733],[0.08351,-0.3668],[0.08110,-0.3452],[0.07820,-0.3250],[0.04002,-0.3536],[0.03377,-0.3364],[0.02729,-0.3178],[0.02276,-0.2930],[0.02115,-0.2707],[0.01988,-0.2405],[0.01888,-0.2141],[0.01792,-0.1865],[0.01697,-0.1602],[0.01594,-0.1335],[0.01510,-0.1085],[0.01442,-0.0819],[0.01399,-0.0550],[0.01271,-0.0315],[0.01219,-0.0057],[0.01179,0.0209],[0.01143,0.0467],[0.01110,0.0729],[0.01082,0.0994],[0.01066,0.1258],[0.01009,0.1507],[0.00990,0.1771],[0.00972,0.2034],[0.00947,0.2295],[0.00929,0.2557],[0.00910,0.2820],[0.00893,0.3083],[0.00863,0.3338],[0.00851,0.3598],[0.00845,0.3860],[0.00839,0.4122],[0.00830,0.4384],[0.00817,0.4638],[0.00767,0.4861],[0.00688,0.5008],[0.00677,0.5842],[0.00687,0.6083],[0.00695,0.6328],[0.00706,0.6570],[0.00718,0.6812],[0.00727,0.7058],[0.00738,0.7302],[0.00750,0.7543],[0.00764,0.7783],[0.00778,0.8023],[0.00810,0.8501],[0.00828,0.8740],[0.00848,0.8978],[0.00868,0.9216],[0.00889,0.9452],[0.00912,0.9687],[0.00935,0.9921],[0.00959,1.0154],[0.00984,1.0385],[0.01011,1.0611],[0.01045,1.0823],[0.01079,1.1038],[0.01120,1.1239],[0.01161,1.1442],[0.01203,1.1642],[0.01243,1.1844],[0.01316,1.2254],[0.01356,1.2448],[0.01387,1.2655],[0.01426,1.2845],[0.01462,1.3031],[0.01494,1.3215],[0.01537,1.3372],[0.01571,1.3553],[0.01616,1.3710],[0.01680,1.3833],[0.01800,1.3857],[0.01952,1.3835],[0.02121,1.3799],[0.02260,1.3826],[0.02382,1.3889],[0.02500,1.3962],[0.02653,1.3996],[0.02798,1.4047],[0.02945,1.4106],[0.03104,1.4158],[0.03298,1.4175],[0.03533,1.4159],[0.03822,1.4098],[0.04081,1.4084],[0.04327,1.4093],[0.04600,1.4086],[0.04891,1.4072],[0.05214,1.4038],[0.05547,1.4005],[0.05907,1.3962],[0.06270,1.3922],[0.06676,1.3859],[0.07078,1.3806],[0.07515,1.3733],[0.07986,1.3627],[0.08380,1.3599],],[[0.12008,-0.2724],[0.11627,-0.2735],[0.03271,-0.8303],[0.02997,-0.8052],[0.02800,-0.7799],[0.02750,-0.7496],[0.02365,-0.7312],[0.02315,-0.6989],[0.02268,-0.6658],[0.02229,-0.6353],[0.02164,-0.6073],[0.02070,-0.5773],[0.01990,-0.5451],[0.01922,-0.5121],[0.01705,-0.4890],[0.01636,-0.4611],[0.01598,-0.4291],[0.01546,-0.4022],[0.01492,-0.3743],[0.01439,-0.3476],[0.01400,-0.3207],[0.01355,-0.2947],[0.01316,-0.2681],[0.01276,-0.2426],[0.01147,-0.2205],[0.01111,-0.1948],[0.01081,-0.1692],[0.01051,-0.1435],[0.01024,-0.1177],[0.00998,-0.0918],[0.00973,-0.0657],[0.00953,-0.0393],[0.00943,-0.0126],[0.00890,0.0121],[0.00866,0.0383],[0.00851,0.0648],[0.00839,0.0914],[0.00827,0.1182],[0.00820,0.1450],[0.00798,0.1713],[0.00789,0.1983],[0.00784,0.2250],[0.00771,0.2516],[0.00765,0.2785],[0.00757,0.3049],[0.00749,0.3318],[0.00732,0.3581],[0.00718,0.3840],[0.00714,0.4110],[0.00712,0.4376],[0.00709,0.4645],[0.00705,0.4911],[0.00699,0.5171],[0.00679,0.5427],[0.00629,0.5647],[0.00566,0.5803],[0.00571,0.6603],[0.00583,0.6873],[0.00595,0.7114],[0.00609,0.7355],[0.00624,0.7596],[0.00640,0.7836],[0.00671,0.8320],[0.00687,0.8564],[0.00703,0.8806],[0.00721,0.9047],[0.00738,0.9292],[0.00754,0.9538],[0.00773,0.9780],[0.00796,1.0016],[0.00824,1.0244],[0.00857,1.0465],[0.00890,1.0686],[0.00988,1.1349],[0.01015,1.1576],[0.01041,1.1805],[0.01066,1.2034],[0.01092,1.2260],[0.01117,1.2485],[0.01143,1.2708],[0.01171,1.2926],[0.01205,1.3131],[0.01237,1.3336],[0.01282,1.3516],[0.01360,1.3622],[0.01539,1.3732],[0.01659,1.3740],[0.01747,1.3819],[0.01814,1.3941],[0.01890,1.4051],[0.01956,1.4181],[0.02033,1.4294],[0.02126,1.4389],[0.02233,1.4466],[0.02322,1.4576],[0.02425,1.4671],[0.02535,1.4763],[0.02660,1.4839],[0.02801,1.4902],[0.02979,1.4927],[0.03219,1.4891],[0.03380,1.4958],[0.03572,1.4997],[0.03752,1.5056],[0.03989,1.5064],[0.04228,1.5078],[0.04494,1.5076],[0.04771,1.5073],[0.05072,1.5057],[0.05405,1.5020],[0.05775,1.4966],[0.06166,1.4904],[0.06618,1.4805],[0.07090,1.4704],[0.07641,1.4560],[0.08199,1.4419],],],
{"title":"Cl v Cd","sortData":false,"legend":{"show":false,"placement":"insideGrid","location":"ne"},"series":[{"showLabel":true,"index":0,"showLine":true,"trendline":{"type":"none","show":false},"color":"#4bb2c5"},{"showLabel":true,"index":0,"showLine":true,"trendline":{"type":"none","show":false},"color":"#EAA228"},{"showLabel":true,"index":0,"showLine":true,"trendline":{"type":"none","show":false},"color":"#839557"},{"showLabel":true,"index":0,"showLine":true,"trendline":{"type":"none","show":false},"color":"#953579"},{"showLabel":true,"index":0,"showLine":true,"trendline":{"type":"none","show":false},"color":"#d8b83f"}],"show":"$.jqplot.config.enablePlugins","axes":{"xaxis":{"max":0.16,"min":0,"tickInterval":0.02,"tickOptions":{"formatString":"%.2f"},"forceTickAt0":true,"rendererOptions":{"forceTickAt0":true}},"yaxis":{"max":2,"min":-1,"tickInterval":0.5,"tickOptions":{"formatString":"%.2f"},"forceTickAt0":true,"rendererOptions":{"forceTickAt0":true}}},"seriesDefaults":{"lineWidth":1,"showLabel":true,"markerOptions":{"size":5,"show":false}}});
jqplots.push(p);

var p = $.jqplot('liftaoa',[[[-9.000,-0.3056],[-8.750,-0.3022],[-8.500,-0.3305],[-8.250,-0.3018],[-8.000,-0.3142],[-7.750,-0.3532],[-7.500,-0.3135],[-7.250,-0.3436],[-7.000,-0.3411],[-6.750,-0.3493],[-6.500,-0.3889],[-6.250,-0.3727],[-6.000,-0.4053],[-5.750,-0.3950],[-5.500,-0.4209],[-5.250,-0.4165],[-5.000,-0.4200],[-4.750,-0.4286],[-4.500,-0.4328],[-4.250,-0.4337],[-4.000,-0.4329],[-3.750,-0.4316],[-3.500,-0.4331],[-3.250,-0.4341],[-3.000,-0.4366],[-2.750,-0.4387],[-2.500,-0.4432],[-2.250,-0.2142],[-2.000,-0.1939],[-1.750,-0.1718],[-1.500,-0.1280],[-1.250,-0.0814],[-1.000,-0.0349],[-0.750,0.0032],[-0.500,0.0405],[-0.250,0.0844],[0.000,0.1299],[0.250,0.1738],[0.500,0.2075],[0.750,0.2419],[1.000,0.2797],[1.250,0.3143],[1.500,0.3392],[1.750,0.3658],[2.000,0.3949],[2.250,0.4271],[2.500,0.4637],[2.750,0.5020],[3.000,0.5373],[3.250,0.5720],[3.500,0.6058],[3.750,0.6359],[4.000,0.6652],[4.250,0.6945],[4.500,0.7239],[4.750,0.7560],[5.000,0.7882],[5.250,0.8226],[5.500,0.8567],[5.750,0.8896],[6.000,0.9237],[6.250,0.9565],[6.500,0.9855],[6.750,1.0129],[7.000,1.0361],[7.250,1.0527],[7.500,1.0680],[7.750,1.1028],[8.000,1.1378],[8.250,1.0912],[8.500,1.0933],[8.750,1.1605],[9.000,0.9311],[9.250,0.9328],[9.500,0.9253],[9.750,0.8943],[10.000,0.9287],[10.250,0.8976],[10.500,0.8818],],[[-8.750,-0.3090],[-8.500,-0.3319],[-8.250,-0.3638],[-8.000,-0.3473],[-7.750,-0.3370],[-7.500,-0.3471],[-7.250,-0.3665],[-7.000,-0.3898],[-6.750,-0.4183],[-6.500,-0.4451],[-6.250,-0.4392],[-6.000,-0.4331],[-5.750,-0.4001],[-5.500,-0.3654],[-5.250,-0.3454],[-4.750,-0.2769],[-4.500,-0.2571],[-4.250,-0.2240],[-4.000,-0.1714],[-3.750,-0.1366],[-3.500,-0.0913],[-3.250,-0.0646],[-3.000,-0.0196],[-2.750,0.0078],[-2.500,0.0512],[-2.250,0.0796],[-2.000,0.1222],[-1.750,0.1541],[-1.500,0.1930],[-1.250,0.2406],[-1.000,0.2611],[-0.750,0.3039],[-0.500,0.3782],[-0.250,0.4089],[0.000,0.4384],[0.250,0.4743],[0.500,0.4991],[0.750,0.5379],[1.000,0.5603],[1.250,0.5879],[1.500,0.6253],[1.750,0.6509],[2.000,0.6772],[2.250,0.7030],[2.500,0.7292],[2.750,0.7576],[3.000,0.7856],[3.250,0.8096],[3.500,0.8342],[3.750,0.8593],[4.000,0.8849],[4.250,0.9108],[4.500,0.9364],[4.750,0.9618],[5.000,0.9862],[5.250,1.0094],[5.500,1.0313],[5.750,1.0530],[6.000,1.0753],[6.250,1.0982],[6.500,1.1217],[6.750,1.1416],[7.000,1.1630],[7.250,1.1851],[7.500,1.2074],[7.750,1.2294],[8.000,1.2517],[8.250,1.2733],[8.500,1.2910],[8.750,1.3107],[9.000,1.3337],[9.250,1.3513],[9.500,1.3654],[9.750,1.3770],[10.000,1.3855],[10.250,1.3932],[10.500,1.4013],[10.750,1.4072],[11.000,1.4101],[11.250,1.4077],[11.500,1.4025],[11.750,1.3943],[12.000,1.3826],[12.250,1.3658],[12.500,1.3468],[12.750,1.3303],[13.000,1.3179],[13.250,1.3070],[13.500,1.3035],[13.750,1.3004],[14.000,1.3022],[14.250,1.3068],[14.500,1.3233],[14.750,1.3256],[15.000,1.3266],[15.250,1.3297],[15.500,1.3381],[15.750,1.3621],[16.000,1.3539],[16.250,1.3428],[16.500,1.3290],[16.750,1.3130],[17.000,1.2948],[17.250,1.2751],[17.500,1.2532],[17.750,1.2314],],[[-8.000,-0.3563],[-7.750,-0.3727],[-7.500,-0.3771],[-7.250,-0.3561],[-7.000,-0.3347],[-6.750,-0.3101],[-6.500,-0.2797],[-6.250,-0.2540],[-6.000,-0.2226],[-5.750,-0.2003],[-5.500,-0.1652],[-5.250,-0.1454],[-5.000,-0.1116],[-4.750,-0.0734],[-4.500,-0.0482],[-4.250,-0.0093],[-4.000,0.0195],[-3.750,0.0554],[-3.500,0.0832],[-3.250,0.1150],[-3.000,0.1423],[-2.750,0.1734],[-2.500,0.1985],[-2.250,0.2288],[-2.000,0.2529],[-1.750,0.2806],[-1.500,0.3063],[-1.250,0.3319],[-1.000,0.3592],[-0.750,0.3833],[-0.500,0.4060],[-0.250,0.4843],[0.000,0.5090],[0.250,0.5343],[0.500,0.5575],[0.750,0.5814],[1.000,0.6059],[1.250,0.6309],[1.500,0.6547],[1.750,0.6786],[2.000,0.7032],[2.250,0.7284],[2.500,0.7529],[2.750,0.7768],[3.000,0.8010],[3.250,0.8254],[3.500,0.8498],[3.750,0.8740],[4.000,0.8976],[4.250,0.9210],[4.500,0.9444],[4.750,0.9675],[5.000,0.9904],[5.250,1.0130],[5.500,1.0352],[5.750,1.0567],[6.000,1.0777],[6.250,1.0980],[6.500,1.1180],[6.750,1.1374],[7.000,1.1564],[7.250,1.1753],[7.500,1.1943],[7.750,1.2136],[8.000,1.2326],[8.250,1.2507],[8.500,1.2682],[8.750,1.2848],[9.000,1.3011],[9.250,1.3158],[9.500,1.3278],[9.750,1.3392],[10.000,1.3523],[10.250,1.3634],[10.500,1.3737],[10.750,1.3839],[11.000,1.3914],[11.250,1.3965],[11.500,1.3851],[11.750,1.3718],[12.000,1.3646],[12.250,1.3582],[12.500,1.3569],[12.750,1.3514],[13.000,1.3449],[13.250,1.3430],[13.500,1.3398],[13.750,1.3358],[14.000,1.3301],[14.250,1.3238],[14.500,1.3224],[14.750,1.3235],[15.000,1.3245],[15.250,1.3259],[15.500,1.3263],[15.750,1.3293],[16.000,1.3360],[16.250,1.3449],[16.500,1.3464],[16.750,1.3466],[17.000,1.3456],[17.250,1.3430],[17.500,1.3381],[17.750,1.3311],[18.000,1.3223],[18.250,1.3119],[18.500,1.2994],[18.750,1.2853],[19.000,1.2689],[19.250,1.2480],],[[-9.500,-0.2784],[-9.250,-0.3591],[-9.000,-0.3733],[-8.750,-0.3668],[-8.500,-0.3452],[-8.250,-0.3250],[-8.000,-0.3536],[-7.750,-0.3364],[-7.500,-0.3178],[-7.250,-0.2930],[-7.000,-0.2707],[-6.750,-0.2405],[-6.500,-0.2141],[-6.250,-0.1865],[-6.000,-0.1602],[-5.750,-0.1335],[-5.500,-0.1085],[-5.250,-0.0819],[-5.000,-0.0550],[-4.750,-0.0315],[-4.500,-0.0057],[-4.250,0.0209],[-4.000,0.0467],[-3.750,0.0729],[-3.500,0.0994],[-3.250,0.1258],[-3.000,0.1507],[-2.750,0.1771],[-2.500,0.2034],[-2.250,0.2295],[-2.000,0.2557],[-1.750,0.2820],[-1.500,0.3083],[-1.250,0.3338],[-1.000,0.3598],[-0.750,0.3860],[-0.500,0.4122],[-0.250,0.4384],[0.000,0.4638],[0.250,0.4861],[0.500,0.5008],[0.750,0.5842],[1.000,0.6083],[1.250,0.6328],[1.500,0.6570],[1.750,0.6812],[2.000,0.7058],[2.250,0.7302],[2.500,0.7543],[2.750,0.7783],[3.000,0.8023],[3.500,0.8501],[3.750,0.8740],[4.000,0.8978],[4.250,0.9216],[4.500,0.9452],[4.750,0.9687],[5.000,0.9921],[5.250,1.0154],[5.500,1.0385],[5.750,1.0611],[6.000,1.0823],[6.250,1.1038],[6.500,1.1239],[6.750,1.1442],[7.000,1.1642],[7.250,1.1844],[7.750,1.2254],[8.000,1.2448],[8.250,1.2655],[8.500,1.2845],[8.750,1.3031],[9.000,1.3215],[9.250,1.3372],[9.500,1.3553],[9.750,1.3710],[10.000,1.3833],[10.250,1.3857],[10.500,1.3835],[10.750,1.3799],[11.000,1.3826],[11.250,1.3889],[11.500,1.3962],[11.750,1.3996],[12.000,1.4047],[12.250,1.4106],[12.500,1.4158],[12.750,1.4175],[13.000,1.4159],[13.250,1.4098],[13.500,1.4084],[13.750,1.4093],[14.000,1.4086],[14.250,1.4072],[14.500,1.4038],[14.750,1.4005],[15.000,1.3962],[15.250,1.3922],[15.500,1.3859],[15.750,1.3806],[16.000,1.3733],[16.250,1.3627],[16.500,1.3599],],[[-12.500,-0.2724],[-12.250,-0.2735],[-12.000,-0.8303],[-11.750,-0.8052],[-11.500,-0.7799],[-11.250,-0.7496],[-11.000,-0.7312],[-10.750,-0.6989],[-10.500,-0.6658],[-10.250,-0.6353],[-10.000,-0.6073],[-9.750,-0.5773],[-9.500,-0.5451],[-9.250,-0.5121],[-9.000,-0.4890],[-8.750,-0.4611],[-8.500,-0.4291],[-8.250,-0.4022],[-8.000,-0.3743],[-7.750,-0.3476],[-7.500,-0.3207],[-7.250,-0.2947],[-7.000,-0.2681],[-6.750,-0.2426],[-6.500,-0.2205],[-6.250,-0.1948],[-6.000,-0.1692],[-5.750,-0.1435],[-5.500,-0.1177],[-5.250,-0.0918],[-5.000,-0.0657],[-4.750,-0.0393],[-4.500,-0.0126],[-4.250,0.0121],[-4.000,0.0383],[-3.750,0.0648],[-3.500,0.0914],[-3.250,0.1182],[-3.000,0.1450],[-2.750,0.1713],[-2.500,0.1983],[-2.250,0.2250],[-2.000,0.2516],[-1.750,0.2785],[-1.500,0.3049],[-1.250,0.3318],[-1.000,0.3581],[-0.750,0.3840],[-0.500,0.4110],[-0.250,0.4376],[0.000,0.4645],[0.250,0.4911],[0.500,0.5171],[0.750,0.5427],[1.000,0.5647],[1.250,0.5803],[1.500,0.6603],[1.750,0.6873],[2.000,0.7114],[2.250,0.7355],[2.500,0.7596],[2.750,0.7836],[3.250,0.8320],[3.500,0.8564],[3.750,0.8806],[4.000,0.9047],[4.250,0.9292],[4.500,0.9538],[4.750,0.9780],[5.000,1.0016],[5.250,1.0244],[5.500,1.0465],[5.750,1.0686],[6.500,1.1349],[6.750,1.1576],[7.000,1.1805],[7.250,1.2034],[7.500,1.2260],[7.750,1.2485],[8.000,1.2708],[8.250,1.2926],[8.500,1.3131],[8.750,1.3336],[9.000,1.3516],[9.250,1.3622],[9.750,1.3732],[10.000,1.3740],[10.250,1.3819],[10.500,1.3941],[10.750,1.4051],[11.000,1.4181],[11.250,1.4294],[11.500,1.4389],[11.750,1.4466],[12.000,1.4576],[12.250,1.4671],[12.500,1.4763],[12.750,1.4839],[13.000,1.4902],[13.250,1.4927],[13.500,1.4891],[13.750,1.4958],[14.000,1.4997],[14.250,1.5056],[14.500,1.5064],[14.750,1.5078],[15.000,1.5076],[15.250,1.5073],[15.500,1.5057],[15.750,1.5020],[16.000,1.4966],[16.250,1.4904],[16.500,1.4805],[16.750,1.4704],[17.000,1.4560],[17.250,1.4419],],],
{"title":"Cl v Alpha","sortData":false,"legend":{"show":false,"placement":"insideGrid","location":"ne"},"series":[{"showLabel":true,"index":0,"showLine":true,"trendline":{"type":"none","show":false},"color":"#4bb2c5"},{"showLabel":true,"index":0,"showLine":true,"trendline":{"type":"none","show":false},"color":"#EAA228"},{"showLabel":true,"index":0,"showLine":true,"trendline":{"type":"none","show":false},"color":"#839557"},{"showLabel":true,"index":0,"showLine":true,"trendline":{"type":"none","show":false},"color":"#953579"},{"showLabel":true,"index":0,"showLine":true,"trendline":{"type":"none","show":false},"color":"#d8b83f"}],"show":"$.jqplot.config.enablePlugins","axes":{"xaxis":{"max":20,"min":-15,"tickInterval":5,"tickOptions":{"formatString":"%.1f"},"forceTickAt0":true,"rendererOptions":{"forceTickAt0":true}},"yaxis":{"max":2,"min":-1,"tickInterval":0.5,"tickOptions":{"formatString":"%.2f"},"forceTickAt0":true,"rendererOptions":{"forceTickAt0":true}}},"seriesDefaults":{"lineWidth":1,"showLabel":true,"markerOptions":{"size":5,"show":false}}});
jqplots.push(p);

var p = $.jqplot('momentaoa',[[[-9.000,-0.0302],[-8.750,-0.0293],[-8.500,-0.0293],[-8.250,-0.0276],[-8.000,-0.0265],[-7.750,-0.0242],[-7.500,-0.0231],[-7.250,-0.0201],[-7.000,-0.0179],[-6.750,-0.0148],[-6.500,-0.0120],[-6.250,-0.0086],[-6.000,-0.0075],[-5.750,-0.0036],[-5.500,-0.0036],[-5.250,0.0000],[-5.000,0.0023],[-4.750,0.0031],[-4.500,0.0044],[-4.250,0.0065],[-4.000,0.0092],[-3.750,0.0121],[-3.500,0.0153],[-3.250,0.0203],[-3.000,0.0260],[-2.750,0.0337],[-2.500,0.0402],[-2.250,-0.0429],[-2.000,-0.0430],[-1.750,-0.0432],[-1.500,-0.0470],[-1.250,-0.0511],[-1.000,-0.0550],[-0.750,-0.0575],[-0.500,-0.0596],[-0.250,-0.0627],[0.000,-0.0657],[0.250,-0.0685],[0.500,-0.0703],[0.750,-0.0722],[1.000,-0.0746],[1.250,-0.0764],[1.500,-0.0768],[1.750,-0.0774],[2.000,-0.0782],[2.250,-0.0794],[2.500,-0.0809],[2.750,-0.0823],[3.000,-0.0831],[3.250,-0.0836],[3.500,-0.0839],[3.750,-0.0838],[4.000,-0.0835],[4.250,-0.0831],[4.500,-0.0826],[4.750,-0.0822],[5.000,-0.0817],[5.250,-0.0813],[5.500,-0.0807],[5.750,-0.0799],[6.000,-0.0792],[6.250,-0.0784],[6.500,-0.0774],[6.750,-0.0764],[7.000,-0.0751],[7.250,-0.0735],[7.500,-0.0719],[7.750,-0.0717],[8.000,-0.0715],[8.250,-0.0664],[8.500,-0.0645],[8.750,-0.0658],[9.000,-0.0636],[9.250,-0.0636],[9.500,-0.0640],[9.750,-0.0656],[10.000,-0.0642],[10.250,-0.0662],[10.500,-0.0675],],[[-8.750,-0.0353],[-8.500,-0.0360],[-8.250,-0.0348],[-8.000,-0.0326],[-7.750,-0.0298],[-7.500,-0.0270],[-7.250,-0.0236],[-7.000,-0.0205],[-6.750,-0.0214],[-6.500,-0.0275],[-6.250,-0.0211],[-6.000,-0.0177],[-5.750,-0.0335],[-5.500,-0.0420],[-5.250,-0.0414],[-4.750,-0.0564],[-4.500,-0.0556],[-4.250,-0.0601],[-4.000,-0.0744],[-3.750,-0.0768],[-3.500,-0.0806],[-3.250,-0.0807],[-3.000,-0.0836],[-2.750,-0.0835],[-2.500,-0.0862],[-2.250,-0.0862],[-2.000,-0.0885],[-1.750,-0.0890],[-1.500,-0.0908],[-1.250,-0.0938],[-1.000,-0.0925],[-0.750,-0.0948],[-0.500,-0.1025],[-0.250,-0.1027],[0.000,-0.1026],[0.250,-0.1035],[0.500,-0.1026],[0.750,-0.1038],[1.000,-0.1025],[1.250,-0.1019],[1.500,-0.1025],[1.750,-0.1013],[2.000,-0.1002],[2.250,-0.0991],[2.500,-0.0983],[2.750,-0.0978],[3.000,-0.0972],[3.250,-0.0961],[3.500,-0.0951],[3.750,-0.0942],[4.000,-0.0933],[4.250,-0.0925],[4.500,-0.0916],[4.750,-0.0907],[5.000,-0.0897],[5.250,-0.0885],[5.500,-0.0871],[5.750,-0.0857],[6.000,-0.0844],[6.250,-0.0832],[6.500,-0.0821],[6.750,-0.0806],[7.000,-0.0793],[7.250,-0.0783],[7.500,-0.0773],[7.750,-0.0763],[8.000,-0.0753],[8.250,-0.0743],[8.500,-0.0726],[8.750,-0.0714],[9.000,-0.0706],[9.250,-0.0690],[9.500,-0.0668],[9.750,-0.0643],[10.000,-0.0614],[10.250,-0.0584],[10.500,-0.0556],[10.750,-0.0525],[11.000,-0.0490],[11.250,-0.0450],[11.500,-0.0411],[11.750,-0.0375],[12.000,-0.0342],[12.250,-0.0315],[12.500,-0.0293],[12.750,-0.0278],[13.000,-0.0266],[13.250,-0.0258],[13.500,-0.0251],[13.750,-0.0244],[14.000,-0.0237],[14.250,-0.0230],[14.500,-0.0214],[14.750,-0.0211],[15.000,-0.0211],[15.250,-0.0210],[15.500,-0.0205],[15.750,-0.0190],[16.000,-0.0197],[16.250,-0.0209],[16.500,-0.0226],[16.750,-0.0249],[17.000,-0.0279],[17.250,-0.0315],[17.500,-0.0360],[17.750,-0.0410],],[[-8.000,-0.0311],[-7.750,-0.0276],[-7.500,-0.0276],[-7.250,-0.0413],[-7.000,-0.0608],[-6.750,-0.0590],[-6.500,-0.0630],[-6.250,-0.0802],[-6.000,-0.0817],[-5.750,-0.0829],[-5.500,-0.0911],[-5.250,-0.0961],[-5.000,-0.0990],[-4.750,-0.1015],[-4.500,-0.1010],[-4.250,-0.1030],[-4.000,-0.1028],[-3.750,-0.1039],[-3.500,-0.1037],[-3.250,-0.1042],[-3.000,-0.1038],[-2.750,-0.1039],[-2.500,-0.1032],[-2.250,-0.1033],[-2.000,-0.1023],[-1.750,-0.1020],[-1.500,-0.1014],[-1.250,-0.1008],[-1.000,-0.1005],[-0.750,-0.0996],[-0.500,-0.0985],[-0.250,-0.1080],[0.000,-0.1070],[0.250,-0.1062],[0.500,-0.1050],[0.750,-0.1039],[1.000,-0.1029],[1.250,-0.1020],[1.500,-0.1009],[1.750,-0.0999],[2.000,-0.0990],[2.250,-0.0983],[2.500,-0.0974],[2.750,-0.0964],[3.000,-0.0955],[3.250,-0.0947],[3.500,-0.0938],[3.750,-0.0929],[4.000,-0.0920],[4.250,-0.0910],[4.500,-0.0900],[4.750,-0.0889],[5.000,-0.0879],[5.250,-0.0868],[5.500,-0.0856],[5.750,-0.0844],[6.000,-0.0830],[6.250,-0.0816],[6.500,-0.0802],[6.750,-0.0787],[7.000,-0.0771],[7.250,-0.0756],[7.500,-0.0741],[7.750,-0.0726],[8.000,-0.0712],[8.250,-0.0696],[8.500,-0.0680],[8.750,-0.0663],[9.000,-0.0644],[9.250,-0.0624],[9.500,-0.0599],[9.750,-0.0574],[10.000,-0.0553],[10.250,-0.0529],[10.500,-0.0506],[10.750,-0.0483],[11.000,-0.0459],[11.250,-0.0434],[11.500,-0.0398],[11.750,-0.0364],[12.000,-0.0339],[12.250,-0.0319],[12.500,-0.0305],[12.750,-0.0292],[13.000,-0.0282],[13.250,-0.0275],[13.500,-0.0270],[13.750,-0.0268],[14.000,-0.0266],[14.250,-0.0265],[14.500,-0.0263],[14.750,-0.0262],[15.000,-0.0263],[15.250,-0.0264],[15.500,-0.0268],[15.750,-0.0268],[16.000,-0.0262],[16.250,-0.0252],[16.500,-0.0257],[16.750,-0.0263],[17.000,-0.0272],[17.250,-0.0283],[17.500,-0.0298],[17.750,-0.0318],[18.000,-0.0343],[18.250,-0.0372],[18.500,-0.0406],[18.750,-0.0446],[19.000,-0.0494],[19.250,-0.0551],],[[-9.500,-0.0436],[-9.250,-0.0414],[-9.000,-0.0399],[-8.750,-0.0422],[-8.500,-0.0447],[-8.250,-0.0484],[-8.000,-0.0960],[-7.750,-0.1002],[-7.500,-0.1040],[-7.250,-0.1065],[-7.000,-0.1062],[-6.750,-0.1073],[-6.500,-0.1073],[-6.250,-0.1074],[-6.000,-0.1072],[-5.750,-0.1070],[-5.500,-0.1063],[-5.250,-0.1059],[-5.000,-0.1054],[-4.750,-0.1046],[-4.500,-0.1041],[-4.250,-0.1037],[-4.000,-0.1031],[-3.750,-0.1026],[-3.500,-0.1021],[-3.250,-0.1016],[-3.000,-0.1009],[-2.750,-0.1005],[-2.500,-0.1000],[-2.250,-0.0994],[-2.000,-0.0990],[-1.750,-0.0985],[-1.500,-0.0980],[-1.250,-0.0975],[-1.000,-0.0971],[-0.750,-0.0966],[-0.500,-0.0962],[-0.250,-0.0957],[0.000,-0.0952],[0.250,-0.0942],[0.500,-0.0911],[0.750,-0.1028],[1.000,-0.1019],[1.250,-0.1011],[1.500,-0.1002],[1.750,-0.0993],[2.000,-0.0985],[2.250,-0.0977],[2.500,-0.0968],[2.750,-0.0959],[3.000,-0.0950],[3.500,-0.0933],[3.750,-0.0924],[4.000,-0.0915],[4.250,-0.0907],[4.500,-0.0898],[4.750,-0.0889],[5.000,-0.0881],[5.250,-0.0872],[5.500,-0.0862],[5.750,-0.0852],[6.000,-0.0840],[6.250,-0.0829],[6.500,-0.0815],[6.750,-0.0802],[7.000,-0.0789],[7.250,-0.0776],[7.750,-0.0751],[8.000,-0.0737],[8.250,-0.0725],[8.500,-0.0710],[8.750,-0.0695],[9.000,-0.0679],[9.250,-0.0659],[9.500,-0.0643],[9.750,-0.0624],[10.000,-0.0600],[10.250,-0.0564],[10.500,-0.0524],[10.750,-0.0484],[11.000,-0.0455],[11.250,-0.0431],[11.500,-0.0410],[11.750,-0.0387],[12.000,-0.0368],[12.250,-0.0351],[12.500,-0.0335],[12.750,-0.0320],[13.000,-0.0305],[13.250,-0.0292],[13.500,-0.0283],[13.750,-0.0276],[14.000,-0.0272],[14.250,-0.0269],[14.500,-0.0267],[14.750,-0.0268],[15.000,-0.0271],[15.250,-0.0276],[15.500,-0.0283],[15.750,-0.0291],[16.000,-0.0300],[16.250,-0.0308],[16.500,-0.0319],],[[-12.500,-0.0386],[-12.250,-0.0393],[-12.000,-0.0866],[-11.750,-0.0903],[-11.500,-0.0926],[-11.250,-0.0939],[-11.000,-0.0967],[-10.750,-0.0983],[-10.500,-0.1000],[-10.250,-0.1010],[-10.000,-0.1017],[-9.750,-0.1029],[-9.500,-0.1045],[-9.250,-0.1060],[-9.000,-0.1066],[-8.750,-0.1070],[-8.500,-0.1081],[-8.250,-0.1081],[-8.000,-0.1083],[-7.750,-0.1081],[-7.500,-0.1080],[-7.250,-0.1076],[-7.000,-0.1073],[-6.750,-0.1068],[-6.500,-0.1059],[-6.250,-0.1054],[-6.000,-0.1048],[-5.750,-0.1043],[-5.500,-0.1037],[-5.250,-0.1032],[-5.000,-0.1027],[-4.750,-0.1023],[-4.500,-0.1018],[-4.250,-0.1011],[-4.000,-0.1007],[-3.750,-0.1003],[-3.500,-0.0999],[-3.250,-0.0995],[-3.000,-0.0991],[-2.750,-0.0986],[-2.500,-0.0983],[-2.250,-0.0979],[-2.000,-0.0975],[-1.750,-0.0972],[-1.500,-0.0967],[-1.250,-0.0964],[-1.000,-0.0960],[-0.750,-0.0956],[-0.500,-0.0953],[-0.250,-0.0950],[0.000,-0.0947],[0.250,-0.0944],[0.500,-0.0939],[0.750,-0.0935],[1.000,-0.0925],[1.250,-0.0895],[1.500,-0.1010],[1.750,-0.1007],[2.000,-0.0999],[2.250,-0.0990],[2.500,-0.0981],[2.750,-0.0973],[3.250,-0.0956],[3.500,-0.0949],[3.750,-0.0941],[4.000,-0.0933],[4.250,-0.0925],[4.500,-0.0919],[4.750,-0.0911],[5.000,-0.0903],[5.250,-0.0893],[5.500,-0.0882],[5.750,-0.0872],[6.500,-0.0841],[6.750,-0.0831],[7.000,-0.0823],[7.250,-0.0814],[7.500,-0.0805],[7.750,-0.0795],[8.000,-0.0786],[8.250,-0.0776],[8.500,-0.0764],[8.750,-0.0751],[9.000,-0.0735],[9.250,-0.0707],[9.750,-0.0633],[10.000,-0.0591],[10.250,-0.0561],[10.500,-0.0538],[10.750,-0.0515],[11.000,-0.0495],[11.250,-0.0475],[11.500,-0.0453],[11.750,-0.0430],[12.000,-0.0413],[12.250,-0.0395],[12.500,-0.0378],[12.750,-0.0362],[13.000,-0.0346],[13.250,-0.0329],[13.500,-0.0311],[13.750,-0.0301],[14.000,-0.0291],[14.250,-0.0283],[14.500,-0.0275],[14.750,-0.0269],[15.000,-0.0265],[15.250,-0.0263],[15.500,-0.0262],[15.750,-0.0263],[16.000,-0.0266],[16.250,-0.0272],[16.500,-0.0280],[16.750,-0.0291],[17.000,-0.0306],[17.250,-0.0322],],],
{"title":"Cm v Alpha","sortData":false,"legend":{"show":false,"placement":"insideGrid","location":"ne"},"series":[{"showLabel":true,"index":0,"showLine":true,"trendline":{"type":"none","show":false},"color":"#4bb2c5"},{"showLabel":true,"index":0,"showLine":true,"trendline":{"type":"none","show":false},"color":"#EAA228"},{"showLabel":true,"index":0,"showLine":true,"trendline":{"type":"none","show":false},"color":"#839557"},{"showLabel":true,"index":0,"showLine":true,"trendline":{"type":"none","show":false},"color":"#953579"},{"showLabel":true,"index":0,"showLine":true,"trendline":{"type":"none","show":false},"color":"#d8b83f"}],"show":"$.jqplot.config.enablePlugins","axes":{"xaxis":{"max":20,"min":-15,"tickInterval":5,"tickOptions":{"formatString":"%.1f"},"forceTickAt0":true,"rendererOptions":{"forceTickAt0":true}},"yaxis":{"max":0.06,"min":-0.12,"tickInterval":0.02,"tickOptions":{"formatString":"%.2f"},"forceTickAt0":true,"rendererOptions":{"forceTickAt0":true}}},"seriesDefaults":{"lineWidth":1,"showLabel":true,"markerOptions":{"size":5,"show":false}}});
jqplots.push(p);

var p = $.jqplot('dragaoa',[[[-9.000,0.11101],[-8.750,0.10857],[-8.500,0.10982],[-8.250,0.10354],[-8.000,0.10272],[-7.750,0.10447],[-7.500,0.09756],[-7.250,0.09811],[-7.000,0.09497],[-6.750,0.09355],[-6.500,0.09448],[-6.250,0.09048],[-6.000,0.09069],[-5.750,0.08728],[-5.500,0.08656],[-5.250,0.08402],[-5.000,0.08164],[-4.750,0.07974],[-4.500,0.07769],[-4.250,0.07546],[-4.000,0.07316],[-3.750,0.07101],[-3.500,0.06902],[-3.250,0.06713],[-3.000,0.06555],[-2.750,0.06365],[-2.500,0.06184],[-2.250,0.04094],[-2.000,0.03931],[-1.750,0.03787],[-1.500,0.03683],[-1.250,0.03614],[-1.000,0.03565],[-0.750,0.03527],[-0.500,0.03493],[-0.250,0.03450],[0.000,0.03267],[0.250,0.03199],[0.500,0.03287],[0.750,0.03377],[1.000,0.03468],[1.250,0.03554],[1.500,0.03640],[1.750,0.03730],[2.000,0.03818],[2.250,0.03902],[2.500,0.03972],[2.750,0.04022],[3.000,0.04061],[3.250,0.04089],[3.500,0.04114],[3.750,0.04149],[4.000,0.04183],[4.250,0.04214],[4.500,0.04240],[4.750,0.04242],[5.000,0.04241],[5.250,0.04222],[5.500,0.04193],[5.750,0.04171],[6.000,0.04136],[6.250,0.04112],[6.500,0.04123],[6.750,0.04147],[7.000,0.04206],[7.250,0.04325],[7.500,0.04465],[7.750,0.04465],[8.000,0.04471],[8.250,0.05087],[8.500,0.05355],[8.750,0.05114],[9.000,0.07775],[9.250,0.08150],[9.500,0.08649],[9.750,0.09397],[10.000,0.09409],[10.250,0.10170],[10.500,0.10742],],[[-8.750,0.10109],[-8.500,0.10058],[-8.250,0.10069],[-8.000,0.09566],[-7.750,0.09304],[-7.500,0.09170],[-7.250,0.09087],[-7.000,0.09018],[-6.750,0.08932],[-6.500,0.08683],[-6.250,0.08404],[-6.000,0.08199],[-5.750,0.07595],[-5.500,0.07272],[-5.250,0.06841],[-4.750,0.06178],[-4.500,0.05770],[-4.250,0.05453],[-4.000,0.03895],[-3.750,0.03478],[-3.500,0.03172],[-3.250,0.02979],[-3.000,0.02779],[-2.750,0.02674],[-2.500,0.02546],[-2.250,0.02479],[-2.000,0.02378],[-1.750,0.02327],[-1.500,0.02251],[-1.250,0.02150],[-1.000,0.02090],[-0.750,0.01973],[-0.500,0.01801],[-0.250,0.01801],[0.000,0.01805],[0.250,0.01788],[0.500,0.01802],[0.750,0.01774],[1.000,0.01793],[1.250,0.01793],[1.500,0.01752],[1.750,0.01741],[2.000,0.01729],[2.250,0.01727],[2.500,0.01733],[2.750,0.01732],[3.000,0.01733],[3.250,0.01749],[3.500,0.01764],[3.750,0.01779],[4.000,0.01793],[4.250,0.01805],[4.500,0.01817],[4.750,0.01832],[5.000,0.01849],[5.250,0.01869],[5.500,0.01891],[5.750,0.01914],[6.000,0.01939],[6.250,0.01969],[6.500,0.02008],[6.750,0.02061],[7.000,0.02119],[7.250,0.02185],[7.500,0.02256],[7.750,0.02323],[8.000,0.02387],[8.250,0.02446],[8.500,0.02507],[8.750,0.02580],[9.000,0.02647],[9.250,0.02704],[9.500,0.02757],[9.750,0.02797],[10.000,0.02839],[10.250,0.02895],[10.500,0.02964],[10.750,0.03035],[11.000,0.03110],[11.250,0.03197],[11.500,0.03304],[11.750,0.03441],[12.000,0.03630],[12.250,0.03913],[12.500,0.04284],[12.750,0.04679],[13.000,0.05061],[13.250,0.05440],[13.500,0.05764],[13.750,0.06080],[14.000,0.06367],[14.250,0.06623],[14.500,0.06771],[14.750,0.07074],[15.000,0.07396],[15.250,0.07698],[15.500,0.07954],[15.750,0.08166],[16.000,0.08612],[16.250,0.09105],[16.500,0.09648],[16.750,0.10242],[17.000,0.10896],[17.250,0.11606],[17.500,0.12391],[17.750,0.13225],],[[-8.000,0.08919],[-7.750,0.08820],[-7.500,0.08618],[-7.250,0.08003],[-7.000,0.06947],[-6.750,0.06799],[-6.500,0.06497],[-6.250,0.05479],[-6.000,0.05266],[-5.750,0.05047],[-5.500,0.04476],[-5.250,0.03144],[-5.000,0.02705],[-4.750,0.02417],[-4.500,0.02225],[-4.250,0.02039],[-4.000,0.01919],[-3.750,0.01828],[-3.500,0.01712],[-3.250,0.01605],[-3.000,0.01543],[-2.750,0.01483],[-2.500,0.01420],[-2.250,0.01369],[-2.000,0.01325],[-1.750,0.01287],[-1.500,0.01241],[-1.250,0.01214],[-1.000,0.01190],[-0.750,0.01165],[-0.500,0.01102],[-0.250,0.00989],[0.000,0.00995],[0.250,0.01000],[0.500,0.01008],[0.750,0.01015],[1.000,0.01023],[1.250,0.01031],[1.500,0.01040],[1.750,0.01051],[2.000,0.01064],[2.250,0.01078],[2.500,0.01091],[2.750,0.01105],[3.000,0.01120],[3.250,0.01136],[3.500,0.01153],[3.750,0.01170],[4.000,0.01186],[4.250,0.01203],[4.500,0.01222],[4.750,0.01241],[5.000,0.01263],[5.250,0.01288],[5.500,0.01316],[5.750,0.01348],[6.000,0.01383],[6.250,0.01420],[6.500,0.01463],[6.750,0.01509],[7.000,0.01558],[7.250,0.01602],[7.500,0.01651],[7.750,0.01702],[8.000,0.01748],[8.250,0.01796],[8.500,0.01848],[8.750,0.01905],[9.000,0.01954],[9.250,0.02005],[9.500,0.02063],[9.750,0.02121],[10.000,0.02173],[10.250,0.02240],[10.500,0.02305],[10.750,0.02372],[11.000,0.02456],[11.250,0.02566],[11.500,0.02807],[11.750,0.03096],[12.000,0.03357],[12.250,0.03624],[12.500,0.03862],[12.750,0.04149],[13.000,0.04461],[13.250,0.04741],[13.500,0.05044],[13.750,0.05367],[14.000,0.05720],[14.250,0.06083],[14.500,0.06398],[14.750,0.06694],[15.000,0.06996],[15.250,0.07296],[15.500,0.07614],[15.750,0.07894],[16.000,0.08112],[16.250,0.08316],[16.500,0.08646],[16.750,0.08999],[17.000,0.09380],[17.250,0.09790],[17.500,0.10246],[17.750,0.10744],[18.000,0.11286],[18.250,0.11868],[18.500,0.12507],[18.750,0.13196],[19.000,0.13958],[19.250,0.14856],],[[-9.500,0.08365],[-9.250,0.09097],[-9.000,0.08843],[-8.750,0.08351],[-8.500,0.08110],[-8.250,0.07820],[-8.000,0.04002],[-7.750,0.03377],[-7.500,0.02729],[-7.250,0.02276],[-7.000,0.02115],[-6.750,0.01988],[-6.500,0.01888],[-6.250,0.01792],[-6.000,0.01697],[-5.750,0.01594],[-5.500,0.01510],[-5.250,0.01442],[-5.000,0.01399],[-4.750,0.01271],[-4.500,0.01219],[-4.250,0.01179],[-4.000,0.01143],[-3.750,0.01110],[-3.500,0.01082],[-3.250,0.01066],[-3.000,0.01009],[-2.750,0.00990],[-2.500,0.00972],[-2.250,0.00947],[-2.000,0.00929],[-1.750,0.00910],[-1.500,0.00893],[-1.250,0.00863],[-1.000,0.00851],[-0.750,0.00845],[-0.500,0.00839],[-0.250,0.00830],[0.000,0.00817],[0.250,0.00767],[0.500,0.00688],[0.750,0.00677],[1.000,0.00687],[1.250,0.00695],[1.500,0.00706],[1.750,0.00718],[2.000,0.00727],[2.250,0.00738],[2.500,0.00750],[2.750,0.00764],[3.000,0.00778],[3.500,0.00810],[3.750,0.00828],[4.000,0.00848],[4.250,0.00868],[4.500,0.00889],[4.750,0.00912],[5.000,0.00935],[5.250,0.00959],[5.500,0.00984],[5.750,0.01011],[6.000,0.01045],[6.250,0.01079],[6.500,0.01120],[6.750,0.01161],[7.000,0.01203],[7.250,0.01243],[7.750,0.01316],[8.000,0.01356],[8.250,0.01387],[8.500,0.01426],[8.750,0.01462],[9.000,0.01494],[9.250,0.01537],[9.500,0.01571],[9.750,0.01616],[10.000,0.01680],[10.250,0.01800],[10.500,0.01952],[10.750,0.02121],[11.000,0.02260],[11.250,0.02382],[11.500,0.02500],[11.750,0.02653],[12.000,0.02798],[12.250,0.02945],[12.500,0.03104],[12.750,0.03298],[13.000,0.03533],[13.250,0.03822],[13.500,0.04081],[13.750,0.04327],[14.000,0.04600],[14.250,0.04891],[14.500,0.05214],[14.750,0.05547],[15.000,0.05907],[15.250,0.06270],[15.500,0.06676],[15.750,0.07078],[16.000,0.07515],[16.250,0.07986],[16.500,0.08380],],[[-12.500,0.12008],[-12.250,0.11627],[-12.000,0.03271],[-11.750,0.02997],[-11.500,0.02800],[-11.250,0.02750],[-11.000,0.02365],[-10.750,0.02315],[-10.500,0.02268],[-10.250,0.02229],[-10.000,0.02164],[-9.750,0.02070],[-9.500,0.01990],[-9.250,0.01922],[-9.000,0.01705],[-8.750,0.01636],[-8.500,0.01598],[-8.250,0.01546],[-8.000,0.01492],[-7.750,0.01439],[-7.500,0.01400],[-7.250,0.01355],[-7.000,0.01316],[-6.750,0.01276],[-6.500,0.01147],[-6.250,0.01111],[-6.000,0.01081],[-5.750,0.01051],[-5.500,0.01024],[-5.250,0.00998],[-5.000,0.00973],[-4.750,0.00953],[-4.500,0.00943],[-4.250,0.00890],[-4.000,0.00866],[-3.750,0.00851],[-3.500,0.00839],[-3.250,0.00827],[-3.000,0.00820],[-2.750,0.00798],[-2.500,0.00789],[-2.250,0.00784],[-2.000,0.00771],[-1.750,0.00765],[-1.500,0.00757],[-1.250,0.00749],[-1.000,0.00732],[-0.750,0.00718],[-0.500,0.00714],[-0.250,0.00712],[0.000,0.00709],[0.250,0.00705],[0.500,0.00699],[0.750,0.00679],[1.000,0.00629],[1.250,0.00566],[1.500,0.00571],[1.750,0.00583],[2.000,0.00595],[2.250,0.00609],[2.500,0.00624],[2.750,0.00640],[3.250,0.00671],[3.500,0.00687],[3.750,0.00703],[4.000,0.00721],[4.250,0.00738],[4.500,0.00754],[4.750,0.00773],[5.000,0.00796],[5.250,0.00824],[5.500,0.00857],[5.750,0.00890],[6.500,0.00988],[6.750,0.01015],[7.000,0.01041],[7.250,0.01066],[7.500,0.01092],[7.750,0.01117],[8.000,0.01143],[8.250,0.01171],[8.500,0.01205],[8.750,0.01237],[9.000,0.01282],[9.250,0.01360],[9.750,0.01539],[10.000,0.01659],[10.250,0.01747],[10.500,0.01814],[10.750,0.01890],[11.000,0.01956],[11.250,0.02033],[11.500,0.02126],[11.750,0.02233],[12.000,0.02322],[12.250,0.02425],[12.500,0.02535],[12.750,0.02660],[13.000,0.02801],[13.250,0.02979],[13.500,0.03219],[13.750,0.03380],[14.000,0.03572],[14.250,0.03752],[14.500,0.03989],[14.750,0.04228],[15.000,0.04494],[15.250,0.04771],[15.500,0.05072],[15.750,0.05405],[16.000,0.05775],[16.250,0.06166],[16.500,0.06618],[16.750,0.07090],[17.000,0.07641],[17.250,0.08199],],],
{"title":"Cd v Alpha","sortData":false,"legend":{"show":false,"placement":"insideGrid","location":"ne"},"series":[{"showLabel":true,"index":0,"showLine":true,"trendline":{"type":"none","show":false},"color":"#4bb2c5"},{"showLabel":true,"index":0,"showLine":true,"trendline":{"type":"none","show":false},"color":"#EAA228"},{"showLabel":true,"index":0,"showLine":true,"trendline":{"type":"none","show":false},"color":"#839557"},{"showLabel":true,"index":0,"showLine":true,"trendline":{"type":"none","show":false},"color":"#953579"},{"showLabel":true,"index":0,"showLine":true,"trendline":{"type":"none","show":false},"color":"#d8b83f"}],"show":"$.jqplot.config.enablePlugins","axes":{"xaxis":{"max":20,"min":-15,"tickInterval":5,"tickOptions":{"formatString":"%.1f"},"forceTickAt0":true,"rendererOptions":{"forceTickAt0":true}},"yaxis":{"max":0.16,"min":0,"tickInterval":0.02,"tickOptions":{"formatString":"%.2f"},"forceTickAt0":true,"rendererOptions":{"forceTickAt0":true}}},"seriesDefaults":{"lineWidth":1,"showLabel":true,"markerOptions":{"size":5,"show":false}}});
jqplots.push(p);

var p = $.jqplot('effaoa',[[[-9.000,-2.7529051436807],[-8.750,-2.7834576770747],[-8.500,-3.0094700418867],[-8.250,-2.9148155302299],[-8.000,-3.058800623053],[-7.750,-3.3808748923136],[-7.500,-3.2134071340713],[-7.250,-3.5021914177964],[-7.000,-3.5916605243761],[-6.750,-3.7338321753073],[-6.500,-4.1162150719729],[-6.250,-4.119142351901],[-6.000,-4.4690704598081],[-5.750,-4.525664527956],[-5.500,-4.8625231053604],[-5.250,-4.9571530587955],[-5.000,-5.1445369916707],[-4.750,-5.3749686481063],[-4.500,-5.5708585403527],[-4.250,-5.7474158494567],[-4.000,-5.9171678512849],[-3.750,-6.0780171806788],[-3.500,-6.274992755723],[-3.250,-6.4665574258901],[-3.000,-6.6605644546148],[-2.750,-6.8923802042419],[-2.500,-7.1668822768435],[-2.250,-5.2320468978994],[-2.000,-4.9325871279573],[-1.750,-4.5365724848165],[-1.500,-3.4754276405105],[-1.250,-2.2523519645822],[-1.000,-0.97896213183731],[-0.750,0.090728664587468],[-0.500,1.1594617807043],[-0.250,2.4463768115942],[0.000,3.9761248852158],[0.250,5.4329477961863],[0.500,6.3127471858838],[0.750,7.1631625703287],[1.000,8.0651672433679],[1.250,8.8435565559932],[1.500,9.3186813186813],[1.750,9.8069705093834],[2.000,10.343111576742],[2.250,10.94566888775],[2.500,11.674219536757],[2.750,12.481352560915],[3.000,13.230731346959],[3.250,13.988750305698],[3.500,14.725328147788],[3.750,15.326584719209],[4.000,15.902462347597],[4.250,16.480778357855],[4.500,17.073113207547],[4.750,17.821782178218],[5.000,18.585239330347],[5.250,19.483657034581],[5.500,20.431671834009],[5.750,21.328218652601],[6.000,22.333172147002],[6.250,23.261186770428],[6.500,23.902498180936],[6.750,24.424885459368],[7.000,24.633856395625],[7.250,24.339884393064],[7.500,23.919372900336],[7.750,24.698768197088],[8.000,25.448445537911],[8.250,21.450756831138],[8.500,20.416433239963],[8.750,22.692608525616],[9.000,11.975562700965],[9.250,11.445398773006],[9.500,10.698346629668],[9.750,9.51686708524],[10.000,9.8703369114677],[10.250,8.8259587020649],[10.500,8.2088996462484],],[[-8.750,-3.056682164408],[-8.500,-3.2998608073176],[-8.250,-3.613069818254],[-8.000,-3.6305665900063],[-7.750,-3.622098022356],[-7.500,-3.7851690294438],[-7.250,-4.033234290745],[-7.000,-4.3224661787536],[-6.750,-4.6831616659203],[-6.500,-5.1261084878498],[-6.250,-5.2260828177059],[-6.000,-5.2823515062813],[-5.750,-5.2679394338381],[-5.500,-5.0247524752475],[-5.250,-5.048969448911],[-4.750,-4.4820330203949],[-4.500,-4.4558058925477],[-4.250,-4.1078305519897],[-4.000,-4.400513478819],[-3.750,-3.9275445658424],[-3.500,-2.8783102143758],[-3.250,-2.1685129237999],[-3.000,-0.70528967254408],[-2.750,0.29169783096485],[-2.500,2.0109976433621],[-2.250,3.210972166196],[-2.000,5.1387720773759],[-1.750,6.6222604211431],[-1.500,8.5739671257219],[-1.250,11.190697674419],[-1.000,12.492822966507],[-0.750,15.402939685758],[-0.500,20.999444752915],[-0.250,22.70405330372],[0.000,24.288088642659],[0.250,26.526845637584],[0.500,27.697003329634],[0.750,30.32130777903],[1.000,31.249302844395],[1.250,32.788622420524],[1.500,35.690639269406],[1.750,37.386559448593],[2.000,39.167148640833],[2.250,40.706427330631],[2.500,42.077322562031],[2.750,43.741339491917],[3.000,45.33179457588],[3.250,46.289308176101],[3.500,47.290249433107],[3.750,48.302417088252],[4.000,49.353039598438],[4.250,50.459833795014],[4.500,51.535498073748],[4.750,52.5],[5.000,53.336938885884],[5.250,54.007490636704],[5.500,54.537281861449],[5.750,55.015673981191],[6.000,55.456420835482],[6.250,55.774504824784],[6.500,55.861553784861],[6.750,55.390587093644],[7.000,54.884379424257],[7.250,54.237986270023],[7.500,53.519503546099],[7.750,52.92294446836],[8.000,52.438206954336],[8.250,52.056418642682],[8.500,51.495811727164],[8.750,50.802325581395],[9.000,50.385341896487],[9.250,49.974112426035],[9.500,49.524845846935],[9.750,49.231319270647],[10.000,48.802395209581],[10.250,48.124352331606],[10.500,47.277327935223],[10.750,46.365733113674],[11.000,45.340836012862],[11.250,44.031904910854],[11.500,42.448547215496],[11.750,40.520197616972],[12.000,38.088154269972],[12.250,34.90416560184],[12.500,31.437908496732],[12.750,28.43128873691],[13.000,26.040308239478],[13.250,24.025735294118],[13.500,22.614503816794],[13.750,21.388157894737],[14.000,20.452332338621],[14.250,19.731239619508],[14.500,19.543642002658],[14.750,18.739044387899],[15.000,17.936722552731],[15.250,17.273317744869],[15.500,16.822982147347],[15.750,16.680137154053],[16.000,15.72108685555],[16.250,14.747940691928],[16.500,13.774875621891],[16.750,12.81976176528],[17.000,11.883259911894],[17.250,10.986558676547],[17.500,10.113792268582],[17.750,9.3111531190926],],[[-8.000,-3.9948424711291],[-7.750,-4.2256235827664],[-7.500,-4.3757252262706],[-7.250,-4.4495814069724],[-7.000,-4.8179070102202],[-6.750,-4.5609648477717],[-6.500,-4.3050638756349],[-6.250,-4.635882460303],[-6.000,-4.2271173566274],[-5.750,-3.968694273826],[-5.500,-3.6907953529937],[-5.250,-4.6246819338422],[-5.000,-4.1256931608133],[-4.750,-3.0368225072404],[-4.500,-2.1662921348315],[-4.250,-0.45610593428151],[-4.000,1.0161542470036],[-3.750,3.0306345733042],[-3.500,4.8598130841121],[-3.250,7.1651090342679],[-3.000,9.2222942320156],[-2.750,11.692515171949],[-2.500,13.978873239437],[-2.250,16.712929145362],[-2.000,19.08679245283],[-1.750,21.802641802642],[-1.500,24.681708299758],[-1.250,27.339373970346],[-1.000,30.18487394958],[-0.750,32.901287553648],[-0.500,36.842105263158],[-0.250,48.96865520728],[0.000,51.155778894472],[0.250,53.43],[0.500,55.30753968254],[0.750,57.28078817734],[1.000,59.227761485826],[1.250,61.193016488846],[1.500,62.951923076923],[1.750,64.567078972407],[2.000,66.09022556391],[2.250,67.569573283859],[2.500,69.010082493126],[2.750,70.298642533937],[3.000,71.517857142857],[3.250,72.658450704225],[3.500,73.703382480486],[3.750,74.700854700855],[4.000,75.682967959528],[4.250,76.558603491272],[4.500,77.283142389525],[4.750,77.961321514907],[5.000,78.416468725257],[5.250,78.649068322981],[5.500,78.662613981763],[5.750,78.390207715134],[6.000,77.924801156905],[6.250,77.323943661972],[6.500,76.418318523582],[6.750,75.374420145792],[7.000,74.223363286264],[7.250,73.3645443196],[7.500,72.337976983646],[7.750,71.304347826087],[8.000,70.514874141876],[8.250,69.638084632517],[8.500,68.625541125541],[8.750,67.443569553806],[9.000,66.586489252815],[9.250,65.625935162095],[9.500,64.362578768783],[9.750,63.140028288543],[10.000,62.231937413714],[10.250,60.866071428571],[10.500,59.596529284165],[10.750,58.343170320405],[11.000,56.653094462541],[11.250,54.423226812159],[11.500,49.344495903099],[11.750,44.308785529716],[12.000,40.649389335716],[12.250,37.477924944812],[12.500,35.134645261523],[12.750,32.571704025066],[13.000,30.147948890383],[13.250,28.327357097659],[13.500,26.562252180809],[13.750,24.889137320663],[14.000,23.253496503497],[14.250,21.762288344567],[14.500,20.668959049703],[14.750,19.771437107858],[15.000,18.932246998285],[15.250,18.172971491228],[15.500,17.419227738377],[15.750,16.83937167469],[16.000,16.46942800789],[16.250,16.172438672439],[16.500,15.572519083969],[16.750,14.963884876097],[17.000,14.345415778252],[17.250,13.718079673136],[17.500,13.059730626586],[17.750,12.389240506329],[18.000,11.716285663654],[18.250,11.054095045501],[18.500,10.38938194611],[18.750,9.740072749318],[19.000,9.0908439604528],[19.250,8.4006462035541],],[[-9.500,-3.3281530185296],[-9.250,-3.9474552050126],[-9.000,-4.2214180707905],[-8.750,-4.3922883487008],[-8.500,-4.2564734895191],[-8.250,-4.156010230179],[-8.000,-8.8355822088956],[-7.750,-9.9615042937518],[-7.500,-11.6452913155],[-7.250,-12.873462214411],[-7.000,-12.799054373522],[-6.750,-12.097585513078],[-6.500,-11.340042372881],[-6.250,-10.407366071429],[-6.000,-9.4401885680613],[-5.750,-8.375156838143],[-5.500,-7.1854304635762],[-5.250,-5.6796116504854],[-5.000,-3.9313795568263],[-4.750,-2.4783634933124],[-4.500,-0.467596390484],[-4.250,1.7726887192536],[-4.000,4.0857392825897],[-3.750,6.5675675675676],[-3.500,9.1866913123845],[-3.250,11.801125703565],[-3.000,14.935579781962],[-2.750,17.888888888889],[-2.500,20.925925925926],[-2.250,24.234424498416],[-2.000,27.524219590958],[-1.750,30.989010989011],[-1.500,34.524076147816],[-1.250,38.679026651217],[-1.000,42.279670975323],[-0.750,45.680473372781],[-0.500,49.129916567342],[-0.250,52.819277108434],[0.000,56.768665850673],[0.250,63.376792698827],[0.500,72.790697674419],[0.750,86.29246676514],[1.000,88.544395924309],[1.250,91.05035971223],[1.500,93.059490084986],[1.750,94.874651810585],[2.000,97.083906464924],[2.250,98.943089430894],[2.500,100.57333333333],[2.750,101.87172774869],[3.000,103.1233933162],[3.500,104.95061728395],[3.750,105.55555555556],[4.000,105.87264150943],[4.250,106.17511520737],[4.500,106.32170978628],[4.750,106.21710526316],[5.000,106.10695187166],[5.250,105.8811261731],[5.500,105.53861788618],[5.750,104.95548961424],[6.000,103.56937799043],[6.250,102.2984244671],[6.500,100.34821428571],[6.750,98.552971576227],[7.000,96.774729842062],[7.250,95.285599356396],[7.750,93.115501519757],[8.000,91.799410029499],[8.250,91.240086517664],[8.500,90.07713884993],[8.750,89.131326949384],[9.000,88.453815261044],[9.250,87.000650618087],[9.500,86.26989178867],[9.750,84.839108910891],[10.000,82.339285714286],[10.250,76.983333333333],[10.500,70.876024590164],[10.750,65.058934464875],[11.000,61.176991150442],[11.250,58.308144416457],[11.500,55.848],[11.750,52.755371277799],[12.000,50.203716940672],[12.250,47.898132427844],[12.500,45.612113402062],[12.750,42.980594299575],[13.000,40.076422303991],[13.250,36.886446886447],[13.500,34.51114922813],[13.750,32.569909868269],[14.000,30.621739130435],[14.250,28.771212430996],[14.500,26.923667050249],[14.750,25.247881737876],[15.000,23.636363636364],[15.250,22.204146730463],[15.500,20.759436788496],[15.750,19.505510031082],[16.000,18.274118429807],[16.250,17.06361131981],[16.500,16.227923627685],],[[-12.500,-2.2684876748834],[-12.250,-2.3522834781113],[-12.000,-25.383674717212],[-11.750,-26.866866866867],[-11.500,-27.853571428571],[-11.250,-27.258181818182],[-11.000,-30.91754756871],[-10.750,-30.190064794816],[-10.500,-29.356261022928],[-10.250,-28.501570210857],[-10.000,-28.063770794824],[-9.750,-27.888888888889],[-9.500,-27.391959798995],[-9.250,-26.644120707596],[-9.000,-28.680351906158],[-8.750,-28.184596577017],[-8.500,-26.852315394243],[-8.250,-26.01552393273],[-8.000,-25.087131367292],[-7.750,-24.155663655316],[-7.500,-22.907142857143],[-7.250,-21.749077490775],[-7.000,-20.372340425532],[-6.750,-19.012539184953],[-6.500,-19.22406277245],[-6.250,-17.533753375338],[-6.000,-15.652173913043],[-5.750,-13.653663177926],[-5.500,-11.494140625],[-5.250,-9.1983967935872],[-5.000,-6.7523124357657],[-4.750,-4.1238195173137],[-4.500,-1.3361611876988],[-4.250,1.3595505617978],[-4.000,4.4226327944573],[-3.750,7.614571092832],[-3.500,10.893921334923],[-3.250,14.292623941959],[-3.000,17.682926829268],[-2.750,21.466165413534],[-2.500,25.133079847909],[-2.250,28.698979591837],[-2.000,32.632944228275],[-1.750,36.40522875817],[-1.500,40.277410832232],[-1.250,44.299065420561],[-1.000,48.920765027322],[-0.750,53.481894150418],[-0.500,57.563025210084],[-0.250,61.460674157303],[0.000,65.514809590973],[0.250,69.659574468085],[0.500,73.977110157368],[0.750,79.926362297496],[1.000,89.777424483307],[1.250,102.52650176678],[1.500,115.63922942207],[1.750,117.89022298456],[2.000,119.56302521008],[2.250,120.77175697865],[2.500,121.73076923077],[2.750,122.4375],[3.250,123.99403874814],[3.500,124.65793304221],[3.750,125.26315789474],[4.000,125.47850208044],[4.250,125.90785907859],[4.500,126.49867374005],[4.750,126.52005174644],[5.000,125.82914572864],[5.250,124.32038834951],[5.500,122.11201866978],[5.750,120.06741573034],[6.500,114.86842105263],[6.750,114.04926108374],[7.000,113.40057636888],[7.250,112.88930581614],[7.500,112.27106227106],[7.750,111.77260519248],[8.000,111.1811023622],[8.250,110.38428693424],[8.500,108.97095435685],[8.750,107.80921584479],[9.000,105.42901716069],[9.250,100.16176470588],[9.750,89.226770630279],[10.000,82.820976491863],[10.250,79.101316542645],[10.500,76.852260198456],[10.750,74.343915343915],[11.000,72.5],[11.250,70.309886866699],[11.500,67.681091251176],[11.750,64.782803403493],[12.000,62.773471145564],[12.250,60.498969072165],[12.500,58.236686390533],[12.750,55.785714285714],[13.000,53.202427704391],[13.250,50.107418596845],[13.500,46.259707983846],[13.750,44.254437869822],[14.000,41.984882418813],[14.250,40.127931769723],[14.500,37.76385058912],[14.750,35.662251655629],[15.000,33.546951490877],[15.250,31.592957451268],[15.500,29.686514195584],[15.750,27.789084181314],[16.000,25.915151515152],[16.250,24.171261758028],[16.500,22.370806890299],[16.750,20.739069111425],[17.000,19.055097500327],[17.250,17.586291011099],],],
{"title":"Cl\/Cd v Alpha","sortData":false,"legend":{"show":false,"placement":"insideGrid","location":"ne"},"series":[{"showLabel":true,"index":0,"showLine":true,"trendline":{"type":"none","show":false},"color":"#4bb2c5"},{"showLabel":true,"index":0,"showLine":true,"trendline":{"type":"none","show":false},"color":"#EAA228"},{"showLabel":true,"index":0,"showLine":true,"trendline":{"type":"none","show":false},"color":"#839557"},{"showLabel":true,"index":0,"showLine":true,"trendline":{"type":"none","show":false},"color":"#953579"},{"showLabel":true,"index":0,"showLine":true,"trendline":{"type":"none","show":false},"color":"#d8b83f"}],"show":"$.jqplot.config.enablePlugins","axes":{"xaxis":{"max":20,"min":-15,"tickInterval":5,"tickOptions":{"formatString":"%.1f"},"forceTickAt0":true,"rendererOptions":{"forceTickAt0":true}},"yaxis":{"max":140,"min":-40,"tickInterval":20,"tickOptions":{"formatString":"%d"},"forceTickAt0":true,"rendererOptions":{"forceTickAt0":true}}},"seriesDefaults":{"lineWidth":1,"showLabel":true,"markerOptions":{"size":5,"show":false}}});
jqplots.push(p);

});
/*]]>*/
</script>
</body>
</html>