<!DOCTYPE html>
<html lang="en">
<head>
<link rel="stylesheet" type="text/css" href="/assets/62ff72f1/jquery.jqplot.min.css" media="screen, projection, print" />
<style type="text/css">
/*<![CDATA[*/
.jqplot-title {font-size:1.8em;padding:3px;}.jqplot-xaxis {font-size:0.8em;padding-top:3px;}.jqplot-yaxis {font-size:0.8em;padding-right:3px;}
/*]]>*/
</style>
<!--[if lt IE 9]><script type="text/javascript" src="/assets/62ff72f1/excanvas.min.js"></script></script><![endif]-->
<script type="text/javascript" src="/assets/780cfc96/jquery.min.js"></script>
<script type="text/javascript" src="/assets/62ff72f1/jquery.min.js"></script>
<script type="text/javascript" src="/assets/62ff72f1/jquery.jqplot.min.js"></script>
<script type="text/javascript">
/*<![CDATA[*/
var jqplots = [];

/*]]>*/
</script>
<title>Airfoil polar plot</title>
<meta http-equiv="Content-Language" content="en-gb"/>
<meta http-equiv="Content-Type" content="text/html; charset=windows-1252"/>
<meta content="none" name="robots" />
<meta name="copyright" content="Copyright 2010-2013. All Rights Reserved" />
</head>
<body>

<table style="width:800px;">
<tr><td>
<div id="liftdrag" style="height:400px;width:398px;margin:auto;display:inline-block;"></div>
</td><td>
<div id="liftaoa" style="height:400px;width:398px;margin:auto;display:inline-block;"></div>
</td></tr>
<tr><td>
<div id="effaoa" style="height:400px;width:398px;margin:auto;display:inline-block;"></div>
</td><td>
<div id="dragaoa" style="height:400px;width:398px;margin:auto;display:inline-block;"></div>
</td></tr>
<tr><td>
<div id="momentaoa" style="height:400px;width:398px;margin:auto;display:inline-block;"></div>
</td><td>
</td></tr>

</table>
<script type="text/javascript">
/*<![CDATA[*/
jQuery(window).load(function() {
var p = $.jqplot('liftdrag',[[[0.15849,-0.4772],[0.15731,-0.5096],[0.15608,-0.5568],[0.15105,-0.5003],[0.14909,-0.5258],[0.14713,-0.5779],[0.14318,-0.5326],[0.14064,-0.5640],[0.13849,-0.6195],[0.13692,-0.6692],[0.13704,-0.4779],[0.13448,-0.4547],[0.13178,-0.4359],[0.11881,-0.6934],[0.11591,-0.6979],[0.11149,-0.6637],[0.10645,-0.4776],[0.10223,-0.5219],[0.10025,-0.4972],[0.08860,-0.7209],[0.08522,-0.7246],[0.08142,-0.7491],[0.07853,-0.7541],[0.07598,-0.7515],[0.08419,-0.5763],[0.08104,-0.5488],[0.07951,-0.5215],[0.07981,-0.4865],[0.07722,-0.4818],[0.07696,-0.4483],[0.07832,-0.4074],[0.07605,-0.4026],[0.07640,-0.3688],[0.07844,-0.3061],[0.07847,-0.2584],[0.08184,-0.1560],[0.08542,-0.0763],[0.08692,-0.0508],[0.08587,-0.0512],[0.08476,-0.0638],[0.10278,0.2388],[0.10237,0.2323],[0.10376,0.2486],[0.10663,0.2752],[0.10641,0.2688],[0.10768,0.2829],[0.11044,0.3083],[0.11098,0.3066],[0.11170,0.3138],[0.11409,0.3362],[0.11681,0.3527],[0.11597,0.3437],[0.11790,0.3613],[0.12168,0.3894],[0.12064,0.3739],[0.12213,0.3865],[0.12517,0.4104],[0.12588,0.4069],[0.12676,0.4138],[0.13005,0.4402],[0.13019,0.4312],[0.13172,0.4435],[0.13567,0.4716],[0.13505,0.4557],[0.13697,0.4701],[0.14145,0.4991],[0.14025,0.4790],[0.14270,0.4973],[0.14554,0.5076],[0.14575,0.5010],[0.14834,0.5183],[0.15159,0.5315],[0.15143,0.5199],[0.15354,0.5331],[0.15752,0.5561],[0.15726,0.5414],[0.15869,0.5468],[0.16104,0.5603],[0.16467,0.5792],[0.16505,0.5706],[0.16591,0.5701],],[[0.15875,-0.0866],[0.15875,-0.0976],[0.15893,-0.1143],[0.15157,-0.0756],[0.14849,-0.0584],[0.14597,-0.0465],[0.14369,-0.0387],[0.14257,-0.0448],[0.14224,-0.0626],[0.13670,-0.0301],[0.13421,-0.0112],[0.13227,-0.0036],[0.13065,-0.0028],[0.13070,-0.0322],[0.13012,-0.0682],[0.12504,-0.0100],[0.15118,-0.1410],[0.14929,-0.1482],[0.14766,-0.1784],[0.14541,-0.2127],[0.14318,-0.2173],[0.14070,-0.1790],[0.13413,-0.2857],[0.13227,-0.2525],[0.12994,-0.2461],[0.12856,-0.2803],[0.12575,-0.2969],[0.12325,-0.3269],[0.12204,-0.3659],[0.12061,-0.4056],[0.12072,-0.4630],[0.11907,-0.4970],[0.11741,-0.5346],[0.11187,-0.4990],[0.10981,-0.4826],[0.10826,-0.5162],[0.10622,-0.5250],[0.10569,-0.5575],[0.10166,-0.5342],[0.10049,-0.5160],[0.09820,-0.5571],[0.09404,-0.5441],[0.09210,-0.5214],[0.08935,-0.5605],[0.08867,-0.5575],[0.08639,-0.5417],[0.08554,-0.5265],[0.08525,-0.5067],[0.08254,-0.5371],[0.08134,-0.5304],[0.07309,-0.4092],[0.07318,-0.3676],[0.07040,-0.3972],[0.06988,-0.3706],[0.06999,-0.3372],[0.07075,-0.2971],[0.07220,-0.2496],[0.07453,-0.1965],[0.07079,-0.2411],[0.07168,-0.2032],[0.07314,-0.1645],[0.07604,-0.0869],[0.08033,-0.0036],[0.07687,-0.0561],[0.07789,-0.0331],[0.07794,-0.0330],[0.07666,-0.0673],[0.09763,0.3345],[0.09882,0.3527],[0.10049,0.3781],[0.10302,0.4097],[0.10264,0.3756],[0.10386,0.3932],[0.10557,0.4174],[0.10780,0.4163],[0.10911,0.4388],[0.11133,0.4708],[0.11167,0.4463],[0.11279,0.4725],[0.11522,0.4818],[0.11655,0.5119],[0.11809,0.4983],[0.11879,0.5212],[0.12058,0.5545],[0.12098,0.5412],[0.12250,0.5642],[0.11855,0.5978],[0.11936,0.6021],[0.11865,0.6381],[0.12023,0.6327],[0.11972,0.6649],[0.12171,0.6574],[0.12123,0.6870],[0.12325,0.6812],[0.12292,0.7077],[0.12548,0.6999],[0.12578,0.7195],[0.12548,0.7469],[0.13069,0.7180],[0.13078,0.7391],[0.13000,0.7694],[0.13764,0.7245],[0.14080,0.7218],[0.13968,0.7508],[0.15689,0.6801],[0.15946,0.6757],],[[0.13870,-0.1392],[0.13577,-0.1343],[0.13286,-0.1608],[0.12887,-0.1424],[0.12623,-0.1230],[0.12373,-0.1106],[0.12117,-0.1022],[0.11842,-0.0971],[0.11484,-0.1137],[0.11022,-0.1423],[0.10705,-0.1201],[0.10509,-0.1018],[0.10309,-0.0904],[0.10041,-0.0883],[0.09739,-0.0911],[0.09330,-0.1084],[0.08497,-0.0765],[0.08305,-0.0682],[0.08069,-0.0703],[0.09660,-0.2555],[0.09208,-0.2599],[0.08987,-0.2457],[0.08750,-0.2523],[0.08536,-0.2498],[0.08355,-0.2524],[0.08188,-0.2574],[0.08031,-0.2659],[0.09047,-0.4781],[0.08881,-0.4799],[0.08718,-0.4759],[0.08546,-0.4701],[0.08368,-0.4642],[0.07917,-0.5164],[0.07765,-0.5058],[0.07640,-0.4926],[0.07161,-0.4733],[0.07015,-0.4619],[0.06930,-0.4419],[0.06880,-0.4233],[0.06535,-0.3856],[0.06219,-0.3398],[0.06201,-0.3704],[0.06126,-0.3448],[0.06089,-0.3111],[0.06094,-0.2744],[0.06128,-0.2319],[0.06203,-0.1882],[0.06215,-0.2219],[0.06233,-0.1955],[0.06272,-0.1603],[0.06332,-0.1226],[0.06386,-0.0829],[0.06478,-0.0470],[0.06613,-0.0214],[0.06450,-0.0687],[0.06477,-0.0430],[0.06537,-0.0694],[0.06521,-0.0499],[0.06476,-0.0270],[0.06214,-0.0571],[0.07827,0.5462],[0.07792,0.5735],[0.07722,0.6065],[0.07658,0.6384],[0.07619,0.6681],[0.07914,0.6366],[0.07865,0.6651],[0.07820,0.6929],[0.07765,0.7218],[0.08058,0.6952],[0.08008,0.7216],[0.07949,0.7489],[0.07901,0.7753],[0.08212,0.7506],[0.08153,0.7764],[0.08080,0.8032],[0.08001,0.8305],[0.08312,0.8083],[0.08485,0.8066],[0.08530,0.8187],[0.08478,0.8408],[0.08379,0.8667],[0.08237,0.8960],[0.08150,0.9210],[0.08484,0.9028],[0.08396,0.9272],[0.08295,0.9523],[0.08188,0.9779],[0.08528,0.9610],[0.08421,0.9857],[0.08300,1.0114],[0.08152,1.0389],[0.08001,1.0666],[0.08355,1.0493],[0.08213,1.0757],[0.08225,1.0266],[0.07941,1.0494],[0.07702,1.0710],[0.07958,0.9758],[0.08041,0.9799],[0.07746,1.0168],[0.07446,1.0538],[0.07719,1.0340],[0.07451,1.0657],[0.07211,1.0966],[0.07465,1.0775],[0.07256,1.1058],[0.06979,1.1430],[0.07233,1.1251],[0.07020,1.1578],[0.07157,1.1572],[0.07138,1.1720],[0.07085,1.1893],[0.07279,1.1819],[0.07257,1.1968],[0.07438,1.1923],[0.07601,1.1909],[0.07667,1.2010],[0.08014,1.1916],[0.08254,1.1930],[0.08486,1.1951],[0.08732,1.1959],[0.09025,1.1927],[0.09367,1.1866],[0.09783,1.1752],],[[0.10904,-0.1387],[0.10590,-0.1357],[0.09531,-0.1815],[0.09260,-0.1753],[0.09039,-0.1686],[0.08767,-0.1648],[0.08526,-0.1601],[0.08155,-0.1658],[0.07798,-0.1738],[0.07446,-0.1850],[0.07102,-0.1994],[0.06771,-0.2160],[0.06461,-0.2330],[0.05542,-0.3452],[0.05324,-0.3291],[0.05176,-0.3214],[0.05062,-0.3119],[0.04915,-0.3051],[0.04783,-0.2964],[0.04611,-0.2895],[0.04129,-0.3183],[0.03958,-0.2997],[0.03827,-0.2828],[0.03712,-0.2659],[0.03596,-0.2499],[0.03716,-0.2443],[0.02727,-0.2334],[0.02580,-0.2015],[0.02427,-0.1674],[0.02308,-0.1301],[0.02219,-0.0908],[0.02184,-0.0589],[0.02037,0.0128],[0.01955,0.0706],[0.01923,0.1100],[0.01901,0.1445],[0.01882,0.1775],[0.01867,0.2087],[0.01856,0.2380],[0.01842,0.2671],[0.01825,0.2952],[0.01818,0.3219],[0.01812,0.3481],[0.01806,0.3740],[0.01811,0.3991],[0.01831,0.4224],[0.01818,0.4371],[0.01806,0.4343],[0.01799,0.4211],[0.01769,0.3889],[0.01770,0.3526],[0.01763,0.3156],[0.02446,0.7575],[0.02403,0.7945],[0.02376,0.8271],[0.02362,0.8571],[0.02354,0.8855],[0.02346,0.9133],[0.02350,0.9398],[0.02604,0.9202],[0.02537,0.9539],[0.02539,0.9814],[0.02535,1.0077],[0.02523,1.0340],[0.02480,1.0610],[0.02464,1.0867],[0.02424,1.1139],[0.02375,1.1420],[0.02318,1.1710],[0.02265,1.2001],[0.02264,1.2250],[0.02300,1.2459],[0.02320,1.2683],[0.02319,1.2923],[0.02304,1.3177],[0.02268,1.3451],[0.02227,1.3733],[0.02173,1.4029],[0.02188,1.4242],[0.02283,1.4314],[0.02402,1.4168],[0.02359,1.4448],[0.02284,1.4774],[0.02231,1.5076],[0.02725,1.4196],[0.02769,1.4165],[0.02645,1.4598],[0.03179,1.3893],[0.03764,1.3178],[0.03622,1.3574],[0.03943,1.3343],[0.03813,1.3733],[0.04099,1.3609],[0.04234,1.3665],[0.04218,1.3888],[0.04415,1.3840],[0.04543,1.3843],[0.03816,0.8826],[0.03753,0.9153],[0.03909,0.9157],[0.03915,0.9379],[0.04030,0.9449],[0.04122,0.9552],[0.04186,0.9694],[0.04335,0.9728],[0.04463,0.9791],[0.04590,0.9857],[0.04734,0.9909],[0.04897,0.9944],[0.05063,0.9977],[0.05222,1.0023],[0.05428,1.0021],[0.05616,1.0046],[0.05800,1.0080],[0.06014,1.0082],[0.06185,1.0138],[0.06365,1.0186],[0.06551,1.0236],[0.06737,1.0284],[0.06904,1.0360],[0.07124,1.0379],[0.07316,1.0436],[0.07571,1.0432],[0.08075,1.0188],],[[0.10445,-0.1064],[0.09925,-0.1448],[0.08824,-0.1449],[0.08521,-0.1411],[0.08191,-0.1389],[0.07823,-0.1390],[0.07489,-0.1383],[0.07011,-0.1468],[0.06402,-0.1677],[0.03878,-0.4914],[0.03584,-0.5065],[0.03340,-0.5115],[0.03153,-0.5080],[0.02943,-0.5033],[0.02623,-0.5001],[0.02415,-0.4843],[0.02284,-0.4627],[0.02227,-0.4398],[0.02142,-0.4155],[0.02122,-0.3920],[0.02062,-0.3669],[0.02005,-0.3410],[0.01913,-0.3105],[0.01828,-0.2775],[0.01747,-0.2409],[0.01662,-0.1967],[0.01601,-0.1561],[0.01562,-0.1208],[0.01527,-0.0859],[0.01460,-0.0381],[0.01420,-0.0010],[0.01393,0.0315],[0.01372,0.0624],[0.01352,0.0932],[0.01333,0.1229],[0.01317,0.1520],[0.01303,0.1807],[0.01290,0.2091],[0.01278,0.2371],[0.01261,0.2650],[0.01256,0.2918],[0.01262,0.3177],[0.01248,0.3444],[0.01238,0.3705],[0.01228,0.3963],[0.01221,0.4218],[0.01212,0.4463],[0.01193,0.4677],[0.01158,0.4809],[0.01109,0.4847],[0.01044,0.4792],[0.00970,0.4551],[0.00933,0.4195],[0.00869,0.3813],[0.00892,0.3907],[0.00919,0.4155],[0.00972,0.4536],[0.01030,0.4881],[0.01083,0.5176],[0.01192,0.5796],[0.01534,0.8292],[0.01520,0.8480],[0.01507,0.8603],[0.01335,0.7117],[0.01489,0.8845],[0.01415,0.8446],[0.01628,1.0412],[0.01618,1.0697],[0.01615,1.0950],[0.01606,1.1209],[0.01599,1.1456],[0.01592,1.1691],[0.01584,1.1924],[0.01575,1.2155],[0.01569,1.2378],[0.01564,1.2594],[0.01562,1.2794],[0.01561,1.2964],[0.01254,1.0405],[0.01264,1.0268],[0.01307,1.0172],[0.01341,1.0217],[0.01359,1.0350],[0.01458,1.0218],[0.01546,1.0158],[0.01604,1.0198],[0.01706,1.0143],[0.01822,1.0060],[0.01894,1.0098],[0.02053,0.9960],[0.02189,0.9894],[0.02300,0.9893],[0.02452,0.9824],[0.02613,0.9748],[0.02747,0.9734],[0.02933,0.9635],[0.03079,0.9622],[0.03308,0.9475],[0.03436,0.9515],[0.03662,0.9402],[0.03807,0.9433],[0.03965,0.9447],[0.04158,0.9419],[0.04292,0.9486],[0.04466,0.9498],[0.04655,0.9497],[0.05062,0.9473],[0.05248,0.9493],[0.05394,0.9567],[0.05543,0.9645],[0.05669,0.9756],[0.05815,0.9840],[0.05946,0.9946],[0.06059,1.0076],[0.06239,1.0128],[0.06401,1.0203],[0.06800,1.0013],[0.07077,0.9964],[0.07289,0.9994],[0.07487,1.0048],[0.07667,1.0119],[0.07867,1.0172],[0.08063,1.0235],[0.08229,1.0327],[0.08429,1.0384],],],
{"title":"Cl v Cd","sortData":false,"legend":{"show":false,"placement":"insideGrid","location":"ne"},"series":[{"showLabel":true,"index":0,"showLine":true,"trendline":{"type":"none","show":false},"color":"#4bb2c5"},{"showLabel":true,"index":0,"showLine":true,"trendline":{"type":"none","show":false},"color":"#EAA228"},{"showLabel":true,"index":0,"showLine":true,"trendline":{"type":"none","show":false},"color":"#839557"},{"showLabel":true,"index":0,"showLine":true,"trendline":{"type":"none","show":false},"color":"#953579"},{"showLabel":true,"index":0,"showLine":true,"trendline":{"type":"none","show":false},"color":"#d8b83f"}],"show":"$.jqplot.config.enablePlugins","axes":{"xaxis":{"max":0.18,"min":0,"tickInterval":0.02,"tickOptions":{"formatString":"%.2f"},"forceTickAt0":true,"rendererOptions":{"forceTickAt0":true}},"yaxis":{"max":2,"min":-1,"tickInterval":0.5,"tickOptions":{"formatString":"%.2f"},"forceTickAt0":true,"rendererOptions":{"forceTickAt0":true}}},"seriesDefaults":{"lineWidth":1,"showLabel":true,"markerOptions":{"size":5,"show":false}}});
jqplots.push(p);

var p = $.jqplot('liftaoa',[[[-9.250,-0.4772],[-9.000,-0.5096],[-8.750,-0.5568],[-8.500,-0.5003],[-8.250,-0.5258],[-8.000,-0.5779],[-7.750,-0.5326],[-7.500,-0.5640],[-7.250,-0.6195],[-7.000,-0.6692],[-6.750,-0.4779],[-6.500,-0.4547],[-6.250,-0.4359],[-5.500,-0.6934],[-5.250,-0.6979],[-5.000,-0.6637],[-4.000,-0.4776],[-3.750,-0.5219],[-3.500,-0.4972],[-3.250,-0.7209],[-3.000,-0.7246],[-2.750,-0.7491],[-2.500,-0.7541],[-2.250,-0.7515],[-2.000,-0.5763],[-1.750,-0.5488],[-1.500,-0.5215],[-1.250,-0.4865],[-1.000,-0.4818],[-0.750,-0.4483],[-0.500,-0.4074],[-0.250,-0.4026],[0.000,-0.3688],[0.250,-0.3061],[0.500,-0.2584],[0.750,-0.1560],[1.000,-0.0763],[1.250,-0.0508],[1.500,-0.0512],[1.750,-0.0638],[2.000,0.2388],[2.250,0.2323],[2.500,0.2486],[2.750,0.2752],[3.000,0.2688],[3.250,0.2829],[3.500,0.3083],[3.750,0.3066],[4.000,0.3138],[4.250,0.3362],[4.500,0.3527],[4.750,0.3437],[5.000,0.3613],[5.250,0.3894],[5.500,0.3739],[5.750,0.3865],[6.000,0.4104],[6.250,0.4069],[6.500,0.4138],[6.750,0.4402],[7.000,0.4312],[7.250,0.4435],[7.500,0.4716],[7.750,0.4557],[8.000,0.4701],[8.250,0.4991],[8.500,0.4790],[8.750,0.4973],[9.000,0.5076],[9.250,0.5010],[9.500,0.5183],[9.750,0.5315],[10.000,0.5199],[10.250,0.5331],[10.500,0.5561],[10.750,0.5414],[11.000,0.5468],[11.250,0.5603],[11.500,0.5792],[11.750,0.5706],[12.000,0.5701],],[[-15.000,-0.0866],[-14.750,-0.0976],[-14.500,-0.1143],[-14.250,-0.0756],[-14.000,-0.0584],[-13.750,-0.0465],[-13.500,-0.0387],[-13.250,-0.0448],[-13.000,-0.0626],[-12.750,-0.0301],[-12.500,-0.0112],[-12.250,-0.0036],[-12.000,-0.0028],[-11.750,-0.0322],[-11.500,-0.0682],[-11.250,-0.0100],[-11.000,-0.1410],[-10.750,-0.1482],[-10.500,-0.1784],[-10.250,-0.2127],[-10.000,-0.2173],[-9.750,-0.1790],[-9.500,-0.2857],[-9.250,-0.2525],[-9.000,-0.2461],[-8.750,-0.2803],[-8.500,-0.2969],[-8.250,-0.3269],[-8.000,-0.3659],[-7.750,-0.4056],[-7.500,-0.4630],[-7.250,-0.4970],[-7.000,-0.5346],[-6.750,-0.4990],[-6.500,-0.4826],[-6.250,-0.5162],[-6.000,-0.5250],[-5.750,-0.5575],[-5.500,-0.5342],[-5.250,-0.5160],[-5.000,-0.5571],[-4.250,-0.5441],[-4.000,-0.5214],[-3.750,-0.5605],[-3.500,-0.5575],[-3.250,-0.5417],[-3.000,-0.5265],[-2.750,-0.5067],[-2.500,-0.5371],[-2.250,-0.5304],[-1.500,-0.4092],[-1.250,-0.3676],[-1.000,-0.3972],[-0.750,-0.3706],[-0.500,-0.3372],[-0.250,-0.2971],[0.000,-0.2496],[0.250,-0.1965],[0.500,-0.2411],[0.750,-0.2032],[1.000,-0.1645],[1.250,-0.0869],[1.500,-0.0036],[1.750,-0.0561],[2.000,-0.0331],[2.250,-0.0330],[2.500,-0.0673],[2.750,0.3345],[3.000,0.3527],[3.250,0.3781],[3.500,0.4097],[3.750,0.3756],[4.000,0.3932],[4.250,0.4174],[4.750,0.4163],[5.000,0.4388],[5.250,0.4708],[5.500,0.4463],[5.750,0.4725],[6.250,0.4818],[6.500,0.5119],[6.750,0.4983],[7.000,0.5212],[7.250,0.5545],[7.500,0.5412],[7.750,0.5642],[8.000,0.5978],[8.250,0.6021],[8.500,0.6381],[8.750,0.6327],[9.000,0.6649],[9.250,0.6574],[9.500,0.6870],[9.750,0.6812],[10.000,0.7077],[10.250,0.6999],[10.500,0.7195],[10.750,0.7469],[11.000,0.7180],[11.250,0.7391],[11.500,0.7694],[11.750,0.7245],[12.000,0.7218],[12.250,0.7508],[12.500,0.6801],[12.750,0.6757],],[[-13.500,-0.1392],[-13.250,-0.1343],[-13.000,-0.1608],[-12.750,-0.1424],[-12.500,-0.1230],[-12.250,-0.1106],[-12.000,-0.1022],[-11.750,-0.0971],[-11.500,-0.1137],[-11.250,-0.1423],[-11.000,-0.1201],[-10.750,-0.1018],[-10.500,-0.0904],[-10.250,-0.0883],[-10.000,-0.0911],[-9.750,-0.1084],[-9.500,-0.0765],[-9.250,-0.0682],[-9.000,-0.0703],[-8.750,-0.2555],[-8.500,-0.2599],[-8.250,-0.2457],[-8.000,-0.2523],[-7.750,-0.2498],[-7.500,-0.2524],[-7.250,-0.2574],[-7.000,-0.2659],[-6.500,-0.4781],[-6.250,-0.4799],[-6.000,-0.4759],[-5.750,-0.4701],[-5.500,-0.4642],[-4.750,-0.5164],[-4.500,-0.5058],[-4.250,-0.4926],[-3.000,-0.4733],[-2.750,-0.4619],[-2.500,-0.4419],[-2.250,-0.4233],[-2.000,-0.3856],[-1.750,-0.3398],[-1.500,-0.3704],[-1.250,-0.3448],[-1.000,-0.3111],[-0.750,-0.2744],[-0.500,-0.2319],[-0.250,-0.1882],[0.000,-0.2219],[0.250,-0.1955],[0.500,-0.1603],[0.750,-0.1226],[1.000,-0.0829],[1.250,-0.0470],[1.500,-0.0214],[1.750,-0.0687],[2.000,-0.0430],[2.250,-0.0694],[2.500,-0.0499],[2.750,-0.0270],[3.000,-0.0571],[3.250,0.5462],[3.500,0.5735],[3.750,0.6065],[4.000,0.6384],[4.250,0.6681],[4.500,0.6366],[4.750,0.6651],[5.000,0.6929],[5.250,0.7218],[5.500,0.6952],[5.750,0.7216],[6.000,0.7489],[6.250,0.7753],[6.500,0.7506],[6.750,0.7764],[7.000,0.8032],[7.250,0.8305],[7.500,0.8083],[7.750,0.8066],[8.000,0.8187],[8.250,0.8408],[8.500,0.8667],[8.750,0.8960],[9.000,0.9210],[9.250,0.9028],[9.500,0.9272],[9.750,0.9523],[10.000,0.9779],[10.250,0.9610],[10.500,0.9857],[10.750,1.0114],[11.000,1.0389],[11.250,1.0666],[11.500,1.0493],[11.750,1.0757],[12.000,1.0266],[12.250,1.0494],[12.500,1.0710],[12.750,0.9758],[13.000,0.9799],[13.250,1.0168],[13.500,1.0538],[13.750,1.0340],[14.000,1.0657],[14.250,1.0966],[14.500,1.0775],[14.750,1.1058],[15.000,1.1430],[15.250,1.1251],[15.500,1.1578],[15.750,1.1572],[16.000,1.1720],[16.250,1.1893],[16.500,1.1819],[16.750,1.1968],[17.000,1.1923],[17.250,1.1909],[17.500,1.2010],[17.750,1.1916],[18.000,1.1930],[18.250,1.1951],[18.500,1.1959],[18.750,1.1927],[19.000,1.1866],[19.250,1.1752],],[[-12.000,-0.1387],[-11.750,-0.1357],[-11.500,-0.1815],[-11.250,-0.1753],[-11.000,-0.1686],[-10.750,-0.1648],[-10.500,-0.1601],[-10.250,-0.1658],[-10.000,-0.1738],[-9.750,-0.1850],[-9.500,-0.1994],[-9.250,-0.2160],[-9.000,-0.2330],[-8.750,-0.3452],[-8.500,-0.3291],[-8.250,-0.3214],[-8.000,-0.3119],[-7.750,-0.3051],[-7.500,-0.2964],[-7.250,-0.2895],[-7.000,-0.3183],[-6.750,-0.2997],[-6.500,-0.2828],[-6.250,-0.2659],[-6.000,-0.2499],[-5.750,-0.2443],[-5.500,-0.2334],[-5.250,-0.2015],[-5.000,-0.1674],[-4.750,-0.1301],[-4.500,-0.0908],[-4.250,-0.0589],[-4.000,0.0128],[-3.750,0.0706],[-3.500,0.1100],[-3.250,0.1445],[-3.000,0.1775],[-2.750,0.2087],[-2.500,0.2380],[-2.250,0.2671],[-2.000,0.2952],[-1.750,0.3219],[-1.500,0.3481],[-1.250,0.3740],[-1.000,0.3991],[-0.750,0.4224],[-0.500,0.4371],[-0.250,0.4343],[0.000,0.4211],[0.250,0.3889],[0.500,0.3526],[0.750,0.3156],[1.000,0.7575],[1.250,0.7945],[1.500,0.8271],[1.750,0.8571],[2.000,0.8855],[2.250,0.9133],[2.500,0.9398],[2.750,0.9202],[3.000,0.9539],[3.250,0.9814],[3.500,1.0077],[3.750,1.0340],[4.000,1.0610],[4.250,1.0867],[4.500,1.1139],[4.750,1.1420],[5.000,1.1710],[5.250,1.2001],[5.500,1.2250],[5.750,1.2459],[6.000,1.2683],[6.250,1.2923],[6.500,1.3177],[6.750,1.3451],[7.000,1.3733],[7.250,1.4029],[7.500,1.4242],[7.750,1.4314],[8.000,1.4168],[8.250,1.4448],[8.500,1.4774],[8.750,1.5076],[9.000,1.4196],[9.250,1.4165],[9.500,1.4598],[9.750,1.3893],[10.000,1.3178],[10.250,1.3574],[10.500,1.3343],[10.750,1.3733],[11.000,1.3609],[11.250,1.3665],[11.500,1.3888],[11.750,1.3840],[12.000,1.3843],[12.250,0.8826],[12.500,0.9153],[12.750,0.9157],[13.000,0.9379],[13.250,0.9449],[13.500,0.9552],[13.750,0.9694],[14.000,0.9728],[14.250,0.9791],[14.500,0.9857],[14.750,0.9909],[15.000,0.9944],[15.250,0.9977],[15.500,1.0023],[15.750,1.0021],[16.000,1.0046],[16.250,1.0080],[16.500,1.0082],[16.750,1.0138],[17.000,1.0186],[17.250,1.0236],[17.500,1.0284],[17.750,1.0360],[18.000,1.0379],[18.250,1.0436],[18.500,1.0432],[18.750,1.0188],],[[-12.000,-0.1064],[-11.750,-0.1448],[-11.500,-0.1449],[-11.250,-0.1411],[-11.000,-0.1389],[-10.750,-0.1390],[-10.500,-0.1383],[-10.250,-0.1468],[-10.000,-0.1677],[-9.750,-0.4914],[-9.500,-0.5065],[-9.250,-0.5115],[-9.000,-0.5080],[-8.750,-0.5033],[-8.500,-0.5001],[-8.250,-0.4843],[-8.000,-0.4627],[-7.750,-0.4398],[-7.500,-0.4155],[-7.250,-0.3920],[-7.000,-0.3669],[-6.750,-0.3410],[-6.500,-0.3105],[-6.250,-0.2775],[-6.000,-0.2409],[-5.750,-0.1967],[-5.500,-0.1561],[-5.250,-0.1208],[-5.000,-0.0859],[-4.750,-0.0381],[-4.500,-0.0010],[-4.250,0.0315],[-4.000,0.0624],[-3.750,0.0932],[-3.500,0.1229],[-3.250,0.1520],[-3.000,0.1807],[-2.750,0.2091],[-2.500,0.2371],[-2.250,0.2650],[-2.000,0.2918],[-1.750,0.3177],[-1.500,0.3444],[-1.250,0.3705],[-1.000,0.3963],[-0.750,0.4218],[-0.500,0.4463],[-0.250,0.4677],[0.000,0.4809],[0.250,0.4847],[0.500,0.4792],[0.750,0.4551],[1.000,0.4195],[1.250,0.3813],[1.500,0.3907],[1.750,0.4155],[2.000,0.4536],[2.250,0.4881],[2.500,0.5176],[2.750,0.5796],[3.000,0.8292],[3.250,0.8480],[3.500,0.8603],[3.750,0.7117],[4.000,0.8845],[4.250,0.8446],[4.500,1.0412],[4.750,1.0697],[5.000,1.0950],[5.250,1.1209],[5.500,1.1456],[5.750,1.1691],[6.000,1.1924],[6.250,1.2155],[6.500,1.2378],[6.750,1.2594],[7.000,1.2794],[7.250,1.2964],[7.500,1.0405],[7.750,1.0268],[8.000,1.0172],[8.250,1.0217],[8.500,1.0350],[8.750,1.0218],[9.000,1.0158],[9.250,1.0198],[9.500,1.0143],[9.750,1.0060],[10.000,1.0098],[10.250,0.9960],[10.500,0.9894],[10.750,0.9893],[11.000,0.9824],[11.250,0.9748],[11.500,0.9734],[11.750,0.9635],[12.000,0.9622],[12.250,0.9475],[12.500,0.9515],[12.750,0.9402],[13.000,0.9433],[13.250,0.9447],[13.500,0.9419],[13.750,0.9486],[14.000,0.9498],[14.250,0.9497],[14.750,0.9473],[15.000,0.9493],[15.250,0.9567],[15.500,0.9645],[15.750,0.9756],[16.000,0.9840],[16.250,0.9946],[16.500,1.0076],[16.750,1.0128],[17.000,1.0203],[17.250,1.0013],[17.500,0.9964],[17.750,0.9994],[18.000,1.0048],[18.250,1.0119],[18.500,1.0172],[18.750,1.0235],[19.000,1.0327],[19.250,1.0384],],],
{"title":"Cl v Alpha","sortData":false,"legend":{"show":false,"placement":"insideGrid","location":"ne"},"series":[{"showLabel":true,"index":0,"showLine":true,"trendline":{"type":"none","show":false},"color":"#4bb2c5"},{"showLabel":true,"index":0,"showLine":true,"trendline":{"type":"none","show":false},"color":"#EAA228"},{"showLabel":true,"index":0,"showLine":true,"trendline":{"type":"none","show":false},"color":"#839557"},{"showLabel":true,"index":0,"showLine":true,"trendline":{"type":"none","show":false},"color":"#953579"},{"showLabel":true,"index":0,"showLine":true,"trendline":{"type":"none","show":false},"color":"#d8b83f"}],"show":"$.jqplot.config.enablePlugins","axes":{"xaxis":{"max":20,"min":-15,"tickInterval":5,"tickOptions":{"formatString":"%.1f"},"forceTickAt0":true,"rendererOptions":{"forceTickAt0":true}},"yaxis":{"max":2,"min":-1,"tickInterval":0.5,"tickOptions":{"formatString":"%.2f"},"forceTickAt0":true,"rendererOptions":{"forceTickAt0":true}}},"seriesDefaults":{"lineWidth":1,"showLabel":true,"markerOptions":{"size":5,"show":false}}});
jqplots.push(p);

var p = $.jqplot('momentaoa',[[[-9.250,-0.0146],[-9.000,-0.0148],[-8.750,-0.0152],[-8.500,-0.0117],[-8.250,-0.0111],[-8.000,-0.0107],[-7.750,-0.0081],[-7.500,-0.0070],[-7.250,-0.0041],[-7.000,0.0016],[-6.750,-0.0184],[-6.500,-0.0182],[-6.250,-0.0181],[-5.500,0.0098],[-5.250,0.0128],[-5.000,0.0127],[-4.000,0.0195],[-3.750,0.0255],[-3.500,0.0259],[-3.250,0.0511],[-3.000,0.0546],[-2.750,0.0604],[-2.500,0.0631],[-2.250,0.0647],[-2.000,0.0265],[-1.750,0.0276],[-1.500,0.0279],[-1.250,0.0268],[-1.000,0.0300],[-0.750,0.0297],[-0.500,0.0273],[-0.250,0.0301],[0.000,0.0285],[0.250,0.0208],[0.500,0.0146],[0.750,-0.0014],[1.000,-0.0122],[1.250,-0.0125],[1.500,-0.0083],[1.750,-0.0005],[2.000,-0.0555],[2.250,-0.0517],[2.500,-0.0511],[2.750,-0.0521],[3.000,-0.0486],[3.250,-0.0477],[3.500,-0.0485],[3.750,-0.0459],[4.000,-0.0442],[4.250,-0.0446],[4.500,-0.0445],[4.750,-0.0409],[5.000,-0.0407],[5.250,-0.0420],[5.500,-0.0380],[5.750,-0.0372],[6.000,-0.0379],[6.250,-0.0356],[6.500,-0.0343],[6.750,-0.0351],[7.000,-0.0324],[7.250,-0.0317],[7.500,-0.0328],[7.750,-0.0296],[8.000,-0.0293],[8.250,-0.0305],[8.500,-0.0271],[8.750,-0.0272],[9.000,-0.0268],[9.250,-0.0249],[9.500,-0.0250],[9.750,-0.0249],[10.000,-0.0228],[10.250,-0.0225],[10.500,-0.0231],[10.750,-0.0210],[11.000,-0.0202],[11.250,-0.0200],[11.500,-0.0203],[11.750,-0.0188],[12.000,-0.0177],],[[-15.000,-0.0792],[-14.750,-0.0834],[-14.500,-0.0887],[-14.250,-0.0871],[-14.000,-0.0884],[-13.750,-0.0906],[-13.500,-0.0935],[-13.250,-0.0984],[-13.000,-0.1046],[-12.750,-0.1041],[-12.500,-0.1049],[-12.250,-0.1067],[-12.000,-0.1096],[-11.750,-0.1145],[-11.500,-0.1191],[-11.250,-0.1150],[-11.000,-0.0739],[-10.750,-0.0746],[-10.500,-0.0774],[-10.250,-0.0809],[-10.000,-0.0757],[-9.750,-0.0728],[-9.500,-0.0807],[-9.250,-0.0787],[-9.000,-0.0797],[-8.750,-0.0744],[-8.500,-0.0744],[-8.250,-0.0742],[-8.000,-0.0666],[-7.750,-0.0611],[-7.500,-0.0535],[-7.250,-0.0455],[-7.000,-0.0386],[-6.750,-0.0411],[-6.500,-0.0406],[-6.250,-0.0329],[-6.000,-0.0289],[-5.750,-0.0216],[-5.500,-0.0225],[-5.250,-0.0219],[-5.000,-0.0126],[-4.250,-0.0040],[-4.000,-0.0041],[-3.750,0.0049],[-3.500,0.0084],[-3.250,0.0096],[-3.000,0.0114],[-2.750,0.0124],[-2.500,0.0199],[-2.250,0.0228],[-1.500,0.0239],[-1.250,0.0216],[-1.000,0.0287],[-0.750,0.0286],[-0.500,0.0274],[-0.250,0.0251],[0.000,0.0213],[0.250,0.0162],[0.500,0.0253],[0.750,0.0226],[1.000,0.0201],[1.250,0.0092],[1.500,-0.0019],[1.750,0.0083],[2.000,0.0088],[2.250,0.0148],[2.500,0.0283],[2.750,-0.0540],[3.000,-0.0534],[3.250,-0.0536],[3.500,-0.0545],[3.750,-0.0490],[4.000,-0.0484],[4.250,-0.0485],[4.750,-0.0444],[5.000,-0.0442],[5.250,-0.0450],[5.500,-0.0410],[5.750,-0.0410],[6.250,-0.0380],[6.500,-0.0383],[6.750,-0.0358],[7.000,-0.0354],[7.250,-0.0359],[7.500,-0.0332],[7.750,-0.0330],[8.000,-0.0313],[8.250,-0.0297],[8.500,-0.0295],[8.750,-0.0277],[9.000,-0.0274],[9.250,-0.0257],[9.500,-0.0252],[9.750,-0.0236],[10.000,-0.0231],[10.250,-0.0217],[10.500,-0.0209],[10.750,-0.0204],[11.000,-0.0190],[11.250,-0.0183],[11.500,-0.0177],[11.750,-0.0168],[12.000,-0.0163],[12.250,-0.0154],[12.500,-0.0181],[12.750,-0.0176],],[[-13.500,-0.0532],[-13.250,-0.0562],[-13.000,-0.0632],[-12.750,-0.0637],[-12.500,-0.0641],[-12.250,-0.0654],[-12.000,-0.0672],[-11.750,-0.0693],[-11.500,-0.0749],[-11.250,-0.0830],[-11.000,-0.0810],[-10.750,-0.0801],[-10.500,-0.0800],[-10.250,-0.0809],[-10.000,-0.0828],[-9.750,-0.0871],[-9.500,-0.0913],[-9.250,-0.0901],[-9.000,-0.0897],[-8.750,-0.0930],[-8.500,-0.0904],[-8.250,-0.0896],[-8.000,-0.0849],[-7.750,-0.0816],[-7.500,-0.0777],[-7.250,-0.0732],[-7.000,-0.0681],[-6.500,-0.0364],[-6.250,-0.0328],[-6.000,-0.0300],[-5.750,-0.0271],[-5.500,-0.0241],[-4.750,-0.0053],[-4.500,-0.0032],[-4.250,-0.0013],[-3.000,0.0149],[-2.750,0.0178],[-2.500,0.0187],[-2.250,0.0206],[-2.000,0.0242],[-1.750,0.0218],[-1.500,0.0282],[-1.250,0.0280],[-1.000,0.0268],[-0.750,0.0250],[-0.500,0.0222],[-0.250,0.0193],[0.000,0.0259],[0.250,0.0253],[0.500,0.0237],[0.750,0.0219],[1.000,0.0196],[1.250,0.0186],[1.500,0.0188],[1.750,0.0277],[2.000,0.0288],[2.250,0.0344],[2.500,0.0362],[2.750,0.0387],[3.000,0.0529],[3.250,-0.0594],[3.500,-0.0590],[3.750,-0.0590],[4.000,-0.0589],[4.250,-0.0587],[4.500,-0.0541],[4.750,-0.0538],[5.000,-0.0534],[5.250,-0.0530],[5.500,-0.0490],[5.750,-0.0485],[6.000,-0.0480],[6.250,-0.0475],[6.500,-0.0439],[6.750,-0.0433],[7.000,-0.0428],[7.250,-0.0422],[7.500,-0.0390],[7.750,-0.0369],[8.000,-0.0356],[8.250,-0.0348],[8.500,-0.0341],[8.750,-0.0335],[9.000,-0.0328],[9.250,-0.0301],[9.500,-0.0294],[9.750,-0.0286],[10.000,-0.0279],[10.250,-0.0255],[10.500,-0.0247],[10.750,-0.0240],[11.000,-0.0233],[11.250,-0.0226],[11.500,-0.0203],[11.750,-0.0196],[12.000,-0.0057],[12.250,-0.0027],[12.500,0.0002],[12.750,0.0188],[13.000,0.0204],[13.250,0.0211],[13.500,0.0218],[13.750,0.0253],[14.000,0.0265],[14.250,0.0276],[14.500,0.0312],[14.750,0.0324],[15.000,0.0329],[15.250,0.0362],[15.500,0.0367],[15.750,0.0385],[16.000,0.0396],[16.250,0.0407],[16.500,0.0428],[16.750,0.0439],[17.000,0.0455],[17.250,0.0470],[17.500,0.0476],[17.750,0.0478],[18.000,0.0477],[18.250,0.0474],[18.500,0.0471],[18.750,0.0469],[19.000,0.0466],[19.250,0.0463],],[[-12.000,-0.0570],[-11.750,-0.0584],[-11.500,-0.0670],[-11.250,-0.0671],[-11.000,-0.0673],[-10.750,-0.0682],[-10.500,-0.0689],[-10.250,-0.0710],[-10.000,-0.0725],[-9.750,-0.0732],[-9.500,-0.0729],[-9.250,-0.0716],[-9.000,-0.0691],[-8.750,-0.0539],[-8.500,-0.0537],[-8.250,-0.0518],[-8.000,-0.0499],[-7.750,-0.0476],[-7.500,-0.0455],[-7.250,-0.0429],[-7.000,-0.0331],[-6.750,-0.0324],[-6.500,-0.0312],[-6.250,-0.0298],[-6.000,-0.0282],[-5.750,-0.0227],[-5.500,-0.0189],[-5.250,-0.0200],[-5.000,-0.0214],[-4.750,-0.0235],[-4.500,-0.0259],[-4.250,-0.0270],[-4.000,-0.0360],[-3.750,-0.0420],[-3.500,-0.0444],[-3.250,-0.0458],[-3.000,-0.0470],[-2.750,-0.0478],[-2.500,-0.0483],[-2.250,-0.0487],[-2.000,-0.0490],[-1.750,-0.0490],[-1.500,-0.0489],[-1.250,-0.0488],[-1.000,-0.0485],[-0.750,-0.0481],[-0.500,-0.0464],[-0.250,-0.0417],[0.000,-0.0350],[0.250,-0.0246],[0.500,-0.0128],[0.750,0.0000],[1.000,-0.0706],[1.250,-0.0728],[1.500,-0.0741],[1.750,-0.0750],[2.000,-0.0756],[2.250,-0.0761],[2.500,-0.0763],[2.750,-0.0671],[3.000,-0.0692],[3.250,-0.0705],[3.500,-0.0711],[3.750,-0.0716],[4.000,-0.0718],[4.250,-0.0719],[4.500,-0.0722],[4.750,-0.0724],[5.000,-0.0728],[5.250,-0.0731],[5.500,-0.0733],[5.750,-0.0734],[6.000,-0.0734],[6.250,-0.0735],[6.500,-0.0737],[6.750,-0.0740],[7.000,-0.0743],[7.250,-0.0748],[7.500,-0.0745],[7.750,-0.0724],[8.000,-0.0653],[8.250,-0.0661],[8.500,-0.0671],[8.750,-0.0679],[9.000,-0.0557],[9.250,-0.0503],[9.500,-0.0523],[9.750,-0.0446],[10.000,-0.0342],[10.250,-0.0358],[10.500,-0.0329],[10.750,-0.0344],[11.000,-0.0325],[11.250,-0.0315],[11.500,-0.0314],[11.750,-0.0293],[12.000,-0.0270],[12.250,0.0780],[12.500,0.0769],[12.750,0.0786],[13.000,0.0784],[13.250,0.0794],[13.500,0.0801],[13.750,0.0804],[14.000,0.0815],[14.250,0.0823],[14.500,0.0831],[14.750,0.0838],[15.000,0.0846],[15.250,0.0854],[15.500,0.0859],[15.750,0.0867],[16.000,0.0872],[16.250,0.0876],[16.500,0.0881],[16.750,0.0883],[17.000,0.0884],[17.250,0.0884],[17.500,0.0885],[17.750,0.0883],[18.000,0.0883],[18.250,0.0880],[18.500,0.0880],[18.750,0.0885],],[[-12.000,-0.0481],[-11.750,-0.0618],[-11.500,-0.0562],[-11.250,-0.0574],[-11.000,-0.0587],[-10.750,-0.0602],[-10.500,-0.0616],[-10.250,-0.0640],[-10.000,-0.0675],[-9.750,-0.0484],[-9.500,-0.0422],[-9.250,-0.0373],[-9.000,-0.0336],[-8.750,-0.0300],[-8.500,-0.0263],[-8.250,-0.0246],[-8.000,-0.0238],[-7.750,-0.0232],[-7.500,-0.0227],[-7.250,-0.0221],[-7.000,-0.0219],[-6.750,-0.0217],[-6.500,-0.0224],[-6.250,-0.0235],[-6.000,-0.0254],[-5.750,-0.0289],[-5.500,-0.0316],[-5.250,-0.0332],[-5.000,-0.0347],[-4.750,-0.0387],[-4.500,-0.0407],[-4.250,-0.0418],[-4.000,-0.0425],[-3.750,-0.0432],[-3.500,-0.0437],[-3.250,-0.0441],[-3.000,-0.0444],[-2.750,-0.0447],[-2.500,-0.0449],[-2.250,-0.0451],[-2.000,-0.0451],[-1.750,-0.0450],[-1.500,-0.0450],[-1.250,-0.0449],[-1.000,-0.0447],[-0.750,-0.0445],[-0.500,-0.0441],[-0.250,-0.0431],[0.000,-0.0407],[0.250,-0.0364],[0.500,-0.0304],[0.750,-0.0205],[1.000,-0.0076],[1.250,0.0062],[1.500,0.0103],[1.750,0.0108],[2.000,0.0086],[2.250,0.0071],[2.500,0.0066],[2.750,-0.0002],[3.000,-0.0435],[3.250,-0.0422],[3.500,-0.0397],[3.750,-0.0054],[4.000,-0.0341],[4.250,-0.0212],[4.500,-0.0539],[4.750,-0.0545],[5.000,-0.0546],[5.250,-0.0548],[5.500,-0.0548],[5.750,-0.0546],[6.000,-0.0544],[6.250,-0.0541],[6.500,-0.0537],[6.750,-0.0531],[7.000,-0.0523],[7.250,-0.0509],[7.500,0.0033],[7.750,0.0099],[8.000,0.0154],[8.250,0.0184],[8.500,0.0201],[8.750,0.0254],[9.000,0.0296],[9.250,0.0323],[9.500,0.0362],[9.750,0.0404],[10.000,0.0429],[10.250,0.0474],[10.500,0.0509],[10.750,0.0536],[11.000,0.0568],[11.250,0.0601],[11.500,0.0625],[11.750,0.0657],[12.000,0.0679],[12.250,0.0713],[12.500,0.0727],[12.750,0.0755],[13.000,0.0768],[13.250,0.0782],[13.500,0.0798],[13.750,0.0806],[14.000,0.0817],[14.250,0.0828],[14.750,0.0849],[15.000,0.0857],[15.250,0.0860],[15.500,0.0862],[15.750,0.0862],[16.000,0.0862],[16.250,0.0862],[16.500,0.0859],[16.750,0.0860],[17.000,0.0860],[17.250,0.0871],[17.500,0.0876],[17.750,0.0875],[18.000,0.0873],[18.250,0.0870],[18.500,0.0867],[18.750,0.0863],[19.000,0.0858],[19.250,0.0853],],],
{"title":"Cm v Alpha","sortData":false,"legend":{"show":false,"placement":"insideGrid","location":"ne"},"series":[{"showLabel":true,"index":0,"showLine":true,"trendline":{"type":"none","show":false},"color":"#4bb2c5"},{"showLabel":true,"index":0,"showLine":true,"trendline":{"type":"none","show":false},"color":"#EAA228"},{"showLabel":true,"index":0,"showLine":true,"trendline":{"type":"none","show":false},"color":"#839557"},{"showLabel":true,"index":0,"showLine":true,"trendline":{"type":"none","show":false},"color":"#953579"},{"showLabel":true,"index":0,"showLine":true,"trendline":{"type":"none","show":false},"color":"#d8b83f"}],"show":"$.jqplot.config.enablePlugins","axes":{"xaxis":{"max":20,"min":-15,"tickInterval":5,"tickOptions":{"formatString":"%.1f"},"forceTickAt0":true,"rendererOptions":{"forceTickAt0":true}},"yaxis":{"max":0.1,"min":-0.15,"tickInterval":0.05,"tickOptions":{"formatString":"%.2f"},"forceTickAt0":true,"rendererOptions":{"forceTickAt0":true}}},"seriesDefaults":{"lineWidth":1,"showLabel":true,"markerOptions":{"size":5,"show":false}}});
jqplots.push(p);

var p = $.jqplot('dragaoa',[[[-9.250,0.15849],[-9.000,0.15731],[-8.750,0.15608],[-8.500,0.15105],[-8.250,0.14909],[-8.000,0.14713],[-7.750,0.14318],[-7.500,0.14064],[-7.250,0.13849],[-7.000,0.13692],[-6.750,0.13704],[-6.500,0.13448],[-6.250,0.13178],[-5.500,0.11881],[-5.250,0.11591],[-5.000,0.11149],[-4.000,0.10645],[-3.750,0.10223],[-3.500,0.10025],[-3.250,0.08860],[-3.000,0.08522],[-2.750,0.08142],[-2.500,0.07853],[-2.250,0.07598],[-2.000,0.08419],[-1.750,0.08104],[-1.500,0.07951],[-1.250,0.07981],[-1.000,0.07722],[-0.750,0.07696],[-0.500,0.07832],[-0.250,0.07605],[0.000,0.07640],[0.250,0.07844],[0.500,0.07847],[0.750,0.08184],[1.000,0.08542],[1.250,0.08692],[1.500,0.08587],[1.750,0.08476],[2.000,0.10278],[2.250,0.10237],[2.500,0.10376],[2.750,0.10663],[3.000,0.10641],[3.250,0.10768],[3.500,0.11044],[3.750,0.11098],[4.000,0.11170],[4.250,0.11409],[4.500,0.11681],[4.750,0.11597],[5.000,0.11790],[5.250,0.12168],[5.500,0.12064],[5.750,0.12213],[6.000,0.12517],[6.250,0.12588],[6.500,0.12676],[6.750,0.13005],[7.000,0.13019],[7.250,0.13172],[7.500,0.13567],[7.750,0.13505],[8.000,0.13697],[8.250,0.14145],[8.500,0.14025],[8.750,0.14270],[9.000,0.14554],[9.250,0.14575],[9.500,0.14834],[9.750,0.15159],[10.000,0.15143],[10.250,0.15354],[10.500,0.15752],[10.750,0.15726],[11.000,0.15869],[11.250,0.16104],[11.500,0.16467],[11.750,0.16505],[12.000,0.16591],],[[-15.000,0.15875],[-14.750,0.15875],[-14.500,0.15893],[-14.250,0.15157],[-14.000,0.14849],[-13.750,0.14597],[-13.500,0.14369],[-13.250,0.14257],[-13.000,0.14224],[-12.750,0.13670],[-12.500,0.13421],[-12.250,0.13227],[-12.000,0.13065],[-11.750,0.13070],[-11.500,0.13012],[-11.250,0.12504],[-11.000,0.15118],[-10.750,0.14929],[-10.500,0.14766],[-10.250,0.14541],[-10.000,0.14318],[-9.750,0.14070],[-9.500,0.13413],[-9.250,0.13227],[-9.000,0.12994],[-8.750,0.12856],[-8.500,0.12575],[-8.250,0.12325],[-8.000,0.12204],[-7.750,0.12061],[-7.500,0.12072],[-7.250,0.11907],[-7.000,0.11741],[-6.750,0.11187],[-6.500,0.10981],[-6.250,0.10826],[-6.000,0.10622],[-5.750,0.10569],[-5.500,0.10166],[-5.250,0.10049],[-5.000,0.09820],[-4.250,0.09404],[-4.000,0.09210],[-3.750,0.08935],[-3.500,0.08867],[-3.250,0.08639],[-3.000,0.08554],[-2.750,0.08525],[-2.500,0.08254],[-2.250,0.08134],[-1.500,0.07309],[-1.250,0.07318],[-1.000,0.07040],[-0.750,0.06988],[-0.500,0.06999],[-0.250,0.07075],[0.000,0.07220],[0.250,0.07453],[0.500,0.07079],[0.750,0.07168],[1.000,0.07314],[1.250,0.07604],[1.500,0.08033],[1.750,0.07687],[2.000,0.07789],[2.250,0.07794],[2.500,0.07666],[2.750,0.09763],[3.000,0.09882],[3.250,0.10049],[3.500,0.10302],[3.750,0.10264],[4.000,0.10386],[4.250,0.10557],[4.750,0.10780],[5.000,0.10911],[5.250,0.11133],[5.500,0.11167],[5.750,0.11279],[6.250,0.11522],[6.500,0.11655],[6.750,0.11809],[7.000,0.11879],[7.250,0.12058],[7.500,0.12098],[7.750,0.12250],[8.000,0.11855],[8.250,0.11936],[8.500,0.11865],[8.750,0.12023],[9.000,0.11972],[9.250,0.12171],[9.500,0.12123],[9.750,0.12325],[10.000,0.12292],[10.250,0.12548],[10.500,0.12578],[10.750,0.12548],[11.000,0.13069],[11.250,0.13078],[11.500,0.13000],[11.750,0.13764],[12.000,0.14080],[12.250,0.13968],[12.500,0.15689],[12.750,0.15946],],[[-13.500,0.13870],[-13.250,0.13577],[-13.000,0.13286],[-12.750,0.12887],[-12.500,0.12623],[-12.250,0.12373],[-12.000,0.12117],[-11.750,0.11842],[-11.500,0.11484],[-11.250,0.11022],[-11.000,0.10705],[-10.750,0.10509],[-10.500,0.10309],[-10.250,0.10041],[-10.000,0.09739],[-9.750,0.09330],[-9.500,0.08497],[-9.250,0.08305],[-9.000,0.08069],[-8.750,0.09660],[-8.500,0.09208],[-8.250,0.08987],[-8.000,0.08750],[-7.750,0.08536],[-7.500,0.08355],[-7.250,0.08188],[-7.000,0.08031],[-6.500,0.09047],[-6.250,0.08881],[-6.000,0.08718],[-5.750,0.08546],[-5.500,0.08368],[-4.750,0.07917],[-4.500,0.07765],[-4.250,0.07640],[-3.000,0.07161],[-2.750,0.07015],[-2.500,0.06930],[-2.250,0.06880],[-2.000,0.06535],[-1.750,0.06219],[-1.500,0.06201],[-1.250,0.06126],[-1.000,0.06089],[-0.750,0.06094],[-0.500,0.06128],[-0.250,0.06203],[0.000,0.06215],[0.250,0.06233],[0.500,0.06272],[0.750,0.06332],[1.000,0.06386],[1.250,0.06478],[1.500,0.06613],[1.750,0.06450],[2.000,0.06477],[2.250,0.06537],[2.500,0.06521],[2.750,0.06476],[3.000,0.06214],[3.250,0.07827],[3.500,0.07792],[3.750,0.07722],[4.000,0.07658],[4.250,0.07619],[4.500,0.07914],[4.750,0.07865],[5.000,0.07820],[5.250,0.07765],[5.500,0.08058],[5.750,0.08008],[6.000,0.07949],[6.250,0.07901],[6.500,0.08212],[6.750,0.08153],[7.000,0.08080],[7.250,0.08001],[7.500,0.08312],[7.750,0.08485],[8.000,0.08530],[8.250,0.08478],[8.500,0.08379],[8.750,0.08237],[9.000,0.08150],[9.250,0.08484],[9.500,0.08396],[9.750,0.08295],[10.000,0.08188],[10.250,0.08528],[10.500,0.08421],[10.750,0.08300],[11.000,0.08152],[11.250,0.08001],[11.500,0.08355],[11.750,0.08213],[12.000,0.08225],[12.250,0.07941],[12.500,0.07702],[12.750,0.07958],[13.000,0.08041],[13.250,0.07746],[13.500,0.07446],[13.750,0.07719],[14.000,0.07451],[14.250,0.07211],[14.500,0.07465],[14.750,0.07256],[15.000,0.06979],[15.250,0.07233],[15.500,0.07020],[15.750,0.07157],[16.000,0.07138],[16.250,0.07085],[16.500,0.07279],[16.750,0.07257],[17.000,0.07438],[17.250,0.07601],[17.500,0.07667],[17.750,0.08014],[18.000,0.08254],[18.250,0.08486],[18.500,0.08732],[18.750,0.09025],[19.000,0.09367],[19.250,0.09783],],[[-12.000,0.10904],[-11.750,0.10590],[-11.500,0.09531],[-11.250,0.09260],[-11.000,0.09039],[-10.750,0.08767],[-10.500,0.08526],[-10.250,0.08155],[-10.000,0.07798],[-9.750,0.07446],[-9.500,0.07102],[-9.250,0.06771],[-9.000,0.06461],[-8.750,0.05542],[-8.500,0.05324],[-8.250,0.05176],[-8.000,0.05062],[-7.750,0.04915],[-7.500,0.04783],[-7.250,0.04611],[-7.000,0.04129],[-6.750,0.03958],[-6.500,0.03827],[-6.250,0.03712],[-6.000,0.03596],[-5.750,0.03716],[-5.500,0.02727],[-5.250,0.02580],[-5.000,0.02427],[-4.750,0.02308],[-4.500,0.02219],[-4.250,0.02184],[-4.000,0.02037],[-3.750,0.01955],[-3.500,0.01923],[-3.250,0.01901],[-3.000,0.01882],[-2.750,0.01867],[-2.500,0.01856],[-2.250,0.01842],[-2.000,0.01825],[-1.750,0.01818],[-1.500,0.01812],[-1.250,0.01806],[-1.000,0.01811],[-0.750,0.01831],[-0.500,0.01818],[-0.250,0.01806],[0.000,0.01799],[0.250,0.01769],[0.500,0.01770],[0.750,0.01763],[1.000,0.02446],[1.250,0.02403],[1.500,0.02376],[1.750,0.02362],[2.000,0.02354],[2.250,0.02346],[2.500,0.02350],[2.750,0.02604],[3.000,0.02537],[3.250,0.02539],[3.500,0.02535],[3.750,0.02523],[4.000,0.02480],[4.250,0.02464],[4.500,0.02424],[4.750,0.02375],[5.000,0.02318],[5.250,0.02265],[5.500,0.02264],[5.750,0.02300],[6.000,0.02320],[6.250,0.02319],[6.500,0.02304],[6.750,0.02268],[7.000,0.02227],[7.250,0.02173],[7.500,0.02188],[7.750,0.02283],[8.000,0.02402],[8.250,0.02359],[8.500,0.02284],[8.750,0.02231],[9.000,0.02725],[9.250,0.02769],[9.500,0.02645],[9.750,0.03179],[10.000,0.03764],[10.250,0.03622],[10.500,0.03943],[10.750,0.03813],[11.000,0.04099],[11.250,0.04234],[11.500,0.04218],[11.750,0.04415],[12.000,0.04543],[12.250,0.03816],[12.500,0.03753],[12.750,0.03909],[13.000,0.03915],[13.250,0.04030],[13.500,0.04122],[13.750,0.04186],[14.000,0.04335],[14.250,0.04463],[14.500,0.04590],[14.750,0.04734],[15.000,0.04897],[15.250,0.05063],[15.500,0.05222],[15.750,0.05428],[16.000,0.05616],[16.250,0.05800],[16.500,0.06014],[16.750,0.06185],[17.000,0.06365],[17.250,0.06551],[17.500,0.06737],[17.750,0.06904],[18.000,0.07124],[18.250,0.07316],[18.500,0.07571],[18.750,0.08075],],[[-12.000,0.10445],[-11.750,0.09925],[-11.500,0.08824],[-11.250,0.08521],[-11.000,0.08191],[-10.750,0.07823],[-10.500,0.07489],[-10.250,0.07011],[-10.000,0.06402],[-9.750,0.03878],[-9.500,0.03584],[-9.250,0.03340],[-9.000,0.03153],[-8.750,0.02943],[-8.500,0.02623],[-8.250,0.02415],[-8.000,0.02284],[-7.750,0.02227],[-7.500,0.02142],[-7.250,0.02122],[-7.000,0.02062],[-6.750,0.02005],[-6.500,0.01913],[-6.250,0.01828],[-6.000,0.01747],[-5.750,0.01662],[-5.500,0.01601],[-5.250,0.01562],[-5.000,0.01527],[-4.750,0.01460],[-4.500,0.01420],[-4.250,0.01393],[-4.000,0.01372],[-3.750,0.01352],[-3.500,0.01333],[-3.250,0.01317],[-3.000,0.01303],[-2.750,0.01290],[-2.500,0.01278],[-2.250,0.01261],[-2.000,0.01256],[-1.750,0.01262],[-1.500,0.01248],[-1.250,0.01238],[-1.000,0.01228],[-0.750,0.01221],[-0.500,0.01212],[-0.250,0.01193],[0.000,0.01158],[0.250,0.01109],[0.500,0.01044],[0.750,0.00970],[1.000,0.00933],[1.250,0.00869],[1.500,0.00892],[1.750,0.00919],[2.000,0.00972],[2.250,0.01030],[2.500,0.01083],[2.750,0.01192],[3.000,0.01534],[3.250,0.01520],[3.500,0.01507],[3.750,0.01335],[4.000,0.01489],[4.250,0.01415],[4.500,0.01628],[4.750,0.01618],[5.000,0.01615],[5.250,0.01606],[5.500,0.01599],[5.750,0.01592],[6.000,0.01584],[6.250,0.01575],[6.500,0.01569],[6.750,0.01564],[7.000,0.01562],[7.250,0.01561],[7.500,0.01254],[7.750,0.01264],[8.000,0.01307],[8.250,0.01341],[8.500,0.01359],[8.750,0.01458],[9.000,0.01546],[9.250,0.01604],[9.500,0.01706],[9.750,0.01822],[10.000,0.01894],[10.250,0.02053],[10.500,0.02189],[10.750,0.02300],[11.000,0.02452],[11.250,0.02613],[11.500,0.02747],[11.750,0.02933],[12.000,0.03079],[12.250,0.03308],[12.500,0.03436],[12.750,0.03662],[13.000,0.03807],[13.250,0.03965],[13.500,0.04158],[13.750,0.04292],[14.000,0.04466],[14.250,0.04655],[14.750,0.05062],[15.000,0.05248],[15.250,0.05394],[15.500,0.05543],[15.750,0.05669],[16.000,0.05815],[16.250,0.05946],[16.500,0.06059],[16.750,0.06239],[17.000,0.06401],[17.250,0.06800],[17.500,0.07077],[17.750,0.07289],[18.000,0.07487],[18.250,0.07667],[18.500,0.07867],[18.750,0.08063],[19.000,0.08229],[19.250,0.08429],],],
{"title":"Cd v Alpha","sortData":false,"legend":{"show":false,"placement":"insideGrid","location":"ne"},"series":[{"showLabel":true,"index":0,"showLine":true,"trendline":{"type":"none","show":false},"color":"#4bb2c5"},{"showLabel":true,"index":0,"showLine":true,"trendline":{"type":"none","show":false},"color":"#EAA228"},{"showLabel":true,"index":0,"showLine":true,"trendline":{"type":"none","show":false},"color":"#839557"},{"showLabel":true,"index":0,"showLine":true,"trendline":{"type":"none","show":false},"color":"#953579"},{"showLabel":true,"index":0,"showLine":true,"trendline":{"type":"none","show":false},"color":"#d8b83f"}],"show":"$.jqplot.config.enablePlugins","axes":{"xaxis":{"max":20,"min":-15,"tickInterval":5,"tickOptions":{"formatString":"%.1f"},"forceTickAt0":true,"rendererOptions":{"forceTickAt0":true}},"yaxis":{"max":0.18,"min":0,"tickInterval":0.02,"tickOptions":{"formatString":"%.2f"},"forceTickAt0":true,"rendererOptions":{"forceTickAt0":true}}},"seriesDefaults":{"lineWidth":1,"showLabel":true,"markerOptions":{"size":5,"show":false}}});
jqplots.push(p);

var p = $.jqplot('effaoa',[[[-9.250,-3.0109155151745],[-9.000,-3.2394634797534],[-8.750,-3.5674013326499],[-8.500,-3.3121482952665],[-8.250,-3.5267288215172],[-8.000,-3.9278189356352],[-7.750,-3.7197932672161],[-7.500,-4.0102389078498],[-7.250,-4.4732471658604],[-7.000,-4.8875255623722],[-6.750,-3.4873029772329],[-6.500,-3.3811719214753],[-6.250,-3.3077857034451],[-5.500,-5.8362090733103],[-5.250,-6.0210508152877],[-5.000,-5.9530002690824],[-4.000,-4.4866134335369],[-3.750,-5.1051550425511],[-3.500,-4.9596009975062],[-3.250,-8.1365688487585],[-3.000,-8.5026988969725],[-2.750,-9.2004421518055],[-2.500,-9.6026996052464],[-2.250,-9.890760726507],[-2.000,-6.8452310250624],[-1.750,-6.7719644619941],[-1.500,-6.5589234058609],[-1.250,-6.0957273524621],[-1.000,-6.2393162393162],[-0.750,-5.8251039501039],[-0.500,-5.2017364657814],[-0.250,-5.2938856015779],[0.000,-4.8272251308901],[0.250,-3.9023457419684],[0.500,-3.2929782082324],[0.750,-1.9061583577713],[1.000,-0.89323343479279],[1.250,-0.58444546709618],[1.500,-0.59625014556888],[1.750,-0.75271354412459],[2.000,2.3234092235844],[2.250,2.2692194978998],[2.500,2.3959136468774],[2.750,2.5808871799681],[3.000,2.5260783760925],[3.250,2.6272288261516],[3.500,2.7915610286128],[3.750,2.7626599387277],[4.000,2.8093106535363],[4.250,2.9467963888158],[4.500,3.0194332676997],[4.750,2.9636975079762],[5.000,3.0644614079729],[5.250,3.2001972386588],[5.500,3.0993037135279],[5.750,3.1646606075493],[6.000,3.2787409123592],[6.250,3.2324435970766],[6.500,3.2644367308299],[6.750,3.3848519800077],[7.000,3.3120823411936],[7.250,3.3669905860917],[7.500,3.4760816687551],[7.750,3.374305812662],[8.000,3.4321384244725],[8.250,3.5284552845528],[8.500,3.4153297682709],[8.750,3.4849334267694],[9.000,3.4877009756768],[9.250,3.4373927958834],[9.500,3.4940002696508],[9.750,3.5061679530312],[10.000,3.4332694974576],[10.250,3.4720593982024],[10.500,3.5303453529711],[10.750,3.4427063461783],[11.000,3.4457117650766],[11.250,3.479259811227],[11.500,3.5173377057145],[11.750,3.457134201757],[12.000,3.4362003495871],],[[-15.000,-0.54551181102362],[-14.750,-0.6148031496063],[-14.500,-0.71918454665576],[-14.250,-0.49877944184205],[-14.000,-0.39329247760792],[-13.750,-0.31855860793314],[-13.500,-0.26932980722388],[-13.250,-0.31423160552711],[-13.000,-0.44010123734533],[-12.750,-0.2201901975128],[-12.500,-0.083451307652187],[-12.250,-0.027217056021774],[-12.000,-0.021431305013395],[-11.750,-0.24636572302984],[-11.500,-0.52413157085767],[-11.250,-0.079974408189379],[-11.000,-0.93266305066808],[-10.750,-0.99269877419787],[-10.500,-1.2081809562508],[-10.250,-1.4627604703941],[-10.000,-1.5176700656516],[-9.750,-1.272210376688],[-9.500,-2.1300231119064],[-9.250,-1.9089740681938],[-9.000,-1.8939510543328],[-8.750,-2.1803049159925],[-8.500,-2.3610337972167],[-8.250,-2.6523326572008],[-8.000,-2.9981973123566],[-7.750,-3.3629052317387],[-7.500,-3.8353214049039],[-7.250,-4.1740152851264],[-7.000,-4.5532748488204],[-6.750,-4.4605345490301],[-6.500,-4.3948638557508],[-6.250,-4.7681507481988],[-6.000,-4.9425720203352],[-5.750,-5.2748604409121],[-5.500,-5.2547708046429],[-5.250,-5.1348392874913],[-5.000,-5.673116089613],[-4.250,-5.785835814547],[-4.000,-5.6612377850163],[-3.750,-6.2730833799664],[-3.500,-6.2873576181347],[-3.250,-6.2704016668596],[-3.000,-6.1550151975684],[-2.750,-5.9436950146628],[-2.500,-6.5071480494306],[-2.250,-6.520776985493],[-1.500,-5.5985770967301],[-1.250,-5.0232303908172],[-1.000,-5.6420454545455],[-0.750,-5.3033772180882],[-0.500,-4.8178311187312],[-0.250,-4.1992932862191],[0.000,-3.4570637119114],[0.250,-2.6365222058232],[0.500,-3.4058482836559],[0.750,-2.8348214285714],[1.000,-2.2491112934099],[1.250,-1.1428195686481],[1.500,-0.044815137557575],[1.750,-0.72980356445948],[2.000,-0.42495827448966],[2.250,-0.423402617398],[2.500,-0.87790242629794],[2.750,3.4262009628188],[3.000,3.5691155636511],[3.250,3.7625634391482],[3.500,3.976897689769],[3.750,3.6593920498831],[4.000,3.7858655882919],[4.250,3.9537747466136],[4.750,3.8617810760668],[5.000,4.0216295481624],[5.250,4.2288691278182],[5.500,3.996597116504],[5.750,4.1892011703165],[6.250,4.1815657003992],[6.500,4.3921063921064],[6.750,4.219662968922],[7.000,4.3875747116761],[7.250,4.5986067341184],[7.500,4.4734666887089],[7.750,4.6057142857143],[8.000,5.0425980598903],[8.250,5.0444034852547],[8.500,5.378002528445],[8.750,5.2624137070615],[9.000,5.5537921817574],[9.250,5.4013638977898],[9.500,5.6669141301658],[9.750,5.5269776876268],[10.000,5.7574031890661],[10.250,5.5777813197322],[10.500,5.7203052949595],[10.750,5.952343002869],[11.000,5.4939169025939],[11.250,5.6514757608197],[11.500,5.9184615384615],[11.750,5.2637314734089],[12.000,5.1264204545455],[12.250,5.3751431844215],[12.500,4.3348843138505],[12.750,4.2374263138091],],[[-13.500,-1.0036049026676],[-13.250,-0.98917286587611],[-13.000,-1.2102965527623],[-12.750,-1.1049895243268],[-12.500,-0.97441178800602],[-12.250,-0.89388183948921],[-12.000,-0.84344309647603],[-11.750,-0.81996284411417],[-11.500,-0.99007314524556],[-11.250,-1.2910542551261],[-11.000,-1.1219056515647],[-10.750,-0.96869350080883],[-10.500,-0.87690367639926],[-10.250,-0.87939448262125],[-10.000,-0.93541431358456],[-9.750,-1.1618435155413],[-9.500,-0.90031775920913],[-9.250,-0.82119205298013],[-9.000,-0.87123559301029],[-8.750,-2.6449275362319],[-8.500,-2.8225456125109],[-8.250,-2.7339490374986],[-8.000,-2.8834285714286],[-7.750,-2.9264292408622],[-7.500,-3.0209455415919],[-7.250,-3.1436248168051],[-7.000,-3.3109201842859],[-6.500,-5.284624737482],[-6.250,-5.4036707577975],[-6.000,-5.4588208304657],[-5.750,-5.5008190966534],[-5.500,-5.5473231357553],[-4.750,-6.5226727295693],[-4.500,-6.5138441725692],[-4.250,-6.4476439790576],[-3.000,-6.6094120932831],[-2.750,-6.5844618674269],[-2.500,-6.3766233766234],[-2.250,-6.1526162790698],[-2.000,-5.9005355776588],[-1.750,-5.4639009487056],[-1.500,-5.9732301241735],[-1.250,-5.6284688214169],[-1.000,-5.1092133355231],[-0.750,-4.5027896291434],[-0.500,-3.7842689295039],[-0.250,-3.034015798807],[0.000,-3.5703942075623],[0.250,-3.1365313653137],[0.500,-2.5558035714286],[0.750,-1.9361970941251],[1.000,-1.2981522079549],[1.250,-0.72553257178141],[1.500,-0.32360502041434],[1.750,-1.0651162790698],[2.000,-0.66388760228501],[2.250,-1.061649074499],[2.500,-0.76522005827327],[2.750,-0.41692402717727],[3.000,-0.91889282265851],[3.250,6.9784080746135],[3.500,7.360112936345],[3.750,7.8541828541829],[4.000,8.3363802559415],[4.250,8.7688673054207],[4.500,8.0439727065959],[4.750,8.4564526382708],[5.000,8.8606138107417],[5.250,9.2955569864778],[5.500,8.6274509803922],[5.750,9.010989010989],[6.000,9.4213108567115],[6.250,9.8126819389951],[6.500,9.140282513395],[6.750,9.5228750153318],[7.000,9.9405940594059],[7.250,10.379952505937],[7.500,9.7244947064485],[7.750,9.5061873895109],[8.000,9.5978898007034],[8.250,9.9174333569238],[8.500,10.343716433942],[8.750,10.877746752458],[9.000,11.300613496933],[9.250,10.641206977841],[9.500,11.043353978085],[9.750,11.480409885473],[10.000,11.943087445042],[10.250,11.268761726079],[10.500,11.705260657879],[10.750,12.185542168675],[11.000,12.744111874387],[11.250,13.330833645794],[11.500,12.55894673848],[11.750,13.097528308779],[12.000,12.481458966565],[12.250,13.214960332452],[12.500,13.905479096339],[12.750,12.261874842925],[13.000,12.186295236911],[13.250,13.126775109734],[13.500,14.152565135643],[13.750,13.395517554087],[14.000,14.302778150584],[14.250,15.20732214672],[14.500,14.43402545211],[14.750,15.23980154355],[15.000,16.377704542198],[15.250,15.555094704825],[15.500,16.492877492877],[15.750,16.168785804108],[16.000,16.419165032222],[16.250,16.78616796048],[16.500,16.237120483583],[16.750,16.491663221717],[17.000,16.029846732993],[17.250,15.667675305881],[17.500,15.664536324508],[17.750,14.868979286249],[18.000,14.453598255391],[18.250,14.083195851992],[18.500,13.695602382043],[18.750,13.215512465374],[19.000,12.667876588022],[19.250,12.012675048554],],[[-12.000,-1.27201027146],[-11.750,-1.2813975448536],[-11.500,-1.9043122442556],[-11.250,-1.8930885529158],[-11.000,-1.8652505808165],[-10.750,-1.8797764343561],[-10.500,-1.8777855969974],[-10.250,-2.0331085223789],[-10.000,-2.228776609387],[-9.750,-2.484555466022],[-9.500,-2.8076598141369],[-9.250,-3.1900753212229],[-9.000,-3.6062529020276],[-8.750,-6.2287982677734],[-8.500,-6.1814425244177],[-8.250,-6.20942812983],[-8.000,-6.1615962070328],[-7.750,-6.2075279755849],[-7.500,-6.1969475224754],[-7.250,-6.2784645413142],[-7.000,-7.7088883506902],[-6.750,-7.5720060636685],[-6.500,-7.389600209041],[-6.250,-7.1632543103448],[-6.000,-6.9493882091212],[-5.750,-6.5742734122713],[-5.500,-8.5588558855886],[-5.250,-7.8100775193798],[-5.000,-6.8974042027194],[-4.750,-5.6369150779896],[-4.500,-4.0919333032898],[-4.250,-2.6968864468864],[-4.000,0.62837506136475],[-3.750,3.6112531969309],[-3.500,5.7202288091524],[-3.250,7.6012624934245],[-3.000,9.4314558979809],[-2.750,11.178361006963],[-2.500,12.823275862069],[-2.250,14.500542888165],[-2.000,16.175342465753],[-1.750,17.706270627063],[-1.500,19.210816777042],[-1.250,20.708748615725],[-1.000,22.037548315848],[-0.750,23.069361004915],[-0.500,24.042904290429],[-0.250,24.047619047619],[0.000,23.407448582546],[0.250,21.984171848502],[0.500,19.920903954802],[0.750,17.901304594441],[1.000,30.968928863451],[1.250,33.062838119018],[1.500,34.810606060606],[1.750,36.287044877223],[2.000,37.616822429907],[2.250,38.930093776641],[2.500,39.991489361702],[2.750,35.337941628264],[3.000,37.599527000394],[3.250,38.653012997243],[3.500,39.751479289941],[3.750,40.982956797463],[4.000,42.782258064516],[4.250,44.103084415584],[4.500,45.95297029703],[4.750,48.084210526316],[5.000,50.517687661777],[5.250,52.984547461369],[5.500,54.10777385159],[5.750,54.169565217391],[6.000,54.668103448276],[6.250,55.726606295817],[6.500,57.191840277778],[6.750,59.307760141093],[7.000,61.665918275707],[7.250,64.560515416475],[7.500,65.091407678245],[7.750,62.698204117389],[8.000,58.984179850125],[8.250,61.246290801187],[8.500,64.68476357268],[8.750,67.575078440161],[9.000,52.095412844037],[9.250,51.155651859877],[9.500,55.190926275992],[9.750,43.702422145329],[10.000,35.010626992561],[10.250,37.476532302595],[10.500,33.839715952321],[10.750,36.016260162602],[11.000,33.200780678214],[11.250,32.274444969296],[11.500,32.925557136083],[11.750,31.347678369196],[12.000,30.471054369359],[12.250,23.12893081761],[12.500,24.388489208633],[12.750,23.425428498337],[13.000,23.956577266922],[13.250,23.446650124069],[13.500,23.173216885007],[13.750,23.158146201624],[14.000,22.440599769319],[14.250,21.938158189559],[14.500,21.474945533769],[14.750,20.931558935361],[15.000,20.306309985706],[15.250,19.705708078214],[15.500,19.193795480659],[15.750,18.461680176861],[16.000,17.888176638177],[16.250,17.379310344828],[16.500,16.764216827403],[16.750,16.391269199677],[17.000,16.003142183818],[17.250,15.625095405282],[17.500,15.264954727624],[17.750,15.005793742758],[18.000,14.569062324537],[18.250,14.264625478404],[18.500,13.778893144895],[18.750,12.616718266254],],[[-12.000,-1.0186692197224],[-11.750,-1.4589420654912],[-11.500,-1.6421124206709],[-11.250,-1.6559089308767],[-11.000,-1.6957636430228],[-10.750,-1.7768119647194],[-10.500,-1.8467085058085],[-10.250,-2.0938525174725],[-10.000,-2.6194939081537],[-9.750,-12.671480144404],[-9.500,-14.132254464286],[-9.250,-15.314371257485],[-9.000,-16.111639708214],[-8.750,-17.101597009854],[-8.500,-19.065955013344],[-8.250,-20.053830227743],[-8.000,-20.258318739054],[-7.750,-19.748540637629],[-7.500,-19.397759103641],[-7.250,-18.473138548539],[-7.000,-17.793404461688],[-6.750,-17.007481296758],[-6.500,-16.231050705698],[-6.250,-15.180525164114],[-6.000,-13.789353176875],[-5.750,-11.835138387485],[-5.500,-9.7501561524047],[-5.250,-7.7336747759283],[-5.000,-5.6254092992796],[-4.750,-2.6095890410959],[-4.500,-0.070422535211268],[-4.250,2.2613065326633],[-4.000,4.5481049562682],[-3.750,6.8934911242604],[-3.500,9.2198049512378],[-3.250,11.541381928626],[-3.000,13.867996930161],[-2.750,16.209302325581],[-2.500,18.552425665102],[-2.250,21.01506740682],[-2.000,23.232484076433],[-1.750,25.174326465927],[-1.500,27.596153846154],[-1.250,29.927302100162],[-1.000,32.271986970684],[-0.750,34.545454545455],[-0.500,36.823432343234],[-0.250,39.203688181056],[0.000,41.528497409326],[0.250,43.70604147881],[0.500,45.900383141762],[0.750,46.917525773196],[1.000,44.962486602358],[1.250,43.878020713464],[1.500,43.800448430493],[1.750,45.212187159956],[2.000,46.666666666667],[2.250,47.388349514563],[2.500,47.793167128347],[2.750,48.624161073826],[3.000,54.054758800522],[3.250,55.789473684211],[3.500,57.086927670869],[3.750,53.310861423221],[4.000,59.402283411686],[4.250,59.689045936396],[4.500,63.955773955774],[4.750,66.112484548826],[5.000,67.801857585139],[5.250,69.794520547945],[5.500,71.644777986241],[5.750,73.435929648241],[6.000,75.277777777778],[6.250,77.174603174603],[6.500,78.891013384321],[6.750,80.524296675192],[7.000,81.90781049936],[7.250,83.04932735426],[7.500,82.974481658692],[7.750,81.23417721519],[8.000,77.827084927314],[8.250,76.189410887397],[8.500,76.158940397351],[8.750,70.082304526749],[9.000,65.705045278137],[9.250,63.57855361596],[9.500,59.454865181712],[9.750,55.214050493963],[10.000,53.315733896515],[10.250,48.514369215782],[10.500,45.198720877113],[10.750,43.013043478261],[11.000,40.065252854812],[11.250,37.305778798316],[11.500,35.435020021842],[11.750,32.850323900443],[12.000,31.250405975966],[12.250,28.642684401451],[12.500,27.692083818393],[12.750,25.674494811578],[13.000,24.778040451799],[13.250,23.825977301387],[13.500,22.652717652718],[13.750,22.101584342964],[14.000,21.267353336319],[14.250,20.40171858217],[14.750,18.713947056499],[15.000,18.088795731707],[15.250,17.73637374861],[15.500,17.400324733899],[15.750,17.209384371141],[16.000,16.921754084265],[16.250,16.727211570804],[16.500,16.629806898828],[16.750,16.233370732489],[17.000,15.939696922356],[17.250,14.725],[17.500,14.079412180302],[17.750,13.711071477569],[18.000,13.420595699212],[18.250,13.19812182079],[18.500,12.92996059489],[18.750,12.693786431849],[19.000,12.549519990278],[19.250,12.319373591173],],],
{"title":"Cl\/Cd v Alpha","sortData":false,"legend":{"show":false,"placement":"insideGrid","location":"ne"},"series":[{"showLabel":true,"index":0,"showLine":true,"trendline":{"type":"none","show":false},"color":"#4bb2c5"},{"showLabel":true,"index":0,"showLine":true,"trendline":{"type":"none","show":false},"color":"#EAA228"},{"showLabel":true,"index":0,"showLine":true,"trendline":{"type":"none","show":false},"color":"#839557"},{"showLabel":true,"index":0,"showLine":true,"trendline":{"type":"none","show":false},"color":"#953579"},{"showLabel":true,"index":0,"showLine":true,"trendline":{"type":"none","show":false},"color":"#d8b83f"}],"show":"$.jqplot.config.enablePlugins","axes":{"xaxis":{"max":20,"min":-15,"tickInterval":5,"tickOptions":{"formatString":"%.1f"},"forceTickAt0":true,"rendererOptions":{"forceTickAt0":true}},"yaxis":{"max":100,"min":-40,"tickInterval":20,"tickOptions":{"formatString":"%d"},"forceTickAt0":true,"rendererOptions":{"forceTickAt0":true}}},"seriesDefaults":{"lineWidth":1,"showLabel":true,"markerOptions":{"size":5,"show":false}}});
jqplots.push(p);

});
/*]]>*/
</script>
</body>
</html>