<!DOCTYPE html>
<html lang="en">
<head>
<link rel="stylesheet" type="text/css" href="/assets/62ff72f1/jquery.jqplot.min.css" media="screen, projection, print" />
<style type="text/css">
/*<![CDATA[*/
.jqplot-title {font-size:1.8em;padding:3px;}.jqplot-xaxis {font-size:0.8em;padding-top:3px;}.jqplot-yaxis {font-size:0.8em;padding-right:3px;}
/*]]>*/
</style>
<!--[if lt IE 9]><script type="text/javascript" src="/assets/62ff72f1/excanvas.min.js"></script></script><![endif]-->
<script type="text/javascript" src="/assets/780cfc96/jquery.min.js"></script>
<script type="text/javascript" src="/assets/62ff72f1/jquery.min.js"></script>
<script type="text/javascript" src="/assets/62ff72f1/jquery.jqplot.min.js"></script>
<script type="text/javascript">
/*<![CDATA[*/
var jqplots = [];

/*]]>*/
</script>
<title>Airfoil polar plot</title>
<meta http-equiv="Content-Language" content="en-gb"/>
<meta http-equiv="Content-Type" content="text/html; charset=windows-1252"/>
<meta content="none" name="robots" />
<meta name="copyright" content="Copyright 2010-2013. All Rights Reserved" />
</head>
<body>

<table style="width:800px;">
<tr><td>
<div id="liftdrag" style="height:400px;width:398px;margin:auto;display:inline-block;"></div>
</td><td>
<div id="liftaoa" style="height:400px;width:398px;margin:auto;display:inline-block;"></div>
</td></tr>
<tr><td>
<div id="effaoa" style="height:400px;width:398px;margin:auto;display:inline-block;"></div>
</td><td>
<div id="dragaoa" style="height:400px;width:398px;margin:auto;display:inline-block;"></div>
</td></tr>
<tr><td>
<div id="momentaoa" style="height:400px;width:398px;margin:auto;display:inline-block;"></div>
</td><td>
</td></tr>

</table>
<script type="text/javascript">
/*<![CDATA[*/
jQuery(window).load(function() {
var p = $.jqplot('liftdrag',[[[0.13330,-0.2531],[0.07524,-0.6557],[0.07214,-0.6924],[0.07004,-0.7318],[0.06775,-0.7690],[0.06534,-0.8021],[0.06275,-0.8299],[0.06003,-0.8520],[0.05723,-0.8687],[0.05536,-0.8585],[0.05355,-0.8532],[0.05135,-0.8510],[0.04895,-0.8493],[0.04757,-0.8341],[0.04593,-0.8226],[0.04442,-0.8087],[0.04309,-0.7947],[0.04200,-0.7791],[0.04086,-0.7636],[0.03984,-0.7478],[0.03895,-0.7321],[0.03816,-0.7165],[0.03727,-0.7002],[0.03652,-0.6845],[0.03651,-0.6537],[0.03853,-0.6248],[0.04242,-0.5923],[0.04612,-0.5624],[0.05009,-0.5297],[0.05315,-0.4929],[0.05591,-0.4644],[0.05936,-0.4016],[0.06064,-0.3776],[0.06230,-0.3132],[0.06285,-0.2894],[0.06314,-0.2577],[0.06381,-0.1550],[0.06376,-0.0975],[0.06332,-0.0190],[0.06296,0.0154],[0.06166,0.1121],[0.06196,0.1083],[0.06030,0.2076],[0.06128,0.1874],[0.06034,0.2555],[0.06091,0.2655],[0.06060,0.3102],[0.06085,0.3443],[0.06121,0.3706],[0.06108,0.4185],[0.06290,0.3902],[0.06185,0.4484],[0.06501,0.3839],[0.06506,0.4097],[0.06679,0.3890],[0.06801,0.3810],[0.06792,0.4168],[0.07039,0.3703],[0.07043,0.4002],[0.07237,0.3734],[0.07351,0.3673],[0.07395,0.3885],[0.07599,0.3549],[0.07522,0.4101],[0.07805,0.3536],[0.07851,0.3661],[0.07988,0.3553],[0.08116,0.3428],[0.09076,0.2169],[0.09187,0.2379],[0.09283,0.2198],[0.09436,0.2458],[0.09527,0.2251],[0.08798,0.3335],[0.08841,0.3688],[0.09153,0.3545],[0.09277,0.3819],[0.09540,0.3883],[0.09771,0.4020],[0.09753,0.4554],[0.10318,0.4259],[0.10331,0.4753],[0.10903,0.4534],[0.11368,0.4478],[0.11849,0.4524],[0.12343,0.4728],[0.12477,0.5022],[0.13746,0.4604],[0.13893,0.4419],],[[0.07150,-0.7794],[0.06698,-0.8029],[0.06304,-0.8259],[0.05970,-0.8484],[0.05706,-0.8713],[0.05519,-0.8964],[0.05354,-0.9202],[0.05187,-0.9180],[0.05090,-0.9154],[0.04994,-0.9245],[0.04886,-0.9343],[0.04762,-0.9425],[0.04624,-0.9484],[0.04476,-0.9518],[0.04328,-0.9530],[0.04173,-0.9197],[0.04022,-0.8803],[0.03859,-0.8470],[0.03743,-0.8071],[0.03608,-0.7707],[0.03502,-0.7342],[0.03385,-0.6905],[0.03287,-0.6625],[0.03178,-0.6231],[0.03081,-0.5901],[0.02983,-0.5599],[0.02857,-0.5186],[0.02775,-0.4974],[0.02654,-0.4618],[0.02523,-0.4212],[0.02472,-0.4056],[0.02454,-0.3691],[0.02519,-0.3257],[0.02635,-0.3100],[0.02750,-0.2702],[0.02881,-0.2400],[0.02986,-0.2138],[0.03159,-0.1732],[0.03256,-0.1510],[0.03399,-0.1180],[0.03434,-0.0836],[0.03559,-0.0588],[0.03579,-0.0334],[0.03630,0.0080],[0.03656,0.0172],[0.03698,0.0548],[0.03677,0.0841],[0.03745,0.1070],[0.03717,0.1284],[0.03689,0.1709],[0.03720,0.1706],[0.03680,0.2119],[0.03662,0.2217],[0.03661,0.2508],[0.03615,0.2734],[0.03594,0.2938],[0.03579,0.3173],[0.03534,0.3319],[0.03521,0.3583],[0.03492,0.3799],[0.03428,0.4055],[0.03445,0.4219],[0.03407,0.4428],[0.03339,0.4720],[0.03374,0.4796],[0.03316,0.5095],[0.03297,0.5285],[0.03308,0.5384],[0.03225,0.5777],[0.03250,0.5873],[0.03221,0.6101],[0.03124,0.6535],[0.03163,0.6560],[0.03076,0.6962],[0.03109,0.7057],[0.03058,0.7374],[0.03041,0.7607],[0.03022,0.7831],[0.02983,0.8163],[0.02998,0.8321],[0.02939,0.8682],[0.02953,0.8808],[0.02915,0.9147],[0.02929,0.9310],[0.02907,0.9567],[0.02895,0.9791],[0.02914,0.9971],[0.02885,1.0314],[0.02917,1.0384],[0.02924,1.0611],[0.02931,1.0825],[0.02977,1.0926],[0.03001,1.1156],[0.03042,1.1281],[0.03113,1.1397],[0.03150,1.1667],[0.03249,1.1739],[0.03318,1.1914],[0.03420,1.2082],[0.03547,1.2250],[0.03650,1.2464],[0.03798,1.2625],[0.03929,1.2800],[0.04053,1.3047],[0.04252,1.3105],[0.04303,1.3507],[0.04559,1.3481],[0.04765,1.3562],[0.04775,1.4070],[0.05103,1.3929],[0.05408,1.3878],[0.05563,1.4072],[0.05645,1.4447],[0.06097,1.4196],[0.06567,1.3986],[0.06980,1.3878],[0.06976,1.4270],[0.07305,1.4316],[0.08399,1.3531],],[[0.11013,-0.7269],[0.09748,-0.7755],[0.08694,-0.8195],[0.07871,-0.8553],[0.07217,-0.8838],[0.06683,-0.9069],[0.06234,-0.9250],[0.05846,-0.9390],[0.05505,-0.9500],[0.05200,-0.9593],[0.04930,-0.9671],[0.04762,-0.9469],[0.04613,-0.9330],[0.04464,-0.9220],[0.04319,-0.9113],[0.04168,-0.9030],[0.04015,-0.8974],[0.03871,-0.8956],[0.03771,-0.8709],[0.03687,-0.8581],[0.03612,-0.8531],[0.03570,-0.8606],[0.03567,-0.8825],[0.03439,-0.8531],[0.03335,-0.8131],[0.03227,-0.7787],[0.03113,-0.7439],[0.03008,-0.7065],[0.02898,-0.6704],[0.02794,-0.6385],[0.02680,-0.6043],[0.02588,-0.5771],[0.02477,-0.5499],[0.02385,-0.5322],[0.02296,-0.5146],[0.02222,-0.5017],[0.02144,-0.4862],[0.02065,-0.4700],[0.01990,-0.4520],[0.01916,-0.4325],[0.01839,-0.4106],[0.01766,-0.3887],[0.01685,-0.3642],[0.01607,-0.3380],[0.01534,-0.3098],[0.01475,-0.2801],[0.01460,-0.2509],[0.01470,-0.2213],[0.01489,-0.1913],[0.01516,-0.1619],[0.01537,-0.1309],[0.01590,-0.1051],[0.01619,-0.0754],[0.01680,-0.0505],[0.01704,-0.0192],[0.01761,0.0044],[0.01808,0.0304],[0.01820,0.0624],[0.01875,0.0851],[0.01918,0.1104],[0.01953,0.1375],[0.01960,0.1671],[0.02014,0.1897],[0.02064,0.2132],[0.02071,0.2420],[0.02055,0.2735],[0.02082,0.2968],[0.02097,0.3213],[0.02099,0.3492],[0.02072,0.3858],[0.02063,0.4128],[0.02078,0.4368],[0.02094,0.4591],[0.02098,0.4860],[0.02086,0.5206],[0.02067,0.5534],[0.02067,0.5775],[0.02072,0.6023],[0.02072,0.6280],[0.02072,0.6573],[0.02061,0.6878],[0.02052,0.7280],[0.02047,0.7512],[0.02048,0.7747],[0.02053,0.7997],[0.02053,0.8261],[0.02059,0.8548],[0.02060,0.8850],[0.02067,0.9214],[0.02067,0.9453],[0.02078,0.9677],[0.02085,0.9890],[0.02100,1.0146],[0.02110,1.0397],[0.02129,1.0675],[0.02152,1.0975],[0.02169,1.1167],[0.02195,1.1342],[0.02220,1.1521],[0.02256,1.1705],[0.02298,1.1885],[0.02343,1.2061],[0.02397,1.2193],[0.02460,1.2266],[0.02532,1.2369],[0.02623,1.2481],[0.02730,1.2603],[0.02840,1.2765],[0.02952,1.2848],[0.03059,1.2943],[0.03185,1.3036],[0.03308,1.3156],[0.03449,1.3280],[0.03582,1.3401],[0.03711,1.3475],[0.03843,1.3577],[0.03990,1.3683],[0.04143,1.3807],[0.04266,1.3928],[0.04425,1.3996],[0.04582,1.4087],[0.04718,1.4220],[0.04875,1.4339],[0.05044,1.4391],[0.05204,1.4476],[0.05344,1.4609],[0.05467,1.4743],[0.05691,1.4764],[0.05891,1.4830],[0.06067,1.4932],[0.06161,1.5062],[0.06328,1.5158],[0.06599,1.5154],[0.06831,1.5175],[0.07036,1.5239],[0.07176,1.5325],[0.07206,1.5511],[0.07500,1.5496],[0.07911,1.5443],[0.08279,1.5433],[0.08590,1.5470],[0.08822,1.5568],[0.08949,1.5746],[0.09028,1.5964],[0.09624,1.5773],[0.10248,1.5580],[0.10887,1.5391],],[[0.09080,-1.0472],[0.08726,-1.0474],[0.08373,-1.0477],[0.08025,-1.0477],[0.07695,-1.0467],[0.07372,-1.0456],[0.07062,-1.0439],[0.06768,-1.0413],[0.06481,-1.0384],[0.06208,-1.0347],[0.05951,-1.0302],[0.05700,-1.0253],[0.05465,-1.0194],[0.05239,-1.0131],[0.05064,-1.0049],[0.04879,-0.9965],[0.04697,-0.9876],[0.04524,-0.9780],[0.04353,-0.9685],[0.04193,-0.9582],[0.04036,-0.9476],[0.03889,-0.9366],[0.03751,-0.9248],[0.03604,-0.9149],[0.03458,-0.9059],[0.03328,-0.8953],[0.03209,-0.8838],[0.03099,-0.8719],[0.02996,-0.8609],[0.02913,-0.8529],[0.02773,-0.8317],[0.02647,-0.8055],[0.02547,-0.7787],[0.02461,-0.7548],[0.02348,-0.7417],[0.02267,-0.7269],[0.02196,-0.7113],[0.02115,-0.6961],[0.02036,-0.6805],[0.01973,-0.6625],[0.01897,-0.6481],[0.01842,-0.6314],[0.01775,-0.6127],[0.01712,-0.5911],[0.01654,-0.5683],[0.01598,-0.5441],[0.01540,-0.5186],[0.01488,-0.4923],[0.01440,-0.4647],[0.01392,-0.4363],[0.01346,-0.4079],[0.01305,-0.3784],[0.01261,-0.3484],[0.01217,-0.3178],[0.01169,-0.2862],[0.01116,-0.2534],[0.01066,-0.2196],[0.01013,-0.1842],[0.00962,-0.1477],[0.00936,-0.1125],[0.00928,-0.0789],[0.00929,-0.0463],[0.00936,-0.0138],[0.00939,0.0179],[0.00946,0.0500],[0.00960,0.0809],[0.00966,0.1135],[0.00976,0.1436],[0.00990,0.1746],[0.00999,0.2073],[0.01008,0.2369],[0.01023,0.2668],[0.01033,0.2976],[0.01048,0.3293],[0.01057,0.3592],[0.01072,0.3880],[0.01089,0.4176],[0.01093,0.4488],[0.01101,0.4802],[0.01115,0.5117],[0.01114,0.5423],[0.01126,0.5710],[0.01139,0.5999],[0.01148,0.6296],[0.01160,0.6595],[0.01167,0.6903],[0.01181,0.7206],[0.01187,0.7520],[0.01196,0.7819],[0.01204,0.8107],[0.01216,0.8392],[0.01231,0.8677],[0.01244,0.8965],[0.01263,0.9248],[0.01276,0.9541],[0.01298,0.9824],[0.01313,1.0119],[0.01337,1.0399],[0.01348,1.0677],[0.01372,1.0936],[0.01395,1.1197],[0.01422,1.1453],[0.01453,1.1701],[0.01480,1.1959],[0.01515,1.2202],[0.01556,1.2434],[0.01598,1.2662],[0.01637,1.2876],[0.01684,1.3065],[0.01739,1.3227],[0.01793,1.3373],[0.01848,1.3484],[0.01925,1.3608],[0.01993,1.3768],[0.02078,1.3909],[0.02158,1.4057],[0.02256,1.4172],[0.02343,1.4312],[0.02464,1.4411],[0.02565,1.4547],[0.02679,1.4673],[0.02825,1.4763],[0.02956,1.4882],[0.03077,1.5010],[0.03229,1.5095],[0.03420,1.5140],[0.03563,1.5247],[0.03714,1.5350],[0.03896,1.5425],[0.04113,1.5466],[0.04323,1.5515],[0.04493,1.5606],[0.04686,1.5676],[0.04914,1.5718],[0.05172,1.5734],[0.05431,1.5751],[0.05644,1.5827],[0.05869,1.5890],[0.06123,1.5922],[0.06395,1.5937],[0.06704,1.5919],[0.06961,1.5956],[0.07223,1.6000],[0.07488,1.6043],[0.07775,1.6056],[0.08061,1.6068],[0.08372,1.6059],[0.08644,1.6077],],[[0.08234,-1.1342],[0.07837,-1.1377],[0.07455,-1.1404],[0.07088,-1.1421],[0.06747,-1.1425],[0.06429,-1.1416],[0.06125,-1.1399],[0.05835,-1.1373],[0.05570,-1.1332],[0.05325,-1.1277],[0.05091,-1.1216],[0.04881,-1.1136],[0.04600,-1.1136],[0.04338,-1.1122],[0.04122,-1.1067],[0.03930,-1.0991],[0.03764,-1.0893],[0.03609,-1.0787],[0.03468,-1.0667],[0.03330,-1.0548],[0.03208,-1.0417],[0.03088,-1.0287],[0.02981,-1.0144],[0.02858,-1.0028],[0.02714,-0.9946],[0.02603,-0.9828],[0.02499,-0.9643],[0.02404,-0.9373],[0.02319,-0.9164],[0.02245,-0.9008],[0.02175,-0.8845],[0.02079,-0.8709],[0.02006,-0.8540],[0.01942,-0.8355],[0.01881,-0.8161],[0.01826,-0.7961],[0.01751,-0.7798],[0.01696,-0.7629],[0.01649,-0.7409],[0.01592,-0.7179],[0.01541,-0.6937],[0.01496,-0.6683],[0.01447,-0.6418],[0.01401,-0.6146],[0.01361,-0.5868],[0.01319,-0.5577],[0.01280,-0.5285],[0.01247,-0.4993],[0.01210,-0.4693],[0.01177,-0.4391],[0.01148,-0.4088],[0.01114,-0.3777],[0.01082,-0.3464],[0.01054,-0.3148],[0.01025,-0.2826],[0.00995,-0.2501],[0.00966,-0.2172],[0.00930,-0.1833],[0.00894,-0.1489],[0.00858,-0.1139],[0.00820,-0.0779],[0.00778,-0.0406],[0.00752,-0.0048],[0.00741,0.0295],[0.00740,0.0623],[0.00740,0.0949],[0.00743,0.1271],[0.00748,0.1591],[0.00752,0.1913],[0.00755,0.2231],[0.00763,0.2545],[0.00768,0.2864],[0.00776,0.3181],[0.00782,0.3492],[0.00788,0.3808],[0.00797,0.4120],[0.00808,0.4434],[0.00812,0.4747],[0.00823,0.5053],[0.00831,0.5364],[0.00841,0.5672],[0.00852,0.5980],[0.00862,0.6289],[0.00878,0.6595],[0.00880,0.6902],[0.00895,0.7201],[0.00904,0.7506],[0.00919,0.7805],[0.00930,0.8108],[0.00946,0.8406],[0.00960,0.8707],[0.00977,0.9003],[0.00993,0.9300],[0.01007,0.9592],[0.01022,0.9883],[0.01041,1.0170],[0.01060,1.0457],[0.01083,1.0738],[0.01103,1.1022],[0.01130,1.1296],[0.01161,1.1565],[0.01190,1.1834],[0.01222,1.2096],[0.01254,1.2351],[0.01292,1.2596],[0.01329,1.2839],[0.01366,1.3081],[0.01406,1.3313],[0.01451,1.3533],[0.01489,1.3760],[0.01533,1.3968],[0.01577,1.4168],[0.01621,1.4360],[0.01661,1.4531],[0.01717,1.4645],[0.01766,1.4820],[0.01823,1.4987],[0.01896,1.5131],[0.01959,1.5300],[0.02028,1.5464],[0.02114,1.5603],[0.02205,1.5740],[0.02281,1.5906],[0.02376,1.6047],[0.02489,1.6166],[0.02613,1.6276],[0.02714,1.6423],[0.02833,1.6549],[0.02969,1.6656],[0.03131,1.6735],[0.03290,1.6822],[0.03423,1.6941],[0.03584,1.7029],[0.03766,1.7098],[0.03972,1.7144],[0.04209,1.7165],[0.04388,1.7253],[0.04577,1.7330],[0.04803,1.7375],[0.05045,1.7408],[0.05319,1.7414],[0.05655,1.7368],[0.05886,1.7422],[0.06131,1.7467],[0.06407,1.7487],[0.06690,1.7496],[0.07021,1.7471],[0.07381,1.7424],[0.07787,1.7342],[0.08096,1.7345],[0.08386,1.7360],[0.08722,1.7341],[0.09045,1.7332],[0.09412,1.7294],[0.09783,1.7251],[0.10178,1.7192],[0.10622,1.7101],],],
{"title":"Cl v Cd","sortData":false,"legend":{"show":false,"placement":"insideGrid","location":"ne"},"series":[{"showLabel":true,"index":0,"showLine":true,"trendline":{"type":"none","show":false},"color":"#4bb2c5"},{"showLabel":true,"index":0,"showLine":true,"trendline":{"type":"none","show":false},"color":"#EAA228"},{"showLabel":true,"index":0,"showLine":true,"trendline":{"type":"none","show":false},"color":"#839557"},{"showLabel":true,"index":0,"showLine":true,"trendline":{"type":"none","show":false},"color":"#953579"},{"showLabel":true,"index":0,"showLine":true,"trendline":{"type":"none","show":false},"color":"#d8b83f"}],"show":"$.jqplot.config.enablePlugins","axes":{"xaxis":{"max":0.14,"min":0,"tickInterval":0.02,"tickOptions":{"formatString":"%.2f"},"forceTickAt0":true,"rendererOptions":{"forceTickAt0":true}},"yaxis":{"max":2,"min":-1.5,"tickInterval":0.5,"tickOptions":{"formatString":"%.2f"},"forceTickAt0":true,"rendererOptions":{"forceTickAt0":true}}},"seriesDefaults":{"lineWidth":1,"showLabel":true,"markerOptions":{"size":5,"show":false}}});
jqplots.push(p);

var p = $.jqplot('liftaoa',[[[-12.000,-0.2531],[-11.750,-0.6557],[-11.500,-0.6924],[-11.250,-0.7318],[-11.000,-0.7690],[-10.750,-0.8021],[-10.500,-0.8299],[-10.250,-0.8520],[-10.000,-0.8687],[-9.750,-0.8585],[-9.500,-0.8532],[-9.250,-0.8510],[-9.000,-0.8493],[-8.750,-0.8341],[-8.500,-0.8226],[-8.250,-0.8087],[-8.000,-0.7947],[-7.750,-0.7791],[-7.500,-0.7636],[-7.250,-0.7478],[-7.000,-0.7321],[-6.750,-0.7165],[-6.500,-0.7002],[-6.250,-0.6845],[-6.000,-0.6537],[-5.750,-0.6248],[-5.500,-0.5923],[-5.250,-0.5624],[-5.000,-0.5297],[-4.750,-0.4929],[-4.500,-0.4644],[-4.250,-0.4016],[-4.000,-0.3776],[-3.750,-0.3132],[-3.500,-0.2894],[-3.250,-0.2577],[-3.000,-0.1550],[-2.750,-0.0975],[-2.500,-0.0190],[-2.250,0.0154],[-2.000,0.1121],[-1.750,0.1083],[-1.500,0.2076],[-1.250,0.1874],[-1.000,0.2555],[-0.750,0.2655],[-0.500,0.3102],[-0.250,0.3443],[0.000,0.3706],[0.250,0.4185],[0.500,0.3902],[0.750,0.4484],[1.000,0.3839],[1.250,0.4097],[1.500,0.3890],[1.750,0.3810],[2.000,0.4168],[2.250,0.3703],[2.500,0.4002],[2.750,0.3734],[3.000,0.3673],[3.250,0.3885],[3.500,0.3549],[3.750,0.4101],[4.000,0.3536],[4.250,0.3661],[4.500,0.3553],[4.750,0.3428],[5.000,0.2169],[5.250,0.2379],[5.500,0.2198],[5.750,0.2458],[6.000,0.2251],[6.250,0.3335],[6.500,0.3688],[6.750,0.3545],[7.000,0.3819],[7.250,0.3883],[7.500,0.4020],[7.750,0.4554],[8.000,0.4259],[8.250,0.4753],[8.500,0.4534],[8.750,0.4478],[9.000,0.4524],[9.250,0.4728],[9.500,0.5022],[9.750,0.4604],[10.000,0.4419],],[[-14.250,-0.7794],[-14.000,-0.8029],[-13.750,-0.8259],[-13.500,-0.8484],[-13.250,-0.8713],[-13.000,-0.8964],[-12.750,-0.9202],[-12.500,-0.9180],[-12.250,-0.9154],[-12.000,-0.9245],[-11.750,-0.9343],[-11.500,-0.9425],[-11.250,-0.9484],[-11.000,-0.9518],[-10.750,-0.9530],[-10.500,-0.9197],[-10.250,-0.8803],[-10.000,-0.8470],[-9.750,-0.8071],[-9.500,-0.7707],[-9.250,-0.7342],[-9.000,-0.6905],[-8.750,-0.6625],[-8.500,-0.6231],[-8.250,-0.5901],[-8.000,-0.5599],[-7.750,-0.5186],[-7.500,-0.4974],[-7.250,-0.4618],[-7.000,-0.4212],[-6.750,-0.4056],[-6.500,-0.3691],[-6.250,-0.3257],[-6.000,-0.3100],[-5.750,-0.2702],[-5.500,-0.2400],[-5.250,-0.2138],[-5.000,-0.1732],[-4.750,-0.1510],[-4.500,-0.1180],[-4.250,-0.0836],[-4.000,-0.0588],[-3.750,-0.0334],[-3.500,0.0080],[-3.250,0.0172],[-3.000,0.0548],[-2.750,0.0841],[-2.500,0.1070],[-2.250,0.1284],[-2.000,0.1709],[-1.750,0.1706],[-1.500,0.2119],[-1.250,0.2217],[-1.000,0.2508],[-0.750,0.2734],[-0.500,0.2938],[-0.250,0.3173],[0.000,0.3319],[0.250,0.3583],[0.500,0.3799],[0.750,0.4055],[1.000,0.4219],[1.250,0.4428],[1.500,0.4720],[1.750,0.4796],[2.000,0.5095],[2.250,0.5285],[2.500,0.5384],[2.750,0.5777],[3.000,0.5873],[3.250,0.6101],[3.500,0.6535],[3.750,0.6560],[4.000,0.6962],[4.250,0.7057],[4.500,0.7374],[4.750,0.7607],[5.000,0.7831],[5.250,0.8163],[5.500,0.8321],[5.750,0.8682],[6.000,0.8808],[6.250,0.9147],[6.500,0.9310],[6.750,0.9567],[7.000,0.9791],[7.250,0.9971],[7.500,1.0314],[7.750,1.0384],[8.000,1.0611],[8.250,1.0825],[8.500,1.0926],[8.750,1.1156],[9.000,1.1281],[9.250,1.1397],[9.500,1.1667],[9.750,1.1739],[10.000,1.1914],[10.250,1.2082],[10.500,1.2250],[10.750,1.2464],[11.000,1.2625],[11.250,1.2800],[11.500,1.3047],[11.750,1.3105],[12.000,1.3507],[12.250,1.3481],[12.500,1.3562],[12.750,1.4070],[13.000,1.3929],[13.250,1.3878],[13.500,1.4072],[13.750,1.4447],[14.000,1.4196],[14.250,1.3986],[14.500,1.3878],[14.750,1.4270],[15.000,1.4316],[15.250,1.3531],],[[-17.500,-0.7269],[-17.250,-0.7755],[-17.000,-0.8195],[-16.750,-0.8553],[-16.500,-0.8838],[-16.250,-0.9069],[-16.000,-0.9250],[-15.750,-0.9390],[-15.500,-0.9500],[-15.250,-0.9593],[-15.000,-0.9671],[-14.750,-0.9469],[-14.500,-0.9330],[-14.250,-0.9220],[-14.000,-0.9113],[-13.750,-0.9030],[-13.500,-0.8974],[-13.250,-0.8956],[-13.000,-0.8709],[-12.750,-0.8581],[-12.500,-0.8531],[-12.250,-0.8606],[-12.000,-0.8825],[-11.750,-0.8531],[-11.500,-0.8131],[-11.250,-0.7787],[-11.000,-0.7439],[-10.750,-0.7065],[-10.500,-0.6704],[-10.250,-0.6385],[-10.000,-0.6043],[-9.750,-0.5771],[-9.500,-0.5499],[-9.250,-0.5322],[-9.000,-0.5146],[-8.750,-0.5017],[-8.500,-0.4862],[-8.250,-0.4700],[-8.000,-0.4520],[-7.750,-0.4325],[-7.500,-0.4106],[-7.250,-0.3887],[-7.000,-0.3642],[-6.750,-0.3380],[-6.500,-0.3098],[-6.250,-0.2801],[-6.000,-0.2509],[-5.750,-0.2213],[-5.500,-0.1913],[-5.250,-0.1619],[-5.000,-0.1309],[-4.750,-0.1051],[-4.500,-0.0754],[-4.250,-0.0505],[-4.000,-0.0192],[-3.750,0.0044],[-3.500,0.0304],[-3.250,0.0624],[-3.000,0.0851],[-2.750,0.1104],[-2.500,0.1375],[-2.250,0.1671],[-2.000,0.1897],[-1.750,0.2132],[-1.500,0.2420],[-1.250,0.2735],[-1.000,0.2968],[-0.750,0.3213],[-0.500,0.3492],[-0.250,0.3858],[0.000,0.4128],[0.250,0.4368],[0.500,0.4591],[0.750,0.4860],[1.000,0.5206],[1.250,0.5534],[1.500,0.5775],[1.750,0.6023],[2.000,0.6280],[2.250,0.6573],[2.500,0.6878],[2.750,0.7280],[3.000,0.7512],[3.250,0.7747],[3.500,0.7997],[3.750,0.8261],[4.000,0.8548],[4.250,0.8850],[4.500,0.9214],[4.750,0.9453],[5.000,0.9677],[5.250,0.9890],[5.500,1.0146],[5.750,1.0397],[6.000,1.0675],[6.250,1.0975],[6.500,1.1167],[6.750,1.1342],[7.000,1.1521],[7.250,1.1705],[7.500,1.1885],[7.750,1.2061],[8.000,1.2193],[8.250,1.2266],[8.500,1.2369],[8.750,1.2481],[9.000,1.2603],[9.250,1.2765],[9.500,1.2848],[9.750,1.2943],[10.000,1.3036],[10.250,1.3156],[10.500,1.3280],[10.750,1.3401],[11.000,1.3475],[11.250,1.3577],[11.500,1.3683],[11.750,1.3807],[12.000,1.3928],[12.250,1.3996],[12.500,1.4087],[12.750,1.4220],[13.000,1.4339],[13.250,1.4391],[13.500,1.4476],[13.750,1.4609],[14.000,1.4743],[14.250,1.4764],[14.500,1.4830],[14.750,1.4932],[15.000,1.5062],[15.250,1.5158],[15.500,1.5154],[15.750,1.5175],[16.000,1.5239],[16.250,1.5325],[16.500,1.5511],[16.750,1.5496],[17.000,1.5443],[17.250,1.5433],[17.500,1.5470],[17.750,1.5568],[18.000,1.5746],[18.250,1.5964],[18.500,1.5773],[18.750,1.5580],[19.000,1.5391],],[[-19.750,-1.0472],[-19.500,-1.0474],[-19.250,-1.0477],[-19.000,-1.0477],[-18.750,-1.0467],[-18.500,-1.0456],[-18.250,-1.0439],[-18.000,-1.0413],[-17.750,-1.0384],[-17.500,-1.0347],[-17.250,-1.0302],[-17.000,-1.0253],[-16.750,-1.0194],[-16.500,-1.0131],[-16.250,-1.0049],[-16.000,-0.9965],[-15.750,-0.9876],[-15.500,-0.9780],[-15.250,-0.9685],[-15.000,-0.9582],[-14.750,-0.9476],[-14.500,-0.9366],[-14.250,-0.9248],[-14.000,-0.9149],[-13.750,-0.9059],[-13.500,-0.8953],[-13.250,-0.8838],[-13.000,-0.8719],[-12.750,-0.8609],[-12.500,-0.8529],[-12.250,-0.8317],[-12.000,-0.8055],[-11.750,-0.7787],[-11.500,-0.7548],[-11.250,-0.7417],[-11.000,-0.7269],[-10.750,-0.7113],[-10.500,-0.6961],[-10.250,-0.6805],[-10.000,-0.6625],[-9.750,-0.6481],[-9.500,-0.6314],[-9.250,-0.6127],[-9.000,-0.5911],[-8.750,-0.5683],[-8.500,-0.5441],[-8.250,-0.5186],[-8.000,-0.4923],[-7.750,-0.4647],[-7.500,-0.4363],[-7.250,-0.4079],[-7.000,-0.3784],[-6.750,-0.3484],[-6.500,-0.3178],[-6.250,-0.2862],[-6.000,-0.2534],[-5.750,-0.2196],[-5.500,-0.1842],[-5.250,-0.1477],[-5.000,-0.1125],[-4.750,-0.0789],[-4.500,-0.0463],[-4.250,-0.0138],[-4.000,0.0179],[-3.750,0.0500],[-3.500,0.0809],[-3.250,0.1135],[-3.000,0.1436],[-2.750,0.1746],[-2.500,0.2073],[-2.250,0.2369],[-2.000,0.2668],[-1.750,0.2976],[-1.500,0.3293],[-1.250,0.3592],[-1.000,0.3880],[-0.750,0.4176],[-0.500,0.4488],[-0.250,0.4802],[0.000,0.5117],[0.250,0.5423],[0.500,0.5710],[0.750,0.5999],[1.000,0.6296],[1.250,0.6595],[1.500,0.6903],[1.750,0.7206],[2.000,0.7520],[2.250,0.7819],[2.500,0.8107],[2.750,0.8392],[3.000,0.8677],[3.250,0.8965],[3.500,0.9248],[3.750,0.9541],[4.000,0.9824],[4.250,1.0119],[4.500,1.0399],[4.750,1.0677],[5.000,1.0936],[5.250,1.1197],[5.500,1.1453],[5.750,1.1701],[6.000,1.1959],[6.250,1.2202],[6.500,1.2434],[6.750,1.2662],[7.000,1.2876],[7.250,1.3065],[7.500,1.3227],[7.750,1.3373],[8.000,1.3484],[8.250,1.3608],[8.500,1.3768],[8.750,1.3909],[9.000,1.4057],[9.250,1.4172],[9.500,1.4312],[9.750,1.4411],[10.000,1.4547],[10.250,1.4673],[10.500,1.4763],[10.750,1.4882],[11.000,1.5010],[11.250,1.5095],[11.500,1.5140],[11.750,1.5247],[12.000,1.5350],[12.250,1.5425],[12.500,1.5466],[12.750,1.5515],[13.000,1.5606],[13.250,1.5676],[13.500,1.5718],[13.750,1.5734],[14.000,1.5751],[14.250,1.5827],[14.500,1.5890],[14.750,1.5922],[15.000,1.5937],[15.250,1.5919],[15.500,1.5956],[15.750,1.6000],[16.000,1.6043],[16.250,1.6056],[16.500,1.6068],[16.750,1.6059],[17.000,1.6077],],[[-19.750,-1.1342],[-19.500,-1.1377],[-19.250,-1.1404],[-19.000,-1.1421],[-18.750,-1.1425],[-18.500,-1.1416],[-18.250,-1.1399],[-18.000,-1.1373],[-17.750,-1.1332],[-17.500,-1.1277],[-17.250,-1.1216],[-17.000,-1.1136],[-16.750,-1.1136],[-16.500,-1.1122],[-16.250,-1.1067],[-16.000,-1.0991],[-15.750,-1.0893],[-15.500,-1.0787],[-15.250,-1.0667],[-15.000,-1.0548],[-14.750,-1.0417],[-14.500,-1.0287],[-14.250,-1.0144],[-14.000,-1.0028],[-13.750,-0.9946],[-13.500,-0.9828],[-13.250,-0.9643],[-13.000,-0.9373],[-12.750,-0.9164],[-12.500,-0.9008],[-12.250,-0.8845],[-12.000,-0.8709],[-11.750,-0.8540],[-11.500,-0.8355],[-11.250,-0.8161],[-11.000,-0.7961],[-10.750,-0.7798],[-10.500,-0.7629],[-10.250,-0.7409],[-10.000,-0.7179],[-9.750,-0.6937],[-9.500,-0.6683],[-9.250,-0.6418],[-9.000,-0.6146],[-8.750,-0.5868],[-8.500,-0.5577],[-8.250,-0.5285],[-8.000,-0.4993],[-7.750,-0.4693],[-7.500,-0.4391],[-7.250,-0.4088],[-7.000,-0.3777],[-6.750,-0.3464],[-6.500,-0.3148],[-6.250,-0.2826],[-6.000,-0.2501],[-5.750,-0.2172],[-5.500,-0.1833],[-5.250,-0.1489],[-5.000,-0.1139],[-4.750,-0.0779],[-4.500,-0.0406],[-4.250,-0.0048],[-4.000,0.0295],[-3.750,0.0623],[-3.500,0.0949],[-3.250,0.1271],[-3.000,0.1591],[-2.750,0.1913],[-2.500,0.2231],[-2.250,0.2545],[-2.000,0.2864],[-1.750,0.3181],[-1.500,0.3492],[-1.250,0.3808],[-1.000,0.4120],[-0.750,0.4434],[-0.500,0.4747],[-0.250,0.5053],[0.000,0.5364],[0.250,0.5672],[0.500,0.5980],[0.750,0.6289],[1.000,0.6595],[1.250,0.6902],[1.500,0.7201],[1.750,0.7506],[2.000,0.7805],[2.250,0.8108],[2.500,0.8406],[2.750,0.8707],[3.000,0.9003],[3.250,0.9300],[3.500,0.9592],[3.750,0.9883],[4.000,1.0170],[4.250,1.0457],[4.500,1.0738],[4.750,1.1022],[5.000,1.1296],[5.250,1.1565],[5.500,1.1834],[5.750,1.2096],[6.000,1.2351],[6.250,1.2596],[6.500,1.2839],[6.750,1.3081],[7.000,1.3313],[7.250,1.3533],[7.500,1.3760],[7.750,1.3968],[8.000,1.4168],[8.250,1.4360],[8.500,1.4531],[8.750,1.4645],[9.000,1.4820],[9.250,1.4987],[9.500,1.5131],[9.750,1.5300],[10.000,1.5464],[10.250,1.5603],[10.500,1.5740],[10.750,1.5906],[11.000,1.6047],[11.250,1.6166],[11.500,1.6276],[11.750,1.6423],[12.000,1.6549],[12.250,1.6656],[12.500,1.6735],[12.750,1.6822],[13.000,1.6941],[13.250,1.7029],[13.500,1.7098],[13.750,1.7144],[14.000,1.7165],[14.250,1.7253],[14.500,1.7330],[14.750,1.7375],[15.000,1.7408],[15.250,1.7414],[15.500,1.7368],[15.750,1.7422],[16.000,1.7467],[16.250,1.7487],[16.500,1.7496],[16.750,1.7471],[17.000,1.7424],[17.250,1.7342],[17.500,1.7345],[17.750,1.7360],[18.000,1.7341],[18.250,1.7332],[18.500,1.7294],[18.750,1.7251],[19.000,1.7192],[19.250,1.7101],],],
{"title":"Cl v Alpha","sortData":false,"legend":{"show":false,"placement":"insideGrid","location":"ne"},"series":[{"showLabel":true,"index":0,"showLine":true,"trendline":{"type":"none","show":false},"color":"#4bb2c5"},{"showLabel":true,"index":0,"showLine":true,"trendline":{"type":"none","show":false},"color":"#EAA228"},{"showLabel":true,"index":0,"showLine":true,"trendline":{"type":"none","show":false},"color":"#839557"},{"showLabel":true,"index":0,"showLine":true,"trendline":{"type":"none","show":false},"color":"#953579"},{"showLabel":true,"index":0,"showLine":true,"trendline":{"type":"none","show":false},"color":"#d8b83f"}],"show":"$.jqplot.config.enablePlugins","axes":{"xaxis":{"max":20,"min":-20,"tickInterval":5,"tickOptions":{"formatString":"%.1f"},"forceTickAt0":true,"rendererOptions":{"forceTickAt0":true}},"yaxis":{"max":2,"min":-1.5,"tickInterval":0.5,"tickOptions":{"formatString":"%.2f"},"forceTickAt0":true,"rendererOptions":{"forceTickAt0":true}}},"seriesDefaults":{"lineWidth":1,"showLabel":true,"markerOptions":{"size":5,"show":false}}});
jqplots.push(p);

var p = $.jqplot('momentaoa',[[[-12.000,-0.0269],[-11.750,-0.0631],[-11.500,-0.0594],[-11.250,-0.0542],[-11.000,-0.0493],[-10.750,-0.0447],[-10.500,-0.0407],[-10.250,-0.0372],[-10.000,-0.0343],[-9.750,-0.0326],[-9.500,-0.0308],[-9.250,-0.0291],[-9.000,-0.0278],[-8.750,-0.0265],[-8.500,-0.0255],[-8.250,-0.0244],[-8.000,-0.0236],[-7.750,-0.0224],[-7.500,-0.0214],[-7.250,-0.0205],[-7.000,-0.0193],[-6.750,-0.0182],[-6.500,-0.0174],[-6.250,-0.0163],[-6.000,-0.0165],[-5.750,-0.0138],[-5.500,-0.0100],[-5.250,-0.0061],[-5.000,-0.0021],[-4.750,-0.0005],[-4.500,0.0030],[-4.250,0.0023],[-4.000,0.0045],[-3.750,0.0008],[-3.500,0.0019],[-3.250,0.0008],[-3.000,-0.0099],[-2.750,-0.0151],[-2.500,-0.0240],[-2.250,-0.0266],[-2.000,-0.0391],[-1.750,-0.0363],[-1.500,-0.0497],[-1.250,-0.0446],[-1.000,-0.0532],[-0.750,-0.0530],[-0.500,-0.0579],[-0.250,-0.0614],[0.000,-0.0637],[0.250,-0.0687],[0.500,-0.0626],[0.750,-0.0674],[1.000,-0.0570],[1.250,-0.0576],[1.500,-0.0528],[1.750,-0.0496],[2.000,-0.0510],[2.250,-0.0438],[2.500,-0.0444],[2.750,-0.0395],[3.000,-0.0367],[3.250,-0.0361],[3.500,-0.0310],[3.750,-0.0331],[4.000,-0.0264],[4.250,-0.0249],[4.500,-0.0218],[4.750,-0.0187],[5.000,-0.0146],[5.250,-0.0141],[5.500,-0.0112],[5.750,-0.0114],[6.000,-0.0089],[6.250,-0.0065],[6.500,-0.0070],[6.750,-0.0069],[7.000,-0.0078],[7.250,-0.0088],[7.500,-0.0099],[7.750,-0.0110],[8.000,-0.0127],[8.250,-0.0137],[8.500,-0.0159],[8.750,-0.0181],[9.000,-0.0208],[9.250,-0.0240],[9.500,-0.0249],[9.750,-0.0325],[10.000,-0.0335],],[[-14.250,-0.0747],[-14.000,-0.0748],[-13.750,-0.0740],[-13.500,-0.0723],[-13.250,-0.0693],[-13.000,-0.0647],[-12.750,-0.0600],[-12.500,-0.0573],[-12.250,-0.0544],[-12.000,-0.0504],[-11.750,-0.0464],[-11.500,-0.0428],[-11.250,-0.0395],[-11.000,-0.0366],[-10.750,-0.0340],[-10.500,-0.0357],[-10.250,-0.0390],[-10.000,-0.0412],[-9.750,-0.0442],[-9.500,-0.0463],[-9.250,-0.0487],[-9.000,-0.0521],[-8.750,-0.0528],[-8.500,-0.0556],[-8.250,-0.0574],[-8.000,-0.0588],[-7.750,-0.0622],[-7.500,-0.0622],[-7.250,-0.0650],[-7.000,-0.0686],[-6.750,-0.0673],[-6.500,-0.0682],[-6.250,-0.0690],[-6.000,-0.0656],[-5.750,-0.0653],[-5.500,-0.0635],[-5.250,-0.0617],[-5.000,-0.0598],[-4.750,-0.0576],[-4.500,-0.0550],[-4.250,-0.0546],[-4.000,-0.0516],[-3.750,-0.0505],[-3.500,-0.0497],[-3.250,-0.0474],[-3.000,-0.0464],[-2.750,-0.0458],[-2.500,-0.0438],[-2.250,-0.0426],[-2.000,-0.0432],[-1.750,-0.0400],[-1.500,-0.0406],[-1.250,-0.0386],[-1.000,-0.0381],[-0.750,-0.0373],[-0.500,-0.0362],[-0.250,-0.0354],[0.000,-0.0339],[0.250,-0.0334],[0.500,-0.0324],[0.750,-0.0320],[1.000,-0.0305],[1.250,-0.0295],[1.500,-0.0298],[1.750,-0.0272],[2.000,-0.0275],[2.250,-0.0266],[2.500,-0.0244],[2.750,-0.0257],[3.000,-0.0236],[3.250,-0.0232],[3.500,-0.0251],[3.750,-0.0220],[4.000,-0.0236],[4.250,-0.0215],[4.500,-0.0222],[4.750,-0.0217],[5.000,-0.0211],[5.250,-0.0220],[5.500,-0.0209],[5.750,-0.0219],[6.000,-0.0201],[6.250,-0.0211],[6.500,-0.0200],[6.750,-0.0197],[7.000,-0.0192],[7.250,-0.0183],[7.500,-0.0194],[7.750,-0.0169],[8.000,-0.0165],[8.250,-0.0160],[8.500,-0.0141],[8.750,-0.0140],[9.000,-0.0126],[9.250,-0.0113],[9.500,-0.0120],[9.750,-0.0108],[10.000,-0.0106],[10.250,-0.0107],[10.500,-0.0110],[10.750,-0.0117],[11.000,-0.0120],[11.250,-0.0125],[11.500,-0.0136],[11.750,-0.0134],[12.000,-0.0154],[12.250,-0.0148],[12.500,-0.0150],[12.750,-0.0175],[13.000,-0.0165],[13.250,-0.0163],[13.500,-0.0172],[13.750,-0.0186],[14.000,-0.0180],[14.250,-0.0181],[14.500,-0.0187],[14.750,-0.0196],[15.000,-0.0203],[15.250,-0.0220],],[[-17.500,-0.0511],[-17.250,-0.0587],[-17.000,-0.0649],[-16.750,-0.0691],[-16.500,-0.0719],[-16.250,-0.0737],[-16.000,-0.0746],[-15.750,-0.0751],[-15.500,-0.0751],[-15.250,-0.0748],[-15.000,-0.0742],[-14.750,-0.0739],[-14.500,-0.0735],[-14.250,-0.0730],[-14.000,-0.0724],[-13.750,-0.0715],[-13.500,-0.0704],[-13.250,-0.0687],[-13.000,-0.0682],[-12.750,-0.0668],[-12.500,-0.0643],[-12.250,-0.0599],[-12.000,-0.0534],[-11.750,-0.0555],[-11.500,-0.0579],[-11.250,-0.0604],[-11.000,-0.0628],[-10.750,-0.0657],[-10.500,-0.0683],[-10.250,-0.0703],[-10.000,-0.0728],[-9.750,-0.0740],[-9.500,-0.0752],[-9.250,-0.0747],[-9.000,-0.0740],[-8.750,-0.0724],[-8.500,-0.0714],[-8.250,-0.0705],[-8.000,-0.0700],[-7.750,-0.0698],[-7.500,-0.0699],[-7.250,-0.0702],[-7.000,-0.0708],[-6.750,-0.0718],[-6.500,-0.0730],[-6.250,-0.0740],[-6.000,-0.0743],[-5.750,-0.0743],[-5.500,-0.0741],[-5.250,-0.0741],[-5.000,-0.0743],[-4.750,-0.0726],[-4.500,-0.0726],[-4.250,-0.0706],[-4.000,-0.0711],[-3.750,-0.0690],[-3.500,-0.0674],[-3.250,-0.0683],[-3.000,-0.0660],[-2.750,-0.0643],[-2.500,-0.0635],[-2.250,-0.0639],[-2.000,-0.0613],[-1.750,-0.0592],[-1.500,-0.0594],[-1.250,-0.0605],[-1.000,-0.0587],[-0.750,-0.0574],[-0.500,-0.0571],[-0.250,-0.0602],[0.000,-0.0600],[0.250,-0.0583],[0.500,-0.0567],[0.750,-0.0563],[1.000,-0.0584],[1.250,-0.0603],[1.500,-0.0590],[1.750,-0.0583],[2.000,-0.0577],[2.250,-0.0581],[2.500,-0.0592],[2.750,-0.0627],[3.000,-0.0618],[3.250,-0.0607],[3.500,-0.0602],[3.750,-0.0601],[4.000,-0.0605],[4.250,-0.0615],[4.500,-0.0640],[4.750,-0.0635],[5.000,-0.0624],[5.250,-0.0612],[5.500,-0.0611],[5.750,-0.0610],[6.000,-0.0616],[6.250,-0.0630],[6.500,-0.0616],[6.750,-0.0599],[7.000,-0.0585],[7.250,-0.0574],[7.500,-0.0564],[7.750,-0.0555],[8.000,-0.0540],[8.250,-0.0511],[8.500,-0.0490],[8.750,-0.0475],[9.000,-0.0465],[9.250,-0.0464],[9.500,-0.0447],[9.750,-0.0433],[10.000,-0.0420],[10.250,-0.0414],[10.500,-0.0410],[10.750,-0.0406],[11.000,-0.0392],[11.250,-0.0382],[11.500,-0.0377],[11.750,-0.0377],[12.000,-0.0369],[12.250,-0.0361],[12.500,-0.0356],[12.750,-0.0353],[13.000,-0.0351],[13.250,-0.0342],[13.500,-0.0337],[13.750,-0.0336],[14.000,-0.0330],[14.250,-0.0326],[14.500,-0.0325],[14.750,-0.0326],[15.000,-0.0317],[15.250,-0.0313],[15.500,-0.0313],[15.750,-0.0310],[16.000,-0.0311],[16.250,-0.0306],[16.500,-0.0297],[16.750,-0.0302],[17.000,-0.0317],[17.250,-0.0332],[17.500,-0.0345],[17.750,-0.0355],[18.000,-0.0362],[18.250,-0.0362],[18.500,-0.0387],[18.750,-0.0415],[19.000,-0.0446],],[[-19.750,-0.0530],[-19.500,-0.0546],[-19.250,-0.0562],[-19.000,-0.0577],[-18.750,-0.0591],[-18.500,-0.0603],[-18.250,-0.0615],[-18.000,-0.0625],[-17.750,-0.0635],[-17.500,-0.0643],[-17.250,-0.0651],[-17.000,-0.0658],[-16.750,-0.0664],[-16.500,-0.0669],[-16.250,-0.0665],[-16.000,-0.0666],[-15.750,-0.0667],[-15.500,-0.0668],[-15.250,-0.0668],[-15.000,-0.0668],[-14.750,-0.0667],[-14.500,-0.0666],[-14.250,-0.0664],[-14.000,-0.0660],[-13.750,-0.0655],[-13.500,-0.0650],[-13.250,-0.0645],[-13.000,-0.0639],[-12.750,-0.0630],[-12.500,-0.0615],[-12.250,-0.0630],[-12.000,-0.0651],[-11.750,-0.0668],[-11.500,-0.0676],[-11.250,-0.0668],[-11.000,-0.0658],[-10.750,-0.0647],[-10.500,-0.0638],[-10.250,-0.0629],[-10.000,-0.0622],[-9.750,-0.0611],[-9.500,-0.0600],[-9.250,-0.0596],[-9.000,-0.0596],[-8.750,-0.0597],[-8.500,-0.0600],[-8.250,-0.0606],[-8.000,-0.0613],[-7.750,-0.0621],[-7.500,-0.0629],[-7.250,-0.0638],[-7.000,-0.0647],[-6.750,-0.0658],[-6.500,-0.0670],[-6.250,-0.0685],[-6.000,-0.0703],[-5.750,-0.0722],[-5.500,-0.0745],[-5.250,-0.0769],[-5.000,-0.0788],[-4.750,-0.0800],[-4.500,-0.0808],[-4.250,-0.0817],[-4.000,-0.0823],[-3.750,-0.0830],[-3.500,-0.0834],[-3.250,-0.0842],[-3.000,-0.0844],[-2.750,-0.0849],[-2.500,-0.0857],[-2.250,-0.0859],[-2.000,-0.0860],[-1.750,-0.0864],[-1.500,-0.0871],[-1.250,-0.0873],[-1.000,-0.0872],[-0.750,-0.0874],[-0.500,-0.0880],[-0.250,-0.0887],[0.000,-0.0894],[0.250,-0.0899],[0.500,-0.0899],[0.750,-0.0900],[1.000,-0.0903],[1.250,-0.0907],[1.500,-0.0913],[1.750,-0.0918],[2.000,-0.0926],[2.250,-0.0931],[2.500,-0.0933],[2.750,-0.0934],[3.000,-0.0935],[3.250,-0.0937],[3.500,-0.0939],[3.750,-0.0942],[4.000,-0.0945],[4.250,-0.0949],[4.500,-0.0951],[4.750,-0.0952],[5.000,-0.0950],[5.250,-0.0948],[5.500,-0.0945],[5.750,-0.0941],[6.000,-0.0939],[6.250,-0.0935],[6.500,-0.0930],[6.750,-0.0924],[7.000,-0.0916],[7.250,-0.0903],[7.500,-0.0885],[7.750,-0.0865],[8.000,-0.0839],[8.250,-0.0818],[8.500,-0.0804],[8.750,-0.0789],[9.000,-0.0776],[9.250,-0.0759],[9.500,-0.0746],[9.750,-0.0731],[10.000,-0.0720],[10.250,-0.0710],[10.500,-0.0698],[10.750,-0.0690],[11.000,-0.0682],[11.250,-0.0671],[11.500,-0.0659],[11.750,-0.0651],[12.000,-0.0644],[12.250,-0.0638],[12.500,-0.0630],[12.750,-0.0624],[13.000,-0.0619],[13.250,-0.0613],[13.500,-0.0609],[13.750,-0.0604],[14.000,-0.0600],[14.250,-0.0599],[14.500,-0.0598],[14.750,-0.0596],[15.000,-0.0595],[15.250,-0.0593],[15.500,-0.0593],[15.750,-0.0595],[16.000,-0.0598],[16.250,-0.0599],[16.500,-0.0601],[16.750,-0.0602],[17.000,-0.0603],],[[-19.750,-0.0506],[-19.500,-0.0523],[-19.250,-0.0539],[-19.000,-0.0553],[-18.750,-0.0566],[-18.500,-0.0577],[-18.250,-0.0588],[-18.000,-0.0597],[-17.750,-0.0605],[-17.500,-0.0611],[-17.250,-0.0617],[-17.000,-0.0622],[-16.750,-0.0626],[-16.500,-0.0629],[-16.250,-0.0630],[-16.000,-0.0632],[-15.750,-0.0632],[-15.500,-0.0632],[-15.250,-0.0631],[-15.000,-0.0630],[-14.750,-0.0627],[-14.500,-0.0625],[-14.250,-0.0622],[-14.000,-0.0617],[-13.750,-0.0610],[-13.500,-0.0604],[-13.250,-0.0609],[-13.000,-0.0626],[-12.750,-0.0629],[-12.500,-0.0619],[-12.250,-0.0611],[-12.000,-0.0602],[-11.750,-0.0596],[-11.500,-0.0590],[-11.250,-0.0586],[-11.000,-0.0581],[-10.750,-0.0573],[-10.500,-0.0564],[-10.250,-0.0562],[-10.000,-0.0563],[-9.750,-0.0566],[-9.500,-0.0570],[-9.250,-0.0576],[-9.000,-0.0583],[-8.750,-0.0590],[-8.500,-0.0600],[-8.250,-0.0608],[-8.000,-0.0617],[-7.750,-0.0626],[-7.500,-0.0635],[-7.250,-0.0644],[-7.000,-0.0655],[-6.750,-0.0666],[-6.500,-0.0678],[-6.250,-0.0690],[-6.000,-0.0703],[-5.750,-0.0717],[-5.500,-0.0734],[-5.250,-0.0752],[-5.000,-0.0772],[-4.750,-0.0793],[-4.500,-0.0818],[-4.250,-0.0837],[-4.000,-0.0851],[-3.750,-0.0860],[-3.500,-0.0869],[-3.250,-0.0877],[-3.000,-0.0885],[-2.750,-0.0892],[-2.500,-0.0900],[-2.250,-0.0906],[-2.000,-0.0913],[-1.750,-0.0920],[-1.500,-0.0925],[-1.250,-0.0932],[-1.000,-0.0938],[-0.750,-0.0944],[-0.500,-0.0950],[-0.250,-0.0954],[0.000,-0.0960],[0.250,-0.0965],[0.500,-0.0971],[0.750,-0.0976],[1.000,-0.0982],[1.250,-0.0987],[1.500,-0.0991],[1.750,-0.0996],[2.000,-0.0999],[2.250,-0.1004],[2.500,-0.1008],[2.750,-0.1013],[3.000,-0.1016],[3.250,-0.1020],[3.500,-0.1024],[3.750,-0.1027],[4.000,-0.1029],[4.250,-0.1031],[4.500,-0.1032],[4.750,-0.1034],[5.000,-0.1035],[5.250,-0.1034],[5.500,-0.1034],[5.750,-0.1033],[6.000,-0.1030],[6.250,-0.1026],[6.500,-0.1022],[6.750,-0.1017],[7.000,-0.1011],[7.250,-0.1003],[7.500,-0.0996],[7.750,-0.0985],[8.000,-0.0974],[8.250,-0.0961],[8.500,-0.0945],[8.750,-0.0919],[9.000,-0.0904],[9.250,-0.0889],[9.500,-0.0873],[9.750,-0.0860],[10.000,-0.0848],[10.250,-0.0834],[10.500,-0.0821],[10.750,-0.0812],[11.000,-0.0801],[11.250,-0.0789],[11.500,-0.0777],[11.750,-0.0769],[12.000,-0.0760],[12.250,-0.0750],[12.500,-0.0740],[12.750,-0.0731],[13.000,-0.0724],[13.250,-0.0716],[13.500,-0.0707],[13.750,-0.0699],[14.000,-0.0691],[14.250,-0.0686],[14.500,-0.0682],[14.750,-0.0677],[15.000,-0.0673],[15.250,-0.0669],[15.500,-0.0665],[15.750,-0.0664],[16.000,-0.0663],[16.250,-0.0662],[16.500,-0.0661],[16.750,-0.0662],[17.000,-0.0663],[17.250,-0.0665],[17.500,-0.0668],[17.750,-0.0671],[18.000,-0.0675],[18.250,-0.0679],[18.500,-0.0685],[18.750,-0.0692],[19.000,-0.0700],[19.250,-0.0710],],],
{"title":"Cm v Alpha","sortData":false,"legend":{"show":false,"placement":"insideGrid","location":"ne"},"series":[{"showLabel":true,"index":0,"showLine":true,"trendline":{"type":"none","show":false},"color":"#4bb2c5"},{"showLabel":true,"index":0,"showLine":true,"trendline":{"type":"none","show":false},"color":"#EAA228"},{"showLabel":true,"index":0,"showLine":true,"trendline":{"type":"none","show":false},"color":"#839557"},{"showLabel":true,"index":0,"showLine":true,"trendline":{"type":"none","show":false},"color":"#953579"},{"showLabel":true,"index":0,"showLine":true,"trendline":{"type":"none","show":false},"color":"#d8b83f"}],"show":"$.jqplot.config.enablePlugins","axes":{"xaxis":{"max":20,"min":-20,"tickInterval":5,"tickOptions":{"formatString":"%.1f"},"forceTickAt0":true,"rendererOptions":{"forceTickAt0":true}},"yaxis":{"max":0.02,"min":-0.12,"tickInterval":0.02,"tickOptions":{"formatString":"%.2f"},"forceTickAt0":true,"rendererOptions":{"forceTickAt0":true}}},"seriesDefaults":{"lineWidth":1,"showLabel":true,"markerOptions":{"size":5,"show":false}}});
jqplots.push(p);

var p = $.jqplot('dragaoa',[[[-12.000,0.13330],[-11.750,0.07524],[-11.500,0.07214],[-11.250,0.07004],[-11.000,0.06775],[-10.750,0.06534],[-10.500,0.06275],[-10.250,0.06003],[-10.000,0.05723],[-9.750,0.05536],[-9.500,0.05355],[-9.250,0.05135],[-9.000,0.04895],[-8.750,0.04757],[-8.500,0.04593],[-8.250,0.04442],[-8.000,0.04309],[-7.750,0.04200],[-7.500,0.04086],[-7.250,0.03984],[-7.000,0.03895],[-6.750,0.03816],[-6.500,0.03727],[-6.250,0.03652],[-6.000,0.03651],[-5.750,0.03853],[-5.500,0.04242],[-5.250,0.04612],[-5.000,0.05009],[-4.750,0.05315],[-4.500,0.05591],[-4.250,0.05936],[-4.000,0.06064],[-3.750,0.06230],[-3.500,0.06285],[-3.250,0.06314],[-3.000,0.06381],[-2.750,0.06376],[-2.500,0.06332],[-2.250,0.06296],[-2.000,0.06166],[-1.750,0.06196],[-1.500,0.06030],[-1.250,0.06128],[-1.000,0.06034],[-0.750,0.06091],[-0.500,0.06060],[-0.250,0.06085],[0.000,0.06121],[0.250,0.06108],[0.500,0.06290],[0.750,0.06185],[1.000,0.06501],[1.250,0.06506],[1.500,0.06679],[1.750,0.06801],[2.000,0.06792],[2.250,0.07039],[2.500,0.07043],[2.750,0.07237],[3.000,0.07351],[3.250,0.07395],[3.500,0.07599],[3.750,0.07522],[4.000,0.07805],[4.250,0.07851],[4.500,0.07988],[4.750,0.08116],[5.000,0.09076],[5.250,0.09187],[5.500,0.09283],[5.750,0.09436],[6.000,0.09527],[6.250,0.08798],[6.500,0.08841],[6.750,0.09153],[7.000,0.09277],[7.250,0.09540],[7.500,0.09771],[7.750,0.09753],[8.000,0.10318],[8.250,0.10331],[8.500,0.10903],[8.750,0.11368],[9.000,0.11849],[9.250,0.12343],[9.500,0.12477],[9.750,0.13746],[10.000,0.13893],],[[-14.250,0.07150],[-14.000,0.06698],[-13.750,0.06304],[-13.500,0.05970],[-13.250,0.05706],[-13.000,0.05519],[-12.750,0.05354],[-12.500,0.05187],[-12.250,0.05090],[-12.000,0.04994],[-11.750,0.04886],[-11.500,0.04762],[-11.250,0.04624],[-11.000,0.04476],[-10.750,0.04328],[-10.500,0.04173],[-10.250,0.04022],[-10.000,0.03859],[-9.750,0.03743],[-9.500,0.03608],[-9.250,0.03502],[-9.000,0.03385],[-8.750,0.03287],[-8.500,0.03178],[-8.250,0.03081],[-8.000,0.02983],[-7.750,0.02857],[-7.500,0.02775],[-7.250,0.02654],[-7.000,0.02523],[-6.750,0.02472],[-6.500,0.02454],[-6.250,0.02519],[-6.000,0.02635],[-5.750,0.02750],[-5.500,0.02881],[-5.250,0.02986],[-5.000,0.03159],[-4.750,0.03256],[-4.500,0.03399],[-4.250,0.03434],[-4.000,0.03559],[-3.750,0.03579],[-3.500,0.03630],[-3.250,0.03656],[-3.000,0.03698],[-2.750,0.03677],[-2.500,0.03745],[-2.250,0.03717],[-2.000,0.03689],[-1.750,0.03720],[-1.500,0.03680],[-1.250,0.03662],[-1.000,0.03661],[-0.750,0.03615],[-0.500,0.03594],[-0.250,0.03579],[0.000,0.03534],[0.250,0.03521],[0.500,0.03492],[0.750,0.03428],[1.000,0.03445],[1.250,0.03407],[1.500,0.03339],[1.750,0.03374],[2.000,0.03316],[2.250,0.03297],[2.500,0.03308],[2.750,0.03225],[3.000,0.03250],[3.250,0.03221],[3.500,0.03124],[3.750,0.03163],[4.000,0.03076],[4.250,0.03109],[4.500,0.03058],[4.750,0.03041],[5.000,0.03022],[5.250,0.02983],[5.500,0.02998],[5.750,0.02939],[6.000,0.02953],[6.250,0.02915],[6.500,0.02929],[6.750,0.02907],[7.000,0.02895],[7.250,0.02914],[7.500,0.02885],[7.750,0.02917],[8.000,0.02924],[8.250,0.02931],[8.500,0.02977],[8.750,0.03001],[9.000,0.03042],[9.250,0.03113],[9.500,0.03150],[9.750,0.03249],[10.000,0.03318],[10.250,0.03420],[10.500,0.03547],[10.750,0.03650],[11.000,0.03798],[11.250,0.03929],[11.500,0.04053],[11.750,0.04252],[12.000,0.04303],[12.250,0.04559],[12.500,0.04765],[12.750,0.04775],[13.000,0.05103],[13.250,0.05408],[13.500,0.05563],[13.750,0.05645],[14.000,0.06097],[14.250,0.06567],[14.500,0.06980],[14.750,0.06976],[15.000,0.07305],[15.250,0.08399],],[[-17.500,0.11013],[-17.250,0.09748],[-17.000,0.08694],[-16.750,0.07871],[-16.500,0.07217],[-16.250,0.06683],[-16.000,0.06234],[-15.750,0.05846],[-15.500,0.05505],[-15.250,0.05200],[-15.000,0.04930],[-14.750,0.04762],[-14.500,0.04613],[-14.250,0.04464],[-14.000,0.04319],[-13.750,0.04168],[-13.500,0.04015],[-13.250,0.03871],[-13.000,0.03771],[-12.750,0.03687],[-12.500,0.03612],[-12.250,0.03570],[-12.000,0.03567],[-11.750,0.03439],[-11.500,0.03335],[-11.250,0.03227],[-11.000,0.03113],[-10.750,0.03008],[-10.500,0.02898],[-10.250,0.02794],[-10.000,0.02680],[-9.750,0.02588],[-9.500,0.02477],[-9.250,0.02385],[-9.000,0.02296],[-8.750,0.02222],[-8.500,0.02144],[-8.250,0.02065],[-8.000,0.01990],[-7.750,0.01916],[-7.500,0.01839],[-7.250,0.01766],[-7.000,0.01685],[-6.750,0.01607],[-6.500,0.01534],[-6.250,0.01475],[-6.000,0.01460],[-5.750,0.01470],[-5.500,0.01489],[-5.250,0.01516],[-5.000,0.01537],[-4.750,0.01590],[-4.500,0.01619],[-4.250,0.01680],[-4.000,0.01704],[-3.750,0.01761],[-3.500,0.01808],[-3.250,0.01820],[-3.000,0.01875],[-2.750,0.01918],[-2.500,0.01953],[-2.250,0.01960],[-2.000,0.02014],[-1.750,0.02064],[-1.500,0.02071],[-1.250,0.02055],[-1.000,0.02082],[-0.750,0.02097],[-0.500,0.02099],[-0.250,0.02072],[0.000,0.02063],[0.250,0.02078],[0.500,0.02094],[0.750,0.02098],[1.000,0.02086],[1.250,0.02067],[1.500,0.02067],[1.750,0.02072],[2.000,0.02072],[2.250,0.02072],[2.500,0.02061],[2.750,0.02052],[3.000,0.02047],[3.250,0.02048],[3.500,0.02053],[3.750,0.02053],[4.000,0.02059],[4.250,0.02060],[4.500,0.02067],[4.750,0.02067],[5.000,0.02078],[5.250,0.02085],[5.500,0.02100],[5.750,0.02110],[6.000,0.02129],[6.250,0.02152],[6.500,0.02169],[6.750,0.02195],[7.000,0.02220],[7.250,0.02256],[7.500,0.02298],[7.750,0.02343],[8.000,0.02397],[8.250,0.02460],[8.500,0.02532],[8.750,0.02623],[9.000,0.02730],[9.250,0.02840],[9.500,0.02952],[9.750,0.03059],[10.000,0.03185],[10.250,0.03308],[10.500,0.03449],[10.750,0.03582],[11.000,0.03711],[11.250,0.03843],[11.500,0.03990],[11.750,0.04143],[12.000,0.04266],[12.250,0.04425],[12.500,0.04582],[12.750,0.04718],[13.000,0.04875],[13.250,0.05044],[13.500,0.05204],[13.750,0.05344],[14.000,0.05467],[14.250,0.05691],[14.500,0.05891],[14.750,0.06067],[15.000,0.06161],[15.250,0.06328],[15.500,0.06599],[15.750,0.06831],[16.000,0.07036],[16.250,0.07176],[16.500,0.07206],[16.750,0.07500],[17.000,0.07911],[17.250,0.08279],[17.500,0.08590],[17.750,0.08822],[18.000,0.08949],[18.250,0.09028],[18.500,0.09624],[18.750,0.10248],[19.000,0.10887],],[[-19.750,0.09080],[-19.500,0.08726],[-19.250,0.08373],[-19.000,0.08025],[-18.750,0.07695],[-18.500,0.07372],[-18.250,0.07062],[-18.000,0.06768],[-17.750,0.06481],[-17.500,0.06208],[-17.250,0.05951],[-17.000,0.05700],[-16.750,0.05465],[-16.500,0.05239],[-16.250,0.05064],[-16.000,0.04879],[-15.750,0.04697],[-15.500,0.04524],[-15.250,0.04353],[-15.000,0.04193],[-14.750,0.04036],[-14.500,0.03889],[-14.250,0.03751],[-14.000,0.03604],[-13.750,0.03458],[-13.500,0.03328],[-13.250,0.03209],[-13.000,0.03099],[-12.750,0.02996],[-12.500,0.02913],[-12.250,0.02773],[-12.000,0.02647],[-11.750,0.02547],[-11.500,0.02461],[-11.250,0.02348],[-11.000,0.02267],[-10.750,0.02196],[-10.500,0.02115],[-10.250,0.02036],[-10.000,0.01973],[-9.750,0.01897],[-9.500,0.01842],[-9.250,0.01775],[-9.000,0.01712],[-8.750,0.01654],[-8.500,0.01598],[-8.250,0.01540],[-8.000,0.01488],[-7.750,0.01440],[-7.500,0.01392],[-7.250,0.01346],[-7.000,0.01305],[-6.750,0.01261],[-6.500,0.01217],[-6.250,0.01169],[-6.000,0.01116],[-5.750,0.01066],[-5.500,0.01013],[-5.250,0.00962],[-5.000,0.00936],[-4.750,0.00928],[-4.500,0.00929],[-4.250,0.00936],[-4.000,0.00939],[-3.750,0.00946],[-3.500,0.00960],[-3.250,0.00966],[-3.000,0.00976],[-2.750,0.00990],[-2.500,0.00999],[-2.250,0.01008],[-2.000,0.01023],[-1.750,0.01033],[-1.500,0.01048],[-1.250,0.01057],[-1.000,0.01072],[-0.750,0.01089],[-0.500,0.01093],[-0.250,0.01101],[0.000,0.01115],[0.250,0.01114],[0.500,0.01126],[0.750,0.01139],[1.000,0.01148],[1.250,0.01160],[1.500,0.01167],[1.750,0.01181],[2.000,0.01187],[2.250,0.01196],[2.500,0.01204],[2.750,0.01216],[3.000,0.01231],[3.250,0.01244],[3.500,0.01263],[3.750,0.01276],[4.000,0.01298],[4.250,0.01313],[4.500,0.01337],[4.750,0.01348],[5.000,0.01372],[5.250,0.01395],[5.500,0.01422],[5.750,0.01453],[6.000,0.01480],[6.250,0.01515],[6.500,0.01556],[6.750,0.01598],[7.000,0.01637],[7.250,0.01684],[7.500,0.01739],[7.750,0.01793],[8.000,0.01848],[8.250,0.01925],[8.500,0.01993],[8.750,0.02078],[9.000,0.02158],[9.250,0.02256],[9.500,0.02343],[9.750,0.02464],[10.000,0.02565],[10.250,0.02679],[10.500,0.02825],[10.750,0.02956],[11.000,0.03077],[11.250,0.03229],[11.500,0.03420],[11.750,0.03563],[12.000,0.03714],[12.250,0.03896],[12.500,0.04113],[12.750,0.04323],[13.000,0.04493],[13.250,0.04686],[13.500,0.04914],[13.750,0.05172],[14.000,0.05431],[14.250,0.05644],[14.500,0.05869],[14.750,0.06123],[15.000,0.06395],[15.250,0.06704],[15.500,0.06961],[15.750,0.07223],[16.000,0.07488],[16.250,0.07775],[16.500,0.08061],[16.750,0.08372],[17.000,0.08644],],[[-19.750,0.08234],[-19.500,0.07837],[-19.250,0.07455],[-19.000,0.07088],[-18.750,0.06747],[-18.500,0.06429],[-18.250,0.06125],[-18.000,0.05835],[-17.750,0.05570],[-17.500,0.05325],[-17.250,0.05091],[-17.000,0.04881],[-16.750,0.04600],[-16.500,0.04338],[-16.250,0.04122],[-16.000,0.03930],[-15.750,0.03764],[-15.500,0.03609],[-15.250,0.03468],[-15.000,0.03330],[-14.750,0.03208],[-14.500,0.03088],[-14.250,0.02981],[-14.000,0.02858],[-13.750,0.02714],[-13.500,0.02603],[-13.250,0.02499],[-13.000,0.02404],[-12.750,0.02319],[-12.500,0.02245],[-12.250,0.02175],[-12.000,0.02079],[-11.750,0.02006],[-11.500,0.01942],[-11.250,0.01881],[-11.000,0.01826],[-10.750,0.01751],[-10.500,0.01696],[-10.250,0.01649],[-10.000,0.01592],[-9.750,0.01541],[-9.500,0.01496],[-9.250,0.01447],[-9.000,0.01401],[-8.750,0.01361],[-8.500,0.01319],[-8.250,0.01280],[-8.000,0.01247],[-7.750,0.01210],[-7.500,0.01177],[-7.250,0.01148],[-7.000,0.01114],[-6.750,0.01082],[-6.500,0.01054],[-6.250,0.01025],[-6.000,0.00995],[-5.750,0.00966],[-5.500,0.00930],[-5.250,0.00894],[-5.000,0.00858],[-4.750,0.00820],[-4.500,0.00778],[-4.250,0.00752],[-4.000,0.00741],[-3.750,0.00740],[-3.500,0.00740],[-3.250,0.00743],[-3.000,0.00748],[-2.750,0.00752],[-2.500,0.00755],[-2.250,0.00763],[-2.000,0.00768],[-1.750,0.00776],[-1.500,0.00782],[-1.250,0.00788],[-1.000,0.00797],[-0.750,0.00808],[-0.500,0.00812],[-0.250,0.00823],[0.000,0.00831],[0.250,0.00841],[0.500,0.00852],[0.750,0.00862],[1.000,0.00878],[1.250,0.00880],[1.500,0.00895],[1.750,0.00904],[2.000,0.00919],[2.250,0.00930],[2.500,0.00946],[2.750,0.00960],[3.000,0.00977],[3.250,0.00993],[3.500,0.01007],[3.750,0.01022],[4.000,0.01041],[4.250,0.01060],[4.500,0.01083],[4.750,0.01103],[5.000,0.01130],[5.250,0.01161],[5.500,0.01190],[5.750,0.01222],[6.000,0.01254],[6.250,0.01292],[6.500,0.01329],[6.750,0.01366],[7.000,0.01406],[7.250,0.01451],[7.500,0.01489],[7.750,0.01533],[8.000,0.01577],[8.250,0.01621],[8.500,0.01661],[8.750,0.01717],[9.000,0.01766],[9.250,0.01823],[9.500,0.01896],[9.750,0.01959],[10.000,0.02028],[10.250,0.02114],[10.500,0.02205],[10.750,0.02281],[11.000,0.02376],[11.250,0.02489],[11.500,0.02613],[11.750,0.02714],[12.000,0.02833],[12.250,0.02969],[12.500,0.03131],[12.750,0.03290],[13.000,0.03423],[13.250,0.03584],[13.500,0.03766],[13.750,0.03972],[14.000,0.04209],[14.250,0.04388],[14.500,0.04577],[14.750,0.04803],[15.000,0.05045],[15.250,0.05319],[15.500,0.05655],[15.750,0.05886],[16.000,0.06131],[16.250,0.06407],[16.500,0.06690],[16.750,0.07021],[17.000,0.07381],[17.250,0.07787],[17.500,0.08096],[17.750,0.08386],[18.000,0.08722],[18.250,0.09045],[18.500,0.09412],[18.750,0.09783],[19.000,0.10178],[19.250,0.10622],],],
{"title":"Cd v Alpha","sortData":false,"legend":{"show":false,"placement":"insideGrid","location":"ne"},"series":[{"showLabel":true,"index":0,"showLine":true,"trendline":{"type":"none","show":false},"color":"#4bb2c5"},{"showLabel":true,"index":0,"showLine":true,"trendline":{"type":"none","show":false},"color":"#EAA228"},{"showLabel":true,"index":0,"showLine":true,"trendline":{"type":"none","show":false},"color":"#839557"},{"showLabel":true,"index":0,"showLine":true,"trendline":{"type":"none","show":false},"color":"#953579"},{"showLabel":true,"index":0,"showLine":true,"trendline":{"type":"none","show":false},"color":"#d8b83f"}],"show":"$.jqplot.config.enablePlugins","axes":{"xaxis":{"max":20,"min":-20,"tickInterval":5,"tickOptions":{"formatString":"%.1f"},"forceTickAt0":true,"rendererOptions":{"forceTickAt0":true}},"yaxis":{"max":0.14,"min":0,"tickInterval":0.02,"tickOptions":{"formatString":"%.2f"},"forceTickAt0":true,"rendererOptions":{"forceTickAt0":true}}},"seriesDefaults":{"lineWidth":1,"showLabel":true,"markerOptions":{"size":5,"show":false}}});
jqplots.push(p);

var p = $.jqplot('effaoa',[[[-12.000,-1.8987246811703],[-11.750,-8.7147793726741],[-11.500,-9.5980038813418],[-11.250,-10.448315248429],[-11.000,-11.350553505535],[-10.750,-12.275788184879],[-10.500,-13.225498007968],[-10.250,-14.192903548226],[-10.000,-15.179101869649],[-9.750,-15.507586705202],[-9.500,-15.932773109244],[-9.250,-16.572541382668],[-9.000,-17.350357507661],[-8.750,-17.534160184991],[-8.500,-17.909862834749],[-8.250,-18.205763169743],[-8.000,-18.442794151775],[-7.750,-18.55],[-7.500,-18.688203622124],[-7.250,-18.770080321285],[-7.000,-18.795892169448],[-6.750,-18.776205450734],[-6.500,-18.787228333781],[-6.250,-18.743154435926],[-6.000,-17.904683648316],[-5.750,-16.21593563457],[-5.500,-13.962753418199],[-5.250,-12.194275802255],[-5.000,-10.574965062887],[-4.750,-9.2737535277516],[-4.500,-8.3062064031479],[-4.250,-6.7654986522911],[-4.000,-6.2269129287599],[-3.750,-5.0272873194222],[-3.500,-4.6046141607001],[-3.250,-4.0814063984796],[-3.000,-2.4290863501019],[-2.750,-1.5291718946048],[-2.500,-0.30006317119394],[-2.250,0.24459974587039],[-2.000,1.8180343820954],[-1.750,1.7479018721756],[-1.500,3.4427860696517],[-1.250,3.0580939947781],[-1.000,4.2343387470998],[-0.750,4.3588901658184],[-0.500,5.1188118811881],[-0.250,5.658175842235],[0.000,6.0545662473452],[0.250,6.8516699410609],[0.500,6.2034976152623],[0.750,7.2497978981407],[1.000,5.9052453468697],[1.250,6.297264063941],[1.500,5.8242251834107],[1.750,5.6021173356859],[2.000,6.1366313309776],[2.250,5.2606904389828],[2.500,5.6822376828056],[2.750,5.1595965178942],[3.000,4.996599102163],[3.250,5.2535496957404],[3.500,4.6703513620213],[3.750,5.4520074448285],[4.000,4.5304292120436],[4.250,4.6631002420074],[4.500,4.4479218828242],[4.750,4.2237555446033],[5.000,2.389819303658],[5.250,2.589528681833],[5.500,2.367769040181],[5.750,2.604917337855],[6.000,2.3627584759106],[6.250,3.7906342350534],[6.500,4.1714738151793],[6.750,3.8730470883863],[7.000,4.1166325320686],[7.250,4.0702306079665],[7.500,4.1142155357691],[7.750,4.6693325130729],[8.000,4.1277379337081],[8.250,4.6007162907753],[8.500,4.1584884894066],[8.750,3.939127375088],[9.000,3.8180437167693],[9.250,3.8305112209349],[9.500,4.0250060110604],[9.750,3.3493379892332],[10.000,3.1807385014036],],[[-14.250,-10.900699300699],[-14.000,-11.987160346372],[-13.750,-13.101205583756],[-13.500,-14.211055276382],[-13.250,-15.269891342447],[-13.000,-16.242072839282],[-12.750,-17.187149794546],[-12.500,-17.698091382302],[-12.250,-17.984282907662],[-12.000,-18.512214657589],[-11.750,-19.121981170692],[-11.500,-19.792104157917],[-11.250,-20.510380622837],[-11.000,-21.264521894549],[-10.750,-22.019408502773],[-10.500,-22.039300263599],[-10.250,-21.887120835405],[-10.000,-21.948691370821],[-9.750,-21.562917445899],[-9.500,-21.360864745011],[-9.250,-20.965162764135],[-9.000,-20.3988183161],[-8.750,-20.155156677822],[-8.500,-19.606670862177],[-8.250,-19.152872444012],[-8.000,-18.769694937982],[-7.750,-18.15190759538],[-7.500,-17.924324324324],[-7.250,-17.400150715901],[-7.000,-16.694411414982],[-6.750,-16.407766990291],[-6.500,-15.040749796251],[-6.250,-12.929734021437],[-6.000,-11.764705882353],[-5.750,-9.8254545454545],[-5.500,-8.33044081916],[-5.250,-7.1600803750837],[-5.000,-5.4827477049699],[-4.750,-4.6375921375921],[-4.500,-3.471609296852],[-4.250,-2.4344787419918],[-4.000,-1.6521494801911],[-3.750,-0.93322157027103],[-3.500,0.22038567493113],[-3.250,0.47045951859956],[-3.000,1.4818820984316],[-2.750,2.2871906445472],[-2.500,2.8571428571429],[-2.250,3.454398708636],[-2.000,4.632691786392],[-1.750,4.5860215053763],[-1.500,5.758152173913],[-1.250,6.0540688148553],[-1.000,6.8505872712374],[-0.750,7.5629322268326],[-0.500,8.174735670562],[-0.250,8.8656049175747],[0.000,9.3916242218449],[0.250,10.176086339108],[0.500,10.879152348225],[0.750,11.829054842474],[1.000,12.246734397678],[1.250,12.996771353097],[1.500,14.13596885295],[1.750,14.2145820984],[2.000,15.364897466828],[2.250,16.029723991507],[2.500,16.27569528416],[2.750,17.913178294574],[3.000,18.070769230769],[3.250,18.94132257063],[3.500,20.918693982074],[3.750,20.73980398356],[4.000,22.633289986996],[4.250,22.698616918623],[4.500,24.113799869196],[4.750,25.014797763893],[5.000,25.913302448709],[5.250,27.365068722762],[5.500,27.755170113409],[5.750,29.540660088465],[6.000,29.827294277006],[6.250,31.379073756432],[6.500,31.785592352339],[6.750,32.910216718266],[7.000,33.820379965458],[7.250,34.217570350034],[7.500,35.750433275563],[7.750,35.598217346589],[8.000,36.289329685363],[8.250,36.932787444558],[8.500,36.701377225395],[8.750,37.174275241586],[9.000,37.084155161078],[9.250,36.610986186958],[9.500,37.038095238095],[9.750,36.131117266851],[10.000,35.907172995781],[10.250,35.327485380117],[10.500,34.536227798139],[10.750,34.147945205479],[11.000,33.241179568194],[11.250,32.578264189361],[11.500,32.19096965211],[11.750,30.820790216369],[12.000,31.389728096677],[12.250,29.570081158149],[12.500,28.461699895068],[12.750,29.465968586387],[13.000,27.29570840682],[13.250,25.661982248521],[13.500,25.295703756966],[13.750,25.592559787422],[14.000,23.283582089552],[14.250,21.297396071265],[14.500,19.882521489971],[14.750,20.455848623853],[15.000,19.597535934292],[15.250,16.110251220383],],[[-17.500,-6.6003813674748],[-17.250,-7.9554780467788],[-17.000,-9.4260409477801],[-16.750,-10.866471858722],[-16.500,-12.246085631149],[-16.250,-13.570252880443],[-16.000,-14.83798524222],[-15.750,-16.062264796442],[-15.500,-17.257039055404],[-15.250,-18.448076923077],[-15.000,-19.616632860041],[-14.750,-19.884502309954],[-14.500,-20.225449815738],[-14.250,-20.654121863799],[-14.000,-21.09979161843],[-13.750,-21.665067178503],[-13.500,-22.351183063512],[-13.250,-23.136140532162],[-13.000,-23.094669848846],[-12.750,-23.273664225658],[-12.500,-23.618493909192],[-12.250,-24.106442577031],[-12.000,-24.740678441267],[-11.750,-24.806629834254],[-11.500,-24.380809595202],[-11.250,-24.130771614503],[-11.000,-23.896562801156],[-10.750,-23.487367021277],[-10.500,-23.133195307108],[-10.250,-22.852541159628],[-10.000,-22.548507462687],[-9.750,-22.299072642968],[-9.500,-22.200242228502],[-9.250,-22.314465408805],[-9.000,-22.412891986063],[-8.750,-22.578757875788],[-8.500,-22.67723880597],[-8.250,-22.760290556901],[-8.000,-22.713567839196],[-7.750,-22.573068893528],[-7.500,-22.327351821642],[-7.250,-22.010192525481],[-7.000,-21.614243323442],[-6.750,-21.032980709396],[-6.500,-20.19556714472],[-6.250,-18.989830508475],[-6.000,-17.184931506849],[-5.750,-15.054421768707],[-5.500,-12.847548690396],[-5.250,-10.679419525066],[-5.000,-8.5165907612232],[-4.750,-6.6100628930818],[-4.500,-4.6571957998765],[-4.250,-3.0059523809524],[-4.000,-1.1267605633803],[-3.750,0.24985803520727],[-3.500,1.6814159292035],[-3.250,3.4285714285714],[-3.000,4.5386666666667],[-2.750,5.7559958289885],[-2.500,7.0404505888377],[-2.250,8.5255102040816],[-2.000,9.4190665342602],[-1.750,10.329457364341],[-1.500,11.685176243361],[-1.250,13.30900243309],[-1.000,14.255523535062],[-0.750,15.321888412017],[-0.500,16.636493568366],[-0.250,18.619691119691],[0.000,20.009694619486],[0.250,21.02021174206],[0.500,21.924546322827],[0.750,23.164918970448],[1.000,24.956855225312],[1.250,26.773101112724],[1.500,27.939042089985],[1.750,29.068532818533],[2.000,30.30888030888],[2.250,31.722972972973],[2.500,33.372149442018],[2.750,35.477582846004],[3.000,36.697606253053],[3.250,37.8271484375],[3.500,38.952752070141],[3.750,40.238675109596],[4.000,41.515298688684],[4.250,42.961165048544],[4.500,44.576681180455],[4.750,45.732946298984],[5.000,46.568816169394],[5.250,47.434052757794],[5.500,48.314285714286],[5.750,49.274881516588],[6.000,50.140911225928],[6.250,50.99907063197],[6.500,51.484555094514],[6.750,51.671981776765],[7.000,51.896396396396],[7.250,51.883865248227],[7.500,51.718885987815],[7.750,51.476739223218],[8.000,50.867751355861],[8.250,49.861788617886],[8.500,48.850710900474],[8.750,47.582920320244],[9.000,46.164835164835],[9.250,44.947183098592],[9.500,43.523035230352],[9.750,42.311212814645],[10.000,40.929356357928],[10.250,39.770253929867],[10.500,38.503914178023],[10.750,37.412060301508],[11.000,36.310967394233],[11.250,35.329169919334],[11.500,34.293233082707],[11.750,33.326092203717],[12.000,32.648851383029],[12.250,31.629378531073],[12.500,30.744216499345],[12.750,30.139889783807],[13.000,29.413333333333],[13.250,28.530927835052],[13.500,27.817063797079],[13.750,27.337200598802],[14.000,26.967258094019],[14.250,25.942716570023],[14.500,25.173994228484],[14.750,24.611834514587],[15.000,24.4473299789],[15.250,23.953855878635],[15.500,22.964085467495],[15.750,22.214902649685],[16.000,21.658612848209],[16.250,21.355908584169],[16.500,21.525117957258],[16.750,20.661333333333],[17.000,19.520920237644],[17.250,18.641140234328],[17.500,18.009313154831],[17.750,17.646792110633],[18.000,17.595262040451],[18.250,17.682764731945],[18.500,16.38923524522],[18.750,15.202966432475],[19.000,14.137044181133],],[[-19.750,-11.533039647577],[-19.500,-12.003208801284],[-19.250,-12.512838886898],[-19.000,-13.055451713396],[-18.750,-13.602339181287],[-18.500,-14.18339663592],[-18.250,-14.781931464174],[-18.000,-15.385638297872],[-17.750,-16.022218793396],[-17.500,-16.667203608247],[-17.250,-17.311376239288],[-17.000,-17.987719298246],[-16.750,-18.653247941446],[-16.500,-19.337659858752],[-16.250,-19.843996840442],[-16.000,-20.424267267883],[-15.750,-21.026186927826],[-15.500,-21.618037135279],[-15.250,-22.249023661842],[-15.000,-22.852373002623],[-14.750,-23.478691774034],[-14.500,-24.083311905374],[-14.250,-24.654758731005],[-14.000,-25.385682574917],[-13.750,-26.197223828803],[-13.500,-26.902043269231],[-13.250,-27.541290121533],[-13.000,-28.134882220071],[-12.750,-28.734979973298],[-12.500,-29.279093717817],[-12.250,-29.992787594663],[-12.000,-30.43067623725],[-11.750,-30.573223400079],[-11.500,-30.670459162942],[-11.250,-31.588586030664],[-11.000,-32.06440229378],[-10.750,-32.390710382514],[-10.500,-32.912529550827],[-10.250,-33.423379174853],[-10.000,-33.578307146477],[-9.750,-34.164470216131],[-9.500,-34.277958740499],[-9.250,-34.518309859155],[-9.000,-34.526869158879],[-8.750,-34.359129383313],[-8.500,-34.048811013767],[-8.250,-33.675324675325],[-8.000,-33.084677419355],[-7.750,-32.270833333333],[-7.500,-31.343390804598],[-7.250,-30.304606240713],[-7.000,-28.996168582375],[-6.750,-27.628865979381],[-6.500,-26.113393590797],[-6.250,-24.48246364414],[-6.000,-22.706093189964],[-5.750,-20.600375234522],[-5.500,-18.183613030602],[-5.250,-15.35343035343],[-5.000,-12.019230769231],[-4.750,-8.5021551724138],[-4.500,-4.983853606028],[-4.250,-1.474358974359],[-4.000,1.9062832800852],[-3.750,5.2854122621564],[-3.500,8.4270833333333],[-3.250,11.749482401656],[-3.000,14.713114754098],[-2.750,17.636363636364],[-2.500,20.750750750751],[-2.250,23.501984126984],[-2.000,26.080156402737],[-1.750,28.809293320426],[-1.500,31.421755725191],[-1.250,33.982970671712],[-1.000,36.194029850746],[-0.750,38.347107438017],[-0.500,41.061299176578],[-0.250,43.6148955495],[0.000,45.892376681614],[0.250,48.680430879713],[0.500,50.710479573712],[0.750,52.669007901668],[1.000,54.843205574913],[1.250,56.853448275862],[1.500,59.151670951157],[1.750,61.016088060965],[2.000,63.35299073294],[2.250,65.376254180602],[2.500,67.333887043189],[2.750,69.013157894737],[3.000,70.487408610885],[3.250,72.065916398714],[3.500,73.222486144101],[3.750,74.772727272727],[4.000,75.685670261941],[4.250,77.067783701447],[4.500,77.778608825729],[4.750,79.206231454006],[5.000,79.708454810496],[5.250,80.26523297491],[5.500,80.541490857947],[5.750,80.529938059188],[6.000,80.804054054054],[6.250,80.541254125413],[6.500,79.910025706941],[6.750,79.236545682103],[7.000,78.656078191814],[7.250,77.583135391924],[7.500,76.060954571593],[7.750,74.584495259342],[8.000,72.965367965368],[8.250,70.690909090909],[8.500,69.081786251882],[8.750,66.934552454283],[9.000,65.139017608897],[9.250,62.81914893617],[9.500,61.08408023901],[9.750,58.486201298701],[10.000,56.713450292398],[10.250,54.770436730123],[10.500,52.258407079646],[10.750,50.345060893099],[11.000,48.781280467988],[11.250,46.74821926293],[11.500,44.269005847953],[11.750,42.792590513612],[12.000,41.330102315563],[12.250,39.591889117043],[12.500,37.602723073183],[12.750,35.88942863752],[13.000,34.734030714445],[13.250,33.452838241571],[13.500,31.986161986162],[13.750,30.421500386698],[14.000,29.002025409685],[14.250,28.042168674699],[14.500,27.07445902198],[14.750,26.003593009962],[15.000,24.921032056294],[15.250,23.745525059666],[15.500,22.921993966384],[15.750,22.151460611934],[16.000,21.424946581197],[16.250,20.650803858521],[16.500,19.933010792706],[16.750,19.181796464405],[17.000,18.599028227672],],[[-19.750,-13.774593150352],[-19.500,-14.517034579559],[-19.250,-15.29711602951],[-19.000,-16.113148984199],[-18.750,-16.93345190455],[-18.500,-17.757038419661],[-18.250,-18.610612244898],[-18.000,-19.491002570694],[-17.750,-20.344703770197],[-17.500,-21.177464788732],[-17.250,-22.031035160086],[-17.000,-22.814996926859],[-16.750,-24.208695652174],[-16.500,-25.638543107423],[-16.250,-26.848617176128],[-16.000,-27.966921119593],[-15.750,-28.93995749203],[-15.500,-29.889165973954],[-15.250,-30.758362168397],[-15.000,-31.675675675676],[-14.750,-32.471945137157],[-14.500,-33.312823834197],[-14.250,-34.028849379403],[-14.000,-35.087473757873],[-13.750,-36.647015475313],[-13.500,-37.756434882828],[-13.250,-38.58743497399],[-13.000,-38.98918469218],[-12.750,-39.517033203967],[-12.500,-40.124721603563],[-12.250,-40.666666666667],[-12.000,-41.890331890332],[-11.750,-42.572283150548],[-11.500,-43.022657054583],[-11.250,-43.386496544391],[-11.000,-43.598028477547],[-10.750,-44.534551684752],[-10.500,-44.982311320755],[-10.250,-44.930260764099],[-10.000,-45.094221105528],[-9.750,-45.016223231668],[-9.500,-44.672459893048],[-9.250,-44.353835521769],[-9.000,-43.868665239115],[-8.750,-43.115356355621],[-8.500,-42.282031842305],[-8.250,-41.2890625],[-8.000,-40.040096230954],[-7.750,-38.785123966942],[-7.500,-37.306711979609],[-7.250,-35.609756097561],[-7.000,-33.904847396768],[-6.750,-32.014787430684],[-6.500,-29.867172675522],[-6.250,-27.570731707317],[-6.000,-25.13567839196],[-5.750,-22.484472049689],[-5.500,-19.709677419355],[-5.250,-16.65548098434],[-5.000,-13.275058275058],[-4.750,-9.5],[-4.500,-5.2185089974293],[-4.250,-0.63829787234043],[-4.000,3.9811066126856],[-3.750,8.4189189189189],[-3.500,12.824324324324],[-3.250,17.106325706595],[-3.000,21.270053475936],[-2.750,25.438829787234],[-2.500,29.549668874172],[-2.250,33.355176933159],[-2.000,37.291666666667],[-1.750,40.992268041237],[-1.500,44.654731457801],[-1.250,48.324873096447],[-1.000,51.693851944793],[-0.750,54.876237623762],[-0.500,58.460591133005],[-0.250,61.397326852977],[0.000,64.548736462094],[0.250,67.443519619501],[0.500,70.18779342723],[0.750,72.958236658933],[1.000,75.113895216401],[1.250,78.431818181818],[1.500,80.458100558659],[1.750,83.030973451327],[2.000,84.929270946681],[2.250,87.182795698925],[2.500,88.858350951374],[2.750,90.697916666667],[3.000,92.149437052201],[3.250,93.655589123867],[3.500,95.253227408143],[3.750,96.702544031311],[4.000,97.694524495677],[4.250,98.650943396226],[4.500,99.150507848569],[4.750,99.927470534905],[5.000,99.964601769912],[5.250,99.612403100775],[5.500,99.44537815126],[5.750,98.9852700491],[6.000,98.492822966507],[6.250,97.49226006192],[6.500,96.60647103085],[6.750,95.761346998536],[7.000,94.687055476529],[7.250,93.266712611992],[7.500,92.411014103425],[7.750,91.115459882583],[8.000,89.841471147749],[8.250,88.587291795188],[8.500,87.483443708609],[8.750,85.294117647059],[9.000,83.918459796149],[9.250,82.210641799232],[9.500,79.804852320675],[9.750,78.101071975498],[10.000,76.252465483235],[10.250,73.807947019868],[10.500,71.383219954649],[10.750,69.732573432705],[11.000,67.537878787879],[11.250,64.949779027722],[11.500,62.28855721393],[11.750,60.51215917465],[12.000,58.415107659725],[12.250,56.099696867632],[12.500,53.449377195784],[12.750,51.130699088146],[13.000,49.491673970202],[13.250,47.513950892857],[13.500,45.400955921402],[13.750,43.162134944612],[14.000,40.781658351152],[14.250,39.318596171376],[14.500,37.863229189425],[14.750,36.175307099729],[15.000,34.505450941526],[15.250,32.739236698628],[15.500,30.712643678161],[15.750,29.599048589874],[16.000,28.489642798891],[16.250,27.293585141252],[16.500,26.152466367713],[16.750,24.883919669563],[17.000,23.606557377049],[17.250,22.270450751252],[17.500,21.424160079051],[17.750,20.701168614357],[18.000,19.881907819307],[18.250,19.161967938087],[18.500,18.374415639609],[18.750,17.633650209547],[19.000,16.891334250344],[19.250,16.099604594238],],],
{"title":"Cl\/Cd v Alpha","sortData":false,"legend":{"show":false,"placement":"insideGrid","location":"ne"},"series":[{"showLabel":true,"index":0,"showLine":true,"trendline":{"type":"none","show":false},"color":"#4bb2c5"},{"showLabel":true,"index":0,"showLine":true,"trendline":{"type":"none","show":false},"color":"#EAA228"},{"showLabel":true,"index":0,"showLine":true,"trendline":{"type":"none","show":false},"color":"#839557"},{"showLabel":true,"index":0,"showLine":true,"trendline":{"type":"none","show":false},"color":"#953579"},{"showLabel":true,"index":0,"showLine":true,"trendline":{"type":"none","show":false},"color":"#d8b83f"}],"show":"$.jqplot.config.enablePlugins","axes":{"xaxis":{"max":20,"min":-20,"tickInterval":5,"tickOptions":{"formatString":"%.1f"},"forceTickAt0":true,"rendererOptions":{"forceTickAt0":true}},"yaxis":{"max":100,"min":-60,"tickInterval":20,"tickOptions":{"formatString":"%d"},"forceTickAt0":true,"rendererOptions":{"forceTickAt0":true}}},"seriesDefaults":{"lineWidth":1,"showLabel":true,"markerOptions":{"size":5,"show":false}}});
jqplots.push(p);

});
/*]]>*/
</script>
</body>
</html>