<!DOCTYPE html>
<html lang="en">
<head>
<link rel="stylesheet" type="text/css" href="/assets/62ff72f1/jquery.jqplot.min.css" media="screen, projection, print" />
<style type="text/css">
/*<![CDATA[*/
.jqplot-title {font-size:1.8em;padding:3px;}.jqplot-xaxis {font-size:0.8em;padding-top:3px;}.jqplot-yaxis {font-size:0.8em;padding-right:3px;}
/*]]>*/
</style>
<!--[if lt IE 9]><script type="text/javascript" src="/assets/62ff72f1/excanvas.min.js"></script></script><![endif]-->
<script type="text/javascript" src="/assets/780cfc96/jquery.min.js"></script>
<script type="text/javascript" src="/assets/62ff72f1/jquery.min.js"></script>
<script type="text/javascript" src="/assets/62ff72f1/jquery.jqplot.min.js"></script>
<script type="text/javascript">
/*<![CDATA[*/
var jqplots = [];

/*]]>*/
</script>
<title>Airfoil polar plot</title>
<meta http-equiv="Content-Language" content="en-gb"/>
<meta http-equiv="Content-Type" content="text/html; charset=windows-1252"/>
<meta content="none" name="robots" />
<meta name="copyright" content="Copyright 2010-2013. All Rights Reserved" />
</head>
<body>

<table style="width:800px;">
<tr><td>
<div id="liftdrag" style="height:400px;width:398px;margin:auto;display:inline-block;"></div>
</td><td>
<div id="liftaoa" style="height:400px;width:398px;margin:auto;display:inline-block;"></div>
</td></tr>
<tr><td>
<div id="effaoa" style="height:400px;width:398px;margin:auto;display:inline-block;"></div>
</td><td>
<div id="dragaoa" style="height:400px;width:398px;margin:auto;display:inline-block;"></div>
</td></tr>
<tr><td>
<div id="momentaoa" style="height:400px;width:398px;margin:auto;display:inline-block;"></div>
</td><td>
</td></tr>

</table>
<script type="text/javascript">
/*<![CDATA[*/
jQuery(window).load(function() {
var p = $.jqplot('liftdrag',[[[0.10116,-0.5693],[0.07868,-0.7142],[0.07346,-0.7137],[0.06347,-0.7642],[0.05866,-0.7681],[0.05414,-0.7702],[0.04985,-0.7678],[0.04570,-0.7586],[0.04225,-0.7428],[0.03964,-0.7290],[0.03689,-0.7134],[0.03431,-0.6942],[0.03181,-0.6744],[0.03001,-0.6537],[0.02822,-0.6311],[0.02638,-0.6064],[0.02481,-0.5831],[0.02330,-0.5614],[0.02154,-0.5414],[0.01998,-0.5291],[0.01915,-0.5177],[0.01887,-0.5027],[0.01909,-0.4803],[0.02039,-0.4247],[0.02197,-0.2970],[0.02164,-0.1843],[0.02030,-0.0912],[0.01956,-0.0830],[0.01894,-0.0746],[0.01842,-0.0661],[0.01800,-0.0574],[0.01766,-0.0485],[0.01739,-0.0393],[0.01719,-0.0297],[0.01705,-0.0199],[0.01696,-0.0100],[0.01694,0.0000],[0.01696,0.0100],[0.01704,0.0199],[0.01718,0.0297],[0.01739,0.0393],[0.01765,0.0485],[0.01800,0.0574],[0.01842,0.0661],[0.01894,0.0747],[0.01956,0.0831],[0.02030,0.0913],[0.02163,0.1843],[0.02197,0.2974],[0.02038,0.4247],[0.01909,0.4803],[0.01887,0.5026],[0.01915,0.5176],[0.01998,0.5291],[0.02154,0.5413],[0.02330,0.5613],[0.02481,0.5830],[0.02638,0.6063],[0.02822,0.6311],[0.03001,0.6536],[0.03181,0.6744],[0.03431,0.6942],[0.03689,0.7133],[0.03964,0.7289],[0.04226,0.7428],[0.04572,0.7590],[0.04985,0.7679],[0.05416,0.7707],[0.05871,0.7677],[0.06348,0.7649],[0.07196,0.7260],[0.08127,0.6992],[0.10116,0.5669],],[[0.09783,-0.6402],[0.07389,-0.7228],[0.07174,-0.7280],[0.05631,-0.8160],[0.05152,-0.8199],[0.04803,-0.8242],[0.04520,-0.8075],[0.04147,-0.8037],[0.03798,-0.7970],[0.03532,-0.7890],[0.03273,-0.7711],[0.03062,-0.7540],[0.02863,-0.7372],[0.02676,-0.7158],[0.02517,-0.6939],[0.02363,-0.6719],[0.02250,-0.6496],[0.02104,-0.6265],[0.01990,-0.6042],[0.01889,-0.5836],[0.01787,-0.5639],[0.01676,-0.5459],[0.01542,-0.5316],[0.01424,-0.5198],[0.01356,-0.5050],[0.01309,-0.4884],[0.01273,-0.4707],[0.01247,-0.4511],[0.01237,-0.4276],[0.01253,-0.3961],[0.01306,-0.3457],[0.01364,-0.2781],[0.01399,-0.2084],[0.01406,-0.1341],[0.01388,-0.0629],[0.01352,-0.0197],[0.01323,-0.0138],[0.01303,-0.0085],[0.01291,-0.0040],[0.01287,0.0000],[0.01291,0.0040],[0.01303,0.0085],[0.01323,0.0138],[0.01352,0.0197],[0.01387,0.0628],[0.01406,0.1342],[0.01399,0.2086],[0.01363,0.2783],[0.01306,0.3459],[0.01253,0.3960],[0.01237,0.4275],[0.01247,0.4510],[0.01273,0.4705],[0.01309,0.4883],[0.01356,0.5049],[0.01424,0.5197],[0.01541,0.5315],[0.01676,0.5458],[0.01787,0.5638],[0.01890,0.5835],[0.01990,0.6041],[0.02104,0.6264],[0.02250,0.6495],[0.02364,0.6719],[0.02517,0.6938],[0.02676,0.7158],[0.02863,0.7371],[0.03063,0.7540],[0.03274,0.7711],[0.03528,0.7891],[0.03798,0.7971],[0.04149,0.8036],[0.04527,0.8073],[0.04805,0.8242],[0.05156,0.8197],[0.05629,0.8155],[0.06167,0.8169],[0.09159,0.6962],[0.09795,0.6376],],[[0.10051,-0.6705],[0.05643,-0.8444],[0.05254,-0.8669],[0.04930,-0.8878],[0.04588,-0.9017],[0.04358,-0.9029],[0.04456,-0.8815],[0.04164,-0.8837],[0.03833,-0.8850],[0.03557,-0.8811],[0.03141,-0.8795],[0.03018,-0.8645],[0.02934,-0.8480],[0.02811,-0.8321],[0.02512,-0.8178],[0.02453,-0.7988],[0.02385,-0.7791],[0.02185,-0.7603],[0.02103,-0.7396],[0.02027,-0.7182],[0.01882,-0.6978],[0.01799,-0.6767],[0.01729,-0.6552],[0.01626,-0.6358],[0.01568,-0.6153],[0.01486,-0.5963],[0.01429,-0.5763],[0.01361,-0.5576],[0.01291,-0.5393],[0.01198,-0.5231],[0.01124,-0.5067],[0.01074,-0.4890],[0.01032,-0.4712],[0.00996,-0.4536],[0.00967,-0.4358],[0.00941,-0.4180],[0.00918,-0.4003],[0.00901,-0.3815],[0.00893,-0.3586],[0.00907,-0.3136],[0.00939,-0.2544],[0.00965,-0.1999],[0.00990,-0.1466],[0.01007,-0.0922],[0.01017,-0.0360],[0.01018,0.0000],[0.01017,0.0357],[0.01007,0.0922],[0.00989,0.1467],[0.00965,0.2002],[0.00939,0.2545],[0.00907,0.3136],[0.00892,0.3585],[0.00901,0.3814],[0.00918,0.4002],[0.00941,0.4179],[0.00966,0.4356],[0.00996,0.4534],[0.01032,0.4711],[0.01074,0.4888],[0.01123,0.5066],[0.01198,0.5230],[0.01290,0.5392],[0.01361,0.5574],[0.01431,0.5760],[0.01486,0.5962],[0.01568,0.6151],[0.01626,0.6357],[0.01729,0.6551],[0.01799,0.6766],[0.01881,0.6977],[0.02029,0.7182],[0.02104,0.7396],[0.02187,0.7602],[0.02383,0.7791],[0.02456,0.7987],[0.02511,0.8178],[0.02810,0.8321],[0.02931,0.8480],[0.03016,0.8646],[0.03146,0.8795],[0.03543,0.8815],[0.03820,0.8856],[0.04155,0.8843],[0.04469,0.8810],[0.04314,0.9059],[0.04579,0.9028],[0.04935,0.8875],[0.05261,0.8670],[0.05666,0.8431],[0.10213,0.6691],],[[0.06449,-0.9606],[0.05737,-0.9745],[0.04929,-1.0011],[0.04406,-1.0177],[0.04040,-1.0291],[0.03768,-1.0369],[0.03389,-1.0608],[0.03140,-1.0741],[0.02901,-1.0836],[0.02724,-1.0805],[0.02596,-1.0713],[0.02486,-1.0593],[0.02376,-1.0463],[0.02269,-1.0324],[0.02207,-1.0141],[0.02030,-1.0053],[0.01967,-0.9869],[0.01908,-0.9677],[0.01860,-0.9473],[0.01724,-0.9343],[0.01692,-0.9127],[0.01701,-0.8880],[0.01595,-0.8723],[0.01580,-0.8495],[0.01582,-0.8256],[0.01469,-0.8101],[0.01438,-0.7886],[0.01405,-0.7671],[0.01388,-0.7446],[0.01308,-0.7271],[0.01272,-0.7062],[0.01241,-0.6849],[0.01219,-0.6630],[0.01154,-0.6448],[0.01121,-0.6239],[0.01098,-0.6024],[0.01056,-0.5825],[0.01029,-0.5614],[0.00995,-0.5410],[0.00958,-0.5211],[0.00916,-0.5018],[0.00869,-0.4658],[0.00831,-0.4292],[0.00794,-0.3949],[0.00762,-0.3587],[0.00730,-0.3206],[0.00697,-0.2893],[0.00667,-0.2533],[0.00637,-0.2183],[0.00605,-0.1878],[0.00577,-0.1507],[0.00559,-0.1175],[0.00546,-0.0775],[0.00539,-0.0411],[0.00536,0.0000],[0.00539,0.0411],[0.00545,0.0775],[0.00559,0.1176],[0.00576,0.1507],[0.00605,0.1876],[0.00637,0.2183],[0.00666,0.2534],[0.00697,0.2894],[0.00729,0.3208],[0.00762,0.3587],[0.00794,0.3949],[0.00831,0.4291],[0.00869,0.4659],[0.00916,0.5018],[0.00957,0.5210],[0.00995,0.5408],[0.01028,0.5613],[0.01056,0.5823],[0.01098,0.6022],[0.01121,0.6238],[0.01153,0.6446],[0.01220,0.6628],[0.01242,0.6847],[0.01273,0.7060],[0.01308,0.7270],[0.01390,0.7443],[0.01407,0.7669],[0.01438,0.7885],[0.01470,0.8099],[0.01582,0.8255],[0.01580,0.8495],[0.01596,0.8722],[0.01695,0.8884],[0.01692,0.9127],[0.01724,0.9343],[0.01857,0.9476],[0.01901,0.9683],[0.01964,0.9872],[0.02033,1.0051],[0.02213,1.0138],[0.02299,1.0302],[0.02389,1.0455],[0.02488,1.0594],[0.02606,1.0708],[0.02733,1.0802],[0.02905,1.0836],[0.03134,1.0759],[0.03426,1.0573],[0.03678,1.0474],[0.04405,1.0188],[0.04994,0.9975],[0.05587,0.9841],[0.06249,0.9716],[0.07034,0.9556],[0.08038,0.9304],[0.08669,0.9222],[0.10107,0.8787],],[[0.10108,-0.9871],[0.08589,-1.0438],[0.07218,-1.0914],[0.06145,-1.1223],[0.05005,-1.1600],[0.04398,-1.1752],[0.03952,-1.1861],[0.03570,-1.1989],[0.03340,-1.2016],[0.03120,-1.2067],[0.02981,-1.2041],[0.02823,-1.2065],[0.02695,-1.2068],[0.02578,-1.2016],[0.02464,-1.1928],[0.02356,-1.1821],[0.02252,-1.1702],[0.02177,-1.1545],[0.02088,-1.1400],[0.02020,-1.1227],[0.01853,-1.1151],[0.01755,-1.1003],[0.01681,-1.0829],[0.01621,-1.0642],[0.01566,-1.0448],[0.01498,-1.0266],[0.01427,-1.0087],[0.01382,-0.9884],[0.01333,-0.9685],[0.01286,-0.9485],[0.01259,-0.9267],[0.01213,-0.9066],[0.01193,-0.8842],[0.01172,-0.8620],[0.01130,-0.8417],[0.01112,-0.8193],[0.01097,-0.7967],[0.01089,-0.7737],[0.01035,-0.7546],[0.01010,-0.7332],[0.00990,-0.7112],[0.00979,-0.6888],[0.00948,-0.6586],[0.00923,-0.6243],[0.00907,-0.5891],[0.00878,-0.5537],[0.00856,-0.5211],[0.00825,-0.4881],[0.00791,-0.4543],[0.00752,-0.4198],[0.00715,-0.3843],[0.00677,-0.3557],[0.00641,-0.3231],[0.00610,-0.2883],[0.00580,-0.2521],[0.00552,-0.2245],[0.00525,-0.1893],[0.00501,-0.1589],[0.00478,-0.1276],[0.00454,-0.0987],[0.00435,-0.0729],[0.00427,-0.0475],[0.00423,-0.0235],[0.00422,0.0000],[0.00423,0.0234],[0.00427,0.0475],[0.00435,0.0729],[0.00454,0.0986],[0.00478,0.1275],[0.00500,0.1590],[0.00525,0.1894],[0.00553,0.2244],[0.00580,0.2522],[0.00610,0.2884],[0.00641,0.3232],[0.00677,0.3556],[0.00715,0.3845],[0.00752,0.4200],[0.00791,0.4544],[0.00825,0.4882],[0.00855,0.5213],[0.00878,0.5540],[0.00906,0.5893],[0.00923,0.6245],[0.00948,0.6588],[0.00979,0.6886],[0.00990,0.7110],[0.01009,0.7330],[0.01035,0.7544],[0.01090,0.7734],[0.01097,0.7966],[0.01108,0.8195],[0.01129,0.8416],[0.01171,0.8619],[0.01193,0.8841],[0.01213,0.9064],[0.01262,0.9262],[0.01286,0.9483],[0.01333,0.9684],[0.01383,0.9883],[0.01426,1.0086],[0.01501,1.0263],[0.01567,1.0447],[0.01621,1.0642],[0.01685,1.0825],[0.01752,1.1005],[0.01858,1.1148],[0.02029,1.1221],[0.02100,1.1390],[0.02170,1.1556],[0.02265,1.1693],[0.02358,1.1825],[0.02475,1.1920],[0.02590,1.2007],[0.02689,1.2089],[0.02851,1.2030],[0.02989,1.2041],[0.03162,1.2026],[0.03395,1.1965],[0.03642,1.1930],[0.03982,1.1852],[0.04477,1.1714],[0.05090,1.1570],[0.06115,1.1258],[0.07545,1.0770],[0.09089,1.0198],[0.10517,0.9688],[0.11857,0.9237],[0.13792,0.8587],],],
{"title":"Cl v Cd","sortData":false,"legend":{"show":false,"placement":"insideGrid","location":"ne"},"series":[{"showLabel":true,"index":0,"showLine":true,"trendline":{"type":"none","show":false},"color":"#4bb2c5"},{"showLabel":true,"index":0,"showLine":true,"trendline":{"type":"none","show":false},"color":"#EAA228"},{"showLabel":true,"index":0,"showLine":true,"trendline":{"type":"none","show":false},"color":"#839557"},{"showLabel":true,"index":0,"showLine":true,"trendline":{"type":"none","show":false},"color":"#953579"},{"showLabel":true,"index":0,"showLine":true,"trendline":{"type":"none","show":false},"color":"#d8b83f"}],"show":"$.jqplot.config.enablePlugins","axes":{"xaxis":{"max":0.14,"min":0,"tickInterval":0.02,"tickOptions":{"formatString":"%.2f"},"forceTickAt0":true,"rendererOptions":{"forceTickAt0":true}},"yaxis":{"max":1.5,"min":-1.5,"tickInterval":0.5,"tickOptions":{"formatString":"%.2f"},"forceTickAt0":true,"rendererOptions":{"forceTickAt0":true}}},"seriesDefaults":{"lineWidth":1,"showLabel":true,"markerOptions":{"size":5,"show":false}}});
jqplots.push(p);

var p = $.jqplot('liftaoa',[[[-9.000,-0.5693],[-8.750,-0.7142],[-8.500,-0.7137],[-8.250,-0.7642],[-8.000,-0.7681],[-7.750,-0.7702],[-7.500,-0.7678],[-7.250,-0.7586],[-7.000,-0.7428],[-6.750,-0.7290],[-6.500,-0.7134],[-6.250,-0.6942],[-6.000,-0.6744],[-5.750,-0.6537],[-5.500,-0.6311],[-5.250,-0.6064],[-5.000,-0.5831],[-4.750,-0.5614],[-4.500,-0.5414],[-4.250,-0.5291],[-4.000,-0.5177],[-3.750,-0.5027],[-3.500,-0.4803],[-3.250,-0.4247],[-3.000,-0.2970],[-2.750,-0.1843],[-2.500,-0.0912],[-2.250,-0.0830],[-2.000,-0.0746],[-1.750,-0.0661],[-1.500,-0.0574],[-1.250,-0.0485],[-1.000,-0.0393],[-0.750,-0.0297],[-0.500,-0.0199],[-0.250,-0.0100],[0.000,0.0000],[0.250,0.0100],[0.500,0.0199],[0.750,0.0297],[1.000,0.0393],[1.250,0.0485],[1.500,0.0574],[1.750,0.0661],[2.000,0.0747],[2.250,0.0831],[2.500,0.0913],[2.750,0.1843],[3.000,0.2974],[3.250,0.4247],[3.500,0.4803],[3.750,0.5026],[4.000,0.5176],[4.250,0.5291],[4.500,0.5413],[4.750,0.5613],[5.000,0.5830],[5.250,0.6063],[5.500,0.6311],[5.750,0.6536],[6.000,0.6744],[6.250,0.6942],[6.500,0.7133],[6.750,0.7289],[7.000,0.7428],[7.250,0.7590],[7.500,0.7679],[7.750,0.7707],[8.000,0.7677],[8.250,0.7649],[8.500,0.7260],[8.750,0.6992],[9.000,0.5669],],[[-9.750,-0.6402],[-9.500,-0.7228],[-9.250,-0.7280],[-9.000,-0.8160],[-8.750,-0.8199],[-8.500,-0.8242],[-8.250,-0.8075],[-8.000,-0.8037],[-7.750,-0.7970],[-7.500,-0.7890],[-7.250,-0.7711],[-7.000,-0.7540],[-6.750,-0.7372],[-6.500,-0.7158],[-6.250,-0.6939],[-6.000,-0.6719],[-5.750,-0.6496],[-5.500,-0.6265],[-5.250,-0.6042],[-5.000,-0.5836],[-4.750,-0.5639],[-4.500,-0.5459],[-4.250,-0.5316],[-4.000,-0.5198],[-3.750,-0.5050],[-3.500,-0.4884],[-3.250,-0.4707],[-3.000,-0.4511],[-2.750,-0.4276],[-2.500,-0.3961],[-2.250,-0.3457],[-2.000,-0.2781],[-1.750,-0.2084],[-1.500,-0.1341],[-1.250,-0.0629],[-1.000,-0.0197],[-0.750,-0.0138],[-0.500,-0.0085],[-0.250,-0.0040],[0.000,0.0000],[0.250,0.0040],[0.500,0.0085],[0.750,0.0138],[1.000,0.0197],[1.250,0.0628],[1.500,0.1342],[1.750,0.2086],[2.000,0.2783],[2.250,0.3459],[2.500,0.3960],[2.750,0.4275],[3.000,0.4510],[3.250,0.4705],[3.500,0.4883],[3.750,0.5049],[4.000,0.5197],[4.250,0.5315],[4.500,0.5458],[4.750,0.5638],[5.000,0.5835],[5.250,0.6041],[5.500,0.6264],[5.750,0.6495],[6.000,0.6719],[6.250,0.6938],[6.500,0.7158],[6.750,0.7371],[7.000,0.7540],[7.250,0.7711],[7.500,0.7891],[7.750,0.7971],[8.000,0.8036],[8.250,0.8073],[8.500,0.8242],[8.750,0.8197],[9.000,0.8155],[9.250,0.8169],[9.500,0.6962],[9.750,0.6376],],[[-11.250,-0.6705],[-11.000,-0.8444],[-10.750,-0.8669],[-10.500,-0.8878],[-10.250,-0.9017],[-10.000,-0.9029],[-9.750,-0.8815],[-9.500,-0.8837],[-9.250,-0.8850],[-9.000,-0.8811],[-8.750,-0.8795],[-8.500,-0.8645],[-8.250,-0.8480],[-8.000,-0.8321],[-7.750,-0.8178],[-7.500,-0.7988],[-7.250,-0.7791],[-7.000,-0.7603],[-6.750,-0.7396],[-6.500,-0.7182],[-6.250,-0.6978],[-6.000,-0.6767],[-5.750,-0.6552],[-5.500,-0.6358],[-5.250,-0.6153],[-5.000,-0.5963],[-4.750,-0.5763],[-4.500,-0.5576],[-4.250,-0.5393],[-4.000,-0.5231],[-3.750,-0.5067],[-3.500,-0.4890],[-3.250,-0.4712],[-3.000,-0.4536],[-2.750,-0.4358],[-2.500,-0.4180],[-2.250,-0.4003],[-2.000,-0.3815],[-1.750,-0.3586],[-1.500,-0.3136],[-1.250,-0.2544],[-1.000,-0.1999],[-0.750,-0.1466],[-0.500,-0.0922],[-0.250,-0.0360],[0.000,0.0000],[0.250,0.0357],[0.500,0.0922],[0.750,0.1467],[1.000,0.2002],[1.250,0.2545],[1.500,0.3136],[1.750,0.3585],[2.000,0.3814],[2.250,0.4002],[2.500,0.4179],[2.750,0.4356],[3.000,0.4534],[3.250,0.4711],[3.500,0.4888],[3.750,0.5066],[4.000,0.5230],[4.250,0.5392],[4.500,0.5574],[4.750,0.5760],[5.000,0.5962],[5.250,0.6151],[5.500,0.6357],[5.750,0.6551],[6.000,0.6766],[6.250,0.6977],[6.500,0.7182],[6.750,0.7396],[7.000,0.7602],[7.250,0.7791],[7.500,0.7987],[7.750,0.8178],[8.000,0.8321],[8.250,0.8480],[8.500,0.8646],[8.750,0.8795],[9.000,0.8815],[9.250,0.8856],[9.500,0.8843],[9.750,0.8810],[10.000,0.9059],[10.250,0.9028],[10.500,0.8875],[10.750,0.8670],[11.000,0.8431],[11.250,0.6691],],[[-13.500,-0.9606],[-13.250,-0.9745],[-13.000,-1.0011],[-12.750,-1.0177],[-12.500,-1.0291],[-12.250,-1.0369],[-12.000,-1.0608],[-11.750,-1.0741],[-11.500,-1.0836],[-11.250,-1.0805],[-11.000,-1.0713],[-10.750,-1.0593],[-10.500,-1.0463],[-10.250,-1.0324],[-10.000,-1.0141],[-9.750,-1.0053],[-9.500,-0.9869],[-9.250,-0.9677],[-9.000,-0.9473],[-8.750,-0.9343],[-8.500,-0.9127],[-8.250,-0.8880],[-8.000,-0.8723],[-7.750,-0.8495],[-7.500,-0.8256],[-7.250,-0.8101],[-7.000,-0.7886],[-6.750,-0.7671],[-6.500,-0.7446],[-6.250,-0.7271],[-6.000,-0.7062],[-5.750,-0.6849],[-5.500,-0.6630],[-5.250,-0.6448],[-5.000,-0.6239],[-4.750,-0.6024],[-4.500,-0.5825],[-4.250,-0.5614],[-4.000,-0.5410],[-3.750,-0.5211],[-3.500,-0.5018],[-3.250,-0.4658],[-3.000,-0.4292],[-2.750,-0.3949],[-2.500,-0.3587],[-2.250,-0.3206],[-2.000,-0.2893],[-1.750,-0.2533],[-1.500,-0.2183],[-1.250,-0.1878],[-1.000,-0.1507],[-0.750,-0.1175],[-0.500,-0.0775],[-0.250,-0.0411],[0.000,0.0000],[0.250,0.0411],[0.500,0.0775],[0.750,0.1176],[1.000,0.1507],[1.250,0.1876],[1.500,0.2183],[1.750,0.2534],[2.000,0.2894],[2.250,0.3208],[2.500,0.3587],[2.750,0.3949],[3.000,0.4291],[3.250,0.4659],[3.500,0.5018],[3.750,0.5210],[4.000,0.5408],[4.250,0.5613],[4.500,0.5823],[4.750,0.6022],[5.000,0.6238],[5.250,0.6446],[5.500,0.6628],[5.750,0.6847],[6.000,0.7060],[6.250,0.7270],[6.500,0.7443],[6.750,0.7669],[7.000,0.7885],[7.250,0.8099],[7.500,0.8255],[7.750,0.8495],[8.000,0.8722],[8.250,0.8884],[8.500,0.9127],[8.750,0.9343],[9.000,0.9476],[9.250,0.9683],[9.500,0.9872],[9.750,1.0051],[10.000,1.0138],[10.250,1.0302],[10.500,1.0455],[10.750,1.0594],[11.000,1.0708],[11.250,1.0802],[11.500,1.0836],[11.750,1.0759],[12.000,1.0573],[12.250,1.0474],[12.750,1.0188],[13.000,0.9975],[13.250,0.9841],[13.500,0.9716],[13.750,0.9556],[14.000,0.9304],[14.250,0.9222],[14.500,0.8787],],[[-15.750,-0.9871],[-15.500,-1.0438],[-15.250,-1.0914],[-15.000,-1.1223],[-14.750,-1.1600],[-14.500,-1.1752],[-14.250,-1.1861],[-14.000,-1.1989],[-13.750,-1.2016],[-13.500,-1.2067],[-13.250,-1.2041],[-13.000,-1.2065],[-12.750,-1.2068],[-12.500,-1.2016],[-12.250,-1.1928],[-12.000,-1.1821],[-11.750,-1.1702],[-11.500,-1.1545],[-11.250,-1.1400],[-11.000,-1.1227],[-10.750,-1.1151],[-10.500,-1.1003],[-10.250,-1.0829],[-10.000,-1.0642],[-9.750,-1.0448],[-9.500,-1.0266],[-9.250,-1.0087],[-9.000,-0.9884],[-8.750,-0.9685],[-8.500,-0.9485],[-8.250,-0.9267],[-8.000,-0.9066],[-7.750,-0.8842],[-7.500,-0.8620],[-7.250,-0.8417],[-7.000,-0.8193],[-6.750,-0.7967],[-6.500,-0.7737],[-6.250,-0.7546],[-6.000,-0.7332],[-5.750,-0.7112],[-5.500,-0.6888],[-5.250,-0.6586],[-5.000,-0.6243],[-4.750,-0.5891],[-4.500,-0.5537],[-4.250,-0.5211],[-4.000,-0.4881],[-3.750,-0.4543],[-3.500,-0.4198],[-3.250,-0.3843],[-3.000,-0.3557],[-2.750,-0.3231],[-2.500,-0.2883],[-2.250,-0.2521],[-2.000,-0.2245],[-1.750,-0.1893],[-1.500,-0.1589],[-1.250,-0.1276],[-1.000,-0.0987],[-0.750,-0.0729],[-0.500,-0.0475],[-0.250,-0.0235],[0.000,0.0000],[0.250,0.0234],[0.500,0.0475],[0.750,0.0729],[1.000,0.0986],[1.250,0.1275],[1.500,0.1590],[1.750,0.1894],[2.000,0.2244],[2.250,0.2522],[2.500,0.2884],[2.750,0.3232],[3.000,0.3556],[3.250,0.3845],[3.500,0.4200],[3.750,0.4544],[4.000,0.4882],[4.250,0.5213],[4.500,0.5540],[4.750,0.5893],[5.000,0.6245],[5.250,0.6588],[5.500,0.6886],[5.750,0.7110],[6.000,0.7330],[6.250,0.7544],[6.500,0.7734],[6.750,0.7966],[7.000,0.8195],[7.250,0.8416],[7.500,0.8619],[7.750,0.8841],[8.000,0.9064],[8.250,0.9262],[8.500,0.9483],[8.750,0.9684],[9.000,0.9883],[9.250,1.0086],[9.500,1.0263],[9.750,1.0447],[10.000,1.0642],[10.250,1.0825],[10.500,1.1005],[10.750,1.1148],[11.000,1.1221],[11.250,1.1390],[11.500,1.1556],[11.750,1.1693],[12.000,1.1825],[12.250,1.1920],[12.500,1.2007],[12.750,1.2089],[13.000,1.2030],[13.250,1.2041],[13.500,1.2026],[13.750,1.1965],[14.000,1.1930],[14.250,1.1852],[14.500,1.1714],[14.750,1.1570],[15.000,1.1258],[15.250,1.0770],[15.500,1.0198],[15.750,0.9688],[16.000,0.9237],[16.250,0.8587],],],
{"title":"Cl v Alpha","sortData":false,"legend":{"show":false,"placement":"insideGrid","location":"ne"},"series":[{"showLabel":true,"index":0,"showLine":true,"trendline":{"type":"none","show":false},"color":"#4bb2c5"},{"showLabel":true,"index":0,"showLine":true,"trendline":{"type":"none","show":false},"color":"#EAA228"},{"showLabel":true,"index":0,"showLine":true,"trendline":{"type":"none","show":false},"color":"#839557"},{"showLabel":true,"index":0,"showLine":true,"trendline":{"type":"none","show":false},"color":"#953579"},{"showLabel":true,"index":0,"showLine":true,"trendline":{"type":"none","show":false},"color":"#d8b83f"}],"show":"$.jqplot.config.enablePlugins","axes":{"xaxis":{"max":20,"min":-20,"tickInterval":5,"tickOptions":{"formatString":"%.1f"},"forceTickAt0":true,"rendererOptions":{"forceTickAt0":true}},"yaxis":{"max":1.5,"min":-1.5,"tickInterval":0.5,"tickOptions":{"formatString":"%.2f"},"forceTickAt0":true,"rendererOptions":{"forceTickAt0":true}}},"seriesDefaults":{"lineWidth":1,"showLabel":true,"markerOptions":{"size":5,"show":false}}});
jqplots.push(p);

var p = $.jqplot('momentaoa',[[[-9.000,0.0165],[-8.750,-0.0149],[-8.500,-0.0151],[-8.250,-0.0184],[-8.000,-0.0173],[-7.750,-0.0158],[-7.500,-0.0139],[-7.250,-0.0122],[-7.000,-0.0107],[-6.750,-0.0089],[-6.500,-0.0071],[-6.250,-0.0056],[-6.000,-0.0040],[-5.750,-0.0026],[-5.500,-0.0014],[-5.250,-0.0003],[-5.000,0.0009],[-4.750,0.0024],[-4.500,0.0044],[-4.250,0.0084],[-4.000,0.0134],[-3.750,0.0185],[-3.500,0.0231],[-3.250,0.0234],[-3.000,0.0091],[-2.750,-0.0069],[-2.500,-0.0216],[-2.250,-0.0204],[-2.000,-0.0188],[-1.750,-0.0170],[-1.500,-0.0149],[-1.250,-0.0126],[-1.000,-0.0102],[-0.750,-0.0077],[-0.500,-0.0052],[-0.250,-0.0026],[0.000,0.0000],[0.250,0.0026],[0.500,0.0052],[0.750,0.0077],[1.000,0.0102],[1.250,0.0126],[1.500,0.0149],[1.750,0.0170],[2.000,0.0188],[2.250,0.0204],[2.500,0.0216],[2.750,0.0070],[3.000,-0.0091],[3.250,-0.0234],[3.500,-0.0231],[3.750,-0.0185],[4.000,-0.0134],[4.250,-0.0083],[4.500,-0.0044],[4.750,-0.0024],[5.000,-0.0009],[5.250,0.0004],[5.500,0.0014],[5.750,0.0026],[6.000,0.0040],[6.250,0.0056],[6.500,0.0072],[6.750,0.0089],[7.000,0.0107],[7.250,0.0121],[7.500,0.0139],[7.750,0.0158],[8.000,0.0174],[8.250,0.0184],[8.500,0.0164],[8.750,0.0121],[9.000,-0.0169],],[[-9.750,-0.0047],[-9.500,-0.0257],[-9.250,-0.0244],[-9.000,-0.0241],[-8.750,-0.0220],[-8.500,-0.0189],[-8.250,-0.0187],[-8.000,-0.0160],[-7.750,-0.0132],[-7.500,-0.0102],[-7.250,-0.0090],[-7.000,-0.0071],[-6.750,-0.0051],[-6.500,-0.0039],[-6.250,-0.0025],[-6.000,-0.0014],[-5.750,-0.0001],[-5.500,0.0008],[-5.250,0.0021],[-5.000,0.0035],[-4.750,0.0051],[-4.500,0.0071],[-4.250,0.0095],[-4.000,0.0125],[-3.750,0.0152],[-3.500,0.0179],[-3.250,0.0206],[-3.000,0.0232],[-2.750,0.0252],[-2.500,0.0261],[-2.250,0.0235],[-2.000,0.0169],[-1.750,0.0092],[-1.500,0.0001],[-1.250,-0.0089],[-1.000,-0.0132],[-0.750,-0.0103],[-0.500,-0.0071],[-0.250,-0.0036],[0.000,0.0000],[0.250,0.0036],[0.500,0.0071],[0.750,0.0103],[1.000,0.0132],[1.250,0.0090],[1.500,-0.0001],[1.750,-0.0093],[2.000,-0.0170],[2.250,-0.0235],[2.500,-0.0261],[2.750,-0.0252],[3.000,-0.0231],[3.250,-0.0206],[3.500,-0.0179],[3.750,-0.0152],[4.000,-0.0124],[4.250,-0.0095],[4.500,-0.0070],[4.750,-0.0051],[5.000,-0.0035],[5.250,-0.0021],[5.500,-0.0008],[5.750,0.0002],[6.000,0.0015],[6.250,0.0025],[6.500,0.0040],[6.750,0.0051],[7.000,0.0071],[7.250,0.0091],[7.500,0.0102],[7.750,0.0132],[8.000,0.0160],[8.250,0.0187],[8.500,0.0189],[8.750,0.0220],[9.000,0.0242],[9.250,0.0254],[9.500,0.0152],[9.750,0.0041],],[[-11.250,-0.0078],[-11.000,-0.0377],[-10.750,-0.0367],[-10.500,-0.0333],[-10.250,-0.0304],[-10.000,-0.0281],[-9.750,-0.0273],[-9.500,-0.0246],[-9.250,-0.0215],[-9.000,-0.0184],[-8.750,-0.0152],[-8.500,-0.0138],[-8.250,-0.0121],[-8.000,-0.0097],[-7.750,-0.0080],[-7.500,-0.0066],[-7.250,-0.0049],[-7.000,-0.0036],[-6.750,-0.0023],[-6.500,-0.0009],[-6.250,0.0004],[-6.000,0.0017],[-5.750,0.0031],[-5.500,0.0046],[-5.250,0.0061],[-5.000,0.0078],[-4.750,0.0093],[-4.500,0.0111],[-4.250,0.0128],[-4.000,0.0148],[-3.750,0.0167],[-3.500,0.0185],[-3.250,0.0205],[-3.000,0.0225],[-2.750,0.0246],[-2.500,0.0268],[-2.250,0.0291],[-2.000,0.0313],[-1.750,0.0328],[-1.500,0.0302],[-1.250,0.0243],[-1.000,0.0191],[-0.750,0.0140],[-0.500,0.0085],[-0.250,0.0025],[0.000,0.0000],[0.250,-0.0024],[0.500,-0.0085],[0.750,-0.0140],[1.000,-0.0191],[1.250,-0.0243],[1.500,-0.0302],[1.750,-0.0328],[2.000,-0.0313],[2.250,-0.0291],[2.500,-0.0268],[2.750,-0.0246],[3.000,-0.0225],[3.250,-0.0205],[3.500,-0.0185],[3.750,-0.0167],[4.000,-0.0147],[4.250,-0.0128],[4.500,-0.0110],[4.750,-0.0093],[5.000,-0.0077],[5.250,-0.0060],[5.500,-0.0046],[5.750,-0.0031],[6.000,-0.0017],[6.250,-0.0003],[6.500,0.0009],[6.750,0.0023],[7.000,0.0036],[7.250,0.0049],[7.500,0.0066],[7.750,0.0080],[8.000,0.0098],[8.250,0.0120],[8.500,0.0138],[8.750,0.0152],[9.000,0.0184],[9.250,0.0214],[9.500,0.0245],[9.750,0.0273],[10.000,0.0278],[10.250,0.0302],[10.500,0.0334],[10.750,0.0365],[11.000,0.0375],[11.250,0.0076],],[[-13.500,-0.0264],[-13.250,-0.0319],[-13.000,-0.0377],[-12.750,-0.0404],[-12.500,-0.0409],[-12.250,-0.0399],[-12.000,-0.0366],[-11.750,-0.0323],[-11.500,-0.0279],[-11.250,-0.0250],[-11.000,-0.0227],[-10.750,-0.0206],[-10.500,-0.0186],[-10.250,-0.0166],[-10.000,-0.0151],[-9.750,-0.0124],[-9.500,-0.0109],[-9.250,-0.0095],[-9.000,-0.0082],[-8.750,-0.0058],[-8.500,-0.0047],[-8.250,-0.0041],[-8.000,-0.0020],[-7.750,-0.0011],[-7.500,-0.0003],[-7.250,0.0018],[-7.000,0.0030],[-6.750,0.0043],[-6.500,0.0054],[-6.250,0.0073],[-6.000,0.0086],[-5.750,0.0099],[-5.500,0.0111],[-5.250,0.0130],[-5.000,0.0144],[-4.750,0.0156],[-4.500,0.0172],[-4.250,0.0185],[-4.000,0.0199],[-3.750,0.0214],[-3.500,0.0228],[-3.250,0.0207],[-3.000,0.0185],[-2.750,0.0169],[-2.500,0.0149],[-2.250,0.0126],[-2.000,0.0118],[-1.750,0.0101],[-1.500,0.0087],[-1.250,0.0084],[-1.000,0.0068],[-0.750,0.0061],[-0.500,0.0039],[-0.250,0.0024],[0.000,0.0000],[0.250,-0.0025],[0.500,-0.0038],[0.750,-0.0061],[1.000,-0.0068],[1.250,-0.0084],[1.500,-0.0087],[1.750,-0.0101],[2.000,-0.0118],[2.250,-0.0126],[2.500,-0.0149],[2.750,-0.0169],[3.000,-0.0184],[3.250,-0.0207],[3.500,-0.0228],[3.750,-0.0213],[4.000,-0.0199],[4.250,-0.0185],[4.500,-0.0171],[4.750,-0.0156],[5.000,-0.0143],[5.250,-0.0130],[5.500,-0.0111],[5.750,-0.0099],[6.000,-0.0086],[6.250,-0.0072],[6.500,-0.0053],[6.750,-0.0042],[7.000,-0.0030],[7.250,-0.0018],[7.500,0.0003],[7.750,0.0011],[8.000,0.0021],[8.250,0.0040],[8.500,0.0047],[8.750,0.0058],[9.000,0.0082],[9.250,0.0094],[9.500,0.0109],[9.750,0.0124],[10.000,0.0152],[10.250,0.0169],[10.500,0.0187],[10.750,0.0206],[11.000,0.0227],[11.250,0.0250],[11.500,0.0279],[11.750,0.0321],[12.000,0.0368],[12.250,0.0394],[12.750,0.0402],[13.000,0.0372],[13.250,0.0329],[13.500,0.0278],[13.750,0.0221],[14.000,0.0154],[14.250,0.0118],[14.500,0.0040],],[[-15.750,-0.0031],[-15.500,-0.0109],[-15.250,-0.0187],[-15.000,-0.0258],[-14.750,-0.0343],[-14.500,-0.0384],[-14.250,-0.0407],[-14.000,-0.0412],[-13.750,-0.0405],[-13.500,-0.0386],[-13.250,-0.0366],[-13.000,-0.0334],[-12.750,-0.0299],[-12.500,-0.0270],[-12.250,-0.0246],[-12.000,-0.0224],[-11.750,-0.0202],[-11.500,-0.0185],[-11.250,-0.0167],[-11.000,-0.0151],[-10.750,-0.0121],[-10.500,-0.0101],[-10.250,-0.0084],[-10.000,-0.0069],[-9.750,-0.0055],[-9.500,-0.0038],[-9.250,-0.0020],[-9.000,-0.0007],[-8.750,0.0008],[-8.500,0.0022],[-8.250,0.0033],[-8.000,0.0047],[-7.750,0.0058],[-7.500,0.0069],[-7.250,0.0083],[-7.000,0.0094],[-6.750,0.0104],[-6.500,0.0114],[-6.250,0.0131],[-6.000,0.0144],[-5.750,0.0155],[-5.500,0.0166],[-5.250,0.0160],[-5.000,0.0145],[-4.750,0.0128],[-4.500,0.0111],[-4.250,0.0100],[-4.000,0.0088],[-3.750,0.0074],[-3.500,0.0057],[-3.250,0.0039],[-3.000,0.0036],[-2.750,0.0025],[-2.500,0.0009],[-2.250,-0.0010],[-2.000,-0.0009],[-1.750,-0.0025],[-1.500,-0.0030],[-1.250,-0.0037],[-1.000,-0.0038],[-0.750,-0.0031],[-0.500,-0.0023],[-0.250,-0.0012],[0.000,0.0000],[0.250,0.0012],[0.500,0.0024],[0.750,0.0031],[1.000,0.0038],[1.250,0.0037],[1.500,0.0030],[1.750,0.0025],[2.000,0.0010],[2.250,0.0010],[2.500,-0.0009],[2.750,-0.0025],[3.000,-0.0036],[3.250,-0.0039],[3.500,-0.0058],[3.750,-0.0074],[4.000,-0.0088],[4.250,-0.0101],[4.500,-0.0112],[4.750,-0.0129],[5.000,-0.0145],[5.250,-0.0160],[5.500,-0.0166],[5.750,-0.0155],[6.000,-0.0143],[6.250,-0.0130],[6.500,-0.0113],[6.750,-0.0104],[7.000,-0.0094],[7.250,-0.0083],[7.500,-0.0068],[7.750,-0.0057],[8.000,-0.0047],[8.250,-0.0032],[8.500,-0.0021],[8.750,-0.0007],[9.000,0.0007],[9.250,0.0021],[9.500,0.0038],[9.750,0.0055],[10.000,0.0069],[10.250,0.0085],[10.500,0.0101],[10.750,0.0122],[11.000,0.0152],[11.250,0.0168],[11.500,0.0184],[11.750,0.0203],[12.000,0.0223],[12.250,0.0247],[12.500,0.0270],[12.750,0.0295],[13.000,0.0338],[13.250,0.0365],[13.500,0.0388],[13.750,0.0405],[14.000,0.0410],[14.250,0.0403],[14.500,0.0377],[14.750,0.0333],[15.000,0.0257],[15.250,0.0164],[15.500,0.0078],[15.750,0.0005],[16.000,-0.0061],[16.250,-0.0156],],],
{"title":"Cm v Alpha","sortData":false,"legend":{"show":false,"placement":"insideGrid","location":"ne"},"series":[{"showLabel":true,"index":0,"showLine":true,"trendline":{"type":"none","show":false},"color":"#4bb2c5"},{"showLabel":true,"index":0,"showLine":true,"trendline":{"type":"none","show":false},"color":"#EAA228"},{"showLabel":true,"index":0,"showLine":true,"trendline":{"type":"none","show":false},"color":"#839557"},{"showLabel":true,"index":0,"showLine":true,"trendline":{"type":"none","show":false},"color":"#953579"},{"showLabel":true,"index":0,"showLine":true,"trendline":{"type":"none","show":false},"color":"#d8b83f"}],"show":"$.jqplot.config.enablePlugins","axes":{"xaxis":{"max":20,"min":-20,"tickInterval":5,"tickOptions":{"formatString":"%.1f"},"forceTickAt0":true,"rendererOptions":{"forceTickAt0":true}},"yaxis":{"max":0.05,"min":-0.05,"tickInterval":0.01,"tickOptions":{"formatString":"%.2f"},"forceTickAt0":true,"rendererOptions":{"forceTickAt0":true}}},"seriesDefaults":{"lineWidth":1,"showLabel":true,"markerOptions":{"size":5,"show":false}}});
jqplots.push(p);

var p = $.jqplot('dragaoa',[[[-9.000,0.10116],[-8.750,0.07868],[-8.500,0.07346],[-8.250,0.06347],[-8.000,0.05866],[-7.750,0.05414],[-7.500,0.04985],[-7.250,0.04570],[-7.000,0.04225],[-6.750,0.03964],[-6.500,0.03689],[-6.250,0.03431],[-6.000,0.03181],[-5.750,0.03001],[-5.500,0.02822],[-5.250,0.02638],[-5.000,0.02481],[-4.750,0.02330],[-4.500,0.02154],[-4.250,0.01998],[-4.000,0.01915],[-3.750,0.01887],[-3.500,0.01909],[-3.250,0.02039],[-3.000,0.02197],[-2.750,0.02164],[-2.500,0.02030],[-2.250,0.01956],[-2.000,0.01894],[-1.750,0.01842],[-1.500,0.01800],[-1.250,0.01766],[-1.000,0.01739],[-0.750,0.01719],[-0.500,0.01705],[-0.250,0.01696],[0.000,0.01694],[0.250,0.01696],[0.500,0.01704],[0.750,0.01718],[1.000,0.01739],[1.250,0.01765],[1.500,0.01800],[1.750,0.01842],[2.000,0.01894],[2.250,0.01956],[2.500,0.02030],[2.750,0.02163],[3.000,0.02197],[3.250,0.02038],[3.500,0.01909],[3.750,0.01887],[4.000,0.01915],[4.250,0.01998],[4.500,0.02154],[4.750,0.02330],[5.000,0.02481],[5.250,0.02638],[5.500,0.02822],[5.750,0.03001],[6.000,0.03181],[6.250,0.03431],[6.500,0.03689],[6.750,0.03964],[7.000,0.04226],[7.250,0.04572],[7.500,0.04985],[7.750,0.05416],[8.000,0.05871],[8.250,0.06348],[8.500,0.07196],[8.750,0.08127],[9.000,0.10116],],[[-9.750,0.09783],[-9.500,0.07389],[-9.250,0.07174],[-9.000,0.05631],[-8.750,0.05152],[-8.500,0.04803],[-8.250,0.04520],[-8.000,0.04147],[-7.750,0.03798],[-7.500,0.03532],[-7.250,0.03273],[-7.000,0.03062],[-6.750,0.02863],[-6.500,0.02676],[-6.250,0.02517],[-6.000,0.02363],[-5.750,0.02250],[-5.500,0.02104],[-5.250,0.01990],[-5.000,0.01889],[-4.750,0.01787],[-4.500,0.01676],[-4.250,0.01542],[-4.000,0.01424],[-3.750,0.01356],[-3.500,0.01309],[-3.250,0.01273],[-3.000,0.01247],[-2.750,0.01237],[-2.500,0.01253],[-2.250,0.01306],[-2.000,0.01364],[-1.750,0.01399],[-1.500,0.01406],[-1.250,0.01388],[-1.000,0.01352],[-0.750,0.01323],[-0.500,0.01303],[-0.250,0.01291],[0.000,0.01287],[0.250,0.01291],[0.500,0.01303],[0.750,0.01323],[1.000,0.01352],[1.250,0.01387],[1.500,0.01406],[1.750,0.01399],[2.000,0.01363],[2.250,0.01306],[2.500,0.01253],[2.750,0.01237],[3.000,0.01247],[3.250,0.01273],[3.500,0.01309],[3.750,0.01356],[4.000,0.01424],[4.250,0.01541],[4.500,0.01676],[4.750,0.01787],[5.000,0.01890],[5.250,0.01990],[5.500,0.02104],[5.750,0.02250],[6.000,0.02364],[6.250,0.02517],[6.500,0.02676],[6.750,0.02863],[7.000,0.03063],[7.250,0.03274],[7.500,0.03528],[7.750,0.03798],[8.000,0.04149],[8.250,0.04527],[8.500,0.04805],[8.750,0.05156],[9.000,0.05629],[9.250,0.06167],[9.500,0.09159],[9.750,0.09795],],[[-11.250,0.10051],[-11.000,0.05643],[-10.750,0.05254],[-10.500,0.04930],[-10.250,0.04588],[-10.000,0.04358],[-9.750,0.04456],[-9.500,0.04164],[-9.250,0.03833],[-9.000,0.03557],[-8.750,0.03141],[-8.500,0.03018],[-8.250,0.02934],[-8.000,0.02811],[-7.750,0.02512],[-7.500,0.02453],[-7.250,0.02385],[-7.000,0.02185],[-6.750,0.02103],[-6.500,0.02027],[-6.250,0.01882],[-6.000,0.01799],[-5.750,0.01729],[-5.500,0.01626],[-5.250,0.01568],[-5.000,0.01486],[-4.750,0.01429],[-4.500,0.01361],[-4.250,0.01291],[-4.000,0.01198],[-3.750,0.01124],[-3.500,0.01074],[-3.250,0.01032],[-3.000,0.00996],[-2.750,0.00967],[-2.500,0.00941],[-2.250,0.00918],[-2.000,0.00901],[-1.750,0.00893],[-1.500,0.00907],[-1.250,0.00939],[-1.000,0.00965],[-0.750,0.00990],[-0.500,0.01007],[-0.250,0.01017],[0.000,0.01018],[0.250,0.01017],[0.500,0.01007],[0.750,0.00989],[1.000,0.00965],[1.250,0.00939],[1.500,0.00907],[1.750,0.00892],[2.000,0.00901],[2.250,0.00918],[2.500,0.00941],[2.750,0.00966],[3.000,0.00996],[3.250,0.01032],[3.500,0.01074],[3.750,0.01123],[4.000,0.01198],[4.250,0.01290],[4.500,0.01361],[4.750,0.01431],[5.000,0.01486],[5.250,0.01568],[5.500,0.01626],[5.750,0.01729],[6.000,0.01799],[6.250,0.01881],[6.500,0.02029],[6.750,0.02104],[7.000,0.02187],[7.250,0.02383],[7.500,0.02456],[7.750,0.02511],[8.000,0.02810],[8.250,0.02931],[8.500,0.03016],[8.750,0.03146],[9.000,0.03543],[9.250,0.03820],[9.500,0.04155],[9.750,0.04469],[10.000,0.04314],[10.250,0.04579],[10.500,0.04935],[10.750,0.05261],[11.000,0.05666],[11.250,0.10213],],[[-13.500,0.06449],[-13.250,0.05737],[-13.000,0.04929],[-12.750,0.04406],[-12.500,0.04040],[-12.250,0.03768],[-12.000,0.03389],[-11.750,0.03140],[-11.500,0.02901],[-11.250,0.02724],[-11.000,0.02596],[-10.750,0.02486],[-10.500,0.02376],[-10.250,0.02269],[-10.000,0.02207],[-9.750,0.02030],[-9.500,0.01967],[-9.250,0.01908],[-9.000,0.01860],[-8.750,0.01724],[-8.500,0.01692],[-8.250,0.01701],[-8.000,0.01595],[-7.750,0.01580],[-7.500,0.01582],[-7.250,0.01469],[-7.000,0.01438],[-6.750,0.01405],[-6.500,0.01388],[-6.250,0.01308],[-6.000,0.01272],[-5.750,0.01241],[-5.500,0.01219],[-5.250,0.01154],[-5.000,0.01121],[-4.750,0.01098],[-4.500,0.01056],[-4.250,0.01029],[-4.000,0.00995],[-3.750,0.00958],[-3.500,0.00916],[-3.250,0.00869],[-3.000,0.00831],[-2.750,0.00794],[-2.500,0.00762],[-2.250,0.00730],[-2.000,0.00697],[-1.750,0.00667],[-1.500,0.00637],[-1.250,0.00605],[-1.000,0.00577],[-0.750,0.00559],[-0.500,0.00546],[-0.250,0.00539],[0.000,0.00536],[0.250,0.00539],[0.500,0.00545],[0.750,0.00559],[1.000,0.00576],[1.250,0.00605],[1.500,0.00637],[1.750,0.00666],[2.000,0.00697],[2.250,0.00729],[2.500,0.00762],[2.750,0.00794],[3.000,0.00831],[3.250,0.00869],[3.500,0.00916],[3.750,0.00957],[4.000,0.00995],[4.250,0.01028],[4.500,0.01056],[4.750,0.01098],[5.000,0.01121],[5.250,0.01153],[5.500,0.01220],[5.750,0.01242],[6.000,0.01273],[6.250,0.01308],[6.500,0.01390],[6.750,0.01407],[7.000,0.01438],[7.250,0.01470],[7.500,0.01582],[7.750,0.01580],[8.000,0.01596],[8.250,0.01695],[8.500,0.01692],[8.750,0.01724],[9.000,0.01857],[9.250,0.01901],[9.500,0.01964],[9.750,0.02033],[10.000,0.02213],[10.250,0.02299],[10.500,0.02389],[10.750,0.02488],[11.000,0.02606],[11.250,0.02733],[11.500,0.02905],[11.750,0.03134],[12.000,0.03426],[12.250,0.03678],[12.750,0.04405],[13.000,0.04994],[13.250,0.05587],[13.500,0.06249],[13.750,0.07034],[14.000,0.08038],[14.250,0.08669],[14.500,0.10107],],[[-15.750,0.10108],[-15.500,0.08589],[-15.250,0.07218],[-15.000,0.06145],[-14.750,0.05005],[-14.500,0.04398],[-14.250,0.03952],[-14.000,0.03570],[-13.750,0.03340],[-13.500,0.03120],[-13.250,0.02981],[-13.000,0.02823],[-12.750,0.02695],[-12.500,0.02578],[-12.250,0.02464],[-12.000,0.02356],[-11.750,0.02252],[-11.500,0.02177],[-11.250,0.02088],[-11.000,0.02020],[-10.750,0.01853],[-10.500,0.01755],[-10.250,0.01681],[-10.000,0.01621],[-9.750,0.01566],[-9.500,0.01498],[-9.250,0.01427],[-9.000,0.01382],[-8.750,0.01333],[-8.500,0.01286],[-8.250,0.01259],[-8.000,0.01213],[-7.750,0.01193],[-7.500,0.01172],[-7.250,0.01130],[-7.000,0.01112],[-6.750,0.01097],[-6.500,0.01089],[-6.250,0.01035],[-6.000,0.01010],[-5.750,0.00990],[-5.500,0.00979],[-5.250,0.00948],[-5.000,0.00923],[-4.750,0.00907],[-4.500,0.00878],[-4.250,0.00856],[-4.000,0.00825],[-3.750,0.00791],[-3.500,0.00752],[-3.250,0.00715],[-3.000,0.00677],[-2.750,0.00641],[-2.500,0.00610],[-2.250,0.00580],[-2.000,0.00552],[-1.750,0.00525],[-1.500,0.00501],[-1.250,0.00478],[-1.000,0.00454],[-0.750,0.00435],[-0.500,0.00427],[-0.250,0.00423],[0.000,0.00422],[0.250,0.00423],[0.500,0.00427],[0.750,0.00435],[1.000,0.00454],[1.250,0.00478],[1.500,0.00500],[1.750,0.00525],[2.000,0.00553],[2.250,0.00580],[2.500,0.00610],[2.750,0.00641],[3.000,0.00677],[3.250,0.00715],[3.500,0.00752],[3.750,0.00791],[4.000,0.00825],[4.250,0.00855],[4.500,0.00878],[4.750,0.00906],[5.000,0.00923],[5.250,0.00948],[5.500,0.00979],[5.750,0.00990],[6.000,0.01009],[6.250,0.01035],[6.500,0.01090],[6.750,0.01097],[7.000,0.01108],[7.250,0.01129],[7.500,0.01171],[7.750,0.01193],[8.000,0.01213],[8.250,0.01262],[8.500,0.01286],[8.750,0.01333],[9.000,0.01383],[9.250,0.01426],[9.500,0.01501],[9.750,0.01567],[10.000,0.01621],[10.250,0.01685],[10.500,0.01752],[10.750,0.01858],[11.000,0.02029],[11.250,0.02100],[11.500,0.02170],[11.750,0.02265],[12.000,0.02358],[12.250,0.02475],[12.500,0.02590],[12.750,0.02689],[13.000,0.02851],[13.250,0.02989],[13.500,0.03162],[13.750,0.03395],[14.000,0.03642],[14.250,0.03982],[14.500,0.04477],[14.750,0.05090],[15.000,0.06115],[15.250,0.07545],[15.500,0.09089],[15.750,0.10517],[16.000,0.11857],[16.250,0.13792],],],
{"title":"Cd v Alpha","sortData":false,"legend":{"show":false,"placement":"insideGrid","location":"ne"},"series":[{"showLabel":true,"index":0,"showLine":true,"trendline":{"type":"none","show":false},"color":"#4bb2c5"},{"showLabel":true,"index":0,"showLine":true,"trendline":{"type":"none","show":false},"color":"#EAA228"},{"showLabel":true,"index":0,"showLine":true,"trendline":{"type":"none","show":false},"color":"#839557"},{"showLabel":true,"index":0,"showLine":true,"trendline":{"type":"none","show":false},"color":"#953579"},{"showLabel":true,"index":0,"showLine":true,"trendline":{"type":"none","show":false},"color":"#d8b83f"}],"show":"$.jqplot.config.enablePlugins","axes":{"xaxis":{"max":20,"min":-20,"tickInterval":5,"tickOptions":{"formatString":"%.1f"},"forceTickAt0":true,"rendererOptions":{"forceTickAt0":true}},"yaxis":{"max":0.14,"min":0,"tickInterval":0.02,"tickOptions":{"formatString":"%.2f"},"forceTickAt0":true,"rendererOptions":{"forceTickAt0":true}}},"seriesDefaults":{"lineWidth":1,"showLabel":true,"markerOptions":{"size":5,"show":false}}});
jqplots.push(p);

var p = $.jqplot('effaoa',[[[-9.000,-5.6277184657968],[-8.750,-9.0772750381291],[-8.500,-9.7154914239042],[-8.250,-12.040334016071],[-8.000,-13.094101602455],[-7.750,-14.226080531954],[-7.500,-15.40220661986],[-7.250,-16.599562363239],[-7.000,-17.581065088757],[-6.750,-18.390514631685],[-6.500,-19.338574139333],[-6.250,-20.233168172544],[-6.000,-21.200880226344],[-5.750,-21.782739086971],[-5.500,-22.363571934798],[-5.250,-22.987111448067],[-5.000,-23.502619911326],[-4.750,-24.094420600858],[-4.500,-25.134633240483],[-4.250,-26.481481481481],[-4.000,-27.033942558747],[-3.750,-26.640169581346],[-3.500,-25.159769512834],[-3.250,-20.828837665522],[-3.000,-13.518434228493],[-2.750,-8.5166358595194],[-2.500,-4.4926108374384],[-2.250,-4.2433537832311],[-2.000,-3.9387539598733],[-1.750,-3.5884907709012],[-1.500,-3.1888888888889],[-1.250,-2.7463193657984],[-1.000,-2.259919493962],[-0.750,-1.7277486910995],[-0.500,-1.1671554252199],[-0.250,-0.58962264150943],[0.000,0],[0.250,0.58962264150943],[0.500,1.1678403755869],[0.750,1.7287543655413],[1.000,2.259919493962],[1.250,2.7478753541076],[1.500,3.1888888888889],[1.750,3.5884907709012],[2.000,3.9440337909187],[2.250,4.2484662576687],[2.500,4.4975369458128],[2.750,8.5205732778548],[3.000,13.536640873919],[3.250,20.839057899902],[3.500,25.159769512834],[3.750,26.634870164282],[4.000,27.028720626632],[4.250,26.481481481481],[4.500,25.129990714949],[4.750,24.090128755365],[5.000,23.498589278517],[5.250,22.983320697498],[5.500,22.363571934798],[5.750,21.779406864379],[6.000,21.200880226344],[6.250,20.233168172544],[6.500,19.335863377609],[6.750,18.387991927346],[7.000,17.576904874586],[7.250,16.601049868766],[7.500,15.404212637914],[7.750,14.230059084195],[8.000,13.076136944303],[8.250,12.049464398236],[8.500,10.088938299055],[8.750,8.603420696444],[9.000,5.6039936733887],],[[-9.750,-6.5440049064704],[-9.500,-9.7821085397212],[-9.250,-10.147755784778],[-9.000,-14.491209376665],[-8.750,-15.914208074534],[-8.500,-17.160108265667],[-8.250,-17.865044247788],[-8.000,-19.380274897516],[-7.750,-20.984728804634],[-7.500,-22.338618346546],[-7.250,-23.559425603422],[-7.000,-24.624428478119],[-6.750,-25.749214111072],[-6.500,-26.748878923767],[-6.250,-27.568533969011],[-6.000,-28.434193821413],[-5.750,-28.871111111111],[-5.500,-29.776615969582],[-5.250,-30.361809045226],[-5.000,-30.894653255691],[-4.750,-31.555679910464],[-4.500,-32.571599045346],[-4.250,-34.474708171206],[-4.000,-36.502808988764],[-3.750,-37.241887905605],[-3.500,-37.310924369748],[-3.250,-36.975648075412],[-3.000,-36.174819566961],[-2.750,-34.567502021019],[-2.500,-31.612130885874],[-2.250,-26.470137825421],[-2.000,-20.388563049853],[-1.750,-14.896354538956],[-1.500,-9.5376955903272],[-1.250,-4.5317002881844],[-1.000,-1.457100591716],[-0.750,-1.0430839002268],[-0.500,-0.65234075211051],[-0.250,-0.30983733539892],[0.000,0],[0.250,0.30983733539892],[0.500,0.65234075211051],[0.750,1.0430839002268],[1.000,1.457100591716],[1.250,4.5277577505407],[1.500,9.5448079658606],[1.750,14.910650464618],[2.000,20.41819515774],[2.250,26.485451761103],[2.500,31.604150039904],[2.750,34.559417946645],[3.000,36.16680032077],[3.250,36.959937156324],[3.500,37.303284950344],[3.750,37.234513274336],[4.000,36.495786516854],[4.250,34.490590525633],[4.500,32.565632458234],[4.750,31.550083939564],[5.000,30.873015873016],[5.250,30.356783919598],[5.500,29.771863117871],[5.750,28.866666666667],[6.000,28.422165820643],[6.250,27.5645609853],[6.500,26.748878923767],[6.750,25.745721271394],[7.000,24.616389160953],[7.250,23.552229688454],[7.500,22.366780045351],[7.750,20.987361769352],[8.000,19.368522535551],[8.250,17.833001988072],[8.500,17.15296566077],[8.750,15.897982932506],[9.000,14.487475572926],[9.250,13.246311010216],[9.500,7.6012665138116],[9.750,6.5094435936702],],[[-11.250,-6.6709780121381],[-11.000,-14.963671805777],[-10.750,-16.499809668824],[-10.500,-18.008113590264],[-10.250,-19.653443766347],[-10.000,-20.718219366682],[-9.750,-19.782315978456],[-9.500,-21.222382324688],[-9.250,-23.088964257762],[-9.000,-24.770874332303],[-8.750,-28.000636739892],[-8.500,-28.64479787939],[-8.250,-28.902522154056],[-8.000,-29.60156527926],[-7.750,-32.555732484076],[-7.500,-32.564207093355],[-7.250,-32.666666666667],[-7.000,-34.796338672769],[-6.750,-35.168806466952],[-6.500,-35.431672422299],[-6.250,-37.077577045696],[-6.000,-37.615341856587],[-5.750,-37.894736842105],[-5.500,-39.10209102091],[-5.250,-39.241071428571],[-5.000,-40.127860026918],[-4.750,-40.328901329601],[-4.500,-40.969875091844],[-4.250,-41.773818745159],[-4.000,-43.664440734558],[-3.750,-45.080071174377],[-3.500,-45.530726256983],[-3.250,-45.658914728682],[-3.000,-45.542168674699],[-2.750,-45.06721820062],[-2.500,-44.42082890542],[-2.250,-43.605664488017],[-2.000,-42.341842397336],[-1.750,-40.156774916013],[-1.500,-34.57552370452],[-1.250,-27.092651757188],[-1.000,-20.715025906736],[-0.750,-14.808080808081],[-0.500,-9.1559086395233],[-0.250,-3.5398230088496],[0.000,0],[0.250,3.5103244837758],[0.500,9.1559086395233],[0.750,14.833164812942],[1.000,20.746113989637],[1.250,27.103301384452],[1.500,34.57552370452],[1.750,40.190582959641],[2.000,42.330743618202],[2.250,43.59477124183],[2.500,44.410201912859],[2.750,45.093167701863],[3.000,45.522088353414],[3.250,45.649224806202],[3.500,45.512104283054],[3.750,45.111308993767],[4.000,43.656093489149],[4.250,41.798449612403],[4.500,40.955180014695],[4.750,40.251572327044],[5.000,40.121130551817],[5.250,39.228316326531],[5.500,39.09594095941],[5.750,37.888953152111],[6.000,37.609783212896],[6.250,37.09197235513],[6.500,35.396747166092],[6.750,35.152091254753],[7.000,34.759945130316],[7.250,32.694083088544],[7.500,32.520358306189],[7.750,32.568697729988],[8.000,29.612099644128],[8.250,28.932105083589],[8.500,28.667108753316],[8.750,27.956134774317],[9.000,24.880045159469],[9.250,23.183246073298],[9.500,21.282791817088],[9.750,19.713582456925],[10.000,20.999072786277],[10.250,19.716095217296],[10.500,17.983789260385],[10.750,16.479756700247],[11.000,14.879985880692],[11.250,6.5514540291785],],[[-13.500,-14.895332609707],[-13.250,-16.986229736796],[-13.000,-20.310407790627],[-12.750,-23.098048116205],[-12.500,-25.472772277228],[-12.250,-27.518577494692],[-12.000,-31.301268810859],[-11.750,-34.207006369427],[-11.500,-37.352637021717],[-11.250,-39.665932452276],[-11.000,-41.267334360555],[-10.750,-42.610619469027],[-10.500,-44.036195286195],[-10.250,-45.500220361393],[-10.000,-45.949252378795],[-9.750,-49.522167487685],[-9.500,-50.172852058973],[-9.250,-50.718029350105],[-9.000,-50.930107526882],[-8.750,-54.19373549884],[-8.500,-53.942080378251],[-8.250,-52.204585537919],[-8.000,-54.689655172414],[-7.750,-53.76582278481],[-7.500,-52.187104930468],[-7.250,-55.146358066712],[-7.000,-54.840055632823],[-6.750,-54.597864768683],[-6.500,-53.64553314121],[-6.250,-55.588685015291],[-6.000,-55.518867924528],[-5.750,-55.1893634166],[-5.500,-54.388843314192],[-5.250,-55.875216637782],[-5.000,-55.655664585192],[-4.750,-54.863387978142],[-4.500,-55.160984848485],[-4.250,-54.557823129252],[-4.000,-54.371859296482],[-3.750,-54.394572025052],[-3.500,-54.781659388646],[-3.250,-53.601841196778],[-3.000,-51.64861612515],[-2.750,-49.735516372796],[-2.500,-47.073490813648],[-2.250,-43.917808219178],[-2.000,-41.506456241033],[-1.750,-37.976011994003],[-1.500,-34.270015698587],[-1.250,-31.04132231405],[-1.000,-26.117850953206],[-0.750,-21.019677996422],[-0.500,-14.194139194139],[-0.250,-7.6252319109462],[0.000,0],[0.250,7.6252319109462],[0.500,14.220183486239],[0.750,21.037567084079],[1.000,26.163194444444],[1.250,31.00826446281],[1.500,34.270015698587],[1.750,38.048048048048],[2.000,41.520803443329],[2.250,44.00548696845],[2.500,47.073490813648],[2.750,49.735516372796],[3.000,51.636582430806],[3.250,53.61334867664],[3.500,54.781659388646],[3.750,54.440961337513],[4.000,54.35175879397],[4.250,54.601167315175],[4.500,55.142045454545],[4.750,54.845173041894],[5.000,55.646743978591],[5.250,55.906331309627],[5.500,54.327868852459],[5.750,55.128824476651],[6.000,55.459544383346],[6.250,55.581039755352],[6.500,53.546762589928],[6.750,54.506041222459],[7.000,54.833101529903],[7.250,55.095238095238],[7.500,52.180783817952],[7.750,53.76582278481],[8.000,54.649122807018],[8.250,52.412979351032],[8.500,53.942080378251],[8.750,54.19373549884],[9.000,51.028540656974],[9.250,50.936349289847],[9.500,50.264765784114],[9.750,49.439252336449],[10.000,45.811116131948],[10.250,44.810787298826],[10.500,43.76308078694],[10.750,42.58038585209],[11.000,41.089792785879],[11.250,39.524332235638],[11.500,37.301204819277],[11.750,34.32992980217],[12.000,30.861062463514],[12.250,28.477433387711],[12.750,23.128263337117],[13.000,19.973968762515],[13.250,17.614104170396],[13.500,15.548087694031],[13.750,13.585442138186],[14.000,11.575018661359],[14.250,10.637905179375],[14.500,8.6939744731374],],[[-15.750,-9.7655322516818],[-15.500,-12.152753521947],[-15.250,-15.120532003325],[-15.000,-18.26362896664],[-14.750,-23.176823176823],[-14.500,-26.721236925875],[-14.250,-30.012651821862],[-14.000,-33.582633053221],[-13.750,-35.976047904192],[-13.500,-38.676282051282],[-13.250,-40.392485743039],[-13.000,-42.738221749911],[-12.750,-44.779220779221],[-12.500,-46.609775019395],[-12.250,-48.409090909091],[-12.000,-50.1740237691],[-11.750,-51.96269982238],[-11.500,-53.03169499311],[-11.250,-54.597701149425],[-11.000,-55.579207920792],[-10.750,-60.178089584458],[-10.500,-62.695156695157],[-10.250,-64.41998810232],[-10.000,-65.650832819247],[-9.750,-66.717752234994],[-9.500,-68.531375166889],[-9.250,-70.686755430974],[-9.000,-71.519536903039],[-8.750,-72.655663915979],[-8.500,-73.755832037325],[-8.250,-73.606036536934],[-8.000,-74.740313272877],[-7.750,-74.115674769489],[-7.500,-73.549488054608],[-7.250,-74.486725663717],[-7.000,-73.678057553957],[-6.750,-72.625341841386],[-6.500,-71.046831955923],[-6.250,-72.908212560386],[-6.000,-72.594059405941],[-5.750,-71.838383838384],[-5.500,-70.357507660878],[-5.250,-69.472573839662],[-5.000,-67.638136511376],[-4.750,-64.950385887541],[-4.500,-63.063781321185],[-4.250,-60.876168224299],[-4.000,-59.163636363636],[-3.750,-57.433628318584],[-3.500,-55.824468085106],[-3.250,-53.748251748252],[-3.000,-52.540620384047],[-2.750,-50.405616224649],[-2.500,-47.262295081967],[-2.250,-43.465517241379],[-2.000,-40.670289855072],[-1.750,-36.057142857143],[-1.500,-31.716566866267],[-1.250,-26.694560669456],[-1.000,-21.740088105727],[-0.750,-16.758620689655],[-0.500,-11.124121779859],[-0.250,-5.5555555555556],[0.000,0],[0.250,5.531914893617],[0.500,11.124121779859],[0.750,16.758620689655],[1.000,21.718061674009],[1.250,26.673640167364],[1.500,31.8],[1.750,36.07619047619],[2.000,40.578661844485],[2.250,43.48275862069],[2.500,47.27868852459],[2.750,50.421216848674],[3.000,52.525849335303],[3.250,53.776223776224],[3.500,55.851063829787],[3.750,57.446270543616],[4.000,59.175757575758],[4.250,60.970760233918],[4.500,63.097949886105],[4.750,65.044150110375],[5.000,67.659804983749],[5.250,69.493670886076],[5.500,70.337078651685],[5.750,71.818181818182],[6.000,72.646184340932],[6.250,72.888888888889],[6.500,70.954128440367],[6.750,72.616226071103],[7.000,73.962093862816],[7.250,74.543844109832],[7.500,73.603757472246],[7.750,74.107292539816],[8.000,74.723825226711],[8.250,73.391442155309],[8.500,73.740279937792],[8.750,72.64816204051],[9.000,71.460592913955],[9.250,70.729312762973],[9.500,68.374417055296],[9.750,66.668793873644],[10.000,65.650832819247],[10.250,64.243323442137],[10.500,62.813926940639],[10.750,60],[11.000,55.303104977822],[11.250,54.238095238095],[11.500,53.253456221198],[11.750,51.62472406181],[12.000,50.148430873622],[12.250,48.161616161616],[12.500,46.359073359073],[12.750,44.957233172183],[13.000,42.195720799719],[13.250,40.2843760455],[13.500,38.032890575585],[13.750,35.243004418262],[14.000,32.756727073037],[14.250,29.763937719739],[14.500,26.164842528479],[14.750,22.730844793713],[15.000,18.410466067048],[15.250,14.27435387674],[15.500,11.220156232809],[15.750,9.2117524008748],[16.000,7.7903348233111],[16.250,6.2260730858469],],],
{"title":"Cl\/Cd v Alpha","sortData":false,"legend":{"show":false,"placement":"insideGrid","location":"ne"},"series":[{"showLabel":true,"index":0,"showLine":true,"trendline":{"type":"none","show":false},"color":"#4bb2c5"},{"showLabel":true,"index":0,"showLine":true,"trendline":{"type":"none","show":false},"color":"#EAA228"},{"showLabel":true,"index":0,"showLine":true,"trendline":{"type":"none","show":false},"color":"#839557"},{"showLabel":true,"index":0,"showLine":true,"trendline":{"type":"none","show":false},"color":"#953579"},{"showLabel":true,"index":0,"showLine":true,"trendline":{"type":"none","show":false},"color":"#d8b83f"}],"show":"$.jqplot.config.enablePlugins","axes":{"xaxis":{"max":20,"min":-20,"tickInterval":5,"tickOptions":{"formatString":"%.1f"},"forceTickAt0":true,"rendererOptions":{"forceTickAt0":true}},"yaxis":{"max":80,"min":-80,"tickInterval":20,"tickOptions":{"formatString":"%d"},"forceTickAt0":true,"rendererOptions":{"forceTickAt0":true}}},"seriesDefaults":{"lineWidth":1,"showLabel":true,"markerOptions":{"size":5,"show":false}}});
jqplots.push(p);

});
/*]]>*/
</script>
</body>
</html>