<!DOCTYPE html>
<html lang="en">
<head>
<link rel="stylesheet" type="text/css" href="/assets/62ff72f1/jquery.jqplot.min.css" media="screen, projection, print" />
<style type="text/css">
/*<![CDATA[*/
.jqplot-title {font-size:1.8em;padding:3px;}.jqplot-xaxis {font-size:0.8em;padding-top:3px;}.jqplot-yaxis {font-size:0.8em;padding-right:3px;}
/*]]>*/
</style>
<!--[if lt IE 9]><script type="text/javascript" src="/assets/62ff72f1/excanvas.min.js"></script></script><![endif]-->
<script type="text/javascript" src="/assets/780cfc96/jquery.min.js"></script>
<script type="text/javascript" src="/assets/62ff72f1/jquery.min.js"></script>
<script type="text/javascript" src="/assets/62ff72f1/jquery.jqplot.min.js"></script>
<script type="text/javascript">
/*<![CDATA[*/
var jqplots = [];

/*]]>*/
</script>
<title>Airfoil polar plot</title>
<meta http-equiv="Content-Language" content="en-gb"/>
<meta http-equiv="Content-Type" content="text/html; charset=windows-1252"/>
<meta content="none" name="robots" />
<meta name="copyright" content="Copyright 2010-2013. All Rights Reserved" />
</head>
<body>

<table style="width:800px;">
<tr><td>
<div id="liftdrag" style="height:400px;width:398px;margin:auto;display:inline-block;"></div>
</td><td>
<div id="liftaoa" style="height:400px;width:398px;margin:auto;display:inline-block;"></div>
</td></tr>
<tr><td>
<div id="effaoa" style="height:400px;width:398px;margin:auto;display:inline-block;"></div>
</td><td>
<div id="dragaoa" style="height:400px;width:398px;margin:auto;display:inline-block;"></div>
</td></tr>
<tr><td>
<div id="momentaoa" style="height:400px;width:398px;margin:auto;display:inline-block;"></div>
</td><td>
</td></tr>

</table>
<script type="text/javascript">
/*<![CDATA[*/
jQuery(window).load(function() {
var p = $.jqplot('liftdrag',[[[0.11693,-0.4330],[0.11621,-0.4554],[0.11338,-0.4528],[0.11021,-0.4463],[0.10762,-0.4476],[0.10541,-0.4525],[0.10380,-0.4654],[0.10102,-0.4597],[0.09882,-0.4579],[0.09695,-0.4672],[0.06458,-0.6660],[0.05868,-0.6527],[0.05438,-0.6379],[0.05067,-0.6208],[0.04712,-0.6001],[0.04411,-0.5767],[0.04178,-0.5537],[0.04006,-0.5314],[0.03855,-0.5075],[0.03700,-0.4837],[0.03583,-0.4603],[0.03480,-0.4370],[0.03400,-0.4143],[0.03313,-0.3912],[0.03444,-0.2193],[0.03434,-0.2144],[0.03427,-0.2091],[0.03425,-0.2033],[0.03426,-0.1973],[0.03429,-0.1909],[0.03436,-0.1843],[0.03445,-0.1774],[0.03456,-0.1703],[0.03470,-0.1629],[0.03486,-0.1554],[0.03506,-0.1473],[0.03531,-0.1382],[0.03563,-0.1277],[0.03604,-0.1158],[0.03652,-0.1025],[0.03709,-0.0880],[0.03774,-0.0726],[0.03847,-0.0563],[0.03927,-0.0395],[0.04013,-0.0222],[0.04107,-0.0046],[0.04207,0.0131],[0.04313,0.0310],[0.04426,0.0489],[0.04544,0.0669],[0.04669,0.0847],[0.04799,0.1025],[0.04962,0.1251],[0.05516,0.2075],[0.06059,0.2834],[0.06196,0.3038],[0.06400,0.3311],[0.06614,0.3578],[0.06832,0.3835],[0.07052,0.4077],[0.07301,0.4343],[0.07504,0.4523],[0.07659,0.4648],[0.07876,0.4885],[0.07772,0.5603],[0.07833,0.5999],[0.07940,0.6162],[0.07975,0.6552],[0.07839,0.7143],[0.07815,0.7354],[0.07648,0.7738],[0.06466,0.8776],[0.04119,0.9971],[0.04336,0.9805],[0.04627,0.9773],[0.04952,1.0776],[0.05210,1.1047],[0.05588,1.1533],[0.05931,1.1653],[0.06309,1.1745],[0.06694,1.1753],[0.07083,1.1683],[0.07485,1.1550],[0.07912,1.1371],[0.08375,1.1157],[0.08880,1.0920],[0.09432,1.0671],[0.10039,1.0417],[0.10691,1.0186],[0.11358,1.0031],[0.13704,0.8874],[0.14459,0.8838],],[[0.12381,-0.4352],[0.12193,-0.4659],[0.11823,-0.4983],[0.11373,-0.4506],[0.11044,-0.4452],[0.10642,-0.4639],[0.10194,-0.5074],[0.09867,-0.4597],[0.09497,-0.4671],[0.09068,-0.4966],[0.08814,-0.5303],[0.08576,-0.5855],[0.08099,-0.5356],[0.07780,-0.5609],[0.07429,-0.5706],[0.07206,-0.5697],[0.05347,-0.6021],[0.04912,-0.5842],[0.04502,-0.5646],[0.04262,-0.5510],[0.03962,-0.5299],[0.03719,-0.4998],[0.03561,-0.4613],[0.03430,-0.4394],[0.03305,-0.4121],[0.03202,-0.3783],[0.03085,-0.3377],[0.03042,-0.3216],[0.02977,-0.2984],[0.02905,-0.2667],[0.02778,-0.2264],[0.02560,-0.2167],[0.02662,-0.2306],[0.02789,-0.2208],[0.02892,-0.2142],[0.03053,-0.1062],[0.03078,0.1000],[0.03063,0.1798],[0.03077,0.2125],[0.03142,0.2043],[0.03173,0.2273],[0.03231,0.2301],[0.03267,0.2513],[0.03327,0.2535],[0.03355,0.2892],[0.03416,0.2888],[0.03467,0.3018],[0.03498,0.3378],[0.03565,0.3308],[0.03626,0.3322],[0.03660,0.3651],[0.03720,0.3559],[0.03752,0.3980],[0.03813,0.3792],[0.03842,0.4239],[0.03890,0.4066],[0.03940,0.4024],[0.03956,0.4359],[0.03994,0.4326],[0.03995,0.4741],[0.04049,0.4710],[0.04048,0.5116],[0.04117,0.5147],[0.04184,0.5288],[0.04198,0.5613],[0.04279,0.5755],[0.04270,0.6120],[0.04371,0.6248],[0.04307,0.6677],[0.04358,0.6851],[0.04209,0.7354],[0.04275,0.7505],[0.04066,0.8002],[0.03298,0.9054],[0.02623,0.9796],[0.02438,1.0186],[0.02363,1.0417],[0.02376,1.0533],[0.02483,1.0522],[0.02759,1.0326],[0.03121,1.0099],[0.03422,0.9995],[0.03664,0.9974],[0.03853,1.0030],[0.04033,1.0106],[0.04192,1.0226],[0.04340,1.0418],[0.04492,1.0683],[0.04644,1.0920],[0.04889,1.1467],[0.05156,1.1727],[0.05471,1.1911],[0.05815,1.2014],[0.06183,1.2046],[0.06564,1.2025],[0.06955,1.1949],[0.07361,1.1839],[0.07787,1.1701],[0.08239,1.1543],[0.08721,1.1372],[0.09240,1.1205],[0.09817,1.1071],[0.10289,1.0909],[0.09799,0.8466],[0.10917,0.7720],],[[0.10864,-0.3735],[0.10184,-0.3843],[0.09411,-0.3941],[0.09489,-0.3710],[0.09279,-0.3610],[0.08849,-0.3607],[0.08216,-0.3685],[0.07383,-0.3878],[0.06787,-0.4141],[0.06538,-0.4462],[0.04925,-0.4698],[0.03944,-0.4958],[0.03594,-0.4859],[0.03297,-0.4715],[0.03153,-0.4514],[0.02987,-0.4320],[0.02928,-0.4108],[0.02712,-0.3898],[0.02689,-0.3670],[0.02652,-0.3437],[0.02511,-0.3193],[0.02376,-0.2943],[0.02306,-0.2691],[0.02249,-0.2448],[0.02202,-0.2231],[0.02160,-0.2008],[0.02114,-0.1777],[0.02060,-0.1552],[0.02033,-0.1372],[0.01968,-0.1165],[0.01890,-0.0961],[0.01843,-0.0806],[0.01727,-0.0667],[0.01803,-0.0544],[0.01882,-0.0370],[0.01965,-0.0181],[0.02050,-0.0009],[0.02125,0.0069],[0.02163,0.0287],[0.02212,0.0426],[0.02245,0.0627],[0.02262,0.0927],[0.02280,0.1362],[0.02280,0.2120],[0.02311,0.2394],[0.02298,0.2998],[0.02287,0.3284],[0.02284,0.3670],[0.02267,0.4014],[0.02246,0.4287],[0.02225,0.4642],[0.02244,0.4934],[0.02220,0.5259],[0.02194,0.5551],[0.02220,0.5838],[0.02193,0.6172],[0.02156,0.6510],[0.02181,0.6756],[0.02133,0.7115],[0.02073,0.7473],[0.02079,0.7758],[0.02028,0.8019],[0.01957,0.8292],[0.01964,0.8448],[0.01860,0.8737],[0.01820,0.8934],[0.01690,0.9235],[0.01620,0.9456],[0.01529,0.9709],[0.01439,0.9982],[0.01382,1.0246],[0.01387,1.0409],[0.01403,1.0545],[0.01426,1.0662],[0.01463,1.0735],[0.01511,1.0738],[0.01567,1.0650],[0.01626,1.0480],[0.01733,1.0353],[0.01956,1.0247],[0.02225,1.0148],[0.02474,1.0099],[0.02677,1.0126],[0.02840,1.0211],[0.02995,1.0308],[0.03183,1.0366],[0.03344,1.0462],[0.03570,1.0479],[0.03745,1.0565],[0.03942,1.0628],[0.04105,1.0751],[0.04238,1.0920],[0.04367,1.1108],[0.04503,1.1289],[0.04644,1.1516],[0.04834,1.1780],[0.05038,1.1946],[0.05276,1.2086],[0.05553,1.2182],[0.05865,1.2231],[0.06210,1.2232],[0.06588,1.2194],[0.06994,1.2121],[0.07432,1.2022],[0.07913,1.1909],[0.08412,1.1896],[0.08769,1.1750],[0.09340,1.1422],[0.10794,1.0676],[0.11767,1.0358],[0.12809,1.0061],[0.13942,0.9783],[0.12259,0.7594],],[[0.09818,-0.3406],[0.06223,-0.6111],[0.05399,-0.6430],[0.04785,-0.6743],[0.04250,-0.7024],[0.03840,-0.7242],[0.03457,-0.7320],[0.03167,-0.7286],[0.02957,-0.7171],[0.02752,-0.7023],[0.02580,-0.6850],[0.02504,-0.6631],[0.02430,-0.6405],[0.02343,-0.6177],[0.02265,-0.5941],[0.02129,-0.5726],[0.02090,-0.5479],[0.02077,-0.5219],[0.01988,-0.4988],[0.01974,-0.4730],[0.01959,-0.4472],[0.01895,-0.4238],[0.01827,-0.3981],[0.01786,-0.3717],[0.01749,-0.3454],[0.01718,-0.3191],[0.01696,-0.2926],[0.01653,-0.2674],[0.01604,-0.2428],[0.01578,-0.2174],[0.01551,-0.1911],[0.01519,-0.1638],[0.01488,-0.1370],[0.01450,-0.1104],[0.01392,-0.0852],[0.01352,-0.0589],[0.01321,-0.0326],[0.01273,-0.0061],[0.01152,0.0192],[0.01098,0.0432],[0.01121,0.0697],[0.01142,0.0976],[0.01164,0.1242],[0.01182,0.1507],[0.01204,0.1769],[0.01222,0.1988],[0.01225,0.2245],[0.01227,0.2481],[0.01222,0.2742],[0.01213,0.2986],[0.01214,0.3239],[0.01204,0.3522],[0.01188,0.3745],[0.01172,0.4013],[0.01154,0.4313],[0.01152,0.4610],[0.01135,0.4914],[0.01108,0.5196],[0.01079,0.5487],[0.01060,0.5772],[0.01041,0.6057],[0.01012,0.6355],[0.00993,0.6643],[0.00965,0.6944],[0.00955,0.7241],[0.00941,0.7545],[0.00928,0.7845],[0.00921,0.8115],[0.00932,0.8346],[0.00948,0.8585],[0.00966,0.8823],[0.00993,0.9051],[0.01030,0.9277],[0.01074,0.9498],[0.01153,0.9655],[0.01257,0.9769],[0.01389,0.9838],[0.01532,0.9856],[0.01659,0.9931],[0.01789,1.0036],[0.01915,1.0145],[0.02015,1.0289],[0.02098,1.0455],[0.02186,1.0612],[0.02269,1.0777],[0.02371,1.0918],[0.02472,1.1064],[0.02611,1.1160],[0.02703,1.1300],[0.02809,1.1417],[0.02955,1.1482],[0.03080,1.1581],[0.03205,1.1685],[0.03338,1.1782],[0.03477,1.1868],[0.03612,1.1942],[0.03756,1.2017],[0.03908,1.2090],[0.04070,1.2147],[0.04257,1.2196],[0.04480,1.2241],[0.04684,1.2314],[0.04875,1.2404],[0.05071,1.2490],[0.05272,1.2572],[0.05482,1.2649],[0.05702,1.2721],[0.05938,1.2779],[0.06192,1.2826],[0.06469,1.2856],[0.06768,1.2873],[0.07099,1.2866],[0.07477,1.2828],[0.07906,1.2760],[0.08387,1.2663],[0.08926,1.2536],[0.09529,1.2380],[0.10196,1.2201],[0.10937,1.1998],[0.11727,1.1787],[0.12598,1.1560],[0.13539,1.1329],[0.14579,1.1087],[0.15758,1.0826],[0.17210,1.0515],[0.18896,1.0199],],[[0.10162,-0.7383],[0.05615,-0.9222],[0.04822,-0.9499],[0.04317,-0.9685],[0.03941,-0.9812],[0.03643,-0.9889],[0.03395,-0.9924],[0.03178,-0.9926],[0.02987,-0.9894],[0.02823,-0.9829],[0.02694,-0.9762],[0.02574,-0.9648],[0.02461,-0.9499],[0.02355,-0.9335],[0.02252,-0.9159],[0.02157,-0.8970],[0.02071,-0.8768],[0.01994,-0.8555],[0.01887,-0.8360],[0.01815,-0.8136],[0.01763,-0.7895],[0.01718,-0.7647],[0.01677,-0.7397],[0.01635,-0.7144],[0.01592,-0.6891],[0.01569,-0.6626],[0.01549,-0.6358],[0.01524,-0.6094],[0.01516,-0.5821],[0.01521,-0.5544],[0.01498,-0.5269],[0.01454,-0.5008],[0.01433,-0.4732],[0.01412,-0.4456],[0.01392,-0.4178],[0.01381,-0.3896],[0.01322,-0.3640],[0.01289,-0.3369],[0.01262,-0.3094],[0.01237,-0.2816],[0.01214,-0.2537],[0.01192,-0.2257],[0.01171,-0.1976],[0.01147,-0.1696],[0.01128,-0.1418],[0.01110,-0.1133],[0.01084,-0.0847],[0.01044,-0.0567],[0.01007,-0.0286],[0.00976,-0.0002],[0.00944,0.0285],[0.00907,0.0572],[0.00850,0.0858],[0.00752,0.1153],[0.00693,0.1450],[0.00700,0.1738],[0.00707,0.2033],[0.00709,0.2336],[0.00712,0.2620],[0.00718,0.2906],[0.00718,0.3188],[0.00719,0.3486],[0.00715,0.3765],[0.00715,0.4050],[0.00712,0.4342],[0.00707,0.4638],[0.00699,0.4933],[0.00688,0.5214],[0.00683,0.5505],[0.00672,0.5802],[0.00666,0.6099],[0.00657,0.6396],[0.00654,0.6687],[0.00660,0.6971],[0.00690,0.7529],[0.00710,0.7803],[0.00730,0.8077],[0.00754,0.8341],[0.00787,0.8583],[0.00827,0.8822],[0.00899,0.9015],[0.00969,0.9209],[0.01061,0.9369],[0.01191,0.9467],[0.01283,0.9615],[0.01356,0.9788],[0.01433,0.9946],[0.01487,1.0123],[0.01533,1.0298],[0.01584,1.0494],[0.01634,1.0700],[0.01694,1.0897],[0.01762,1.1096],[0.01830,1.1293],[0.01898,1.1482],[0.01971,1.1657],[0.02047,1.1827],[0.02124,1.1992],[0.02210,1.2145],[0.02301,1.2289],[0.02389,1.2437],[0.02484,1.2574],[0.02584,1.2705],[0.02688,1.2831],[0.02802,1.2944],[0.02920,1.3053],[0.03045,1.3155],[0.03180,1.3245],[0.03320,1.3329],[0.03473,1.3400],[0.03631,1.3465],[0.03804,1.3513],[0.03995,1.3549],[0.04204,1.3575],[0.04440,1.3579],[0.04701,1.3565],[0.04979,1.3542],[0.05227,1.3556],[0.05456,1.3596],[0.05695,1.3633],[0.05949,1.3657],[0.06212,1.3675],[0.06490,1.3683],[0.06789,1.3680],[0.07107,1.3668],[0.07438,1.3645],[0.07786,1.3609],[0.08155,1.3557],[0.08506,1.3465],[0.08946,1.3397],[0.09411,1.3326],[0.09912,1.3236],[0.10440,1.3138],[0.11009,1.3024],[0.11604,1.2908],[0.12237,1.2777],[0.12923,1.2628],],],
{"title":"Cl v Cd","sortData":false,"legend":{"show":false,"placement":"insideGrid","location":"ne"},"series":[{"showLabel":true,"index":0,"showLine":true,"trendline":{"type":"none","show":false},"color":"#4bb2c5"},{"showLabel":true,"index":0,"showLine":true,"trendline":{"type":"none","show":false},"color":"#EAA228"},{"showLabel":true,"index":0,"showLine":true,"trendline":{"type":"none","show":false},"color":"#839557"},{"showLabel":true,"index":0,"showLine":true,"trendline":{"type":"none","show":false},"color":"#953579"},{"showLabel":true,"index":0,"showLine":true,"trendline":{"type":"none","show":false},"color":"#d8b83f"}],"show":"$.jqplot.config.enablePlugins","axes":{"xaxis":{"max":0.2,"min":0,"tickInterval":0.02,"tickOptions":{"formatString":"%.2f"},"forceTickAt0":true,"rendererOptions":{"forceTickAt0":true}},"yaxis":{"max":1.5,"min":-1,"tickInterval":0.5,"tickOptions":{"formatString":"%.2f"},"forceTickAt0":true,"rendererOptions":{"forceTickAt0":true}}},"seriesDefaults":{"lineWidth":1,"showLabel":true,"markerOptions":{"size":5,"show":false}}});
jqplots.push(p);

var p = $.jqplot('liftaoa',[[[-9.250,-0.4330],[-9.000,-0.4554],[-8.750,-0.4528],[-8.500,-0.4463],[-8.250,-0.4476],[-8.000,-0.4525],[-7.750,-0.4654],[-7.500,-0.4597],[-7.250,-0.4579],[-7.000,-0.4672],[-6.000,-0.6660],[-5.750,-0.6527],[-5.500,-0.6379],[-5.250,-0.6208],[-5.000,-0.6001],[-4.750,-0.5767],[-4.500,-0.5537],[-4.250,-0.5314],[-4.000,-0.5075],[-3.750,-0.4837],[-3.500,-0.4603],[-3.250,-0.4370],[-3.000,-0.4143],[-2.750,-0.3912],[-2.500,-0.2193],[-2.250,-0.2144],[-2.000,-0.2091],[-1.750,-0.2033],[-1.500,-0.1973],[-1.250,-0.1909],[-1.000,-0.1843],[-0.750,-0.1774],[-0.500,-0.1703],[-0.250,-0.1629],[0.000,-0.1554],[0.250,-0.1473],[0.500,-0.1382],[0.750,-0.1277],[1.000,-0.1158],[1.250,-0.1025],[1.500,-0.0880],[1.750,-0.0726],[2.000,-0.0563],[2.250,-0.0395],[2.500,-0.0222],[2.750,-0.0046],[3.000,0.0131],[3.250,0.0310],[3.500,0.0489],[3.750,0.0669],[4.000,0.0847],[4.250,0.1025],[4.500,0.1251],[5.000,0.2075],[5.500,0.2834],[5.750,0.3038],[6.000,0.3311],[6.250,0.3578],[6.500,0.3835],[6.750,0.4077],[7.000,0.4343],[7.250,0.4523],[7.500,0.4648],[7.750,0.4885],[8.000,0.5603],[8.250,0.5999],[8.500,0.6162],[8.750,0.6552],[9.000,0.7143],[9.250,0.7354],[9.500,0.7738],[9.750,0.8776],[10.000,0.9971],[10.250,0.9805],[10.500,0.9773],[11.000,1.0776],[11.250,1.1047],[11.500,1.1533],[11.750,1.1653],[12.000,1.1745],[12.250,1.1753],[12.500,1.1683],[12.750,1.1550],[13.000,1.1371],[13.250,1.1157],[13.500,1.0920],[13.750,1.0671],[14.000,1.0417],[14.250,1.0186],[14.500,1.0031],[14.750,0.8874],[15.000,0.8838],],[[-10.750,-0.4352],[-10.500,-0.4659],[-10.250,-0.4983],[-10.000,-0.4506],[-9.750,-0.4452],[-9.500,-0.4639],[-9.250,-0.5074],[-9.000,-0.4597],[-8.750,-0.4671],[-8.500,-0.4966],[-8.250,-0.5303],[-8.000,-0.5855],[-7.750,-0.5356],[-7.500,-0.5609],[-7.250,-0.5706],[-7.000,-0.5697],[-6.750,-0.6021],[-6.500,-0.5842],[-6.250,-0.5646],[-6.000,-0.5510],[-5.750,-0.5299],[-5.500,-0.4998],[-5.250,-0.4613],[-5.000,-0.4394],[-4.750,-0.4121],[-4.500,-0.3783],[-4.250,-0.3377],[-4.000,-0.3216],[-3.750,-0.2984],[-3.500,-0.2667],[-3.250,-0.2264],[-3.000,-0.2167],[-2.750,-0.2306],[-2.500,-0.2208],[-2.250,-0.2142],[-2.000,-0.1062],[-1.750,0.1000],[-1.500,0.1798],[-1.250,0.2125],[-1.000,0.2043],[-0.750,0.2273],[-0.500,0.2301],[-0.250,0.2513],[0.000,0.2535],[0.250,0.2892],[0.500,0.2888],[0.750,0.3018],[1.000,0.3378],[1.250,0.3308],[1.500,0.3322],[1.750,0.3651],[2.000,0.3559],[2.250,0.3980],[2.500,0.3792],[2.750,0.4239],[3.000,0.4066],[3.250,0.4024],[3.500,0.4359],[3.750,0.4326],[4.000,0.4741],[4.250,0.4710],[4.500,0.5116],[4.750,0.5147],[5.000,0.5288],[5.250,0.5613],[5.500,0.5755],[5.750,0.6120],[6.000,0.6248],[6.250,0.6677],[6.500,0.6851],[6.750,0.7354],[7.000,0.7505],[7.250,0.8002],[7.750,0.9054],[8.000,0.9796],[8.250,1.0186],[8.500,1.0417],[8.750,1.0533],[9.000,1.0522],[9.250,1.0326],[9.500,1.0099],[9.750,0.9995],[10.000,0.9974],[10.250,1.0030],[10.500,1.0106],[10.750,1.0226],[11.000,1.0418],[11.250,1.0683],[11.500,1.0920],[11.750,1.1467],[12.000,1.1727],[12.250,1.1911],[12.500,1.2014],[12.750,1.2046],[13.000,1.2025],[13.250,1.1949],[13.500,1.1839],[13.750,1.1701],[14.000,1.1543],[14.250,1.1372],[14.500,1.1205],[14.750,1.1071],[15.000,1.0909],[15.250,0.8466],[15.500,0.7720],],[[-11.250,-0.3735],[-11.000,-0.3843],[-10.750,-0.3941],[-10.500,-0.3710],[-10.250,-0.3610],[-10.000,-0.3607],[-9.750,-0.3685],[-9.500,-0.3878],[-9.250,-0.4141],[-9.000,-0.4462],[-8.750,-0.4698],[-8.500,-0.4958],[-8.250,-0.4859],[-8.000,-0.4715],[-7.750,-0.4514],[-7.500,-0.4320],[-7.250,-0.4108],[-7.000,-0.3898],[-6.750,-0.3670],[-6.500,-0.3437],[-6.250,-0.3193],[-6.000,-0.2943],[-5.750,-0.2691],[-5.500,-0.2448],[-5.250,-0.2231],[-5.000,-0.2008],[-4.750,-0.1777],[-4.500,-0.1552],[-4.250,-0.1372],[-4.000,-0.1165],[-3.750,-0.0961],[-3.500,-0.0806],[-3.250,-0.0667],[-3.000,-0.0544],[-2.750,-0.0370],[-2.500,-0.0181],[-2.250,-0.0009],[-2.000,0.0069],[-1.750,0.0287],[-1.500,0.0426],[-1.250,0.0627],[-1.000,0.0927],[-0.750,0.1362],[-0.500,0.2120],[-0.250,0.2394],[0.000,0.2998],[0.250,0.3284],[0.500,0.3670],[0.750,0.4014],[1.000,0.4287],[1.250,0.4642],[1.500,0.4934],[1.750,0.5259],[2.000,0.5551],[2.250,0.5838],[2.500,0.6172],[2.750,0.6510],[3.000,0.6756],[3.250,0.7115],[3.500,0.7473],[3.750,0.7758],[4.000,0.8019],[4.250,0.8292],[4.500,0.8448],[4.750,0.8737],[5.000,0.8934],[5.250,0.9235],[5.500,0.9456],[5.750,0.9709],[6.000,0.9982],[6.250,1.0246],[6.500,1.0409],[6.750,1.0545],[7.000,1.0662],[7.250,1.0735],[7.500,1.0738],[7.750,1.0650],[8.000,1.0480],[8.250,1.0353],[8.500,1.0247],[8.750,1.0148],[9.000,1.0099],[9.250,1.0126],[9.500,1.0211],[9.750,1.0308],[10.000,1.0366],[10.250,1.0462],[10.500,1.0479],[10.750,1.0565],[11.000,1.0628],[11.250,1.0751],[11.500,1.0920],[11.750,1.1108],[12.000,1.1289],[12.250,1.1516],[12.500,1.1780],[12.750,1.1946],[13.000,1.2086],[13.250,1.2182],[13.500,1.2231],[13.750,1.2232],[14.000,1.2194],[14.250,1.2121],[14.500,1.2022],[14.750,1.1909],[15.000,1.1896],[15.250,1.1750],[15.500,1.1422],[15.750,1.0676],[16.000,1.0358],[16.250,1.0061],[16.500,0.9783],[16.750,0.7594],],[[-12.000,-0.3406],[-11.750,-0.6111],[-11.500,-0.6430],[-11.250,-0.6743],[-11.000,-0.7024],[-10.750,-0.7242],[-10.500,-0.7320],[-10.250,-0.7286],[-10.000,-0.7171],[-9.750,-0.7023],[-9.500,-0.6850],[-9.250,-0.6631],[-9.000,-0.6405],[-8.750,-0.6177],[-8.500,-0.5941],[-8.250,-0.5726],[-8.000,-0.5479],[-7.750,-0.5219],[-7.500,-0.4988],[-7.250,-0.4730],[-7.000,-0.4472],[-6.750,-0.4238],[-6.500,-0.3981],[-6.250,-0.3717],[-6.000,-0.3454],[-5.750,-0.3191],[-5.500,-0.2926],[-5.250,-0.2674],[-5.000,-0.2428],[-4.750,-0.2174],[-4.500,-0.1911],[-4.250,-0.1638],[-4.000,-0.1370],[-3.750,-0.1104],[-3.500,-0.0852],[-3.250,-0.0589],[-3.000,-0.0326],[-2.750,-0.0061],[-2.500,0.0192],[-2.250,0.0432],[-2.000,0.0697],[-1.750,0.0976],[-1.500,0.1242],[-1.250,0.1507],[-1.000,0.1769],[-0.750,0.1988],[-0.500,0.2245],[-0.250,0.2481],[0.000,0.2742],[0.250,0.2986],[0.500,0.3239],[0.750,0.3522],[1.000,0.3745],[1.250,0.4013],[1.500,0.4313],[1.750,0.4610],[2.000,0.4914],[2.250,0.5196],[2.500,0.5487],[2.750,0.5772],[3.000,0.6057],[3.250,0.6355],[3.500,0.6643],[3.750,0.6944],[4.000,0.7241],[4.250,0.7545],[4.500,0.7845],[4.750,0.8115],[5.000,0.8346],[5.250,0.8585],[5.500,0.8823],[5.750,0.9051],[6.000,0.9277],[6.250,0.9498],[6.500,0.9655],[6.750,0.9769],[7.000,0.9838],[7.250,0.9856],[7.500,0.9931],[7.750,1.0036],[8.000,1.0145],[8.250,1.0289],[8.500,1.0455],[8.750,1.0612],[9.000,1.0777],[9.250,1.0918],[9.500,1.1064],[9.750,1.1160],[10.000,1.1300],[10.250,1.1417],[10.500,1.1482],[10.750,1.1581],[11.000,1.1685],[11.250,1.1782],[11.500,1.1868],[11.750,1.1942],[12.000,1.2017],[12.250,1.2090],[12.500,1.2147],[12.750,1.2196],[13.000,1.2241],[13.250,1.2314],[13.500,1.2404],[13.750,1.2490],[14.000,1.2572],[14.250,1.2649],[14.500,1.2721],[14.750,1.2779],[15.000,1.2826],[15.250,1.2856],[15.500,1.2873],[15.750,1.2866],[16.000,1.2828],[16.250,1.2760],[16.500,1.2663],[16.750,1.2536],[17.000,1.2380],[17.250,1.2201],[17.500,1.1998],[17.750,1.1787],[18.000,1.1560],[18.250,1.1329],[18.500,1.1087],[18.750,1.0826],[19.000,1.0515],[19.250,1.0199],],[[-15.000,-0.7383],[-14.750,-0.9222],[-14.500,-0.9499],[-14.250,-0.9685],[-14.000,-0.9812],[-13.750,-0.9889],[-13.500,-0.9924],[-13.250,-0.9926],[-13.000,-0.9894],[-12.750,-0.9829],[-12.500,-0.9762],[-12.250,-0.9648],[-12.000,-0.9499],[-11.750,-0.9335],[-11.500,-0.9159],[-11.250,-0.8970],[-11.000,-0.8768],[-10.750,-0.8555],[-10.500,-0.8360],[-10.250,-0.8136],[-10.000,-0.7895],[-9.750,-0.7647],[-9.500,-0.7397],[-9.250,-0.7144],[-9.000,-0.6891],[-8.750,-0.6626],[-8.500,-0.6358],[-8.250,-0.6094],[-8.000,-0.5821],[-7.750,-0.5544],[-7.500,-0.5269],[-7.250,-0.5008],[-7.000,-0.4732],[-6.750,-0.4456],[-6.500,-0.4178],[-6.250,-0.3896],[-6.000,-0.3640],[-5.750,-0.3369],[-5.500,-0.3094],[-5.250,-0.2816],[-5.000,-0.2537],[-4.750,-0.2257],[-4.500,-0.1976],[-4.250,-0.1696],[-4.000,-0.1418],[-3.750,-0.1133],[-3.500,-0.0847],[-3.250,-0.0567],[-3.000,-0.0286],[-2.750,-0.0002],[-2.500,0.0285],[-2.250,0.0572],[-2.000,0.0858],[-1.750,0.1153],[-1.500,0.1450],[-1.250,0.1738],[-1.000,0.2033],[-0.750,0.2336],[-0.500,0.2620],[-0.250,0.2906],[0.000,0.3188],[0.250,0.3486],[0.500,0.3765],[0.750,0.4050],[1.000,0.4342],[1.250,0.4638],[1.500,0.4933],[1.750,0.5214],[2.000,0.5505],[2.250,0.5802],[2.500,0.6099],[2.750,0.6396],[3.000,0.6687],[3.250,0.6971],[3.750,0.7529],[4.000,0.7803],[4.250,0.8077],[4.500,0.8341],[4.750,0.8583],[5.000,0.8822],[5.250,0.9015],[5.500,0.9209],[5.750,0.9369],[6.000,0.9467],[6.250,0.9615],[6.500,0.9788],[6.750,0.9946],[7.000,1.0123],[7.250,1.0298],[7.500,1.0494],[7.750,1.0700],[8.000,1.0897],[8.250,1.1096],[8.500,1.1293],[8.750,1.1482],[9.000,1.1657],[9.250,1.1827],[9.500,1.1992],[9.750,1.2145],[10.000,1.2289],[10.250,1.2437],[10.500,1.2574],[10.750,1.2705],[11.000,1.2831],[11.250,1.2944],[11.500,1.3053],[11.750,1.3155],[12.000,1.3245],[12.250,1.3329],[12.500,1.3400],[12.750,1.3465],[13.000,1.3513],[13.250,1.3549],[13.500,1.3575],[13.750,1.3579],[14.000,1.3565],[14.250,1.3542],[14.500,1.3556],[14.750,1.3596],[15.000,1.3633],[15.250,1.3657],[15.500,1.3675],[15.750,1.3683],[16.000,1.3680],[16.250,1.3668],[16.500,1.3645],[16.750,1.3609],[17.000,1.3557],[17.250,1.3465],[17.500,1.3397],[17.750,1.3326],[18.000,1.3236],[18.250,1.3138],[18.500,1.3024],[18.750,1.2908],[19.000,1.2777],[19.250,1.2628],],],
{"title":"Cl v Alpha","sortData":false,"legend":{"show":false,"placement":"insideGrid","location":"ne"},"series":[{"showLabel":true,"index":0,"showLine":true,"trendline":{"type":"none","show":false},"color":"#4bb2c5"},{"showLabel":true,"index":0,"showLine":true,"trendline":{"type":"none","show":false},"color":"#EAA228"},{"showLabel":true,"index":0,"showLine":true,"trendline":{"type":"none","show":false},"color":"#839557"},{"showLabel":true,"index":0,"showLine":true,"trendline":{"type":"none","show":false},"color":"#953579"},{"showLabel":true,"index":0,"showLine":true,"trendline":{"type":"none","show":false},"color":"#d8b83f"}],"show":"$.jqplot.config.enablePlugins","axes":{"xaxis":{"max":20,"min":-15,"tickInterval":5,"tickOptions":{"formatString":"%.1f"},"forceTickAt0":true,"rendererOptions":{"forceTickAt0":true}},"yaxis":{"max":1.5,"min":-1,"tickInterval":0.5,"tickOptions":{"formatString":"%.2f"},"forceTickAt0":true,"rendererOptions":{"forceTickAt0":true}}},"seriesDefaults":{"lineWidth":1,"showLabel":true,"markerOptions":{"size":5,"show":false}}});
jqplots.push(p);

var p = $.jqplot('momentaoa',[[[-9.250,-0.0225],[-9.000,-0.0202],[-8.750,-0.0178],[-8.500,-0.0156],[-8.250,-0.0133],[-8.000,-0.0106],[-7.750,-0.0074],[-7.500,-0.0045],[-7.250,-0.0015],[-7.000,0.0022],[-6.000,-0.0219],[-5.750,-0.0223],[-5.500,-0.0221],[-5.250,-0.0220],[-5.000,-0.0220],[-4.750,-0.0219],[-4.500,-0.0216],[-4.250,-0.0212],[-4.000,-0.0208],[-3.750,-0.0203],[-3.500,-0.0197],[-3.250,-0.0189],[-3.000,-0.0179],[-2.750,-0.0168],[-2.500,-0.0280],[-2.250,-0.0256],[-2.000,-0.0232],[-1.750,-0.0209],[-1.500,-0.0186],[-1.250,-0.0163],[-1.000,-0.0141],[-0.750,-0.0119],[-0.500,-0.0098],[-0.250,-0.0078],[0.000,-0.0058],[0.250,-0.0039],[0.500,-0.0022],[0.750,-0.0009],[1.000,0.0002],[1.250,0.0009],[1.500,0.0014],[1.750,0.0017],[2.000,0.0017],[2.250,0.0016],[2.500,0.0014],[2.750,0.0010],[3.000,0.0006],[3.250,0.0000],[3.500,-0.0006],[3.750,-0.0012],[4.000,-0.0019],[4.250,-0.0027],[4.500,-0.0045],[5.000,-0.0152],[5.500,-0.0240],[5.750,-0.0249],[6.000,-0.0270],[6.250,-0.0291],[6.500,-0.0309],[6.750,-0.0326],[7.000,-0.0346],[7.250,-0.0352],[7.500,-0.0350],[7.750,-0.0362],[8.000,-0.0376],[8.250,-0.0388],[8.500,-0.0384],[8.750,-0.0391],[9.000,-0.0399],[9.250,-0.0384],[9.500,-0.0370],[9.750,-0.0324],[10.000,-0.0179],[10.250,-0.0117],[10.500,-0.0084],[11.000,-0.0074],[11.250,-0.0071],[11.500,-0.0085],[11.750,-0.0071],[12.000,-0.0056],[12.250,-0.0039],[12.500,-0.0020],[12.750,-0.0001],[13.000,0.0014],[13.250,0.0025],[13.500,0.0031],[13.750,0.0028],[14.000,0.0018],[14.250,0.0000],[14.500,-0.0020],[14.750,-0.0199],[15.000,-0.0230],],[[-10.750,-0.0378],[-10.500,-0.0394],[-10.250,-0.0458],[-10.000,-0.0394],[-9.750,-0.0402],[-9.500,-0.0450],[-9.250,-0.0518],[-9.000,-0.0460],[-8.750,-0.0484],[-8.500,-0.0519],[-8.250,-0.0505],[-8.000,-0.0512],[-7.750,-0.0500],[-7.500,-0.0505],[-7.250,-0.0484],[-7.000,-0.0470],[-6.750,-0.0473],[-6.500,-0.0471],[-6.250,-0.0472],[-6.000,-0.0454],[-5.750,-0.0455],[-5.500,-0.0464],[-5.250,-0.0490],[-5.000,-0.0482],[-4.750,-0.0482],[-4.500,-0.0493],[-4.250,-0.0519],[-4.000,-0.0503],[-3.750,-0.0499],[-3.500,-0.0510],[-3.250,-0.0539],[-3.000,-0.0518],[-2.750,-0.0401],[-2.500,-0.0347],[-2.250,-0.0278],[-2.000,-0.0390],[-1.750,-0.0728],[-1.500,-0.0841],[-1.250,-0.0862],[-1.000,-0.0810],[-0.750,-0.0812],[-0.500,-0.0779],[-0.250,-0.0776],[0.000,-0.0741],[0.250,-0.0761],[0.500,-0.0720],[0.750,-0.0701],[1.000,-0.0720],[1.250,-0.0667],[1.500,-0.0629],[1.750,-0.0641],[2.000,-0.0586],[2.250,-0.0612],[2.500,-0.0542],[2.750,-0.0571],[3.000,-0.0504],[3.250,-0.0459],[3.500,-0.0469],[3.750,-0.0425],[4.000,-0.0444],[4.250,-0.0405],[4.500,-0.0422],[4.750,-0.0397],[5.000,-0.0387],[5.250,-0.0396],[5.500,-0.0388],[5.750,-0.0399],[6.000,-0.0392],[6.250,-0.0406],[6.500,-0.0399],[6.750,-0.0413],[7.000,-0.0404],[7.250,-0.0411],[7.750,-0.0401],[8.000,-0.0395],[8.250,-0.0389],[8.500,-0.0371],[8.750,-0.0346],[9.000,-0.0310],[9.250,-0.0264],[9.500,-0.0224],[9.750,-0.0194],[10.000,-0.0172],[10.250,-0.0157],[10.500,-0.0142],[10.750,-0.0129],[11.000,-0.0115],[11.250,-0.0107],[11.500,-0.0101],[11.750,-0.0110],[12.000,-0.0106],[12.250,-0.0097],[12.500,-0.0086],[12.750,-0.0071],[13.000,-0.0055],[13.250,-0.0040],[13.500,-0.0025],[13.750,-0.0013],[14.000,-0.0005],[14.250,-0.0001],[14.500,-0.0001],[14.750,-0.0006],[15.000,-0.0015],[15.250,0.0128],[15.500,0.0061],],[[-11.250,-0.0632],[-11.000,-0.0710],[-10.750,-0.0791],[-10.500,-0.0690],[-10.250,-0.0688],[-10.000,-0.0717],[-9.750,-0.0778],[-9.500,-0.0873],[-9.250,-0.0923],[-9.000,-0.0929],[-8.750,-0.0926],[-8.500,-0.0888],[-8.250,-0.0874],[-8.000,-0.0866],[-7.750,-0.0862],[-7.500,-0.0853],[-7.250,-0.0843],[-7.000,-0.0844],[-6.750,-0.0843],[-6.500,-0.0838],[-6.250,-0.0834],[-6.000,-0.0832],[-5.750,-0.0829],[-5.500,-0.0824],[-5.250,-0.0818],[-5.000,-0.0811],[-4.750,-0.0803],[-4.500,-0.0793],[-4.250,-0.0781],[-4.000,-0.0771],[-3.750,-0.0763],[-3.500,-0.0753],[-3.250,-0.0733],[-3.000,-0.0674],[-2.750,-0.0658],[-2.500,-0.0628],[-2.250,-0.0584],[-2.000,-0.0542],[-1.750,-0.0516],[-1.500,-0.0487],[-1.250,-0.0465],[-1.000,-0.0459],[-0.750,-0.0478],[-0.500,-0.0567],[-0.250,-0.0579],[0.000,-0.0643],[0.250,-0.0644],[0.500,-0.0673],[0.750,-0.0689],[1.000,-0.0687],[1.250,-0.0703],[1.500,-0.0721],[1.750,-0.0731],[2.000,-0.0732],[2.250,-0.0749],[2.500,-0.0762],[2.750,-0.0772],[3.000,-0.0778],[3.250,-0.0793],[3.500,-0.0806],[3.750,-0.0817],[4.000,-0.0811],[4.250,-0.0804],[4.500,-0.0787],[4.750,-0.0781],[5.000,-0.0765],[5.250,-0.0759],[5.500,-0.0744],[5.750,-0.0732],[6.000,-0.0722],[6.250,-0.0712],[6.500,-0.0690],[6.750,-0.0664],[7.000,-0.0635],[7.250,-0.0599],[7.500,-0.0551],[7.750,-0.0488],[8.000,-0.0413],[8.250,-0.0357],[8.500,-0.0325],[8.750,-0.0299],[9.000,-0.0277],[9.250,-0.0261],[9.500,-0.0251],[9.750,-0.0242],[10.000,-0.0230],[10.250,-0.0221],[10.500,-0.0205],[10.750,-0.0194],[11.000,-0.0181],[11.250,-0.0167],[11.500,-0.0158],[11.750,-0.0150],[12.000,-0.0144],[12.250,-0.0139],[12.500,-0.0134],[12.750,-0.0127],[13.000,-0.0118],[13.250,-0.0108],[13.500,-0.0097],[13.750,-0.0086],[14.000,-0.0075],[14.250,-0.0065],[14.500,-0.0057],[14.750,-0.0052],[15.000,-0.0049],[15.250,-0.0051],[15.500,-0.0063],[15.750,-0.0122],[16.000,-0.0174],[16.250,-0.0237],[16.500,-0.0310],[16.750,-0.0071],],[[-12.000,-0.0544],[-11.750,-0.0701],[-11.500,-0.0760],[-11.250,-0.0773],[-11.000,-0.0763],[-10.750,-0.0734],[-10.500,-0.0711],[-10.250,-0.0693],[-10.000,-0.0680],[-9.750,-0.0671],[-9.500,-0.0665],[-9.250,-0.0663],[-9.000,-0.0661],[-8.750,-0.0659],[-8.500,-0.0656],[-8.250,-0.0651],[-8.000,-0.0651],[-7.750,-0.0651],[-7.500,-0.0650],[-7.250,-0.0650],[-7.000,-0.0649],[-6.750,-0.0645],[-6.500,-0.0646],[-6.250,-0.0648],[-6.000,-0.0649],[-5.750,-0.0650],[-5.500,-0.0650],[-5.250,-0.0648],[-5.000,-0.0645],[-4.750,-0.0642],[-4.500,-0.0643],[-4.250,-0.0645],[-4.000,-0.0646],[-3.750,-0.0645],[-3.500,-0.0645],[-3.250,-0.0646],[-3.000,-0.0647],[-2.750,-0.0652],[-2.500,-0.0660],[-2.250,-0.0653],[-2.000,-0.0645],[-1.750,-0.0643],[-1.500,-0.0636],[-1.250,-0.0630],[-1.000,-0.0626],[-0.750,-0.0607],[-0.500,-0.0599],[-0.250,-0.0584],[0.000,-0.0577],[0.250,-0.0565],[0.500,-0.0561],[0.750,-0.0562],[1.000,-0.0546],[1.250,-0.0541],[1.500,-0.0547],[1.750,-0.0556],[2.000,-0.0564],[2.250,-0.0564],[2.500,-0.0567],[2.750,-0.0570],[3.000,-0.0573],[3.250,-0.0577],[3.500,-0.0580],[3.750,-0.0586],[4.000,-0.0592],[4.250,-0.0600],[4.500,-0.0606],[4.750,-0.0605],[5.000,-0.0597],[5.250,-0.0591],[5.500,-0.0586],[5.750,-0.0580],[6.000,-0.0575],[6.250,-0.0571],[6.500,-0.0557],[6.750,-0.0538],[7.000,-0.0516],[7.250,-0.0486],[7.500,-0.0468],[7.750,-0.0457],[8.000,-0.0445],[8.250,-0.0437],[8.500,-0.0430],[8.750,-0.0423],[9.000,-0.0416],[9.250,-0.0407],[9.500,-0.0399],[9.750,-0.0386],[10.000,-0.0376],[10.250,-0.0364],[10.500,-0.0347],[10.750,-0.0333],[11.000,-0.0321],[11.250,-0.0309],[11.500,-0.0297],[11.750,-0.0282],[12.000,-0.0268],[12.250,-0.0256],[12.500,-0.0243],[12.750,-0.0233],[13.000,-0.0224],[13.250,-0.0217],[13.500,-0.0211],[13.750,-0.0206],[14.000,-0.0199],[14.250,-0.0193],[14.500,-0.0187],[14.750,-0.0181],[15.000,-0.0177],[15.250,-0.0174],[15.500,-0.0173],[15.750,-0.0171],[16.000,-0.0171],[16.250,-0.0173],[16.500,-0.0178],[16.750,-0.0189],[17.000,-0.0204],[17.250,-0.0226],[17.500,-0.0255],[17.750,-0.0292],[18.000,-0.0339],[18.250,-0.0394],[18.500,-0.0459],[18.750,-0.0536],[19.000,-0.0632],[19.250,-0.0734],],[[-15.000,-0.0348],[-14.750,-0.0647],[-14.500,-0.0701],[-14.250,-0.0720],[-14.000,-0.0721],[-13.750,-0.0713],[-13.500,-0.0702],[-13.250,-0.0688],[-13.000,-0.0674],[-12.750,-0.0661],[-12.500,-0.0642],[-12.250,-0.0628],[-12.000,-0.0619],[-11.750,-0.0610],[-11.500,-0.0602],[-11.250,-0.0595],[-11.000,-0.0589],[-10.750,-0.0585],[-10.500,-0.0578],[-10.250,-0.0574],[-10.000,-0.0573],[-9.750,-0.0572],[-9.500,-0.0571],[-9.250,-0.0571],[-9.000,-0.0570],[-8.750,-0.0571],[-8.500,-0.0572],[-8.250,-0.0573],[-8.000,-0.0576],[-7.750,-0.0578],[-7.500,-0.0581],[-7.250,-0.0582],[-7.000,-0.0585],[-6.750,-0.0588],[-6.500,-0.0591],[-6.250,-0.0594],[-6.000,-0.0594],[-5.750,-0.0595],[-5.500,-0.0598],[-5.250,-0.0600],[-5.000,-0.0603],[-4.750,-0.0605],[-4.500,-0.0608],[-4.250,-0.0610],[-4.000,-0.0613],[-3.750,-0.0616],[-3.500,-0.0620],[-3.250,-0.0624],[-3.000,-0.0629],[-2.750,-0.0634],[-2.500,-0.0640],[-2.250,-0.0646],[-2.000,-0.0653],[-1.750,-0.0666],[-1.500,-0.0673],[-1.250,-0.0674],[-1.000,-0.0678],[-0.750,-0.0683],[-0.500,-0.0683],[-0.250,-0.0683],[0.000,-0.0683],[0.250,-0.0687],[0.500,-0.0686],[0.750,-0.0687],[1.000,-0.0691],[1.250,-0.0696],[1.500,-0.0699],[1.750,-0.0700],[2.000,-0.0703],[2.250,-0.0708],[2.500,-0.0714],[2.750,-0.0720],[3.000,-0.0724],[3.250,-0.0727],[3.750,-0.0733],[4.000,-0.0735],[4.250,-0.0738],[4.500,-0.0738],[4.750,-0.0735],[5.000,-0.0732],[5.250,-0.0722],[5.500,-0.0712],[5.750,-0.0698],[6.000,-0.0675],[6.250,-0.0659],[6.500,-0.0648],[6.750,-0.0635],[7.000,-0.0623],[7.250,-0.0611],[7.500,-0.0604],[7.750,-0.0600],[8.000,-0.0596],[8.250,-0.0593],[8.500,-0.0591],[8.750,-0.0587],[9.000,-0.0580],[9.250,-0.0573],[9.500,-0.0565],[9.750,-0.0555],[10.000,-0.0545],[10.250,-0.0535],[10.500,-0.0524],[10.750,-0.0512],[11.000,-0.0501],[11.250,-0.0489],[11.500,-0.0476],[11.750,-0.0463],[12.000,-0.0450],[12.250,-0.0437],[12.500,-0.0423],[12.750,-0.0409],[13.000,-0.0395],[13.250,-0.0380],[13.500,-0.0367],[13.750,-0.0352],[14.000,-0.0338],[14.250,-0.0324],[14.500,-0.0314],[14.750,-0.0307],[15.000,-0.0301],[15.250,-0.0296],[15.500,-0.0291],[15.750,-0.0286],[16.000,-0.0283],[16.250,-0.0281],[16.500,-0.0279],[16.750,-0.0279],[17.000,-0.0279],[17.250,-0.0271],[17.500,-0.0281],[17.750,-0.0293],[18.000,-0.0307],[18.250,-0.0325],[18.500,-0.0345],[18.750,-0.0371],[19.000,-0.0399],[19.250,-0.0433],],],
{"title":"Cm v Alpha","sortData":false,"legend":{"show":false,"placement":"insideGrid","location":"ne"},"series":[{"showLabel":true,"index":0,"showLine":true,"trendline":{"type":"none","show":false},"color":"#4bb2c5"},{"showLabel":true,"index":0,"showLine":true,"trendline":{"type":"none","show":false},"color":"#EAA228"},{"showLabel":true,"index":0,"showLine":true,"trendline":{"type":"none","show":false},"color":"#839557"},{"showLabel":true,"index":0,"showLine":true,"trendline":{"type":"none","show":false},"color":"#953579"},{"showLabel":true,"index":0,"showLine":true,"trendline":{"type":"none","show":false},"color":"#d8b83f"}],"show":"$.jqplot.config.enablePlugins","axes":{"xaxis":{"max":20,"min":-15,"tickInterval":5,"tickOptions":{"formatString":"%.1f"},"forceTickAt0":true,"rendererOptions":{"forceTickAt0":true}},"yaxis":{"max":0.02,"min":-0.1,"tickInterval":0.02,"tickOptions":{"formatString":"%.2f"},"forceTickAt0":true,"rendererOptions":{"forceTickAt0":true}}},"seriesDefaults":{"lineWidth":1,"showLabel":true,"markerOptions":{"size":5,"show":false}}});
jqplots.push(p);

var p = $.jqplot('dragaoa',[[[-9.250,0.11693],[-9.000,0.11621],[-8.750,0.11338],[-8.500,0.11021],[-8.250,0.10762],[-8.000,0.10541],[-7.750,0.10380],[-7.500,0.10102],[-7.250,0.09882],[-7.000,0.09695],[-6.000,0.06458],[-5.750,0.05868],[-5.500,0.05438],[-5.250,0.05067],[-5.000,0.04712],[-4.750,0.04411],[-4.500,0.04178],[-4.250,0.04006],[-4.000,0.03855],[-3.750,0.03700],[-3.500,0.03583],[-3.250,0.03480],[-3.000,0.03400],[-2.750,0.03313],[-2.500,0.03444],[-2.250,0.03434],[-2.000,0.03427],[-1.750,0.03425],[-1.500,0.03426],[-1.250,0.03429],[-1.000,0.03436],[-0.750,0.03445],[-0.500,0.03456],[-0.250,0.03470],[0.000,0.03486],[0.250,0.03506],[0.500,0.03531],[0.750,0.03563],[1.000,0.03604],[1.250,0.03652],[1.500,0.03709],[1.750,0.03774],[2.000,0.03847],[2.250,0.03927],[2.500,0.04013],[2.750,0.04107],[3.000,0.04207],[3.250,0.04313],[3.500,0.04426],[3.750,0.04544],[4.000,0.04669],[4.250,0.04799],[4.500,0.04962],[5.000,0.05516],[5.500,0.06059],[5.750,0.06196],[6.000,0.06400],[6.250,0.06614],[6.500,0.06832],[6.750,0.07052],[7.000,0.07301],[7.250,0.07504],[7.500,0.07659],[7.750,0.07876],[8.000,0.07772],[8.250,0.07833],[8.500,0.07940],[8.750,0.07975],[9.000,0.07839],[9.250,0.07815],[9.500,0.07648],[9.750,0.06466],[10.000,0.04119],[10.250,0.04336],[10.500,0.04627],[11.000,0.04952],[11.250,0.05210],[11.500,0.05588],[11.750,0.05931],[12.000,0.06309],[12.250,0.06694],[12.500,0.07083],[12.750,0.07485],[13.000,0.07912],[13.250,0.08375],[13.500,0.08880],[13.750,0.09432],[14.000,0.10039],[14.250,0.10691],[14.500,0.11358],[14.750,0.13704],[15.000,0.14459],],[[-10.750,0.12381],[-10.500,0.12193],[-10.250,0.11823],[-10.000,0.11373],[-9.750,0.11044],[-9.500,0.10642],[-9.250,0.10194],[-9.000,0.09867],[-8.750,0.09497],[-8.500,0.09068],[-8.250,0.08814],[-8.000,0.08576],[-7.750,0.08099],[-7.500,0.07780],[-7.250,0.07429],[-7.000,0.07206],[-6.750,0.05347],[-6.500,0.04912],[-6.250,0.04502],[-6.000,0.04262],[-5.750,0.03962],[-5.500,0.03719],[-5.250,0.03561],[-5.000,0.03430],[-4.750,0.03305],[-4.500,0.03202],[-4.250,0.03085],[-4.000,0.03042],[-3.750,0.02977],[-3.500,0.02905],[-3.250,0.02778],[-3.000,0.02560],[-2.750,0.02662],[-2.500,0.02789],[-2.250,0.02892],[-2.000,0.03053],[-1.750,0.03078],[-1.500,0.03063],[-1.250,0.03077],[-1.000,0.03142],[-0.750,0.03173],[-0.500,0.03231],[-0.250,0.03267],[0.000,0.03327],[0.250,0.03355],[0.500,0.03416],[0.750,0.03467],[1.000,0.03498],[1.250,0.03565],[1.500,0.03626],[1.750,0.03660],[2.000,0.03720],[2.250,0.03752],[2.500,0.03813],[2.750,0.03842],[3.000,0.03890],[3.250,0.03940],[3.500,0.03956],[3.750,0.03994],[4.000,0.03995],[4.250,0.04049],[4.500,0.04048],[4.750,0.04117],[5.000,0.04184],[5.250,0.04198],[5.500,0.04279],[5.750,0.04270],[6.000,0.04371],[6.250,0.04307],[6.500,0.04358],[6.750,0.04209],[7.000,0.04275],[7.250,0.04066],[7.750,0.03298],[8.000,0.02623],[8.250,0.02438],[8.500,0.02363],[8.750,0.02376],[9.000,0.02483],[9.250,0.02759],[9.500,0.03121],[9.750,0.03422],[10.000,0.03664],[10.250,0.03853],[10.500,0.04033],[10.750,0.04192],[11.000,0.04340],[11.250,0.04492],[11.500,0.04644],[11.750,0.04889],[12.000,0.05156],[12.250,0.05471],[12.500,0.05815],[12.750,0.06183],[13.000,0.06564],[13.250,0.06955],[13.500,0.07361],[13.750,0.07787],[14.000,0.08239],[14.250,0.08721],[14.500,0.09240],[14.750,0.09817],[15.000,0.10289],[15.250,0.09799],[15.500,0.10917],],[[-11.250,0.10864],[-11.000,0.10184],[-10.750,0.09411],[-10.500,0.09489],[-10.250,0.09279],[-10.000,0.08849],[-9.750,0.08216],[-9.500,0.07383],[-9.250,0.06787],[-9.000,0.06538],[-8.750,0.04925],[-8.500,0.03944],[-8.250,0.03594],[-8.000,0.03297],[-7.750,0.03153],[-7.500,0.02987],[-7.250,0.02928],[-7.000,0.02712],[-6.750,0.02689],[-6.500,0.02652],[-6.250,0.02511],[-6.000,0.02376],[-5.750,0.02306],[-5.500,0.02249],[-5.250,0.02202],[-5.000,0.02160],[-4.750,0.02114],[-4.500,0.02060],[-4.250,0.02033],[-4.000,0.01968],[-3.750,0.01890],[-3.500,0.01843],[-3.250,0.01727],[-3.000,0.01803],[-2.750,0.01882],[-2.500,0.01965],[-2.250,0.02050],[-2.000,0.02125],[-1.750,0.02163],[-1.500,0.02212],[-1.250,0.02245],[-1.000,0.02262],[-0.750,0.02280],[-0.500,0.02280],[-0.250,0.02311],[0.000,0.02298],[0.250,0.02287],[0.500,0.02284],[0.750,0.02267],[1.000,0.02246],[1.250,0.02225],[1.500,0.02244],[1.750,0.02220],[2.000,0.02194],[2.250,0.02220],[2.500,0.02193],[2.750,0.02156],[3.000,0.02181],[3.250,0.02133],[3.500,0.02073],[3.750,0.02079],[4.000,0.02028],[4.250,0.01957],[4.500,0.01964],[4.750,0.01860],[5.000,0.01820],[5.250,0.01690],[5.500,0.01620],[5.750,0.01529],[6.000,0.01439],[6.250,0.01382],[6.500,0.01387],[6.750,0.01403],[7.000,0.01426],[7.250,0.01463],[7.500,0.01511],[7.750,0.01567],[8.000,0.01626],[8.250,0.01733],[8.500,0.01956],[8.750,0.02225],[9.000,0.02474],[9.250,0.02677],[9.500,0.02840],[9.750,0.02995],[10.000,0.03183],[10.250,0.03344],[10.500,0.03570],[10.750,0.03745],[11.000,0.03942],[11.250,0.04105],[11.500,0.04238],[11.750,0.04367],[12.000,0.04503],[12.250,0.04644],[12.500,0.04834],[12.750,0.05038],[13.000,0.05276],[13.250,0.05553],[13.500,0.05865],[13.750,0.06210],[14.000,0.06588],[14.250,0.06994],[14.500,0.07432],[14.750,0.07913],[15.000,0.08412],[15.250,0.08769],[15.500,0.09340],[15.750,0.10794],[16.000,0.11767],[16.250,0.12809],[16.500,0.13942],[16.750,0.12259],],[[-12.000,0.09818],[-11.750,0.06223],[-11.500,0.05399],[-11.250,0.04785],[-11.000,0.04250],[-10.750,0.03840],[-10.500,0.03457],[-10.250,0.03167],[-10.000,0.02957],[-9.750,0.02752],[-9.500,0.02580],[-9.250,0.02504],[-9.000,0.02430],[-8.750,0.02343],[-8.500,0.02265],[-8.250,0.02129],[-8.000,0.02090],[-7.750,0.02077],[-7.500,0.01988],[-7.250,0.01974],[-7.000,0.01959],[-6.750,0.01895],[-6.500,0.01827],[-6.250,0.01786],[-6.000,0.01749],[-5.750,0.01718],[-5.500,0.01696],[-5.250,0.01653],[-5.000,0.01604],[-4.750,0.01578],[-4.500,0.01551],[-4.250,0.01519],[-4.000,0.01488],[-3.750,0.01450],[-3.500,0.01392],[-3.250,0.01352],[-3.000,0.01321],[-2.750,0.01273],[-2.500,0.01152],[-2.250,0.01098],[-2.000,0.01121],[-1.750,0.01142],[-1.500,0.01164],[-1.250,0.01182],[-1.000,0.01204],[-0.750,0.01222],[-0.500,0.01225],[-0.250,0.01227],[0.000,0.01222],[0.250,0.01213],[0.500,0.01214],[0.750,0.01204],[1.000,0.01188],[1.250,0.01172],[1.500,0.01154],[1.750,0.01152],[2.000,0.01135],[2.250,0.01108],[2.500,0.01079],[2.750,0.01060],[3.000,0.01041],[3.250,0.01012],[3.500,0.00993],[3.750,0.00965],[4.000,0.00955],[4.250,0.00941],[4.500,0.00928],[4.750,0.00921],[5.000,0.00932],[5.250,0.00948],[5.500,0.00966],[5.750,0.00993],[6.000,0.01030],[6.250,0.01074],[6.500,0.01153],[6.750,0.01257],[7.000,0.01389],[7.250,0.01532],[7.500,0.01659],[7.750,0.01789],[8.000,0.01915],[8.250,0.02015],[8.500,0.02098],[8.750,0.02186],[9.000,0.02269],[9.250,0.02371],[9.500,0.02472],[9.750,0.02611],[10.000,0.02703],[10.250,0.02809],[10.500,0.02955],[10.750,0.03080],[11.000,0.03205],[11.250,0.03338],[11.500,0.03477],[11.750,0.03612],[12.000,0.03756],[12.250,0.03908],[12.500,0.04070],[12.750,0.04257],[13.000,0.04480],[13.250,0.04684],[13.500,0.04875],[13.750,0.05071],[14.000,0.05272],[14.250,0.05482],[14.500,0.05702],[14.750,0.05938],[15.000,0.06192],[15.250,0.06469],[15.500,0.06768],[15.750,0.07099],[16.000,0.07477],[16.250,0.07906],[16.500,0.08387],[16.750,0.08926],[17.000,0.09529],[17.250,0.10196],[17.500,0.10937],[17.750,0.11727],[18.000,0.12598],[18.250,0.13539],[18.500,0.14579],[18.750,0.15758],[19.000,0.17210],[19.250,0.18896],],[[-15.000,0.10162],[-14.750,0.05615],[-14.500,0.04822],[-14.250,0.04317],[-14.000,0.03941],[-13.750,0.03643],[-13.500,0.03395],[-13.250,0.03178],[-13.000,0.02987],[-12.750,0.02823],[-12.500,0.02694],[-12.250,0.02574],[-12.000,0.02461],[-11.750,0.02355],[-11.500,0.02252],[-11.250,0.02157],[-11.000,0.02071],[-10.750,0.01994],[-10.500,0.01887],[-10.250,0.01815],[-10.000,0.01763],[-9.750,0.01718],[-9.500,0.01677],[-9.250,0.01635],[-9.000,0.01592],[-8.750,0.01569],[-8.500,0.01549],[-8.250,0.01524],[-8.000,0.01516],[-7.750,0.01521],[-7.500,0.01498],[-7.250,0.01454],[-7.000,0.01433],[-6.750,0.01412],[-6.500,0.01392],[-6.250,0.01381],[-6.000,0.01322],[-5.750,0.01289],[-5.500,0.01262],[-5.250,0.01237],[-5.000,0.01214],[-4.750,0.01192],[-4.500,0.01171],[-4.250,0.01147],[-4.000,0.01128],[-3.750,0.01110],[-3.500,0.01084],[-3.250,0.01044],[-3.000,0.01007],[-2.750,0.00976],[-2.500,0.00944],[-2.250,0.00907],[-2.000,0.00850],[-1.750,0.00752],[-1.500,0.00693],[-1.250,0.00700],[-1.000,0.00707],[-0.750,0.00709],[-0.500,0.00712],[-0.250,0.00718],[0.000,0.00718],[0.250,0.00719],[0.500,0.00715],[0.750,0.00715],[1.000,0.00712],[1.250,0.00707],[1.500,0.00699],[1.750,0.00688],[2.000,0.00683],[2.250,0.00672],[2.500,0.00666],[2.750,0.00657],[3.000,0.00654],[3.250,0.00660],[3.750,0.00690],[4.000,0.00710],[4.250,0.00730],[4.500,0.00754],[4.750,0.00787],[5.000,0.00827],[5.250,0.00899],[5.500,0.00969],[5.750,0.01061],[6.000,0.01191],[6.250,0.01283],[6.500,0.01356],[6.750,0.01433],[7.000,0.01487],[7.250,0.01533],[7.500,0.01584],[7.750,0.01634],[8.000,0.01694],[8.250,0.01762],[8.500,0.01830],[8.750,0.01898],[9.000,0.01971],[9.250,0.02047],[9.500,0.02124],[9.750,0.02210],[10.000,0.02301],[10.250,0.02389],[10.500,0.02484],[10.750,0.02584],[11.000,0.02688],[11.250,0.02802],[11.500,0.02920],[11.750,0.03045],[12.000,0.03180],[12.250,0.03320],[12.500,0.03473],[12.750,0.03631],[13.000,0.03804],[13.250,0.03995],[13.500,0.04204],[13.750,0.04440],[14.000,0.04701],[14.250,0.04979],[14.500,0.05227],[14.750,0.05456],[15.000,0.05695],[15.250,0.05949],[15.500,0.06212],[15.750,0.06490],[16.000,0.06789],[16.250,0.07107],[16.500,0.07438],[16.750,0.07786],[17.000,0.08155],[17.250,0.08506],[17.500,0.08946],[17.750,0.09411],[18.000,0.09912],[18.250,0.10440],[18.500,0.11009],[18.750,0.11604],[19.000,0.12237],[19.250,0.12923],],],
{"title":"Cd v Alpha","sortData":false,"legend":{"show":false,"placement":"insideGrid","location":"ne"},"series":[{"showLabel":true,"index":0,"showLine":true,"trendline":{"type":"none","show":false},"color":"#4bb2c5"},{"showLabel":true,"index":0,"showLine":true,"trendline":{"type":"none","show":false},"color":"#EAA228"},{"showLabel":true,"index":0,"showLine":true,"trendline":{"type":"none","show":false},"color":"#839557"},{"showLabel":true,"index":0,"showLine":true,"trendline":{"type":"none","show":false},"color":"#953579"},{"showLabel":true,"index":0,"showLine":true,"trendline":{"type":"none","show":false},"color":"#d8b83f"}],"show":"$.jqplot.config.enablePlugins","axes":{"xaxis":{"max":20,"min":-15,"tickInterval":5,"tickOptions":{"formatString":"%.1f"},"forceTickAt0":true,"rendererOptions":{"forceTickAt0":true}},"yaxis":{"max":0.2,"min":0,"tickInterval":0.02,"tickOptions":{"formatString":"%.2f"},"forceTickAt0":true,"rendererOptions":{"forceTickAt0":true}}},"seriesDefaults":{"lineWidth":1,"showLabel":true,"markerOptions":{"size":5,"show":false}}});
jqplots.push(p);

var p = $.jqplot('effaoa',[[[-9.250,-3.7030702129479],[-9.000,-3.9187677480423],[-8.750,-3.9936496736638],[-8.500,-4.0495417838672],[-8.250,-4.1590782382457],[-8.000,-4.2927615975714],[-7.750,-4.4836223506744],[-7.500,-4.5505840427638],[-7.250,-4.6336773932402],[-7.000,-4.8189788550799],[-6.000,-10.312790337566],[-5.750,-11.123040218132],[-5.500,-11.730415593968],[-5.250,-12.251825537794],[-5.000,-12.735568760611],[-4.750,-13.074132849694],[-4.500,-13.252752513164],[-4.250,-13.26510234648],[-4.000,-13.164721141375],[-3.750,-13.072972972973],[-3.500,-12.84677644432],[-3.250,-12.557471264368],[-3.000,-12.185294117647],[-2.750,-11.808028976758],[-2.500,-6.3675958188153],[-2.250,-6.2434478741992],[-2.000,-6.1015465421652],[-1.750,-5.9357664233577],[-1.500,-5.758902510216],[-1.250,-5.5672207640712],[-1.000,-5.3637951105937],[-0.750,-5.1494920174165],[-0.500,-4.927662037037],[-0.250,-4.6945244956772],[0.000,-4.4578313253012],[0.250,-4.2013690815744],[0.500,-3.9139054092325],[0.750,-3.5840583777715],[1.000,-3.2130965593785],[1.250,-2.8066812705367],[1.500,-2.3726071717444],[1.750,-1.9236883942766],[2.000,-1.4634780348323],[2.250,-1.0058568882098],[2.500,-0.55320209319711],[2.750,-0.11200389578768],[3.000,0.31138578559544],[3.250,0.71875724553675],[3.500,1.1048350655219],[3.750,1.4722711267606],[4.000,1.8140929535232],[4.250,2.1358616378412],[4.500,2.5211608222491],[5.000,3.7617839013778],[5.500,4.6773394949662],[5.750,4.9031633311814],[6.000,5.1734375],[6.250,5.4097369216813],[6.500,5.6132903981265],[6.750,5.7813386273398],[7.000,5.9485002054513],[7.250,6.0274520255864],[7.500,6.0686773730252],[7.750,6.2023869984764],[8.000,7.2092125579002],[8.250,7.6586237712243],[8.500,7.7607052896725],[8.750,8.2156739811912],[9.000,9.1121316494451],[9.250,9.4101087651951],[9.500,10.117677824268],[9.750,13.572533250851],[10.000,24.207331876669],[10.250,22.613007380074],[10.500,21.1216771126],[11.000,21.760904684976],[11.250,21.203454894434],[11.500,20.638869005011],[11.750,19.647614230315],[12.000,18.616262482168],[12.250,17.557514191814],[12.500,16.494423266977],[12.750,15.430861723447],[13.000,14.371840242669],[13.250,13.321791044776],[13.500,12.297297297297],[13.750,11.313613231552],[14.000,10.376531527045],[14.250,9.5276400710878],[14.500,8.8316605036098],[14.750,6.4754816112084],[15.000,6.112455909814],],[[-10.750,-3.5150634036023],[-10.500,-3.821044861806],[-10.250,-4.2146663283431],[-10.000,-3.9620152993933],[-9.750,-4.0311481347338],[-9.500,-4.3591430182297],[-9.250,-4.977437708456],[-9.000,-4.6589642241816],[-8.750,-4.9183952827209],[-8.500,-5.4764005293339],[-8.250,-6.0165645563876],[-8.000,-6.8271921641791],[-7.750,-6.6131621187801],[-7.500,-7.2095115681234],[-7.250,-7.6807107282272],[-7.000,-7.9059117402165],[-6.750,-11.260519917711],[-6.500,-11.89332247557],[-6.250,-12.541092847623],[-6.000,-12.928202721727],[-5.750,-13.374558303887],[-5.500,-13.439096531326],[-5.250,-12.954226340915],[-5.000,-12.810495626822],[-4.750,-12.468986384266],[-4.500,-11.814490943161],[-4.250,-10.946515397083],[-4.000,-10.571992110454],[-3.750,-10.0235136043],[-3.500,-9.1807228915663],[-3.250,-8.1497480201584],[-3.000,-8.46484375],[-2.750,-8.6626596543952],[-2.500,-7.9168160631051],[-2.250,-7.4066390041494],[-2.000,-3.4785456927612],[-1.750,3.2488628979857],[-1.500,5.8700620306889],[-1.250,6.9060773480663],[-1.000,6.502227880331],[-0.750,7.1635676016388],[-0.500,7.1216341689879],[-0.250,7.6920722375268],[0.000,7.619477006312],[0.250,8.6199701937407],[0.500,8.4543325526932],[0.750,8.704932218056],[1.000,9.6569468267581],[1.250,9.2791023842917],[1.500,9.161610590182],[1.750,9.9754098360656],[2.000,9.5672043010753],[2.250,10.607675906183],[2.500,9.9449252557042],[2.750,11.03331598126],[3.000,10.452442159383],[3.250,10.213197969543],[3.500,11.018705763397],[3.750,10.831246870305],[4.000,11.86733416771],[4.250,11.632501852309],[4.500,12.638339920949],[4.750,12.501821714841],[5.000,12.63862332696],[5.250,13.370652691758],[5.500,13.449404066371],[5.750,14.332552693208],[6.000,14.294211850835],[6.250,15.502670071976],[6.500,15.720513997246],[6.750,17.472083630316],[7.000,17.555555555556],[7.250,19.680275454993],[7.750,27.453001819284],[8.000,37.346549752192],[8.250,41.780147662018],[8.500,44.083791790097],[8.750,44.330808080808],[9.000,42.37615787354],[9.250,37.426603841972],[9.500,32.358218519705],[9.750,29.208065458796],[10.000,27.221615720524],[10.250,26.031663638723],[10.500,25.058269278453],[10.750,24.394083969466],[11.000,24.004608294931],[11.250,23.782279608192],[11.500,23.514211886305],[11.750,23.454694211495],[12.000,22.744375484872],[12.250,21.771157009687],[12.500,20.660361134996],[12.750,19.482451884199],[13.000,18.319622181597],[13.250,17.180445722502],[13.500,16.083412579813],[13.750,15.026325927828],[14.000,14.010195412065],[14.250,13.039789015021],[14.500,12.126623376623],[14.750,11.277375980442],[15.000,10.602585285256],[15.250,8.6396571078682],[15.500,7.0715398003114],],[[-11.250,-3.4379602356406],[-11.000,-3.7735663786331],[-10.750,-4.1876527467857],[-10.500,-3.9097902834861],[-10.250,-3.8905054423968],[-10.000,-4.0761667985083],[-9.750,-4.4851509250243],[-9.500,-5.2526073411892],[-9.250,-6.1013702666863],[-9.000,-6.8247170388498],[-8.750,-9.5390862944162],[-8.500,-12.570993914807],[-8.250,-13.519755147468],[-8.000,-14.300879587504],[-7.750,-14.316523945449],[-7.500,-14.462671576833],[-7.250,-14.030054644809],[-7.000,-14.373156342183],[-6.750,-13.648196355522],[-6.500,-12.960030165913],[-6.250,-12.716049382716],[-6.000,-12.386363636364],[-5.750,-11.669557675629],[-5.500,-10.884837705647],[-5.250,-10.131698455949],[-5.000,-9.2962962962963],[-4.750,-8.4058656575213],[-4.500,-7.5339805825243],[-4.250,-6.7486473192327],[-4.000,-5.9197154471545],[-3.750,-5.0846560846561],[-3.500,-4.3733043950081],[-3.250,-3.8621887666474],[-3.000,-3.0171935662784],[-2.750,-1.9659936238045],[-2.500,-0.92111959287532],[-2.250,-0.04390243902439],[-2.000,0.32470588235294],[-1.750,1.3268608414239],[-1.500,1.9258589511754],[-1.250,2.7928730512249],[-1.000,4.0981432360743],[-0.750,5.9736842105263],[-0.500,9.2982456140351],[-0.250,10.359151882302],[0.000,13.046127067015],[0.250,14.359422824661],[0.500,16.068301225919],[0.750,17.706219673577],[1.000,19.087266251113],[1.250,20.862921348315],[1.500,21.98752228164],[1.750,23.689189189189],[2.000,25.300820419325],[2.250,26.297297297297],[2.500,28.144094847241],[2.750,30.194805194805],[3.000,30.976616231087],[3.250,33.356774496015],[3.500,36.049204052098],[3.750,37.316017316017],[4.000,39.541420118343],[4.250,42.370975983648],[4.500,43.014256619145],[4.750,46.97311827957],[5.000,49.087912087912],[5.250,54.644970414201],[5.500,58.37037037037],[5.750,63.499018966645],[6.000,69.367616400278],[6.250,74.138929088278],[6.500,75.046863734679],[6.750,75.160370634355],[7.000,74.76858345021],[7.250,73.376623376623],[7.500,71.065519523494],[7.750,67.964262922782],[8.000,64.452644526445],[8.250,59.740334679746],[8.500,52.387525562372],[8.750,45.608988764045],[9.000,40.820533548909],[9.250,37.825924542398],[9.500,35.954225352113],[9.750,34.417362270451],[10.000,32.566760917374],[10.250,31.285885167464],[10.500,29.352941176471],[10.750,28.210947930574],[11.000,26.960933536276],[11.250,26.190012180268],[11.500,25.766871165644],[11.750,25.436226242272],[12.000,25.069953364424],[12.250,24.79758828596],[12.500,24.369052544477],[12.750,23.711790393013],[13.000,22.907505686126],[13.250,21.937691338015],[13.500,20.854219948849],[13.750,19.697262479871],[14.000,18.509411050395],[14.250,17.330569059194],[14.500,16.175995694295],[14.750,15.049917856692],[15.000,14.141702330005],[15.250,13.399475424792],[15.500,12.229122055675],[15.750,9.8906800074115],[16.000,8.8025834962182],[16.250,7.8546334608478],[16.500,7.0169272701191],[16.750,6.194632514887],],[[-12.000,-3.4691383173762],[-11.750,-9.8200224971879],[-11.500,-11.909612891276],[-11.250,-14.091954022989],[-11.000,-16.527058823529],[-10.750,-18.859375],[-10.500,-21.174428695401],[-10.250,-23.005999368488],[-10.000,-24.250929996618],[-9.750,-25.519622093023],[-9.500,-26.550387596899],[-9.250,-26.481629392971],[-9.000,-26.358024691358],[-8.750,-26.363636363636],[-8.500,-26.229580573951],[-8.250,-26.895255988727],[-8.000,-26.215311004785],[-7.750,-25.127587867116],[-7.500,-25.090543259557],[-7.250,-23.961499493414],[-7.000,-22.827973455845],[-6.750,-22.364116094987],[-6.500,-21.789819376026],[-6.250,-20.811870100784],[-6.000,-19.748427672956],[-5.750,-18.573923166473],[-5.500,-17.252358490566],[-5.250,-16.176648517846],[-5.000,-15.137157107232],[-4.750,-13.776932826362],[-4.500,-12.321083172147],[-4.250,-10.783410138249],[-4.000,-9.2069892473118],[-3.750,-7.6137931034483],[-3.500,-6.1206896551724],[-3.250,-4.3565088757396],[-3.000,-2.4678274034822],[-2.750,-0.47918303220738],[-2.500,1.6666666666667],[-2.250,3.9344262295082],[-2.000,6.2176628010705],[-1.750,8.5464098073555],[-1.500,10.670103092784],[-1.250,12.749576988156],[-1.000,14.6926910299],[-0.750,16.268412438625],[-0.500,18.326530612245],[-0.250,20.220048899756],[0.000,22.438625204583],[0.250,24.616652926628],[0.500,26.68039538715],[0.750,29.252491694352],[1.000,31.523569023569],[1.250,34.240614334471],[1.500,37.374350086655],[1.750,40.017361111111],[2.000,43.295154185022],[2.250,46.895306859206],[2.500,50.852641334569],[2.750,54.452830188679],[3.000,58.184438040346],[3.250,62.796442687747],[3.500,66.898288016113],[3.750,71.958549222798],[4.000,75.821989528796],[4.250,80.180658873539],[4.500,84.536637931034],[4.750,88.110749185668],[5.000,89.549356223176],[5.250,90.559071729958],[5.500,91.335403726708],[5.750,91.148036253776],[6.000,90.067961165049],[6.250,88.435754189944],[6.500,83.738074588031],[6.750,77.716785998409],[7.000,70.827933765299],[7.250,64.334203655352],[7.500,59.861362266426],[7.750,56.098378982672],[8.000,52.976501305483],[8.250,51.062034739454],[8.500,49.833174451859],[8.750,48.545288197621],[9.000,47.49669457911],[9.250,46.04808097849],[9.500,44.757281553398],[9.750,42.742244350823],[10.000,41.805401405845],[10.250,40.64435742257],[10.500,38.856175972927],[10.750,37.600649350649],[11.000,36.458658346334],[11.250,35.296584781306],[11.500,34.132873166523],[11.750,33.062015503876],[12.000,31.994142705005],[12.250,30.936540429887],[12.500,29.845208845209],[12.750,28.649283533004],[13.000,27.323660714286],[13.250,26.289496157131],[13.500,25.444102564103],[13.750,24.630250443699],[14.000,23.846737481032],[14.250,23.073695731485],[14.500,22.309715889162],[14.750,21.520714045133],[15.000,20.713824289406],[15.250,19.873241613851],[15.500,19.020390070922],[15.750,18.123679391464],[16.000,17.156613615086],[16.250,16.139640779155],[16.500,15.098366519614],[16.750,14.044364777056],[17.000,12.991919403925],[17.250,11.966457434288],[17.500,10.970101490354],[17.750,10.051163980558],[18.000,9.1760596920146],[18.250,8.3676785582392],[18.500,7.6047739899856],[18.750,6.870161187968],[19.000,6.1098198721673],[19.250,5.3974386113463],],[[-15.000,-7.2653021058847],[-14.750,-16.423864648264],[-14.500,-19.699294898382],[-14.250,-22.434561037758],[-14.000,-24.897234204517],[-13.750,-27.145209991765],[-13.500,-29.231222385862],[-13.250,-31.233480176211],[-13.000,-33.123535319719],[-12.750,-34.817569961034],[-12.500,-36.236080178174],[-12.250,-37.482517482517],[-12.000,-38.598130841121],[-11.750,-39.63906581741],[-11.500,-40.670515097691],[-11.250,-41.585535465925],[-11.000,-42.337035248672],[-10.750,-42.9037111334],[-10.500,-44.303126656068],[-10.250,-44.826446280992],[-10.000,-44.781622234827],[-9.750,-44.511059371362],[-9.500,-44.108527131783],[-9.250,-43.694189602446],[-9.000,-43.285175879397],[-8.750,-42.230720203952],[-8.500,-41.045836023241],[-8.250,-39.98687664042],[-8.000,-38.39709762533],[-7.750,-36.449704142012],[-7.500,-35.173564753004],[-7.250,-34.442916093535],[-7.000,-33.021632937893],[-6.750,-31.558073654391],[-6.500,-30.014367816092],[-6.250,-28.211440984794],[-6.000,-27.534039334342],[-5.750,-26.136539953452],[-5.500,-24.516640253566],[-5.250,-22.764753435732],[-5.000,-20.897858319605],[-4.750,-18.934563758389],[-4.500,-16.874466268147],[-4.250,-14.786399302528],[-4.000,-12.570921985816],[-3.750,-10.207207207207],[-3.500,-7.8136531365314],[-3.250,-5.4310344827586],[-3.000,-2.8401191658391],[-2.750,-0.020491803278689],[-2.500,3.0190677966102],[-2.250,6.3065049614112],[-2.000,10.094117647059],[-1.750,15.332446808511],[-1.500,20.923520923521],[-1.250,24.828571428571],[-1.000,28.755304101839],[-0.750,32.947813822285],[-0.500,36.797752808989],[-0.250,40.473537604457],[0.000,44.401114206128],[0.250,48.484005563282],[0.500,52.657342657343],[0.750,56.643356643357],[1.000,60.983146067416],[1.250,65.601131541726],[1.500,70.572246065808],[1.750,75.78488372093],[2.000,80.600292825769],[2.250,86.339285714286],[2.500,91.576576576577],[2.750,97.351598173516],[3.000,102.24770642202],[3.250,105.62121212121],[3.750,109.11594202899],[4.000,109.9014084507],[4.250,110.64383561644],[4.500,110.62334217507],[4.750,109.05972045743],[5.000,106.67472793229],[5.250,100.27808676307],[5.500,95.036119711042],[5.750,88.303487276155],[6.000,79.487825356843],[6.250,74.941543257989],[6.500,72.182890855457],[6.750,69.406838799721],[7.000,68.076664425017],[7.250,67.175472928898],[7.500,66.25],[7.750,65.483476132191],[8.000,64.327036599764],[8.250,62.973893303065],[8.500,61.710382513661],[8.750,60.495258166491],[9.000,59.142567224759],[9.250,57.777234978017],[9.500,56.459510357815],[9.750,54.954751131222],[10.000,53.407214254672],[10.250,52.059439095856],[10.500,50.619967793881],[10.750,49.167956656347],[11.000,47.734375],[11.250,46.195574589579],[11.500,44.702054794521],[11.750,43.20197044335],[12.000,41.650943396226],[12.250,40.147590361446],[12.500,38.583357327959],[12.750,37.083448085927],[13.000,35.523133543638],[13.250,33.914893617021],[13.500,32.290675547098],[13.750,30.583333333333],[14.000,28.855562646245],[14.250,27.198232576823],[14.500,25.93457049933],[14.750,24.91935483871],[15.000,23.938542581212],[15.250,22.956799462094],[15.500,22.013844172569],[15.750,21.083204930663],[16.000,20.150243040212],[16.250,19.231743351625],[16.500,18.344985211078],[16.750,17.478808117133],[17.000,16.624156958921],[17.250,15.830002351281],[17.500,14.975408003577],[17.750,14.160025502072],[18.000,13.353510895884],[18.250,12.584291187739],[18.500,11.830320646744],[18.750,11.123750430886],[19.000,10.441284628585],[19.250,9.7717248316954],],],
{"title":"Cl\/Cd v Alpha","sortData":false,"legend":{"show":false,"placement":"insideGrid","location":"ne"},"series":[{"showLabel":true,"index":0,"showLine":true,"trendline":{"type":"none","show":false},"color":"#4bb2c5"},{"showLabel":true,"index":0,"showLine":true,"trendline":{"type":"none","show":false},"color":"#EAA228"},{"showLabel":true,"index":0,"showLine":true,"trendline":{"type":"none","show":false},"color":"#839557"},{"showLabel":true,"index":0,"showLine":true,"trendline":{"type":"none","show":false},"color":"#953579"},{"showLabel":true,"index":0,"showLine":true,"trendline":{"type":"none","show":false},"color":"#d8b83f"}],"show":"$.jqplot.config.enablePlugins","axes":{"xaxis":{"max":20,"min":-15,"tickInterval":5,"tickOptions":{"formatString":"%.1f"},"forceTickAt0":true,"rendererOptions":{"forceTickAt0":true}},"yaxis":{"max":120,"min":-60,"tickInterval":20,"tickOptions":{"formatString":"%d"},"forceTickAt0":true,"rendererOptions":{"forceTickAt0":true}}},"seriesDefaults":{"lineWidth":1,"showLabel":true,"markerOptions":{"size":5,"show":false}}});
jqplots.push(p);

});
/*]]>*/
</script>
</body>
</html>