<!DOCTYPE html>
<html lang="en">
<head>
<link rel="stylesheet" type="text/css" href="/assets/62ff72f1/jquery.jqplot.min.css" media="screen, projection, print" />
<style type="text/css">
/*<![CDATA[*/
.jqplot-title {font-size:1.8em;padding:3px;}.jqplot-xaxis {font-size:0.8em;padding-top:3px;}.jqplot-yaxis {font-size:0.8em;padding-right:3px;}
/*]]>*/
</style>
<!--[if lt IE 9]><script type="text/javascript" src="/assets/62ff72f1/excanvas.min.js"></script></script><![endif]-->
<script type="text/javascript" src="/assets/780cfc96/jquery.min.js"></script>
<script type="text/javascript" src="/assets/62ff72f1/jquery.min.js"></script>
<script type="text/javascript" src="/assets/62ff72f1/jquery.jqplot.min.js"></script>
<script type="text/javascript">
/*<![CDATA[*/
var jqplots = [];

/*]]>*/
</script>
<title>Airfoil polar plot</title>
<meta http-equiv="Content-Language" content="en-gb"/>
<meta http-equiv="Content-Type" content="text/html; charset=windows-1252"/>
<meta content="none" name="robots" />
<meta name="copyright" content="Copyright 2010-2013. All Rights Reserved" />
</head>
<body>

<table style="width:800px;">
<tr><td>
<div id="liftdrag" style="height:400px;width:398px;margin:auto;display:inline-block;"></div>
</td><td>
<div id="liftaoa" style="height:400px;width:398px;margin:auto;display:inline-block;"></div>
</td></tr>
<tr><td>
<div id="effaoa" style="height:400px;width:398px;margin:auto;display:inline-block;"></div>
</td><td>
<div id="dragaoa" style="height:400px;width:398px;margin:auto;display:inline-block;"></div>
</td></tr>
<tr><td>
<div id="momentaoa" style="height:400px;width:398px;margin:auto;display:inline-block;"></div>
</td><td>
</td></tr>

</table>
<script type="text/javascript">
/*<![CDATA[*/
jQuery(window).load(function() {
var p = $.jqplot('liftdrag',[[[0.10929,-0.6232],[0.10489,-0.6194],[0.09693,-0.6354],[0.08617,-0.6819],[0.07878,-0.7293],[0.07407,-0.7717],[0.07098,-0.8119],[0.06920,-0.8476],[0.06506,-0.8500],[0.06148,-0.8558],[0.05812,-0.8632],[0.05481,-0.8686],[0.05165,-0.8701],[0.04844,-0.8672],[0.04544,-0.8577],[0.04278,-0.8423],[0.04030,-0.8217],[0.03796,-0.7923],[0.03538,-0.7512],[0.03371,-0.7320],[0.03231,-0.7203],[0.03084,-0.7153],[0.02938,-0.7113],[0.02778,-0.7087],[0.02572,-0.7142],[0.02453,-0.7213],[0.02415,-0.7238],[0.02408,-0.7254],[0.02401,-0.7196],[0.02414,-0.7128],[0.02402,-0.6991],[0.02431,-0.6840],[0.02583,-0.6563],[0.02671,-0.6230],[0.02723,-0.5867],[0.02784,-0.5460],[0.02850,-0.5011],[0.03004,-0.4105],[0.03088,-0.3311],[0.03102,-0.2772],[0.03093,-0.2154],[0.03059,-0.1653],[0.03005,-0.1084],[0.02942,-0.0542],[0.02845,0.0116],[0.02773,0.0434],[0.02737,0.0368],[0.02707,0.0269],[0.02688,0.0142],[0.02681,0.0000],[0.02688,-0.0142],[0.02707,-0.0269],[0.02736,-0.0368],[0.02772,-0.0434],[0.02845,-0.0119],[0.02941,0.0537],[0.03005,0.1083],[0.03058,0.1654],[0.03093,0.2153],[0.03103,0.2765],[0.03086,0.3316],[0.03003,0.4105],[0.02850,0.5010],[0.02783,0.5460],[0.02722,0.5869],[0.02670,0.6233],[0.02575,0.6560],[0.02431,0.6842],[0.02401,0.6987],[0.02413,0.7127],[0.02403,0.7200],[0.02406,0.7251],[0.02415,0.7235],[0.02453,0.7209],[0.02573,0.7139],[0.02775,0.7088],[0.02937,0.7115],[0.03083,0.7155],[0.03230,0.7204],[0.03372,0.7320],[0.03542,0.7515],[0.03794,0.7923],[0.04026,0.8208],[0.04278,0.8424],[0.04546,0.8577],[0.04844,0.8672],[0.05157,0.8706],[0.05483,0.8682],[0.05808,0.8634],[0.06141,0.8563],[0.06514,0.8489],[0.06912,0.8485],[0.07098,0.8112],[0.07400,0.7728],[0.07879,0.7301],[0.08607,0.6832],[0.09687,0.6367],[0.10508,0.6194],[0.10933,0.6243],],[[0.10352,-0.6285],[0.09045,-0.6646],[0.08304,-0.6939],[0.07705,-0.7234],[0.07211,-0.7552],[0.06828,-0.7864],[0.06530,-0.8217],[0.06341,-0.8556],[0.05824,-0.8575],[0.05541,-0.8915],[0.05283,-0.8960],[0.04885,-0.8975],[0.04578,-0.9061],[0.04528,-0.9110],[0.04245,-0.8999],[0.03984,-0.8891],[0.03731,-0.8737],[0.03453,-0.8500],[0.03202,-0.8218],[0.03002,-0.7951],[0.02843,-0.7742],[0.02714,-0.7606],[0.02603,-0.7518],[0.02507,-0.7448],[0.02388,-0.7420],[0.02305,-0.7336],[0.02230,-0.7234],[0.02143,-0.7137],[0.02053,-0.7037],[0.01874,-0.7041],[0.01764,-0.6999],[0.01705,-0.6928],[0.01674,-0.6831],[0.01656,-0.6710],[0.01640,-0.6592],[0.01625,-0.6475],[0.01613,-0.6319],[0.01616,-0.6187],[0.01626,-0.6025],[0.01631,-0.5823],[0.01642,-0.5597],[0.01667,-0.5324],[0.01711,-0.4982],[0.01805,-0.4378],[0.01919,-0.3699],[0.02043,-0.2903],[0.02115,-0.2143],[0.02171,-0.1395],[0.02197,-0.0732],[0.02207,-0.0001],[0.02197,0.0732],[0.02171,0.1397],[0.02114,0.2145],[0.02043,0.2906],[0.01805,0.4380],[0.01711,0.4983],[0.01666,0.5325],[0.01642,0.5598],[0.01630,0.5824],[0.01625,0.6025],[0.01616,0.6189],[0.01613,0.6317],[0.01625,0.6479],[0.01640,0.6587],[0.01656,0.6709],[0.01675,0.6825],[0.01705,0.6929],[0.01767,0.6993],[0.01877,0.7037],[0.02048,0.7042],[0.02146,0.7135],[0.02231,0.7233],[0.02307,0.7334],[0.02389,0.7419],[0.02507,0.7448],[0.02603,0.7518],[0.02714,0.7606],[0.02841,0.7743],[0.03001,0.7950],[0.03206,0.8221],[0.03448,0.8497],[0.03716,0.8724],[0.03940,0.8862],[0.04230,0.8989],[0.04555,0.9106],[0.04571,0.9074],[0.04891,0.8973],[0.05274,0.8965],[0.05537,0.8935],[0.05842,0.8557],[0.06140,0.8344],[0.06532,0.8194],[0.06816,0.7886],[0.07216,0.7550],[0.07693,0.7253],[0.08281,0.6962],[0.09093,0.6625],[0.10806,0.6079],],[[0.03223,-0.8809],[0.02932,-0.8562],[0.02859,-0.8398],[0.02786,-0.8231],[0.02619,-0.8024],[0.02384,-0.7828],[0.02274,-0.7701],[0.02173,-0.7602],[0.02082,-0.7520],[0.01998,-0.7443],[0.01919,-0.7363],[0.01856,-0.7256],[0.01798,-0.7135],[0.01748,-0.6999],[0.01709,-0.6849],[0.01493,-0.6340],[0.01390,-0.6086],[0.01359,-0.5793],[0.01344,-0.5450],[0.01326,-0.5152],[0.01306,-0.4804],[0.01285,-0.4482],[0.01268,-0.4098],[0.01251,-0.3747],[0.01233,-0.3361],[0.01216,-0.2958],[0.01200,-0.2574],[0.01186,-0.2071],[0.01188,-0.1635],[0.01187,-0.1106],[0.01188,-0.0492],[0.01192,0.0000],[0.01188,0.0490],[0.01187,0.1105],[0.01188,0.1635],[0.01186,0.2072],[0.01200,0.2575],[0.01216,0.2959],[0.01233,0.3364],[0.01251,0.3747],[0.01268,0.4099],[0.01286,0.4484],[0.01306,0.4802],[0.01326,0.5149],[0.01344,0.5454],[0.01358,0.5795],[0.01391,0.6085],[0.01495,0.6340],[0.01661,0.6577],[0.01748,0.7000],[0.01800,0.7134],[0.01854,0.7260],[0.01927,0.7354],[0.02004,0.7437],[0.02095,0.7506],[0.02176,0.7600],[0.02275,0.7700],[0.02404,0.7827],[0.02565,0.8004],[0.02771,0.8226],[0.02840,0.8391],[0.02934,0.8566],[0.03209,0.8805],],[[0.09980,-0.6534],[0.08727,-0.6913],[0.07869,-0.7207],[0.07203,-0.7470],[0.06756,-0.7609],[0.06333,-0.7772],[0.05945,-0.7960],[0.05597,-0.8186],[0.05320,-0.8341],[0.05095,-0.8431],[0.04884,-0.8578],[0.04704,-0.8720],[0.04552,-0.8878],[0.04417,-0.9039],[0.04260,-0.9123],[0.04087,-0.9192],[0.03962,-0.9229],[0.03847,-0.9237],[0.02138,-0.8007],[0.01986,-0.7702],[0.01867,-0.7412],[0.01757,-0.7104],[0.01668,-0.6782],[0.01596,-0.6512],[0.01517,-0.6246],[0.01452,-0.5923],[0.01370,-0.5601],[0.01310,-0.5357],[0.01268,-0.5045],[0.01223,-0.4698],[0.01043,-0.4475],[0.00951,-0.4335],[0.00897,-0.4021],[0.00861,-0.3661],[0.00833,-0.3418],[0.00807,-0.3088],[0.00781,-0.2727],[0.00763,-0.2469],[0.00740,-0.2129],[0.00722,-0.1861],[0.00700,-0.1542],[0.00682,-0.1259],[0.00664,-0.0999],[0.00649,-0.0740],[0.00632,-0.0247],[0.00631,0.0000],[0.00632,0.0247],[0.00649,0.0740],[0.00665,0.0998],[0.00682,0.1258],[0.00700,0.1543],[0.00722,0.1860],[0.00739,0.2128],[0.00763,0.2469],[0.00781,0.2727],[0.00807,0.3089],[0.00833,0.3419],[0.00862,0.3663],[0.00897,0.4023],[0.00948,0.4342],[0.01037,0.4479],[0.01222,0.4702],[0.01267,0.5045],[0.01313,0.5354],[0.01375,0.5595],[0.01453,0.5925],[0.01517,0.6244],[0.01598,0.6512],[0.01676,0.6777],[0.01758,0.7104],[0.01864,0.7412],[0.01984,0.7699],[0.02142,0.8006],[0.04424,0.9031],[0.04558,0.8876],[0.04688,0.8768],[0.04885,0.8576],[0.05097,0.8432],[0.05317,0.8339],[0.05594,0.8183],[0.05901,0.8056],[0.06333,0.7783],[0.06829,0.7555],[0.07354,0.7364],[0.07857,0.7224],[0.08754,0.6912],[0.09975,0.6547],],[[0.08704,-0.7000],[0.08155,-0.7131],[0.07559,-0.7329],[0.07066,-0.7494],[0.06595,-0.7714],[0.06193,-0.7921],[0.05868,-0.8104],[0.05581,-0.8219],[0.05330,-0.8404],[0.05129,-0.8665],[0.04956,-0.8840],[0.04833,-0.9074],[0.04679,-0.9212],[0.04492,-0.9356],[0.04324,-0.9469],[0.04132,-0.9521],[0.03962,-0.9606],[0.02658,-0.9139],[0.02452,-0.8859],[0.02309,-0.8573],[0.02106,-0.8301],[0.01934,-0.8030],[0.01823,-0.7738],[0.01744,-0.7432],[0.01554,-0.7197],[0.01449,-0.6934],[0.01386,-0.6711],[0.01323,-0.6417],[0.01259,-0.6107],[0.01218,-0.5773],[0.01174,-0.5438],[0.01107,-0.5241],[0.01050,-0.4956],[0.01011,-0.4622],[0.00980,-0.4263],[0.00944,-0.3907],[0.00821,-0.3802],[0.00749,-0.3505],[0.00695,-0.3321],[0.00654,-0.3043],[0.00627,-0.2783],[0.00606,-0.2528],[0.00591,-0.2260],[0.00580,-0.1994],[0.00573,-0.1730],[0.00569,-0.1476],[0.00566,-0.1232],[0.00564,-0.0997],[0.00561,-0.0774],[0.00561,-0.0556],[0.00562,-0.0348],[0.00567,-0.0166],[0.00572,-0.0001],[0.00567,0.0167],[0.00561,0.0346],[0.00561,0.0555],[0.00561,0.0773],[0.00566,0.1231],[0.00569,0.1476],[0.00573,0.1730],[0.00580,0.1992],[0.00591,0.2260],[0.00606,0.2528],[0.00627,0.2781],[0.00655,0.3041],[0.00695,0.3320],[0.00743,0.3512],[0.00819,0.3806],[0.00943,0.3910],[0.00980,0.4266],[0.01012,0.4620],[0.01051,0.4956],[0.01107,0.5242],[0.01169,0.5442],[0.01215,0.5776],[0.01259,0.6106],[0.01322,0.6417],[0.01380,0.6718],[0.01446,0.6943],[0.01545,0.7206],[0.01796,0.7408],[0.01902,0.7709],[0.01933,0.8029],[0.02105,0.8303],[0.02325,0.8572],[0.02429,0.8863],[0.02697,0.9133],[0.03703,0.9500],[0.03968,0.9605],[0.04137,0.9550],[0.04326,0.9492],[0.04508,0.9353],[0.04685,0.9258],[0.04789,0.8947],[0.04966,0.8894],[0.05133,0.8670],[0.05331,0.8427],[0.05581,0.8251],[0.05888,0.8048],[0.06211,0.7913],[0.06587,0.7755],[0.07020,0.7567],[0.07585,0.7317],[0.08129,0.7157],],],
{"title":"Cl v Cd","sortData":false,"legend":{"show":false,"placement":"insideGrid","location":"ne"},"series":[{"showLabel":true,"index":0,"showLine":true,"trendline":{"type":"none","show":false},"color":"#4bb2c5"},{"showLabel":true,"index":0,"showLine":true,"trendline":{"type":"none","show":false},"color":"#EAA228"},{"showLabel":true,"index":0,"showLine":true,"trendline":{"type":"none","show":false},"color":"#839557"},{"showLabel":true,"index":0,"showLine":true,"trendline":{"type":"none","show":false},"color":"#953579"},{"showLabel":true,"index":0,"showLine":true,"trendline":{"type":"none","show":false},"color":"#d8b83f"}],"show":"$.jqplot.config.enablePlugins","axes":{"xaxis":{"max":0.12,"min":0,"tickInterval":0.02,"tickOptions":{"formatString":"%.2f"},"forceTickAt0":true,"rendererOptions":{"forceTickAt0":true}},"yaxis":{"max":1,"min":-1,"tickInterval":0.2,"tickOptions":{"formatString":"%.2f"},"forceTickAt0":true,"rendererOptions":{"forceTickAt0":true}}},"seriesDefaults":{"lineWidth":1,"showLabel":true,"markerOptions":{"size":5,"show":false}}});
jqplots.push(p);

var p = $.jqplot('liftaoa',[[[-12.250,-0.6232],[-12.000,-0.6194],[-11.750,-0.6354],[-11.500,-0.6819],[-11.250,-0.7293],[-11.000,-0.7717],[-10.750,-0.8119],[-10.500,-0.8476],[-10.250,-0.8500],[-10.000,-0.8558],[-9.750,-0.8632],[-9.500,-0.8686],[-9.250,-0.8701],[-9.000,-0.8672],[-8.750,-0.8577],[-8.500,-0.8423],[-8.250,-0.8217],[-8.000,-0.7923],[-7.750,-0.7512],[-7.500,-0.7320],[-7.250,-0.7203],[-7.000,-0.7153],[-6.750,-0.7113],[-6.500,-0.7087],[-6.250,-0.7142],[-6.000,-0.7213],[-5.750,-0.7238],[-5.500,-0.7254],[-5.250,-0.7196],[-5.000,-0.7128],[-4.750,-0.6991],[-4.500,-0.6840],[-4.250,-0.6563],[-4.000,-0.6230],[-3.750,-0.5867],[-3.500,-0.5460],[-3.250,-0.5011],[-3.000,-0.4105],[-2.750,-0.3311],[-2.500,-0.2772],[-2.250,-0.2154],[-2.000,-0.1653],[-1.750,-0.1084],[-1.500,-0.0542],[-1.250,0.0116],[-1.000,0.0434],[-0.750,0.0368],[-0.500,0.0269],[-0.250,0.0142],[0.000,0.0000],[0.250,-0.0142],[0.500,-0.0269],[0.750,-0.0368],[1.000,-0.0434],[1.250,-0.0119],[1.500,0.0537],[1.750,0.1083],[2.000,0.1654],[2.250,0.2153],[2.500,0.2765],[2.750,0.3316],[3.000,0.4105],[3.250,0.5010],[3.500,0.5460],[3.750,0.5869],[4.000,0.6233],[4.250,0.6560],[4.500,0.6842],[4.750,0.6987],[5.000,0.7127],[5.250,0.7200],[5.500,0.7251],[5.750,0.7235],[6.000,0.7209],[6.250,0.7139],[6.500,0.7088],[6.750,0.7115],[7.000,0.7155],[7.250,0.7204],[7.500,0.7320],[7.750,0.7515],[8.000,0.7923],[8.250,0.8208],[8.500,0.8424],[8.750,0.8577],[9.000,0.8672],[9.250,0.8706],[9.500,0.8682],[9.750,0.8634],[10.000,0.8563],[10.250,0.8489],[10.500,0.8485],[10.750,0.8112],[11.000,0.7728],[11.250,0.7301],[11.500,0.6832],[11.750,0.6367],[12.000,0.6194],[12.250,0.6243],],[[-12.250,-0.6285],[-12.000,-0.6646],[-11.750,-0.6939],[-11.500,-0.7234],[-11.250,-0.7552],[-11.000,-0.7864],[-10.750,-0.8217],[-10.500,-0.8556],[-10.250,-0.8575],[-10.000,-0.8915],[-9.750,-0.8960],[-9.500,-0.8975],[-9.250,-0.9061],[-9.000,-0.9110],[-8.750,-0.8999],[-8.500,-0.8891],[-8.250,-0.8737],[-8.000,-0.8500],[-7.750,-0.8218],[-7.500,-0.7951],[-7.250,-0.7742],[-7.000,-0.7606],[-6.750,-0.7518],[-6.500,-0.7448],[-6.250,-0.7420],[-6.000,-0.7336],[-5.750,-0.7234],[-5.500,-0.7137],[-5.250,-0.7037],[-5.000,-0.7041],[-4.750,-0.6999],[-4.500,-0.6928],[-4.250,-0.6831],[-4.000,-0.6710],[-3.750,-0.6592],[-3.500,-0.6475],[-3.250,-0.6319],[-3.000,-0.6187],[-2.750,-0.6025],[-2.500,-0.5823],[-2.250,-0.5597],[-2.000,-0.5324],[-1.750,-0.4982],[-1.500,-0.4378],[-1.250,-0.3699],[-1.000,-0.2903],[-0.750,-0.2143],[-0.500,-0.1395],[-0.250,-0.0732],[0.000,-0.0001],[0.250,0.0732],[0.500,0.1397],[0.750,0.2145],[1.000,0.2906],[1.500,0.4380],[1.750,0.4983],[2.000,0.5325],[2.250,0.5598],[2.500,0.5824],[2.750,0.6025],[3.000,0.6189],[3.250,0.6317],[3.500,0.6479],[3.750,0.6587],[4.000,0.6709],[4.250,0.6825],[4.500,0.6929],[4.750,0.6993],[5.000,0.7037],[5.250,0.7042],[5.500,0.7135],[5.750,0.7233],[6.000,0.7334],[6.250,0.7419],[6.500,0.7448],[6.750,0.7518],[7.000,0.7606],[7.250,0.7743],[7.500,0.7950],[7.750,0.8221],[8.000,0.8497],[8.250,0.8724],[8.500,0.8862],[8.750,0.8989],[9.000,0.9106],[9.250,0.9074],[9.500,0.8973],[9.750,0.8965],[10.000,0.8935],[10.250,0.8557],[10.500,0.8344],[10.750,0.8194],[11.000,0.7886],[11.250,0.7550],[11.500,0.7253],[11.750,0.6962],[12.000,0.6625],[12.250,0.6079],],[[-8.000,-0.8809],[-7.750,-0.8562],[-7.500,-0.8398],[-7.250,-0.8231],[-7.000,-0.8024],[-6.750,-0.7828],[-6.500,-0.7701],[-6.250,-0.7602],[-6.000,-0.7520],[-5.750,-0.7443],[-5.500,-0.7363],[-5.250,-0.7256],[-5.000,-0.7135],[-4.750,-0.6999],[-4.500,-0.6849],[-4.000,-0.6340],[-3.750,-0.6086],[-3.500,-0.5793],[-3.250,-0.5450],[-3.000,-0.5152],[-2.750,-0.4804],[-2.500,-0.4482],[-2.250,-0.4098],[-2.000,-0.3747],[-1.750,-0.3361],[-1.500,-0.2958],[-1.250,-0.2574],[-1.000,-0.2071],[-0.750,-0.1635],[-0.500,-0.1106],[-0.250,-0.0492],[0.000,0.0000],[0.250,0.0490],[0.500,0.1105],[0.750,0.1635],[1.000,0.2072],[1.250,0.2575],[1.500,0.2959],[1.750,0.3364],[2.000,0.3747],[2.250,0.4099],[2.500,0.4484],[2.750,0.4802],[3.000,0.5149],[3.250,0.5454],[3.500,0.5795],[3.750,0.6085],[4.000,0.6340],[4.250,0.6577],[4.750,0.7000],[5.000,0.7134],[5.250,0.7260],[5.500,0.7354],[5.750,0.7437],[6.000,0.7506],[6.250,0.7600],[6.500,0.7700],[6.750,0.7827],[7.000,0.8004],[7.250,0.8226],[7.500,0.8391],[7.750,0.8566],[8.000,0.8805],],[[-13.500,-0.6534],[-13.250,-0.6913],[-13.000,-0.7207],[-12.750,-0.7470],[-12.500,-0.7609],[-12.250,-0.7772],[-12.000,-0.7960],[-11.750,-0.8186],[-11.500,-0.8341],[-11.250,-0.8431],[-11.000,-0.8578],[-10.750,-0.8720],[-10.500,-0.8878],[-10.250,-0.9039],[-10.000,-0.9123],[-9.750,-0.9192],[-9.500,-0.9229],[-9.250,-0.9237],[-7.000,-0.8007],[-6.750,-0.7702],[-6.500,-0.7412],[-6.250,-0.7104],[-6.000,-0.6782],[-5.750,-0.6512],[-5.500,-0.6246],[-5.250,-0.5923],[-5.000,-0.5601],[-4.750,-0.5357],[-4.500,-0.5045],[-4.250,-0.4698],[-4.000,-0.4475],[-3.750,-0.4335],[-3.500,-0.4021],[-3.250,-0.3661],[-3.000,-0.3418],[-2.750,-0.3088],[-2.500,-0.2727],[-2.250,-0.2469],[-2.000,-0.2129],[-1.750,-0.1861],[-1.500,-0.1542],[-1.250,-0.1259],[-1.000,-0.0999],[-0.750,-0.0740],[-0.250,-0.0247],[0.000,0.0000],[0.250,0.0247],[0.750,0.0740],[1.000,0.0998],[1.250,0.1258],[1.500,0.1543],[1.750,0.1860],[2.000,0.2128],[2.250,0.2469],[2.500,0.2727],[2.750,0.3089],[3.000,0.3419],[3.250,0.3663],[3.500,0.4023],[3.750,0.4342],[4.000,0.4479],[4.250,0.4702],[4.500,0.5045],[4.750,0.5354],[5.000,0.5595],[5.250,0.5925],[5.500,0.6244],[5.750,0.6512],[6.000,0.6777],[6.250,0.7104],[6.500,0.7412],[6.750,0.7699],[7.000,0.8006],[10.250,0.9031],[10.500,0.8876],[10.750,0.8768],[11.000,0.8576],[11.250,0.8432],[11.500,0.8339],[11.750,0.8183],[12.000,0.8056],[12.250,0.7783],[12.500,0.7555],[12.750,0.7364],[13.000,0.7224],[13.250,0.6912],[13.500,0.6547],],[[-13.500,-0.7000],[-13.250,-0.7131],[-13.000,-0.7329],[-12.750,-0.7494],[-12.500,-0.7714],[-12.250,-0.7921],[-12.000,-0.8104],[-11.750,-0.8219],[-11.500,-0.8404],[-11.250,-0.8665],[-11.000,-0.8840],[-10.750,-0.9074],[-10.500,-0.9212],[-10.250,-0.9356],[-10.000,-0.9469],[-9.750,-0.9521],[-9.500,-0.9606],[-8.750,-0.9139],[-8.500,-0.8859],[-8.250,-0.8573],[-8.000,-0.8301],[-7.750,-0.8030],[-7.500,-0.7738],[-7.250,-0.7432],[-7.000,-0.7197],[-6.750,-0.6934],[-6.500,-0.6711],[-6.250,-0.6417],[-6.000,-0.6107],[-5.750,-0.5773],[-5.500,-0.5438],[-5.250,-0.5241],[-5.000,-0.4956],[-4.750,-0.4622],[-4.500,-0.4263],[-4.250,-0.3907],[-4.000,-0.3802],[-3.750,-0.3505],[-3.500,-0.3321],[-3.250,-0.3043],[-3.000,-0.2783],[-2.750,-0.2528],[-2.500,-0.2260],[-2.250,-0.1994],[-2.000,-0.1730],[-1.750,-0.1476],[-1.500,-0.1232],[-1.250,-0.0997],[-1.000,-0.0774],[-0.750,-0.0556],[-0.500,-0.0348],[-0.250,-0.0166],[0.000,-0.0001],[0.250,0.0167],[0.500,0.0346],[0.750,0.0555],[1.000,0.0773],[1.500,0.1231],[1.750,0.1476],[2.000,0.1730],[2.250,0.1992],[2.500,0.2260],[2.750,0.2528],[3.000,0.2781],[3.250,0.3041],[3.500,0.3320],[3.750,0.3512],[4.000,0.3806],[4.250,0.3910],[4.500,0.4266],[4.750,0.4620],[5.000,0.4956],[5.250,0.5242],[5.500,0.5442],[5.750,0.5776],[6.000,0.6106],[6.250,0.6417],[6.500,0.6718],[6.750,0.6943],[7.000,0.7206],[7.250,0.7408],[7.500,0.7709],[7.750,0.8029],[8.000,0.8303],[8.250,0.8572],[8.500,0.8863],[8.750,0.9133],[9.250,0.9500],[9.500,0.9605],[9.750,0.9550],[10.000,0.9492],[10.250,0.9353],[10.500,0.9258],[10.750,0.8947],[11.000,0.8894],[11.250,0.8670],[11.500,0.8427],[11.750,0.8251],[12.000,0.8048],[12.250,0.7913],[12.500,0.7755],[12.750,0.7567],[13.000,0.7317],[13.250,0.7157],],],
{"title":"Cl v Alpha","sortData":false,"legend":{"show":false,"placement":"insideGrid","location":"ne"},"series":[{"showLabel":true,"index":0,"showLine":true,"trendline":{"type":"none","show":false},"color":"#4bb2c5"},{"showLabel":true,"index":0,"showLine":true,"trendline":{"type":"none","show":false},"color":"#EAA228"},{"showLabel":true,"index":0,"showLine":true,"trendline":{"type":"none","show":false},"color":"#839557"},{"showLabel":true,"index":0,"showLine":true,"trendline":{"type":"none","show":false},"color":"#953579"},{"showLabel":true,"index":0,"showLine":true,"trendline":{"type":"none","show":false},"color":"#d8b83f"}],"show":"$.jqplot.config.enablePlugins","axes":{"xaxis":{"max":15,"min":-15,"tickInterval":5,"tickOptions":{"formatString":"%.1f"},"forceTickAt0":true,"rendererOptions":{"forceTickAt0":true}},"yaxis":{"max":1,"min":-1,"tickInterval":0.2,"tickOptions":{"formatString":"%.2f"},"forceTickAt0":true,"rendererOptions":{"forceTickAt0":true}}},"seriesDefaults":{"lineWidth":1,"showLabel":true,"markerOptions":{"size":5,"show":false}}});
jqplots.push(p);

var p = $.jqplot('momentaoa',[[[-12.250,-0.0355],[-12.000,-0.0356],[-11.750,-0.0395],[-11.500,-0.0468],[-11.250,-0.0507],[-11.000,-0.0507],[-10.750,-0.0473],[-10.500,-0.0417],[-10.250,-0.0394],[-10.000,-0.0365],[-9.750,-0.0330],[-9.500,-0.0294],[-9.250,-0.0259],[-9.000,-0.0225],[-8.750,-0.0198],[-8.500,-0.0177],[-8.250,-0.0163],[-8.000,-0.0158],[-7.750,-0.0169],[-7.500,-0.0150],[-7.250,-0.0120],[-7.000,-0.0083],[-6.750,-0.0044],[-6.500,-0.0004],[-6.250,0.0049],[-6.000,0.0111],[-5.750,0.0173],[-5.500,0.0236],[-5.250,0.0285],[-5.000,0.0337],[-4.750,0.0374],[-4.500,0.0417],[-4.250,0.0460],[-4.000,0.0477],[-3.750,0.0478],[-3.500,0.0470],[-3.250,0.0453],[-3.000,0.0362],[-2.750,0.0281],[-2.500,0.0233],[-2.250,0.0165],[-2.000,0.0112],[-1.750,0.0043],[-1.500,-0.0026],[-1.250,-0.0121],[-1.000,-0.0157],[-0.750,-0.0123],[-0.500,-0.0085],[-0.250,-0.0044],[0.000,0.0000],[0.250,0.0044],[0.500,0.0086],[0.750,0.0124],[1.000,0.0157],[1.250,0.0121],[1.500,0.0027],[1.750,-0.0043],[2.000,-0.0112],[2.250,-0.0165],[2.500,-0.0232],[2.750,-0.0282],[3.000,-0.0362],[3.250,-0.0453],[3.500,-0.0470],[3.750,-0.0478],[4.000,-0.0477],[4.250,-0.0458],[4.500,-0.0417],[4.750,-0.0373],[5.000,-0.0337],[5.250,-0.0286],[5.500,-0.0235],[5.750,-0.0172],[6.000,-0.0110],[6.250,-0.0048],[6.500,0.0003],[6.750,0.0044],[7.000,0.0083],[7.250,0.0120],[7.500,0.0150],[7.750,0.0168],[8.000,0.0157],[8.250,0.0164],[8.500,0.0177],[8.750,0.0198],[9.000,0.0225],[9.250,0.0258],[9.500,0.0295],[9.750,0.0330],[10.000,0.0364],[10.250,0.0396],[10.500,0.0416],[10.750,0.0474],[11.000,0.0506],[11.250,0.0507],[11.500,0.0468],[11.750,0.0394],[12.000,0.0354],[12.250,0.0355],],[[-12.250,-0.0379],[-12.000,-0.0452],[-11.750,-0.0498],[-11.500,-0.0527],[-11.250,-0.0537],[-11.000,-0.0525],[-10.750,-0.0488],[-10.500,-0.0428],[-10.250,-0.0401],[-10.000,-0.0330],[-9.750,-0.0284],[-9.500,-0.0249],[-9.250,-0.0195],[-9.000,-0.0132],[-8.750,-0.0106],[-8.500,-0.0078],[-8.250,-0.0056],[-8.000,-0.0048],[-7.750,-0.0044],[-7.500,-0.0038],[-7.250,-0.0023],[-7.000,0.0003],[-6.750,0.0038],[-6.500,0.0076],[-6.250,0.0118],[-6.000,0.0153],[-5.750,0.0186],[-5.500,0.0220],[-5.250,0.0253],[-5.000,0.0298],[-4.750,0.0338],[-4.500,0.0377],[-4.250,0.0412],[-4.000,0.0443],[-3.750,0.0475],[-3.500,0.0509],[-3.250,0.0535],[-3.000,0.0569],[-2.750,0.0596],[-2.500,0.0610],[-2.250,0.0619],[-2.000,0.0620],[-1.750,0.0606],[-1.500,0.0541],[-1.250,0.0466],[-1.000,0.0368],[-0.750,0.0271],[-0.500,0.0175],[-0.250,0.0094],[0.000,0.0000],[0.250,-0.0094],[0.500,-0.0175],[0.750,-0.0271],[1.000,-0.0368],[1.500,-0.0542],[1.750,-0.0606],[2.000,-0.0620],[2.250,-0.0620],[2.500,-0.0610],[2.750,-0.0596],[3.000,-0.0569],[3.250,-0.0534],[3.500,-0.0509],[3.750,-0.0474],[4.000,-0.0443],[4.250,-0.0411],[4.500,-0.0377],[4.750,-0.0337],[5.000,-0.0297],[5.250,-0.0254],[5.500,-0.0219],[5.750,-0.0186],[6.000,-0.0153],[6.250,-0.0118],[6.500,-0.0076],[6.750,-0.0038],[7.000,-0.0003],[7.250,0.0023],[7.500,0.0038],[7.750,0.0044],[8.000,0.0048],[8.250,0.0059],[8.500,0.0084],[8.750,0.0108],[9.000,0.0132],[9.250,0.0193],[9.500,0.0250],[9.750,0.0283],[10.000,0.0327],[10.250,0.0403],[10.500,0.0453],[10.750,0.0490],[11.000,0.0524],[11.250,0.0537],[11.500,0.0527],[11.750,0.0499],[12.000,0.0447],[12.250,0.0330],],[[-8.000,0.0012],[-7.750,0.0030],[-7.500,0.0057],[-7.250,0.0079],[-7.000,0.0093],[-6.750,0.0106],[-6.500,0.0134],[-6.250,0.0167],[-6.000,0.0202],[-5.750,0.0238],[-5.500,0.0273],[-5.250,0.0304],[-5.000,0.0332],[-4.750,0.0357],[-4.500,0.0380],[-4.000,0.0373],[-3.750,0.0368],[-3.500,0.0362],[-3.250,0.0346],[-3.000,0.0341],[-2.750,0.0327],[-2.500,0.0318],[-2.250,0.0297],[-2.000,0.0283],[-1.750,0.0262],[-1.500,0.0238],[-1.250,0.0219],[-1.000,0.0177],[-0.750,0.0151],[-0.500,0.0104],[-0.250,0.0039],[0.000,0.0000],[0.250,-0.0039],[0.500,-0.0104],[0.750,-0.0151],[1.000,-0.0178],[1.250,-0.0219],[1.500,-0.0238],[1.750,-0.0262],[2.000,-0.0282],[2.250,-0.0297],[2.500,-0.0318],[2.750,-0.0326],[3.000,-0.0340],[3.250,-0.0347],[3.500,-0.0362],[3.750,-0.0368],[4.000,-0.0373],[4.250,-0.0378],[4.750,-0.0357],[5.000,-0.0331],[5.250,-0.0304],[5.500,-0.0271],[5.750,-0.0237],[6.000,-0.0199],[6.250,-0.0166],[6.500,-0.0134],[6.750,-0.0106],[7.000,-0.0089],[7.250,-0.0078],[7.500,-0.0055],[7.750,-0.0030],[8.000,-0.0012],],[[-13.500,-0.0348],[-13.250,-0.0432],[-13.000,-0.0488],[-12.750,-0.0528],[-12.500,-0.0545],[-12.250,-0.0556],[-12.000,-0.0559],[-11.750,-0.0548],[-11.500,-0.0528],[-11.250,-0.0505],[-11.000,-0.0469],[-10.750,-0.0425],[-10.500,-0.0369],[-10.250,-0.0306],[-10.000,-0.0256],[-9.750,-0.0206],[-9.500,-0.0159],[-9.250,-0.0114],[-7.000,0.0091],[-6.750,0.0084],[-6.500,0.0077],[-6.250,0.0066],[-6.000,0.0052],[-5.750,0.0050],[-5.500,0.0050],[-5.250,0.0038],[-5.000,0.0025],[-4.750,0.0031],[-4.500,0.0023],[-4.250,0.0007],[-4.000,0.0007],[-3.750,0.0031],[-3.500,0.0020],[-3.250,0.0001],[-3.000,0.0008],[-2.750,-0.0004],[-2.500,-0.0022],[-2.250,-0.0018],[-2.000,-0.0031],[-1.750,-0.0028],[-1.500,-0.0037],[-1.250,-0.0037],[-1.000,-0.0033],[-0.750,-0.0027],[-0.250,-0.0009],[0.000,0.0000],[0.250,0.0009],[0.750,0.0027],[1.000,0.0033],[1.250,0.0038],[1.500,0.0037],[1.750,0.0029],[2.000,0.0031],[2.250,0.0018],[2.500,0.0023],[2.750,0.0004],[3.000,-0.0008],[3.250,-0.0001],[3.500,-0.0020],[3.750,-0.0032],[4.000,-0.0007],[4.250,-0.0008],[4.500,-0.0023],[4.750,-0.0031],[5.000,-0.0024],[5.250,-0.0038],[5.500,-0.0049],[5.750,-0.0050],[6.000,-0.0051],[6.250,-0.0066],[6.500,-0.0078],[6.750,-0.0084],[7.000,-0.0090],[10.250,0.0307],[10.500,0.0369],[10.750,0.0417],[11.000,0.0470],[11.250,0.0505],[11.500,0.0528],[11.750,0.0548],[12.000,0.0557],[12.250,0.0556],[12.500,0.0540],[12.750,0.0514],[13.000,0.0488],[13.250,0.0428],[13.500,0.0346],],[[-13.500,-0.0438],[-13.250,-0.0469],[-13.000,-0.0502],[-12.750,-0.0525],[-12.500,-0.0543],[-12.250,-0.0548],[-12.000,-0.0541],[-11.750,-0.0528],[-11.500,-0.0501],[-11.250,-0.0453],[-11.000,-0.0404],[-10.750,-0.0333],[-10.500,-0.0275],[-10.250,-0.0216],[-10.000,-0.0160],[-9.750,-0.0113],[-9.500,-0.0058],[-8.750,-0.0035],[-8.500,-0.0043],[-8.250,-0.0050],[-8.000,-0.0053],[-7.750,-0.0056],[-7.500,-0.0064],[-7.250,-0.0074],[-7.000,-0.0074],[-6.750,-0.0078],[-6.500,-0.0070],[-6.250,-0.0077],[-6.000,-0.0087],[-5.750,-0.0103],[-5.500,-0.0117],[-5.250,-0.0101],[-5.000,-0.0105],[-4.750,-0.0119],[-4.500,-0.0139],[-4.250,-0.0157],[-4.000,-0.0126],[-3.750,-0.0136],[-3.500,-0.0119],[-3.250,-0.0122],[-3.000,-0.0119],[-2.750,-0.0115],[-2.500,-0.0114],[-2.250,-0.0112],[-2.000,-0.0109],[-1.750,-0.0104],[-1.500,-0.0096],[-1.250,-0.0086],[-1.000,-0.0074],[-0.750,-0.0061],[-0.500,-0.0046],[-0.250,-0.0024],[0.000,0.0000],[0.250,0.0024],[0.500,0.0046],[0.750,0.0061],[1.000,0.0075],[1.500,0.0096],[1.750,0.0104],[2.000,0.0109],[2.250,0.0112],[2.500,0.0114],[2.750,0.0115],[3.000,0.0120],[3.250,0.0122],[3.500,0.0119],[3.750,0.0135],[4.000,0.0125],[4.250,0.0156],[4.500,0.0138],[4.750,0.0119],[5.000,0.0105],[5.250,0.0101],[5.500,0.0117],[5.750,0.0102],[6.000,0.0088],[6.250,0.0077],[6.500,0.0068],[6.750,0.0076],[7.000,0.0073],[7.250,0.0078],[7.500,0.0068],[7.750,0.0057],[8.000,0.0053],[8.250,0.0050],[8.500,0.0043],[8.750,0.0037],[9.250,0.0042],[9.500,0.0058],[9.750,0.0108],[10.000,0.0156],[10.250,0.0217],[10.500,0.0267],[10.750,0.0356],[11.000,0.0395],[11.250,0.0453],[11.500,0.0499],[11.750,0.0525],[12.000,0.0542],[12.250,0.0547],[12.500,0.0544],[12.750,0.0530],[13.000,0.0499],[13.250,0.0470],],],
{"title":"Cm v Alpha","sortData":false,"legend":{"show":false,"placement":"insideGrid","location":"ne"},"series":[{"showLabel":true,"index":0,"showLine":true,"trendline":{"type":"none","show":false},"color":"#4bb2c5"},{"showLabel":true,"index":0,"showLine":true,"trendline":{"type":"none","show":false},"color":"#EAA228"},{"showLabel":true,"index":0,"showLine":true,"trendline":{"type":"none","show":false},"color":"#839557"},{"showLabel":true,"index":0,"showLine":true,"trendline":{"type":"none","show":false},"color":"#953579"},{"showLabel":true,"index":0,"showLine":true,"trendline":{"type":"none","show":false},"color":"#d8b83f"}],"show":"$.jqplot.config.enablePlugins","axes":{"xaxis":{"max":15,"min":-15,"tickInterval":5,"tickOptions":{"formatString":"%.1f"},"forceTickAt0":true,"rendererOptions":{"forceTickAt0":true}},"yaxis":{"max":0.08,"min":-0.08,"tickInterval":0.02,"tickOptions":{"formatString":"%.2f"},"forceTickAt0":true,"rendererOptions":{"forceTickAt0":true}}},"seriesDefaults":{"lineWidth":1,"showLabel":true,"markerOptions":{"size":5,"show":false}}});
jqplots.push(p);

var p = $.jqplot('dragaoa',[[[-12.250,0.10929],[-12.000,0.10489],[-11.750,0.09693],[-11.500,0.08617],[-11.250,0.07878],[-11.000,0.07407],[-10.750,0.07098],[-10.500,0.06920],[-10.250,0.06506],[-10.000,0.06148],[-9.750,0.05812],[-9.500,0.05481],[-9.250,0.05165],[-9.000,0.04844],[-8.750,0.04544],[-8.500,0.04278],[-8.250,0.04030],[-8.000,0.03796],[-7.750,0.03538],[-7.500,0.03371],[-7.250,0.03231],[-7.000,0.03084],[-6.750,0.02938],[-6.500,0.02778],[-6.250,0.02572],[-6.000,0.02453],[-5.750,0.02415],[-5.500,0.02408],[-5.250,0.02401],[-5.000,0.02414],[-4.750,0.02402],[-4.500,0.02431],[-4.250,0.02583],[-4.000,0.02671],[-3.750,0.02723],[-3.500,0.02784],[-3.250,0.02850],[-3.000,0.03004],[-2.750,0.03088],[-2.500,0.03102],[-2.250,0.03093],[-2.000,0.03059],[-1.750,0.03005],[-1.500,0.02942],[-1.250,0.02845],[-1.000,0.02773],[-0.750,0.02737],[-0.500,0.02707],[-0.250,0.02688],[0.000,0.02681],[0.250,0.02688],[0.500,0.02707],[0.750,0.02736],[1.000,0.02772],[1.250,0.02845],[1.500,0.02941],[1.750,0.03005],[2.000,0.03058],[2.250,0.03093],[2.500,0.03103],[2.750,0.03086],[3.000,0.03003],[3.250,0.02850],[3.500,0.02783],[3.750,0.02722],[4.000,0.02670],[4.250,0.02575],[4.500,0.02431],[4.750,0.02401],[5.000,0.02413],[5.250,0.02403],[5.500,0.02406],[5.750,0.02415],[6.000,0.02453],[6.250,0.02573],[6.500,0.02775],[6.750,0.02937],[7.000,0.03083],[7.250,0.03230],[7.500,0.03372],[7.750,0.03542],[8.000,0.03794],[8.250,0.04026],[8.500,0.04278],[8.750,0.04546],[9.000,0.04844],[9.250,0.05157],[9.500,0.05483],[9.750,0.05808],[10.000,0.06141],[10.250,0.06514],[10.500,0.06912],[10.750,0.07098],[11.000,0.07400],[11.250,0.07879],[11.500,0.08607],[11.750,0.09687],[12.000,0.10508],[12.250,0.10933],],[[-12.250,0.10352],[-12.000,0.09045],[-11.750,0.08304],[-11.500,0.07705],[-11.250,0.07211],[-11.000,0.06828],[-10.750,0.06530],[-10.500,0.06341],[-10.250,0.05824],[-10.000,0.05541],[-9.750,0.05283],[-9.500,0.04885],[-9.250,0.04578],[-9.000,0.04528],[-8.750,0.04245],[-8.500,0.03984],[-8.250,0.03731],[-8.000,0.03453],[-7.750,0.03202],[-7.500,0.03002],[-7.250,0.02843],[-7.000,0.02714],[-6.750,0.02603],[-6.500,0.02507],[-6.250,0.02388],[-6.000,0.02305],[-5.750,0.02230],[-5.500,0.02143],[-5.250,0.02053],[-5.000,0.01874],[-4.750,0.01764],[-4.500,0.01705],[-4.250,0.01674],[-4.000,0.01656],[-3.750,0.01640],[-3.500,0.01625],[-3.250,0.01613],[-3.000,0.01616],[-2.750,0.01626],[-2.500,0.01631],[-2.250,0.01642],[-2.000,0.01667],[-1.750,0.01711],[-1.500,0.01805],[-1.250,0.01919],[-1.000,0.02043],[-0.750,0.02115],[-0.500,0.02171],[-0.250,0.02197],[0.000,0.02207],[0.250,0.02197],[0.500,0.02171],[0.750,0.02114],[1.000,0.02043],[1.500,0.01805],[1.750,0.01711],[2.000,0.01666],[2.250,0.01642],[2.500,0.01630],[2.750,0.01625],[3.000,0.01616],[3.250,0.01613],[3.500,0.01625],[3.750,0.01640],[4.000,0.01656],[4.250,0.01675],[4.500,0.01705],[4.750,0.01767],[5.000,0.01877],[5.250,0.02048],[5.500,0.02146],[5.750,0.02231],[6.000,0.02307],[6.250,0.02389],[6.500,0.02507],[6.750,0.02603],[7.000,0.02714],[7.250,0.02841],[7.500,0.03001],[7.750,0.03206],[8.000,0.03448],[8.250,0.03716],[8.500,0.03940],[8.750,0.04230],[9.000,0.04555],[9.250,0.04571],[9.500,0.04891],[9.750,0.05274],[10.000,0.05537],[10.250,0.05842],[10.500,0.06140],[10.750,0.06532],[11.000,0.06816],[11.250,0.07216],[11.500,0.07693],[11.750,0.08281],[12.000,0.09093],[12.250,0.10806],],[[-8.000,0.03223],[-7.750,0.02932],[-7.500,0.02859],[-7.250,0.02786],[-7.000,0.02619],[-6.750,0.02384],[-6.500,0.02274],[-6.250,0.02173],[-6.000,0.02082],[-5.750,0.01998],[-5.500,0.01919],[-5.250,0.01856],[-5.000,0.01798],[-4.750,0.01748],[-4.500,0.01709],[-4.000,0.01493],[-3.750,0.01390],[-3.500,0.01359],[-3.250,0.01344],[-3.000,0.01326],[-2.750,0.01306],[-2.500,0.01285],[-2.250,0.01268],[-2.000,0.01251],[-1.750,0.01233],[-1.500,0.01216],[-1.250,0.01200],[-1.000,0.01186],[-0.750,0.01188],[-0.500,0.01187],[-0.250,0.01188],[0.000,0.01192],[0.250,0.01188],[0.500,0.01187],[0.750,0.01188],[1.000,0.01186],[1.250,0.01200],[1.500,0.01216],[1.750,0.01233],[2.000,0.01251],[2.250,0.01268],[2.500,0.01286],[2.750,0.01306],[3.000,0.01326],[3.250,0.01344],[3.500,0.01358],[3.750,0.01391],[4.000,0.01495],[4.250,0.01661],[4.750,0.01748],[5.000,0.01800],[5.250,0.01854],[5.500,0.01927],[5.750,0.02004],[6.000,0.02095],[6.250,0.02176],[6.500,0.02275],[6.750,0.02404],[7.000,0.02565],[7.250,0.02771],[7.500,0.02840],[7.750,0.02934],[8.000,0.03209],],[[-13.500,0.09980],[-13.250,0.08727],[-13.000,0.07869],[-12.750,0.07203],[-12.500,0.06756],[-12.250,0.06333],[-12.000,0.05945],[-11.750,0.05597],[-11.500,0.05320],[-11.250,0.05095],[-11.000,0.04884],[-10.750,0.04704],[-10.500,0.04552],[-10.250,0.04417],[-10.000,0.04260],[-9.750,0.04087],[-9.500,0.03962],[-9.250,0.03847],[-7.000,0.02138],[-6.750,0.01986],[-6.500,0.01867],[-6.250,0.01757],[-6.000,0.01668],[-5.750,0.01596],[-5.500,0.01517],[-5.250,0.01452],[-5.000,0.01370],[-4.750,0.01310],[-4.500,0.01268],[-4.250,0.01223],[-4.000,0.01043],[-3.750,0.00951],[-3.500,0.00897],[-3.250,0.00861],[-3.000,0.00833],[-2.750,0.00807],[-2.500,0.00781],[-2.250,0.00763],[-2.000,0.00740],[-1.750,0.00722],[-1.500,0.00700],[-1.250,0.00682],[-1.000,0.00664],[-0.750,0.00649],[-0.250,0.00632],[0.000,0.00631],[0.250,0.00632],[0.750,0.00649],[1.000,0.00665],[1.250,0.00682],[1.500,0.00700],[1.750,0.00722],[2.000,0.00739],[2.250,0.00763],[2.500,0.00781],[2.750,0.00807],[3.000,0.00833],[3.250,0.00862],[3.500,0.00897],[3.750,0.00948],[4.000,0.01037],[4.250,0.01222],[4.500,0.01267],[4.750,0.01313],[5.000,0.01375],[5.250,0.01453],[5.500,0.01517],[5.750,0.01598],[6.000,0.01676],[6.250,0.01758],[6.500,0.01864],[6.750,0.01984],[7.000,0.02142],[10.250,0.04424],[10.500,0.04558],[10.750,0.04688],[11.000,0.04885],[11.250,0.05097],[11.500,0.05317],[11.750,0.05594],[12.000,0.05901],[12.250,0.06333],[12.500,0.06829],[12.750,0.07354],[13.000,0.07857],[13.250,0.08754],[13.500,0.09975],],[[-13.500,0.08704],[-13.250,0.08155],[-13.000,0.07559],[-12.750,0.07066],[-12.500,0.06595],[-12.250,0.06193],[-12.000,0.05868],[-11.750,0.05581],[-11.500,0.05330],[-11.250,0.05129],[-11.000,0.04956],[-10.750,0.04833],[-10.500,0.04679],[-10.250,0.04492],[-10.000,0.04324],[-9.750,0.04132],[-9.500,0.03962],[-8.750,0.02658],[-8.500,0.02452],[-8.250,0.02309],[-8.000,0.02106],[-7.750,0.01934],[-7.500,0.01823],[-7.250,0.01744],[-7.000,0.01554],[-6.750,0.01449],[-6.500,0.01386],[-6.250,0.01323],[-6.000,0.01259],[-5.750,0.01218],[-5.500,0.01174],[-5.250,0.01107],[-5.000,0.01050],[-4.750,0.01011],[-4.500,0.00980],[-4.250,0.00944],[-4.000,0.00821],[-3.750,0.00749],[-3.500,0.00695],[-3.250,0.00654],[-3.000,0.00627],[-2.750,0.00606],[-2.500,0.00591],[-2.250,0.00580],[-2.000,0.00573],[-1.750,0.00569],[-1.500,0.00566],[-1.250,0.00564],[-1.000,0.00561],[-0.750,0.00561],[-0.500,0.00562],[-0.250,0.00567],[0.000,0.00572],[0.250,0.00567],[0.500,0.00561],[0.750,0.00561],[1.000,0.00561],[1.500,0.00566],[1.750,0.00569],[2.000,0.00573],[2.250,0.00580],[2.500,0.00591],[2.750,0.00606],[3.000,0.00627],[3.250,0.00655],[3.500,0.00695],[3.750,0.00743],[4.000,0.00819],[4.250,0.00943],[4.500,0.00980],[4.750,0.01012],[5.000,0.01051],[5.250,0.01107],[5.500,0.01169],[5.750,0.01215],[6.000,0.01259],[6.250,0.01322],[6.500,0.01380],[6.750,0.01446],[7.000,0.01545],[7.250,0.01796],[7.500,0.01902],[7.750,0.01933],[8.000,0.02105],[8.250,0.02325],[8.500,0.02429],[8.750,0.02697],[9.250,0.03703],[9.500,0.03968],[9.750,0.04137],[10.000,0.04326],[10.250,0.04508],[10.500,0.04685],[10.750,0.04789],[11.000,0.04966],[11.250,0.05133],[11.500,0.05331],[11.750,0.05581],[12.000,0.05888],[12.250,0.06211],[12.500,0.06587],[12.750,0.07020],[13.000,0.07585],[13.250,0.08129],],],
{"title":"Cd v Alpha","sortData":false,"legend":{"show":false,"placement":"insideGrid","location":"ne"},"series":[{"showLabel":true,"index":0,"showLine":true,"trendline":{"type":"none","show":false},"color":"#4bb2c5"},{"showLabel":true,"index":0,"showLine":true,"trendline":{"type":"none","show":false},"color":"#EAA228"},{"showLabel":true,"index":0,"showLine":true,"trendline":{"type":"none","show":false},"color":"#839557"},{"showLabel":true,"index":0,"showLine":true,"trendline":{"type":"none","show":false},"color":"#953579"},{"showLabel":true,"index":0,"showLine":true,"trendline":{"type":"none","show":false},"color":"#d8b83f"}],"show":"$.jqplot.config.enablePlugins","axes":{"xaxis":{"max":15,"min":-15,"tickInterval":5,"tickOptions":{"formatString":"%.1f"},"forceTickAt0":true,"rendererOptions":{"forceTickAt0":true}},"yaxis":{"max":0.12,"min":0,"tickInterval":0.02,"tickOptions":{"formatString":"%.2f"},"forceTickAt0":true,"rendererOptions":{"forceTickAt0":true}}},"seriesDefaults":{"lineWidth":1,"showLabel":true,"markerOptions":{"size":5,"show":false}}});
jqplots.push(p);

var p = $.jqplot('effaoa',[[[-12.250,-5.7022600420899],[-12.000,-5.905234054724],[-11.750,-6.5552460538533],[-11.500,-7.9134269467332],[-11.250,-9.2574257425743],[-11.000,-10.418523018766],[-10.750,-11.43843336151],[-10.500,-12.248554913295],[-10.250,-13.064863203197],[-10.000,-13.919973975277],[-9.750,-14.852030282175],[-9.500,-15.847473088852],[-9.250,-16.846079380445],[-9.000,-17.902559867878],[-8.750,-18.875440140845],[-8.500,-19.689107059374],[-8.250,-20.389578163772],[-8.000,-20.871970495258],[-7.750,-21.232334652346],[-7.500,-21.714624740433],[-7.250,-22.293407613742],[-7.000,-23.193904020752],[-6.750,-24.210347174949],[-6.500,-25.511159107271],[-6.250,-27.768273716952],[-6.000,-29.404810436201],[-5.750,-29.971014492754],[-5.500,-30.124584717608],[-5.250,-29.97084548105],[-5.000,-29.527754763877],[-4.750,-29.104912572856],[-4.500,-28.13656931304],[-4.250,-25.408439798684],[-4.000,-23.324597529015],[-3.750,-21.546088872567],[-3.500,-19.612068965517],[-3.250,-17.582456140351],[-3.000,-13.665113182423],[-2.750,-10.722150259067],[-2.500,-8.936170212766],[-2.250,-6.9641125121242],[-2.000,-5.4037267080745],[-1.750,-3.6073211314476],[-1.500,-1.8422841604351],[-1.250,0.40773286467487],[-1.000,1.565091958168],[-0.750,1.3445378151261],[-0.500,0.99371998522349],[-0.250,0.52827380952381],[0.000,0],[0.250,-0.52827380952381],[0.500,-0.99371998522349],[0.750,-1.3450292397661],[1.000,-1.5656565656566],[1.250,-0.4182776801406],[1.500,1.8259095545733],[1.750,3.603993344426],[2.000,5.4087638979725],[2.250,6.9608794051083],[2.500,8.9107315501128],[2.750,10.745301360985],[3.000,13.669663669664],[3.250,17.578947368421],[3.500,19.619116061804],[3.750,21.561351947098],[4.000,23.34456928839],[4.250,25.47572815534],[4.500,28.144796380091],[4.750,29.100374843815],[5.000,29.535847492748],[5.250,29.962546816479],[5.500,30.137157107232],[5.750,29.958592132505],[6.000,29.388503872809],[6.250,27.745821997668],[6.500,25.542342342342],[6.750,24.225400068097],[7.000,23.207914369121],[7.250,22.303405572755],[7.500,21.708185053381],[7.750,21.216826651609],[8.000,20.882973115445],[8.250,20.387481371088],[8.500,19.691444600281],[8.750,18.867135943687],[9.000,17.902559867878],[9.250,16.881908086097],[9.500,15.834397227795],[9.750,14.865702479339],[10.000,13.943983064647],[10.250,13.031931225054],[10.500,12.275752314815],[10.750,11.428571428571],[11.000,10.443243243243],[11.250,9.2664043660363],[11.500,7.9377251074707],[11.750,6.5727263342624],[12.000,5.8945565283593],[12.250,5.7102350681423],],[[-12.250,-6.0712905718702],[-12.000,-7.3477059148701],[-11.750,-8.3562138728324],[-11.500,-9.3887086307592],[-11.250,-10.472888642352],[-11.000,-11.517281780902],[-10.750,-12.583460949464],[-10.500,-13.493139883299],[-10.250,-14.723557692308],[-10.000,-16.089153582386],[-9.750,-16.960060571645],[-9.500,-18.372569089048],[-9.250,-19.79248580166],[-9.000,-20.11925795053],[-8.750,-21.199057714959],[-8.500,-22.316767068273],[-8.250,-23.417314392924],[-8.000,-24.616275702288],[-7.750,-25.665209244222],[-7.500,-26.485676215856],[-7.250,-27.231797397116],[-7.000,-28.025055268976],[-6.750,-28.882059162505],[-6.500,-29.708815317112],[-6.250,-31.07202680067],[-6.000,-31.826464208243],[-5.750,-32.439461883408],[-5.500,-33.303779748017],[-5.250,-34.276668290307],[-5.000,-37.572038420491],[-4.750,-39.676870748299],[-4.500,-40.633431085044],[-4.250,-40.806451612903],[-4.000,-40.519323671498],[-3.750,-40.19512195122],[-3.500,-39.846153846154],[-3.250,-39.175449473032],[-3.000,-38.285891089109],[-2.750,-37.054120541205],[-2.500,-35.70202329859],[-2.250,-34.086479902558],[-2.000,-31.937612477504],[-1.750,-29.117475160725],[-1.500,-24.254847645429],[-1.250,-19.275664408546],[-1.000,-14.209495839452],[-0.750,-10.132387706856],[-0.500,-6.4256103178259],[-0.250,-3.3318161128812],[0.000,-0.0045310376076121],[0.250,3.3318161128812],[0.500,6.4348226623676],[0.750,10.146641438032],[1.000,14.224180127264],[1.500,24.265927977839],[1.750,29.123319696084],[2.000,31.962785114046],[2.250,34.092570036541],[2.500,35.730061349693],[2.750,37.076923076923],[3.000,38.298267326733],[3.250,39.163050216987],[3.500,39.870769230769],[3.750,40.164634146341],[4.000,40.513285024155],[4.250,40.746268656716],[4.500,40.639296187683],[4.750,39.575551782683],[5.000,37.490676611614],[5.250,34.384765625],[5.500,33.247903075489],[5.750,32.420439264904],[6.000,31.790203727785],[6.250,31.054834658853],[6.500,29.708815317112],[6.750,28.882059162505],[7.000,28.025055268976],[7.250,27.254487856389],[7.500,26.49116961013],[7.750,25.642545227698],[8.000,24.643271461717],[8.250,23.476856835307],[8.500,22.492385786802],[8.750,21.250591016548],[9.000,19.991218441273],[9.250,19.85123605338],[9.500,18.34594152525],[9.750,16.998483124763],[10.000,16.136897236771],[10.250,14.647381033893],[10.500,13.589576547231],[10.750,12.544396815677],[11.000,11.569835680751],[11.250,10.462860310421],[11.500,9.4280514753672],[11.750,8.407197198406],[12.000,7.2858242604201],[12.250,5.6255783823802],],[[-8.000,-27.331678560348],[-7.750,-29.201909959072],[-7.500,-29.373906960476],[-7.250,-29.544149318019],[-7.000,-30.637647957236],[-6.750,-32.835570469799],[-6.500,-33.865435356201],[-6.250,-34.983893235159],[-6.000,-36.11911623439],[-5.750,-37.252252252252],[-5.500,-38.368942157374],[-5.250,-39.094827586207],[-5.000,-39.6829810901],[-4.750,-40.04004576659],[-4.500,-40.076067875951],[-4.000,-42.464835900871],[-3.750,-43.784172661871],[-3.500,-42.626931567329],[-3.250,-40.550595238095],[-3.000,-38.853695324284],[-2.750,-36.784073506891],[-2.500,-34.879377431907],[-2.250,-32.318611987382],[-2.000,-29.952038369305],[-1.750,-27.258718572587],[-1.500,-24.325657894737],[-1.250,-21.45],[-1.000,-17.462057335582],[-0.750,-13.762626262626],[-0.500,-9.3176074136479],[-0.250,-4.1414141414141],[0.000,0],[0.250,4.1245791245791],[0.500,9.3091828138163],[0.750,13.762626262626],[1.000,17.470489038786],[1.250,21.458333333333],[1.500,24.333881578947],[1.750,27.28304947283],[2.000,29.952038369305],[2.250,32.326498422713],[2.500,34.867807153966],[2.750,36.76875957121],[3.000,38.831070889894],[3.250,40.580357142857],[3.500,42.673048600884],[3.750,43.745506829619],[4.000,42.408026755853],[4.250,39.596628537026],[4.750,40.045766590389],[5.000,39.633333333333],[5.250,39.15857605178],[5.500,38.162947586923],[5.750,37.110778443114],[6.000,35.828162291169],[6.250,34.926470588235],[6.500,33.846153846154],[6.750,32.558236272879],[7.000,31.204678362573],[7.250,29.686033922772],[7.500,29.545774647887],[7.750,29.195637355147],[8.000,27.438454347149],],[[-13.500,-6.5470941883768],[-13.250,-7.9213933768764],[-13.000,-9.1587241072563],[-12.750,-10.370678883798],[-12.500,-11.262581409118],[-12.250,-12.27222485394],[-12.000,-13.389402859546],[-11.750,-14.62569233518],[-11.500,-15.678571428571],[-11.250,-16.547595682041],[-11.000,-17.563472563473],[-10.750,-18.537414965986],[-10.500,-19.503514938489],[-10.250,-20.46411591578],[-10.000,-21.415492957746],[-9.750,-22.490824565696],[-9.500,-23.293791014639],[-9.250,-24.010917598128],[-7.000,-37.45088868101],[-6.750,-38.781470292044],[-6.500,-39.700053561864],[-6.250,-40.432555492316],[-6.000,-40.659472422062],[-5.750,-40.802005012531],[-5.500,-41.173368490442],[-5.250,-40.792011019284],[-5.000,-40.883211678832],[-4.750,-40.893129770992],[-4.500,-39.787066246057],[-4.250,-38.413736713001],[-4.000,-42.905081495686],[-3.750,-45.583596214511],[-3.500,-44.827201783724],[-3.250,-42.520325203252],[-3.000,-41.032412965186],[-2.750,-38.265179677819],[-2.500,-34.916773367478],[-2.250,-32.359108781127],[-2.000,-28.77027027027],[-1.750,-25.775623268698],[-1.500,-22.028571428571],[-1.250,-18.460410557185],[-1.000,-15.045180722892],[-0.750,-11.402157164869],[-0.250,-3.9082278481013],[0.000,0],[0.250,3.9082278481013],[0.750,11.402157164869],[1.000,15.007518796992],[1.250,18.445747800587],[1.500,22.042857142857],[1.750,25.761772853186],[2.000,28.795669824087],[2.250,32.359108781127],[2.500,34.916773367478],[2.750,38.277571251549],[3.000,41.044417767107],[3.250,42.494199535963],[3.500,44.849498327759],[3.750,45.801687763713],[4.000,43.191899710704],[4.250,38.47790507365],[4.500,39.818468823994],[4.750,40.776846915461],[5.000,40.690909090909],[5.250,40.777701307639],[5.500,41.160184574819],[5.750,40.750938673342],[6.000,40.435560859189],[6.250,40.409556313993],[6.500,39.763948497854],[6.750,38.805443548387],[7.000,37.376283846872],[10.250,20.413652802893],[10.500,19.473453268978],[10.750,18.703071672355],[11.000,17.555783009212],[11.250,16.543064547773],[11.500,15.683656197104],[11.750,14.628173042546],[12.000,13.651923402813],[12.250,12.289594189168],[12.500,11.063113193733],[12.750,10.013598041882],[13.000,9.1943489881634],[13.250,7.8958190541467],[13.500,6.5634085213033],],[[-13.500,-8.0422794117647],[-13.250,-8.7443286327407],[-13.000,-9.695726948009],[-12.750,-10.605717520521],[-12.500,-11.696739954511],[-12.250,-12.790247053124],[-12.000,-13.810497614179],[-11.750,-14.72675147823],[-11.500,-15.767354596623],[-11.250,-16.894131409632],[-11.000,-17.836965294592],[-10.750,-18.775087937099],[-10.500,-19.687967514426],[-10.250,-20.828138913624],[-10.000,-21.898704902868],[-9.750,-23.04211035818],[-9.500,-24.24533064109],[-8.750,-34.382994732882],[-8.500,-36.12969004894],[-8.250,-37.128627111304],[-8.000,-39.415954415954],[-7.750,-41.520165460186],[-7.500,-42.446516730664],[-7.250,-42.614678899083],[-7.000,-46.312741312741],[-6.750,-47.853692201518],[-6.500,-48.419913419913],[-6.250,-48.503401360544],[-6.000,-48.506751389992],[-5.750,-47.3973727422],[-5.500,-46.320272572402],[-5.250,-47.344173441734],[-5.000,-47.2],[-4.750,-45.717111770524],[-4.500,-43.5],[-4.250,-41.387711864407],[-4.000,-46.309378806334],[-3.750,-46.795727636849],[-3.500,-47.784172661871],[-3.250,-46.529051987768],[-3.000,-44.385964912281],[-2.750,-41.716171617162],[-2.500,-38.24027072758],[-2.250,-34.379310344828],[-2.000,-30.191972076789],[-1.750,-25.940246045694],[-1.500,-21.766784452297],[-1.250,-17.677304964539],[-1.000,-13.79679144385],[-0.750,-9.9108734402852],[-0.500,-6.1921708185053],[-0.250,-2.9276895943563],[0.000,-0.017482517482517],[0.250,2.9453262786596],[0.500,6.1675579322638],[0.750,9.8930481283422],[1.000,13.778966131907],[1.500,21.749116607774],[1.750,25.940246045694],[2.000,30.191972076789],[2.250,34.344827586207],[2.500,38.24027072758],[2.750,41.716171617162],[3.000,44.354066985646],[3.250,46.427480916031],[3.500,47.769784172662],[3.750,47.267833109017],[4.000,46.471306471306],[4.250,41.463414634146],[4.500,43.530612244898],[4.750,45.652173913043],[5.000,47.155090390105],[5.250,47.353206865402],[5.500,46.552609067579],[5.750,47.539094650206],[6.000,48.498808578237],[6.250,48.540090771558],[6.500,48.68115942029],[6.750,48.015214384509],[7.000,46.640776699029],[7.250,41.247216035635],[7.500,40.53101997897],[7.750,41.536471805484],[8.000,39.444180522565],[8.250,36.868817204301],[8.500,36.488266776451],[8.750,33.86355209492],[9.250,25.654874426141],[9.500,24.206149193548],[9.750,23.084360647812],[10.000,21.941747572816],[10.250,20.747559893523],[10.500,19.760939167556],[10.750,18.682397160159],[11.000,17.90978654853],[11.250,16.890707188778],[11.500,15.8075407991],[11.750,14.784088872962],[12.000,13.66847826087],[12.250,12.740299468685],[12.500,11.77318961591],[12.750,10.779202279202],[13.000,9.6466710613052],[13.250,8.8042809693689],],],
{"title":"Cl\/Cd v Alpha","sortData":false,"legend":{"show":false,"placement":"insideGrid","location":"ne"},"series":[{"showLabel":true,"index":0,"showLine":true,"trendline":{"type":"none","show":false},"color":"#4bb2c5"},{"showLabel":true,"index":0,"showLine":true,"trendline":{"type":"none","show":false},"color":"#EAA228"},{"showLabel":true,"index":0,"showLine":true,"trendline":{"type":"none","show":false},"color":"#839557"},{"showLabel":true,"index":0,"showLine":true,"trendline":{"type":"none","show":false},"color":"#953579"},{"showLabel":true,"index":0,"showLine":true,"trendline":{"type":"none","show":false},"color":"#d8b83f"}],"show":"$.jqplot.config.enablePlugins","axes":{"xaxis":{"max":15,"min":-15,"tickInterval":5,"tickOptions":{"formatString":"%.1f"},"forceTickAt0":true,"rendererOptions":{"forceTickAt0":true}},"yaxis":{"max":50,"min":-50,"tickInterval":10,"tickOptions":{"formatString":"%.1f"},"forceTickAt0":true,"rendererOptions":{"forceTickAt0":true}}},"seriesDefaults":{"lineWidth":1,"showLabel":true,"markerOptions":{"size":5,"show":false}}});
jqplots.push(p);

});
/*]]>*/
</script>
</body>
</html>