<!DOCTYPE html>
<html lang="en">
<head>
<link rel="stylesheet" type="text/css" href="/assets/62ff72f1/jquery.jqplot.min.css" media="screen, projection, print" />
<style type="text/css">
/*<![CDATA[*/
.jqplot-title {font-size:1.8em;padding:3px;}.jqplot-xaxis {font-size:0.8em;padding-top:3px;}.jqplot-yaxis {font-size:0.8em;padding-right:3px;}
/*]]>*/
</style>
<!--[if lt IE 9]><script type="text/javascript" src="/assets/62ff72f1/excanvas.min.js"></script></script><![endif]-->
<script type="text/javascript" src="/assets/780cfc96/jquery.min.js"></script>
<script type="text/javascript" src="/assets/62ff72f1/jquery.min.js"></script>
<script type="text/javascript" src="/assets/62ff72f1/jquery.jqplot.min.js"></script>
<script type="text/javascript">
/*<![CDATA[*/
var jqplots = [];

/*]]>*/
</script>
<title>Airfoil polar plot</title>
<meta http-equiv="Content-Language" content="en-gb"/>
<meta http-equiv="Content-Type" content="text/html; charset=windows-1252"/>
<meta content="none" name="robots" />
<meta name="copyright" content="Copyright 2010-2013. All Rights Reserved" />
</head>
<body>

<table style="width:800px;">
<tr><td>
<div id="liftdrag" style="height:400px;width:398px;margin:auto;display:inline-block;"></div>
</td><td>
<div id="liftaoa" style="height:400px;width:398px;margin:auto;display:inline-block;"></div>
</td></tr>
<tr><td>
<div id="effaoa" style="height:400px;width:398px;margin:auto;display:inline-block;"></div>
</td><td>
<div id="dragaoa" style="height:400px;width:398px;margin:auto;display:inline-block;"></div>
</td></tr>
<tr><td>
<div id="momentaoa" style="height:400px;width:398px;margin:auto;display:inline-block;"></div>
</td><td>
</td></tr>

</table>
<script type="text/javascript">
/*<![CDATA[*/
jQuery(window).load(function() {
var p = $.jqplot('liftdrag',[[[0.10333,-0.6067],[0.09864,-0.5982],[0.09604,-0.6039],[0.09118,-0.5927],[0.08700,-0.5852],[0.08336,-0.5809],[0.07911,-0.5731],[0.07564,-0.5673],[0.07155,-0.5566],[0.05218,-0.2343],[0.04929,-0.2216],[0.05063,-0.2653],[0.05180,-0.3203],[0.05149,-0.3686],[0.04967,-0.4093],[0.04694,-0.4469],[0.02261,-0.3313],[0.03456,-0.2949],[0.03194,-0.2602],[0.03015,-0.2260],[0.02750,-0.1965],[0.02584,-0.1658],[0.02392,-0.1361],[0.02237,-0.1042],[0.02077,-0.0752],[0.01945,-0.0516],[0.01730,-0.0315],[0.01514,0.0488],[0.01516,0.0684],[0.01523,0.0862],[0.01536,0.1017],[0.01555,0.1155],[0.01582,0.1287],[0.01617,0.1423],[0.01632,0.2096],[0.01626,0.2767],[0.01619,0.3130],[0.01618,0.3315],[0.01646,0.3454],[0.01724,0.3589],[0.01948,0.3771],[0.02090,0.3999],[0.02201,0.4238],[0.02304,0.4483],[0.02392,0.4736],[0.02490,0.4987],[0.02594,0.5244],[0.02686,0.5506],[0.02752,0.5755],[0.02760,0.5987],[0.02818,0.6231],[0.02808,0.6475],[0.02862,0.6721],[0.02901,0.6968],[0.02885,0.7208],[0.02966,0.7458],[0.03048,0.7708],[0.03134,0.7958],[0.03227,0.8206],[0.03322,0.8449],[0.03295,0.8672],[0.03418,0.8893],[0.03631,0.9095],[0.03985,0.9277],[0.04375,0.9423],[0.04914,0.9506],[0.05493,0.9510],[0.06086,0.9448],[0.06672,0.9333],[0.07248,0.9180],[0.07801,0.8999],[0.08441,0.8839],],[[0.11532,-0.6020],[0.11229,-0.6021],[0.10898,-0.6031],[0.10571,-0.6009],[0.10247,-0.5959],[0.09426,-0.5874],[0.09021,-0.5814],[0.08611,-0.5737],[0.08276,-0.5610],[0.08144,-0.5465],[0.07294,-0.5407],[0.06887,-0.5285],[0.06649,-0.5054],[0.06089,-0.4930],[0.05698,-0.4774],[0.05367,-0.4546],[0.04973,-0.4372],[0.04635,-0.4152],[0.04329,-0.3931],[0.04016,-0.3717],[0.03751,-0.3500],[0.03453,-0.3300],[0.03190,-0.3105],[0.02929,-0.2893],[0.02693,-0.2613],[0.02471,-0.1900],[0.02214,-0.1608],[0.02054,-0.1327],[0.01940,-0.1054],[0.01751,-0.0806],[0.01630,-0.0559],[0.01479,-0.0173],[0.01210,0.0166],[0.01115,0.0928],[0.01136,0.1067],[0.01159,0.1274],[0.01180,0.1506],[0.01198,0.1747],[0.01290,0.1964],[0.01340,0.2212],[0.01416,0.2456],[0.01451,0.2707],[0.01477,0.2961],[0.01509,0.3215],[0.01542,0.3469],[0.01579,0.3724],[0.01621,0.3978],[0.01667,0.4231],[0.01714,0.4485],[0.01758,0.4739],[0.01810,0.4984],[0.01855,0.5237],[0.01902,0.5489],[0.01995,0.5724],[0.02062,0.5966],[0.02153,0.6203],[0.02193,0.6458],[0.02241,0.6711],[0.02285,0.6966],[0.02324,0.7222],[0.02411,0.7456],[0.02400,0.7729],[0.02372,0.8012],[0.02394,0.8279],[0.02440,0.8540],[0.02519,0.8791],[0.02646,0.9028],[0.02820,0.9251],[0.03065,0.9457],[0.03343,0.9647],[0.03518,0.9843],[0.03805,0.9994],[0.04407,1.0017],[0.05031,0.9953],[0.05626,0.9821],[0.06171,0.9629],[0.06768,0.9404],[0.07935,0.9059],[0.09035,0.8842],],[[0.10015,-0.5945],[0.09617,-0.5921],[0.09209,-0.5906],[0.08777,-0.5856],[0.08336,-0.5778],[0.07893,-0.5677],[0.07447,-0.5554],[0.07005,-0.5400],[0.06599,-0.5173],[0.06335,-0.4891],[0.05648,-0.4803],[0.05282,-0.4698],[0.05293,-0.4334],[0.04591,-0.4213],[0.04244,-0.4037],[0.03960,-0.3800],[0.03357,-0.3288],[0.03119,-0.3040],[0.02861,-0.2774],[0.02741,-0.2471],[0.02403,-0.2143],[0.02245,-0.1910],[0.02158,-0.1725],[0.01841,-0.1375],[0.01661,-0.1111],[0.01538,-0.0838],[0.01511,-0.0584],[0.01457,-0.0324],[0.01437,-0.0048],[0.01390,0.0229],[0.01088,0.0308],[0.01151,0.1174],[0.01160,0.1421],[0.01170,0.1668],[0.01183,0.1914],[0.01199,0.2161],[0.01218,0.2409],[0.01240,0.2658],[0.01265,0.2908],[0.01295,0.3158],[0.01330,0.3410],[0.01370,0.3663],[0.01416,0.3916],[0.01450,0.4171],[0.01554,0.4409],[0.01677,0.4651],[0.01667,0.4917],[0.01687,0.5172],[0.01688,0.5428],[0.01640,0.5703],[0.01645,0.5969],[0.01637,0.6242],[0.01617,0.6518],[0.01877,0.6745],[0.01730,0.7039],[0.01768,0.7303],[0.01793,0.7572],[0.01793,0.8129],[0.01814,0.8403],[0.01959,0.8639],[0.01972,0.8920],[0.01996,0.9198],[0.02079,0.9454],[0.02207,0.9689],[0.02378,0.9906],[0.02600,1.0104],[0.02887,1.0276],[0.03278,1.0400],[0.03759,1.0453],[0.04239,1.0454],[0.04737,1.0386],[0.05229,1.0256],[0.05685,1.0068],[0.06283,0.9881],],[[0.10481,-0.5952],[0.10070,-0.5920],[0.09648,-0.5897],[0.09209,-0.5848],[0.08758,-0.5765],[0.08303,-0.5665],[0.07848,-0.5548],[0.07393,-0.5416],[0.06631,-0.5363],[0.06094,-0.5242],[0.05665,-0.5092],[0.05285,-0.4919],[0.04925,-0.4728],[0.04550,-0.4483],[0.04267,-0.4335],[0.04027,-0.4180],[0.03813,-0.3900],[0.03693,-0.3604],[0.03513,-0.3343],[0.02867,-0.3141],[0.02673,-0.2888],[0.02481,-0.2622],[0.02301,-0.2347],[0.02146,-0.2062],[0.01388,-0.0630],[0.01277,-0.0074],[0.01217,0.0205],[0.01199,0.0489],[0.01197,0.0772],[0.01200,0.1054],[0.00943,0.1163],[0.00963,0.1557],[0.00997,0.1960],[0.01037,0.2388],[0.01072,0.2653],[0.01115,0.2889],[0.01121,0.3131],[0.01184,0.3372],[0.01289,0.3854],[0.01257,0.4118],[0.01246,0.4382],[0.01250,0.4644],[0.01068,0.4939],[0.01078,0.5208],[0.01093,0.5478],[0.01112,0.5750],[0.01192,0.6013],[0.01275,0.6274],[0.01308,0.6545],[0.01326,0.6819],[0.01341,0.7095],[0.01424,0.7637],[0.01554,0.7884],[0.01806,0.8082],[0.02234,0.8286],[0.02417,0.8535],[0.02601,0.8773],[0.02778,0.8996],[0.02847,0.9207],[0.02822,0.9439],[0.03000,0.9630],[0.03234,0.9790],[0.03507,0.9917],[0.03812,1.0006],[0.04141,1.0054],[0.04489,1.0054],[0.04846,0.9997],[0.05204,0.9859],[0.05709,0.9715],[0.06404,0.9570],[0.07359,0.9418],[0.08503,0.9245],[0.09620,0.9041],[0.10624,0.8839],],[[0.09768,-0.6154],[0.09363,-0.6141],[0.08928,-0.6129],[0.08470,-0.6057],[0.08014,-0.5964],[0.07590,-0.5871],[0.07232,-0.5804],[0.06836,-0.5661],[0.06410,-0.5494],[0.05990,-0.5308],[0.02410,-0.2898],[0.02267,-0.2635],[0.02080,-0.2357],[0.01918,-0.2076],[0.01790,-0.1790],[0.01124,-0.0094],[0.01093,0.0190],[0.01081,0.0474],[0.01087,0.0758],[0.01101,0.1043],[0.01111,0.1325],[0.00934,0.1561],[0.00930,0.1799],[0.00977,0.2554],[0.00962,0.2919],[0.00977,0.3608],[0.01041,0.3850],[0.00903,0.4122],[0.00874,0.4661],[0.00901,0.4934],[0.00925,0.5207],[0.00951,0.5481],[0.01001,0.5751],[0.01043,0.6023],[0.01070,0.6299],[0.01110,0.6572],[0.01397,0.7625],[0.02019,0.8064],[0.05118,0.9961],[0.05417,0.9906],[0.05722,0.9780],[0.06099,0.9616],[0.06617,0.9462],[0.07246,0.9318],[0.07960,0.9181],[0.08765,0.9053],],],
{"title":"Cl v Cd","sortData":false,"legend":{"show":false,"placement":"insideGrid","location":"ne"},"series":[{"showLabel":true,"index":0,"showLine":true,"trendline":{"type":"none","show":false},"color":"#4bb2c5"},{"showLabel":true,"index":0,"showLine":true,"trendline":{"type":"none","show":false},"color":"#EAA228"},{"showLabel":true,"index":0,"showLine":true,"trendline":{"type":"none","show":false},"color":"#839557"},{"showLabel":true,"index":0,"showLine":true,"trendline":{"type":"none","show":false},"color":"#953579"},{"showLabel":true,"index":0,"showLine":true,"trendline":{"type":"none","show":false},"color":"#d8b83f"}],"show":"$.jqplot.config.enablePlugins","axes":{"xaxis":{"max":0.12,"min":0,"tickInterval":0.02,"tickOptions":{"formatString":"%.2f"},"forceTickAt0":true,"rendererOptions":{"forceTickAt0":true}},"yaxis":{"max":1.2,"min":-0.8,"tickInterval":0.2,"tickOptions":{"formatString":"%.2f"},"forceTickAt0":true,"rendererOptions":{"forceTickAt0":true}}},"seriesDefaults":{"lineWidth":1,"showLabel":true,"markerOptions":{"size":5,"show":false}}});
jqplots.push(p);

var p = $.jqplot('liftaoa',[[[-6.500,-0.6067],[-6.250,-0.5982],[-6.000,-0.6039],[-5.750,-0.5927],[-5.500,-0.5852],[-5.250,-0.5809],[-5.000,-0.5731],[-4.750,-0.5673],[-4.500,-0.5566],[-4.000,-0.2343],[-3.750,-0.2216],[-3.500,-0.2653],[-3.250,-0.3203],[-3.000,-0.3686],[-2.750,-0.4093],[-2.500,-0.4469],[-2.250,-0.3313],[-2.000,-0.2949],[-1.750,-0.2602],[-1.500,-0.2260],[-1.250,-0.1965],[-1.000,-0.1658],[-0.750,-0.1361],[-0.500,-0.1042],[-0.250,-0.0752],[0.000,-0.0516],[0.250,-0.0315],[0.500,0.0488],[0.750,0.0684],[1.000,0.0862],[1.250,0.1017],[1.500,0.1155],[1.750,0.1287],[2.000,0.1423],[2.250,0.2096],[2.500,0.2767],[2.750,0.3130],[3.000,0.3315],[3.250,0.3454],[3.500,0.3589],[3.750,0.3771],[4.000,0.3999],[4.250,0.4238],[4.500,0.4483],[4.750,0.4736],[5.000,0.4987],[5.250,0.5244],[5.500,0.5506],[5.750,0.5755],[6.000,0.5987],[6.250,0.6231],[6.500,0.6475],[6.750,0.6721],[7.000,0.6968],[7.250,0.7208],[7.500,0.7458],[7.750,0.7708],[8.000,0.7958],[8.250,0.8206],[8.500,0.8449],[8.750,0.8672],[9.000,0.8893],[9.250,0.9095],[9.500,0.9277],[9.750,0.9423],[10.000,0.9506],[10.250,0.9510],[10.500,0.9448],[10.750,0.9333],[11.000,0.9180],[11.250,0.8999],[11.500,0.8839],],[[-7.500,-0.6020],[-7.250,-0.6021],[-7.000,-0.6031],[-6.750,-0.6009],[-6.500,-0.5959],[-6.250,-0.5874],[-6.000,-0.5814],[-5.750,-0.5737],[-5.500,-0.5610],[-5.250,-0.5465],[-5.000,-0.5407],[-4.750,-0.5285],[-4.500,-0.5054],[-4.250,-0.4930],[-4.000,-0.4774],[-3.750,-0.4546],[-3.500,-0.4372],[-3.250,-0.4152],[-3.000,-0.3931],[-2.750,-0.3717],[-2.500,-0.3500],[-2.250,-0.3300],[-2.000,-0.3105],[-1.750,-0.2893],[-1.500,-0.2613],[-1.250,-0.1900],[-1.000,-0.1608],[-0.750,-0.1327],[-0.500,-0.1054],[-0.250,-0.0806],[0.000,-0.0559],[0.250,-0.0173],[0.500,0.0166],[0.750,0.0928],[1.000,0.1067],[1.250,0.1274],[1.500,0.1506],[1.750,0.1747],[2.000,0.1964],[2.250,0.2212],[2.500,0.2456],[2.750,0.2707],[3.000,0.2961],[3.250,0.3215],[3.500,0.3469],[3.750,0.3724],[4.000,0.3978],[4.250,0.4231],[4.500,0.4485],[4.750,0.4739],[5.000,0.4984],[5.250,0.5237],[5.500,0.5489],[5.750,0.5724],[6.000,0.5966],[6.250,0.6203],[6.500,0.6458],[6.750,0.6711],[7.000,0.6966],[7.250,0.7222],[7.500,0.7456],[7.750,0.7729],[8.000,0.8012],[8.250,0.8279],[8.500,0.8540],[8.750,0.8791],[9.000,0.9028],[9.250,0.9251],[9.500,0.9457],[9.750,0.9647],[10.000,0.9843],[10.250,0.9994],[10.500,1.0017],[10.750,0.9953],[11.000,0.9821],[11.250,0.9629],[11.500,0.9404],[11.750,0.9059],[12.000,0.8842],],[[-6.750,-0.5945],[-6.500,-0.5921],[-6.250,-0.5906],[-6.000,-0.5856],[-5.750,-0.5778],[-5.500,-0.5677],[-5.250,-0.5554],[-5.000,-0.5400],[-4.750,-0.5173],[-4.500,-0.4891],[-4.250,-0.4803],[-4.000,-0.4698],[-3.750,-0.4334],[-3.500,-0.4213],[-3.250,-0.4037],[-3.000,-0.3800],[-2.500,-0.3288],[-2.250,-0.3040],[-2.000,-0.2774],[-1.750,-0.2471],[-1.500,-0.2143],[-1.250,-0.1910],[-1.000,-0.1725],[-0.750,-0.1375],[-0.500,-0.1111],[-0.250,-0.0838],[0.000,-0.0584],[0.250,-0.0324],[0.500,-0.0048],[0.750,0.0229],[1.000,0.0308],[1.250,0.1174],[1.500,0.1421],[1.750,0.1668],[2.000,0.1914],[2.250,0.2161],[2.500,0.2409],[2.750,0.2658],[3.000,0.2908],[3.250,0.3158],[3.500,0.3410],[3.750,0.3663],[4.000,0.3916],[4.250,0.4171],[4.500,0.4409],[4.750,0.4651],[5.000,0.4917],[5.250,0.5172],[5.500,0.5428],[5.750,0.5703],[6.000,0.5969],[6.250,0.6242],[6.500,0.6518],[6.750,0.6745],[7.000,0.7039],[7.250,0.7303],[7.500,0.7572],[8.000,0.8129],[8.250,0.8403],[8.500,0.8639],[8.750,0.8920],[9.000,0.9198],[9.250,0.9454],[9.500,0.9689],[9.750,0.9906],[10.000,1.0104],[10.250,1.0276],[10.500,1.0400],[10.750,1.0453],[11.000,1.0454],[11.250,1.0386],[11.500,1.0256],[11.750,1.0068],[12.000,0.9881],],[[-7.000,-0.5952],[-6.750,-0.5920],[-6.500,-0.5897],[-6.250,-0.5848],[-6.000,-0.5765],[-5.750,-0.5665],[-5.500,-0.5548],[-5.250,-0.5416],[-5.000,-0.5363],[-4.750,-0.5242],[-4.500,-0.5092],[-4.250,-0.4919],[-4.000,-0.4728],[-3.750,-0.4483],[-3.500,-0.4335],[-3.250,-0.4180],[-3.000,-0.3900],[-2.750,-0.3604],[-2.500,-0.3343],[-2.250,-0.3141],[-2.000,-0.2888],[-1.750,-0.2622],[-1.500,-0.2347],[-1.250,-0.2062],[0.000,-0.0630],[0.500,-0.0074],[0.750,0.0205],[1.000,0.0489],[1.250,0.0772],[1.500,0.1054],[1.750,0.1163],[2.000,0.1557],[2.250,0.1960],[2.500,0.2388],[2.750,0.2653],[3.000,0.2889],[3.250,0.3131],[3.500,0.3372],[4.000,0.3854],[4.250,0.4118],[4.500,0.4382],[4.750,0.4644],[5.000,0.4939],[5.250,0.5208],[5.500,0.5478],[5.750,0.5750],[6.000,0.6013],[6.250,0.6274],[6.500,0.6545],[6.750,0.6819],[7.000,0.7095],[7.500,0.7637],[7.750,0.7884],[8.000,0.8082],[8.250,0.8286],[8.500,0.8535],[8.750,0.8773],[9.000,0.8996],[9.250,0.9207],[9.500,0.9439],[9.750,0.9630],[10.000,0.9790],[10.250,0.9917],[10.500,1.0006],[10.750,1.0054],[11.000,1.0054],[11.250,0.9997],[11.500,0.9859],[11.750,0.9715],[12.000,0.9570],[12.250,0.9418],[12.500,0.9245],[12.750,0.9041],[13.000,0.8839],],[[-6.750,-0.6154],[-6.500,-0.6141],[-6.250,-0.6129],[-6.000,-0.6057],[-5.750,-0.5964],[-5.500,-0.5871],[-5.250,-0.5804],[-5.000,-0.5661],[-4.750,-0.5494],[-4.500,-0.5308],[-2.000,-0.2898],[-1.750,-0.2635],[-1.500,-0.2357],[-1.250,-0.2076],[-1.000,-0.1790],[0.500,-0.0094],[0.750,0.0190],[1.000,0.0474],[1.250,0.0758],[1.500,0.1043],[1.750,0.1325],[2.000,0.1561],[2.250,0.1799],[3.000,0.2554],[3.250,0.2919],[3.750,0.3608],[4.000,0.3850],[4.250,0.4122],[4.750,0.4661],[5.000,0.4934],[5.250,0.5207],[5.500,0.5481],[5.750,0.5751],[6.000,0.6023],[6.250,0.6299],[6.500,0.6572],[7.500,0.7625],[8.000,0.8064],[11.000,0.9961],[11.250,0.9906],[11.500,0.9780],[11.750,0.9616],[12.000,0.9462],[12.250,0.9318],[12.500,0.9181],[12.750,0.9053],],],
{"title":"Cl v Alpha","sortData":false,"legend":{"show":false,"placement":"insideGrid","location":"ne"},"series":[{"showLabel":true,"index":0,"showLine":true,"trendline":{"type":"none","show":false},"color":"#4bb2c5"},{"showLabel":true,"index":0,"showLine":true,"trendline":{"type":"none","show":false},"color":"#EAA228"},{"showLabel":true,"index":0,"showLine":true,"trendline":{"type":"none","show":false},"color":"#839557"},{"showLabel":true,"index":0,"showLine":true,"trendline":{"type":"none","show":false},"color":"#953579"},{"showLabel":true,"index":0,"showLine":true,"trendline":{"type":"none","show":false},"color":"#d8b83f"}],"show":"$.jqplot.config.enablePlugins","axes":{"xaxis":{"max":15,"min":-10,"tickInterval":5,"tickOptions":{"formatString":"%.1f"},"forceTickAt0":true,"rendererOptions":{"forceTickAt0":true}},"yaxis":{"max":1.2,"min":-0.8,"tickInterval":0.2,"tickOptions":{"formatString":"%.2f"},"forceTickAt0":true,"rendererOptions":{"forceTickAt0":true}}},"seriesDefaults":{"lineWidth":1,"showLabel":true,"markerOptions":{"size":5,"show":false}}});
jqplots.push(p);

var p = $.jqplot('momentaoa',[[[-6.500,0.0204],[-6.250,0.0207],[-6.000,0.0139],[-5.750,0.0155],[-5.500,0.0149],[-5.250,0.0126],[-5.000,0.0125],[-4.750,0.0117],[-4.500,0.0153],[-4.000,0.0328],[-3.750,0.0310],[-3.500,0.0424],[-3.250,0.0531],[-3.000,0.0589],[-2.750,0.0603],[-2.500,0.0599],[-2.250,-0.0056],[-2.000,-0.0072],[-1.750,-0.0068],[-1.500,-0.0057],[-1.250,-0.0051],[-1.000,-0.0040],[-0.750,-0.0032],[-0.500,-0.0024],[-0.250,-0.0015],[0.000,-0.0003],[0.250,0.0013],[0.500,-0.0054],[0.750,-0.0041],[1.000,-0.0027],[1.250,-0.0009],[1.500,0.0010],[1.750,0.0028],[2.000,0.0044],[2.250,-0.0038],[2.500,-0.0106],[2.750,-0.0103],[3.000,-0.0057],[3.250,-0.0007],[3.500,0.0036],[3.750,0.0046],[4.000,0.0050],[4.250,0.0056],[4.500,0.0062],[4.750,0.0068],[5.000,0.0075],[5.250,0.0080],[5.500,0.0084],[5.750,0.0086],[6.000,0.0085],[6.250,0.0087],[6.500,0.0086],[6.750,0.0088],[7.000,0.0089],[7.250,0.0088],[7.500,0.0091],[7.750,0.0095],[8.000,0.0098],[8.250,0.0102],[8.500,0.0106],[8.750,0.0107],[9.000,0.0112],[9.250,0.0119],[9.500,0.0128],[9.750,0.0136],[10.000,0.0142],[10.250,0.0145],[10.500,0.0142],[10.750,0.0133],[11.000,0.0117],[11.250,0.0095],[11.500,0.0055],],[[-7.500,0.0269],[-7.250,0.0222],[-7.000,0.0165],[-6.750,0.0111],[-6.500,0.0064],[-6.250,0.0170],[-6.000,0.0142],[-5.750,0.0104],[-5.500,0.0037],[-5.250,-0.0020],[-5.000,0.0007],[-4.750,0.0006],[-4.500,-0.0036],[-4.250,-0.0041],[-4.000,-0.0039],[-3.750,-0.0058],[-3.500,-0.0056],[-3.250,-0.0063],[-3.000,-0.0066],[-2.750,-0.0066],[-2.500,-0.0066],[-2.250,-0.0062],[-2.000,-0.0055],[-1.750,-0.0048],[-1.500,-0.0046],[-1.250,-0.0028],[-1.000,-0.0017],[-0.750,-0.0009],[-0.500,0.0000],[-0.250,0.0006],[0.000,0.0017],[0.250,0.0001],[0.500,-0.0012],[0.750,-0.0067],[1.000,-0.0023],[1.250,-0.0003],[1.500,0.0009],[1.750,0.0018],[2.000,0.0028],[2.250,0.0031],[2.500,0.0033],[2.750,0.0037],[3.000,0.0041],[3.250,0.0045],[3.500,0.0049],[3.750,0.0053],[4.000,0.0056],[4.250,0.0060],[4.500,0.0063],[4.750,0.0066],[5.000,0.0066],[5.250,0.0068],[5.500,0.0069],[5.750,0.0070],[6.000,0.0070],[6.250,0.0070],[6.500,0.0071],[6.750,0.0072],[7.000,0.0074],[7.250,0.0076],[7.500,0.0076],[7.750,0.0077],[8.000,0.0078],[8.250,0.0081],[8.500,0.0085],[8.750,0.0090],[9.000,0.0097],[9.250,0.0105],[9.500,0.0116],[9.750,0.0126],[10.000,0.0132],[10.250,0.0141],[10.500,0.0152],[10.750,0.0157],[11.000,0.0155],[11.250,0.0145],[11.500,0.0109],[11.750,0.0002],[12.000,-0.0077],],[[-6.750,0.0272],[-6.500,0.0245],[-6.250,0.0211],[-6.000,0.0172],[-5.750,0.0136],[-5.500,0.0101],[-5.250,0.0069],[-5.000,0.0038],[-4.750,0.0003],[-4.500,-0.0020],[-4.250,-0.0032],[-4.000,-0.0031],[-3.750,-0.0037],[-3.500,-0.0046],[-3.250,-0.0047],[-3.000,-0.0048],[-2.500,-0.0046],[-2.250,-0.0044],[-2.000,-0.0041],[-1.750,-0.0040],[-1.500,-0.0055],[-1.250,-0.0037],[-1.000,-0.0002],[-0.750,0.0037],[-0.500,0.0052],[-0.250,0.0063],[0.000,0.0069],[0.250,0.0071],[0.500,0.0072],[0.750,0.0076],[1.000,0.0121],[1.250,0.0009],[1.500,0.0015],[1.750,0.0021],[2.000,0.0026],[2.250,0.0032],[2.500,0.0037],[2.750,0.0041],[3.000,0.0046],[3.250,0.0050],[3.500,0.0054],[3.750,0.0058],[4.000,0.0061],[4.250,0.0063],[4.500,0.0064],[4.750,0.0067],[5.000,0.0067],[5.250,0.0066],[5.500,0.0063],[5.750,0.0061],[6.000,0.0060],[6.250,0.0060],[6.500,0.0061],[6.750,0.0071],[7.000,0.0065],[7.250,0.0066],[7.500,0.0067],[8.000,0.0070],[8.250,0.0072],[8.500,0.0077],[8.750,0.0081],[9.000,0.0084],[9.250,0.0090],[9.500,0.0097],[9.750,0.0105],[10.000,0.0115],[10.250,0.0126],[10.500,0.0137],[10.750,0.0148],[11.000,0.0158],[11.250,0.0165],[11.500,0.0167],[11.750,0.0162],[12.000,0.0119],],[[-7.000,0.0289],[-6.750,0.0261],[-6.500,0.0225],[-6.250,0.0186],[-6.000,0.0151],[-5.750,0.0119],[-5.500,0.0090],[-5.250,0.0065],[-5.000,0.0036],[-4.750,0.0017],[-4.500,0.0005],[-4.250,-0.0005],[-4.000,-0.0013],[-3.750,-0.0027],[-3.500,-0.0008],[-3.250,0.0015],[-3.000,0.0021],[-2.750,0.0029],[-2.500,0.0028],[-2.250,0.0031],[-2.000,0.0030],[-1.750,0.0032],[-1.500,0.0037],[-1.250,0.0041],[0.000,0.0072],[0.500,0.0079],[0.750,0.0082],[1.000,0.0083],[1.250,0.0083],[1.500,0.0083],[1.750,0.0114],[2.000,0.0097],[2.250,0.0070],[2.500,0.0036],[2.750,0.0037],[3.000,0.0044],[3.250,0.0051],[3.500,0.0056],[4.000,0.0061],[4.250,0.0063],[4.500,0.0063],[4.750,0.0061],[5.000,0.0060],[5.250,0.0060],[5.500,0.0059],[5.750,0.0059],[6.000,0.0059],[6.250,0.0060],[6.500,0.0060],[6.750,0.0061],[7.000,0.0061],[7.500,0.0062],[7.750,0.0064],[8.000,0.0068],[8.250,0.0074],[8.500,0.0078],[8.750,0.0082],[9.000,0.0087],[9.250,0.0093],[9.500,0.0098],[9.750,0.0104],[10.000,0.0111],[10.250,0.0119],[10.500,0.0126],[10.750,0.0134],[11.000,0.0140],[11.250,0.0146],[11.500,0.0147],[11.750,0.0112],[12.000,0.0046],[12.250,-0.0047],[12.500,-0.0139],[12.750,-0.0208],[13.000,-0.0261],],[[-6.750,0.0317],[-6.500,0.0288],[-6.250,0.0245],[-6.000,0.0202],[-5.750,0.0163],[-5.500,0.0136],[-5.250,0.0126],[-5.000,0.0100],[-4.750,0.0077],[-4.500,0.0057],[-2.000,0.0044],[-1.750,0.0045],[-1.500,0.0050],[-1.250,0.0055],[-1.000,0.0059],[0.500,0.0085],[0.750,0.0086],[1.000,0.0086],[1.250,0.0085],[1.500,0.0085],[1.750,0.0083],[2.000,0.0079],[2.250,0.0089],[3.000,0.0112],[3.250,0.0092],[3.750,0.0058],[4.000,0.0061],[4.250,0.0064],[4.750,0.0064],[5.000,0.0064],[5.250,0.0063],[5.500,0.0062],[5.750,0.0061],[6.000,0.0060],[6.250,0.0059],[6.500,0.0058],[7.500,0.0059],[8.000,0.0066],[11.000,0.0132],[11.250,0.0139],[11.500,0.0148],[11.750,0.0139],[12.000,0.0101],[12.250,0.0048],[12.500,-0.0013],[12.750,-0.0081],],],
{"title":"Cm v Alpha","sortData":false,"legend":{"show":false,"placement":"insideGrid","location":"ne"},"series":[{"showLabel":true,"index":0,"showLine":true,"trendline":{"type":"none","show":false},"color":"#4bb2c5"},{"showLabel":true,"index":0,"showLine":true,"trendline":{"type":"none","show":false},"color":"#EAA228"},{"showLabel":true,"index":0,"showLine":true,"trendline":{"type":"none","show":false},"color":"#839557"},{"showLabel":true,"index":0,"showLine":true,"trendline":{"type":"none","show":false},"color":"#953579"},{"showLabel":true,"index":0,"showLine":true,"trendline":{"type":"none","show":false},"color":"#d8b83f"}],"show":"$.jqplot.config.enablePlugins","axes":{"xaxis":{"max":15,"min":-10,"tickInterval":5,"tickOptions":{"formatString":"%.1f"},"forceTickAt0":true,"rendererOptions":{"forceTickAt0":true}},"yaxis":{"max":0.07,"min":-0.03,"tickInterval":0.01,"tickOptions":{"formatString":"%.2f"},"forceTickAt0":true,"rendererOptions":{"forceTickAt0":true}}},"seriesDefaults":{"lineWidth":1,"showLabel":true,"markerOptions":{"size":5,"show":false}}});
jqplots.push(p);

var p = $.jqplot('dragaoa',[[[-6.500,0.10333],[-6.250,0.09864],[-6.000,0.09604],[-5.750,0.09118],[-5.500,0.08700],[-5.250,0.08336],[-5.000,0.07911],[-4.750,0.07564],[-4.500,0.07155],[-4.000,0.05218],[-3.750,0.04929],[-3.500,0.05063],[-3.250,0.05180],[-3.000,0.05149],[-2.750,0.04967],[-2.500,0.04694],[-2.250,0.02261],[-2.000,0.03456],[-1.750,0.03194],[-1.500,0.03015],[-1.250,0.02750],[-1.000,0.02584],[-0.750,0.02392],[-0.500,0.02237],[-0.250,0.02077],[0.000,0.01945],[0.250,0.01730],[0.500,0.01514],[0.750,0.01516],[1.000,0.01523],[1.250,0.01536],[1.500,0.01555],[1.750,0.01582],[2.000,0.01617],[2.250,0.01632],[2.500,0.01626],[2.750,0.01619],[3.000,0.01618],[3.250,0.01646],[3.500,0.01724],[3.750,0.01948],[4.000,0.02090],[4.250,0.02201],[4.500,0.02304],[4.750,0.02392],[5.000,0.02490],[5.250,0.02594],[5.500,0.02686],[5.750,0.02752],[6.000,0.02760],[6.250,0.02818],[6.500,0.02808],[6.750,0.02862],[7.000,0.02901],[7.250,0.02885],[7.500,0.02966],[7.750,0.03048],[8.000,0.03134],[8.250,0.03227],[8.500,0.03322],[8.750,0.03295],[9.000,0.03418],[9.250,0.03631],[9.500,0.03985],[9.750,0.04375],[10.000,0.04914],[10.250,0.05493],[10.500,0.06086],[10.750,0.06672],[11.000,0.07248],[11.250,0.07801],[11.500,0.08441],],[[-7.500,0.11532],[-7.250,0.11229],[-7.000,0.10898],[-6.750,0.10571],[-6.500,0.10247],[-6.250,0.09426],[-6.000,0.09021],[-5.750,0.08611],[-5.500,0.08276],[-5.250,0.08144],[-5.000,0.07294],[-4.750,0.06887],[-4.500,0.06649],[-4.250,0.06089],[-4.000,0.05698],[-3.750,0.05367],[-3.500,0.04973],[-3.250,0.04635],[-3.000,0.04329],[-2.750,0.04016],[-2.500,0.03751],[-2.250,0.03453],[-2.000,0.03190],[-1.750,0.02929],[-1.500,0.02693],[-1.250,0.02471],[-1.000,0.02214],[-0.750,0.02054],[-0.500,0.01940],[-0.250,0.01751],[0.000,0.01630],[0.250,0.01479],[0.500,0.01210],[0.750,0.01115],[1.000,0.01136],[1.250,0.01159],[1.500,0.01180],[1.750,0.01198],[2.000,0.01290],[2.250,0.01340],[2.500,0.01416],[2.750,0.01451],[3.000,0.01477],[3.250,0.01509],[3.500,0.01542],[3.750,0.01579],[4.000,0.01621],[4.250,0.01667],[4.500,0.01714],[4.750,0.01758],[5.000,0.01810],[5.250,0.01855],[5.500,0.01902],[5.750,0.01995],[6.000,0.02062],[6.250,0.02153],[6.500,0.02193],[6.750,0.02241],[7.000,0.02285],[7.250,0.02324],[7.500,0.02411],[7.750,0.02400],[8.000,0.02372],[8.250,0.02394],[8.500,0.02440],[8.750,0.02519],[9.000,0.02646],[9.250,0.02820],[9.500,0.03065],[9.750,0.03343],[10.000,0.03518],[10.250,0.03805],[10.500,0.04407],[10.750,0.05031],[11.000,0.05626],[11.250,0.06171],[11.500,0.06768],[11.750,0.07935],[12.000,0.09035],],[[-6.750,0.10015],[-6.500,0.09617],[-6.250,0.09209],[-6.000,0.08777],[-5.750,0.08336],[-5.500,0.07893],[-5.250,0.07447],[-5.000,0.07005],[-4.750,0.06599],[-4.500,0.06335],[-4.250,0.05648],[-4.000,0.05282],[-3.750,0.05293],[-3.500,0.04591],[-3.250,0.04244],[-3.000,0.03960],[-2.500,0.03357],[-2.250,0.03119],[-2.000,0.02861],[-1.750,0.02741],[-1.500,0.02403],[-1.250,0.02245],[-1.000,0.02158],[-0.750,0.01841],[-0.500,0.01661],[-0.250,0.01538],[0.000,0.01511],[0.250,0.01457],[0.500,0.01437],[0.750,0.01390],[1.000,0.01088],[1.250,0.01151],[1.500,0.01160],[1.750,0.01170],[2.000,0.01183],[2.250,0.01199],[2.500,0.01218],[2.750,0.01240],[3.000,0.01265],[3.250,0.01295],[3.500,0.01330],[3.750,0.01370],[4.000,0.01416],[4.250,0.01450],[4.500,0.01554],[4.750,0.01677],[5.000,0.01667],[5.250,0.01687],[5.500,0.01688],[5.750,0.01640],[6.000,0.01645],[6.250,0.01637],[6.500,0.01617],[6.750,0.01877],[7.000,0.01730],[7.250,0.01768],[7.500,0.01793],[8.000,0.01793],[8.250,0.01814],[8.500,0.01959],[8.750,0.01972],[9.000,0.01996],[9.250,0.02079],[9.500,0.02207],[9.750,0.02378],[10.000,0.02600],[10.250,0.02887],[10.500,0.03278],[10.750,0.03759],[11.000,0.04239],[11.250,0.04737],[11.500,0.05229],[11.750,0.05685],[12.000,0.06283],],[[-7.000,0.10481],[-6.750,0.10070],[-6.500,0.09648],[-6.250,0.09209],[-6.000,0.08758],[-5.750,0.08303],[-5.500,0.07848],[-5.250,0.07393],[-5.000,0.06631],[-4.750,0.06094],[-4.500,0.05665],[-4.250,0.05285],[-4.000,0.04925],[-3.750,0.04550],[-3.500,0.04267],[-3.250,0.04027],[-3.000,0.03813],[-2.750,0.03693],[-2.500,0.03513],[-2.250,0.02867],[-2.000,0.02673],[-1.750,0.02481],[-1.500,0.02301],[-1.250,0.02146],[0.000,0.01388],[0.500,0.01277],[0.750,0.01217],[1.000,0.01199],[1.250,0.01197],[1.500,0.01200],[1.750,0.00943],[2.000,0.00963],[2.250,0.00997],[2.500,0.01037],[2.750,0.01072],[3.000,0.01115],[3.250,0.01121],[3.500,0.01184],[4.000,0.01289],[4.250,0.01257],[4.500,0.01246],[4.750,0.01250],[5.000,0.01068],[5.250,0.01078],[5.500,0.01093],[5.750,0.01112],[6.000,0.01192],[6.250,0.01275],[6.500,0.01308],[6.750,0.01326],[7.000,0.01341],[7.500,0.01424],[7.750,0.01554],[8.000,0.01806],[8.250,0.02234],[8.500,0.02417],[8.750,0.02601],[9.000,0.02778],[9.250,0.02847],[9.500,0.02822],[9.750,0.03000],[10.000,0.03234],[10.250,0.03507],[10.500,0.03812],[10.750,0.04141],[11.000,0.04489],[11.250,0.04846],[11.500,0.05204],[11.750,0.05709],[12.000,0.06404],[12.250,0.07359],[12.500,0.08503],[12.750,0.09620],[13.000,0.10624],],[[-6.750,0.09768],[-6.500,0.09363],[-6.250,0.08928],[-6.000,0.08470],[-5.750,0.08014],[-5.500,0.07590],[-5.250,0.07232],[-5.000,0.06836],[-4.750,0.06410],[-4.500,0.05990],[-2.000,0.02410],[-1.750,0.02267],[-1.500,0.02080],[-1.250,0.01918],[-1.000,0.01790],[0.500,0.01124],[0.750,0.01093],[1.000,0.01081],[1.250,0.01087],[1.500,0.01101],[1.750,0.01111],[2.000,0.00934],[2.250,0.00930],[3.000,0.00977],[3.250,0.00962],[3.750,0.00977],[4.000,0.01041],[4.250,0.00903],[4.750,0.00874],[5.000,0.00901],[5.250,0.00925],[5.500,0.00951],[5.750,0.01001],[6.000,0.01043],[6.250,0.01070],[6.500,0.01110],[7.500,0.01397],[8.000,0.02019],[11.000,0.05118],[11.250,0.05417],[11.500,0.05722],[11.750,0.06099],[12.000,0.06617],[12.250,0.07246],[12.500,0.07960],[12.750,0.08765],],],
{"title":"Cd v Alpha","sortData":false,"legend":{"show":false,"placement":"insideGrid","location":"ne"},"series":[{"showLabel":true,"index":0,"showLine":true,"trendline":{"type":"none","show":false},"color":"#4bb2c5"},{"showLabel":true,"index":0,"showLine":true,"trendline":{"type":"none","show":false},"color":"#EAA228"},{"showLabel":true,"index":0,"showLine":true,"trendline":{"type":"none","show":false},"color":"#839557"},{"showLabel":true,"index":0,"showLine":true,"trendline":{"type":"none","show":false},"color":"#953579"},{"showLabel":true,"index":0,"showLine":true,"trendline":{"type":"none","show":false},"color":"#d8b83f"}],"show":"$.jqplot.config.enablePlugins","axes":{"xaxis":{"max":15,"min":-10,"tickInterval":5,"tickOptions":{"formatString":"%.1f"},"forceTickAt0":true,"rendererOptions":{"forceTickAt0":true}},"yaxis":{"max":0.12,"min":0,"tickInterval":0.02,"tickOptions":{"formatString":"%.2f"},"forceTickAt0":true,"rendererOptions":{"forceTickAt0":true}}},"seriesDefaults":{"lineWidth":1,"showLabel":true,"markerOptions":{"size":5,"show":false}}});
jqplots.push(p);

var p = $.jqplot('effaoa',[[[-6.500,-5.8714797251524],[-6.250,-6.0644768856448],[-6.000,-6.2880049979175],[-5.750,-6.5003290195218],[-5.500,-6.7264367816092],[-5.250,-6.9685700575816],[-5.000,-7.2443433194286],[-4.750,-7.5],[-4.500,-7.7791754018169],[-4.000,-4.4902261402836],[-3.750,-4.4958409413674],[-3.500,-5.2399762986372],[-3.250,-6.1833976833977],[-3.000,-7.1586715867159],[-2.750,-8.2403865512382],[-2.500,-9.5206646783127],[-2.250,-14.652808491818],[-2.000,-8.5329861111111],[-1.750,-8.146524733876],[-1.500,-7.4958540630182],[-1.250,-7.1454545454545],[-1.000,-6.4164086687307],[-0.750,-5.6897993311037],[-0.500,-4.6580241394725],[-0.250,-3.6206066441984],[0.000,-2.6529562982005],[0.250,-1.8208092485549],[0.500,3.223249669749],[0.750,4.5118733509235],[1.000,5.6598818122127],[1.250,6.62109375],[1.500,7.427652733119],[1.750,8.1352718078382],[2.000,8.8002473716759],[2.250,12.843137254902],[2.500,17.017220172202],[2.750,19.332921556516],[3.000,20.48825710754],[3.250,20.984204131227],[3.500,20.817865429234],[3.750,19.358316221766],[4.000,19.133971291866],[4.250,19.254884143571],[4.500,19.457465277778],[4.750,19.799331103679],[5.000,20.028112449799],[5.250,20.215882806476],[5.500,20.498883097543],[5.750,20.912063953488],[6.000,21.692028985507],[6.250,22.111426543648],[6.500,23.059116809117],[6.750,23.48357791754],[7.000,24.019303688383],[7.250,24.984402079723],[7.500,25.144976399191],[7.750,25.288713910761],[8.000,25.392469687301],[8.250,25.429191199256],[8.500,25.433473810957],[8.750,26.318664643399],[9.000,26.018139262727],[9.250,25.048196089232],[9.500,23.279799247177],[9.750,21.538285714286],[10.000,19.344729344729],[10.250,17.312943746587],[10.500,15.524153795596],[10.750,13.988309352518],[11.000,12.665562913907],[11.250,11.535700551211],[11.500,10.471508115152],],[[-7.500,-5.2202566770725],[-7.250,-5.3620090836228],[-7.000,-5.5340429436594],[-6.750,-5.684419638634],[-6.500,-5.8153605933444],[-6.250,-6.2316995544239],[-6.000,-6.4449617559029],[-5.750,-6.6624085472071],[-5.500,-6.7786370227163],[-5.250,-6.7104616895874],[-5.000,-7.4129421442281],[-4.750,-7.6738783214752],[-4.500,-7.6011430290269],[-4.250,-8.0965675808836],[-4.000,-8.3783783783784],[-3.750,-8.4702813489845],[-3.500,-8.7914739593807],[-3.250,-8.957928802589],[-3.000,-9.0806190806191],[-2.750,-9.2554780876494],[-2.500,-9.3308451079712],[-2.250,-9.5569070373588],[-2.000,-9.7335423197492],[-1.750,-9.8770911573916],[-1.500,-9.7029335313776],[-1.250,-7.6891946580332],[-1.000,-7.2628726287263],[-0.750,-6.460564751704],[-0.500,-5.4329896907216],[-0.250,-4.6030839520274],[0.000,-3.4294478527607],[0.250,-1.1697092630156],[0.500,1.3719008264463],[0.750,8.3228699551569],[1.000,9.3926056338028],[1.250,10.992234685073],[1.500,12.762711864407],[1.750,14.582637729549],[2.000,15.22480620155],[2.250,16.507462686567],[2.500,17.344632768362],[2.750,18.656099241902],[3.000,20.047393364929],[3.250,21.305500331345],[3.500,22.496757457847],[3.750,23.584547181761],[4.000,24.540407156076],[4.250,25.380923815237],[4.500,26.166861143524],[4.750,26.956769055745],[5.000,27.53591160221],[5.250,28.231805929919],[5.500,28.859095688749],[5.750,28.691729323308],[6.000,28.933074684772],[6.250,28.810961449141],[6.500,29.448244414045],[6.750,29.946452476573],[7.000,30.485776805252],[7.250,31.075731497418],[7.500,30.92492741601],[7.750,32.204166666667],[8.000,33.777403035413],[8.250,34.582289055973],[8.500,35],[8.750,34.898769352918],[9.000,34.119425547997],[9.250,32.804964539007],[9.500,30.854812398042],[9.750,28.857313790009],[10.000,27.978965321205],[10.250,26.26544021025],[10.500,22.729748127978],[10.750,19.783343271715],[11.000,17.456452186278],[11.250,15.603629881705],[11.500,13.894799054374],[11.750,11.416509136736],[12.000,9.7863862755949],],[[-6.750,-5.9360958562157],[-6.500,-6.1568056566497],[-6.250,-6.413291345423],[-6.000,-6.671983593483],[-5.750,-6.9313819577735],[-5.500,-7.1924490054479],[-5.250,-7.4580367933396],[-5.000,-7.7087794432548],[-4.750,-7.8390665252311],[-4.500,-7.7205998421468],[-4.250,-8.503895184136],[-4.000,-8.8943581976524],[-3.750,-8.1881730587568],[-3.500,-9.1766499673274],[-3.250,-9.5122525918944],[-3.000,-9.5959595959596],[-2.500,-9.7944593386953],[-2.250,-9.7467136902853],[-2.000,-9.6959105207969],[-1.750,-9.0149580445093],[-1.500,-8.9180191427382],[-1.250,-8.5077951002227],[-1.000,-7.9935125115848],[-0.750,-7.4687669744704],[-0.500,-6.6887417218543],[-0.250,-5.4486345903771],[0.000,-3.8649900727995],[0.250,-2.2237474262183],[0.500,-0.33402922755741],[0.750,1.6474820143885],[1.000,2.8308823529412],[1.250,10.199826238054],[1.500,12.25],[1.750,14.25641025641],[2.000,16.179205409975],[2.250,18.023352793995],[2.500,19.778325123153],[2.750,21.435483870968],[3.000,22.98814229249],[3.250,24.3861003861],[3.500,25.639097744361],[3.750,26.737226277372],[4.000,27.655367231638],[4.250,28.765517241379],[4.500,28.371943371943],[4.750,27.73404889684],[5.000,29.496100779844],[5.250,30.657972732662],[5.500,32.156398104265],[5.750,34.774390243902],[6.000,36.285714285714],[6.250,38.130726939524],[6.500,40.309214594929],[6.750,35.935002663825],[7.000,40.687861271676],[7.250,41.306561085973],[7.500,42.230897936419],[8.000,45.337423312883],[8.250,46.323042998897],[8.500,44.099030117407],[8.750,45.233265720081],[9.000,46.082164328657],[9.250,45.473785473785],[9.500,43.901223380154],[9.750,41.656854499579],[10.000,38.861538461538],[10.250,35.5940422584],[10.500,31.726662599146],[10.750,27.80792764033],[11.000,24.661476763388],[11.250,21.925269157695],[11.500,19.613692866705],[11.750,17.709762532982],[12.000,15.726563743435],],[[-7.000,-5.6788474382215],[-6.750,-5.8788480635551],[-6.500,-6.1121475953566],[-6.250,-6.3503094798567],[-6.000,-6.5825530943138],[-5.750,-6.8228351198362],[-5.500,-7.0693170234455],[-5.250,-7.3258487758691],[-5.000,-8.0877695671844],[-4.750,-8.6019035116508],[-4.500,-8.9885260370697],[-4.250,-9.3074739829707],[-4.000,-9.6],[-3.750,-9.8527472527473],[-3.500,-10.159362549801],[-3.250,-10.379935435808],[-3.000,-10.228166797797],[-2.750,-9.7590035201733],[-2.500,-9.5160831198406],[-2.250,-10.955702825253],[-2.000,-10.804339693229],[-1.750,-10.568319226119],[-1.500,-10.199913081269],[-1.250,-9.6085740913327],[0.000,-4.5389048991354],[0.500,-0.57948316366484],[0.750,1.6844700082169],[1.000,4.0783986655546],[1.250,6.4494569757728],[1.500,8.7833333333333],[1.750,12.332979851538],[2.000,16.168224299065],[2.250,19.658976930792],[2.500,23.027965284474],[2.750,24.748134328358],[3.000,25.910313901345],[3.250,27.93041926851],[3.500,28.47972972973],[4.000,29.899146625291],[4.250,32.760540970565],[4.500,35.168539325843],[4.750,37.152],[5.000,46.24531835206],[5.250,48.311688311688],[5.500,50.118938700823],[5.750,51.708633093525],[6.000,50.444630872483],[6.250,49.207843137255],[6.500,50.038226299694],[6.750,51.425339366516],[7.000,52.908277404922],[7.500,53.630617977528],[7.750,50.733590733591],[8.000,44.750830564784],[8.250,37.090420769919],[8.500,35.312370707489],[8.750,33.729334871203],[9.000,32.383009359251],[9.250,32.339304531085],[9.500,33.447909284196],[9.750,32.1],[10.000,30.272108843537],[10.250,28.277730253778],[10.500,26.248688352571],[10.750,24.279159623279],[11.000,22.39697037202],[11.250,20.629385059843],[11.500,18.945042275173],[11.750,17.016990716413],[12.000,14.943785134291],[12.250,12.79793450197],[12.500,10.872633188286],[12.750,9.3981288981289],[13.000,8.3198418674699],],[[-6.750,-6.3001638001638],[-6.500,-6.5587952579302],[-6.250,-6.8649193548387],[-6.000,-7.1511216056671],[-5.750,-7.4419765410532],[-5.500,-7.7351778656126],[-5.250,-8.0254424778761],[-5.000,-8.2811585722645],[-4.750,-8.5709828393136],[-4.500,-8.8614357262104],[-2.000,-12.02489626556],[-1.750,-11.623290692545],[-1.500,-11.331730769231],[-1.250,-10.823774765381],[-1.000,-10],[0.500,-0.83629893238434],[0.750,1.7383348581885],[1.000,4.3848288621647],[1.250,6.9733210671573],[1.500,9.4732061762035],[1.750,11.926192619262],[2.000,16.713062098501],[2.250,19.344086021505],[3.000,26.141248720573],[3.250,30.343035343035],[3.750,36.929375639713],[4.000,36.983669548511],[4.250,45.647840531561],[4.750,53.329519450801],[5.000,54.761376248613],[5.250,56.291891891892],[5.500,57.634069400631],[5.750,57.452547452547],[6.000,57.746883988495],[6.250,58.869158878505],[6.500,59.207207207207],[7.500,54.581245526127],[8.000,39.940564635958],[11.000,19.462680734662],[11.250,18.286874653867],[11.500,17.091925900035],[11.750,15.766519101492],[12.000,14.299531509748],[12.250,12.859508694452],[12.500,11.53391959799],[12.750,10.328579577867],],],
{"title":"Cl\/Cd v Alpha","sortData":false,"legend":{"show":false,"placement":"insideGrid","location":"ne"},"series":[{"showLabel":true,"index":0,"showLine":true,"trendline":{"type":"none","show":false},"color":"#4bb2c5"},{"showLabel":true,"index":0,"showLine":true,"trendline":{"type":"none","show":false},"color":"#EAA228"},{"showLabel":true,"index":0,"showLine":true,"trendline":{"type":"none","show":false},"color":"#839557"},{"showLabel":true,"index":0,"showLine":true,"trendline":{"type":"none","show":false},"color":"#953579"},{"showLabel":true,"index":0,"showLine":true,"trendline":{"type":"none","show":false},"color":"#d8b83f"}],"show":"$.jqplot.config.enablePlugins","axes":{"xaxis":{"max":15,"min":-10,"tickInterval":5,"tickOptions":{"formatString":"%.1f"},"forceTickAt0":true,"rendererOptions":{"forceTickAt0":true}},"yaxis":{"max":60,"min":-20,"tickInterval":10,"tickOptions":{"formatString":"%.1f"},"forceTickAt0":true,"rendererOptions":{"forceTickAt0":true}}},"seriesDefaults":{"lineWidth":1,"showLabel":true,"markerOptions":{"size":5,"show":false}}});
jqplots.push(p);

});
/*]]>*/
</script>
</body>
</html>