<!DOCTYPE html>
<html lang="en">
<head>
<link rel="stylesheet" type="text/css" href="/assets/62ff72f1/jquery.jqplot.min.css" media="screen, projection, print" />
<style type="text/css">
/*<![CDATA[*/
.jqplot-title {font-size:1.8em;padding:3px;}.jqplot-xaxis {font-size:0.8em;padding-top:3px;}.jqplot-yaxis {font-size:0.8em;padding-right:3px;}
/*]]>*/
</style>
<!--[if lt IE 9]><script type="text/javascript" src="/assets/62ff72f1/excanvas.min.js"></script></script><![endif]-->
<script type="text/javascript" src="/assets/780cfc96/jquery.min.js"></script>
<script type="text/javascript" src="/assets/62ff72f1/jquery.min.js"></script>
<script type="text/javascript" src="/assets/62ff72f1/jquery.jqplot.min.js"></script>
<script type="text/javascript">
/*<![CDATA[*/
var jqplots = [];

/*]]>*/
</script>
<title>Airfoil polar plot</title>
<meta http-equiv="Content-Language" content="en-gb"/>
<meta http-equiv="Content-Type" content="text/html; charset=windows-1252"/>
<meta content="none" name="robots" />
<meta name="copyright" content="Copyright 2010-2013. All Rights Reserved" />
</head>
<body>

<table style="width:800px;">
<tr><td>
<div id="liftdrag" style="height:400px;width:398px;margin:auto;display:inline-block;"></div>
</td><td>
<div id="liftaoa" style="height:400px;width:398px;margin:auto;display:inline-block;"></div>
</td></tr>
<tr><td>
<div id="effaoa" style="height:400px;width:398px;margin:auto;display:inline-block;"></div>
</td><td>
<div id="dragaoa" style="height:400px;width:398px;margin:auto;display:inline-block;"></div>
</td></tr>
<tr><td>
<div id="momentaoa" style="height:400px;width:398px;margin:auto;display:inline-block;"></div>
</td><td>
</td></tr>

</table>
<script type="text/javascript">
/*<![CDATA[*/
jQuery(window).load(function() {
var p = $.jqplot('liftdrag',[[[0.13639,-0.5376],[0.12921,-0.4971],[0.12864,-0.5233],[0.12251,-0.4890],[0.11998,-0.5013],[0.11664,-0.4915],[0.11230,-0.4766],[0.10982,-0.4901],[0.10689,-0.4865],[0.10246,-0.4647],[0.09905,-0.4589],[0.09584,-0.4539],[0.09282,-0.4485],[0.09116,-0.4720],[0.08699,-0.4324],[0.08397,-0.4171],[0.08117,-0.4028],[0.07554,-0.3615],[0.05211,-0.5310],[0.04875,-0.5292],[0.04632,-0.5225],[0.04362,-0.5161],[0.04158,-0.5060],[0.03956,-0.4932],[0.03777,-0.4786],[0.03628,-0.4625],[0.03502,-0.4448],[0.03356,-0.4250],[0.03238,-0.4040],[0.03142,-0.3826],[0.03066,-0.3605],[0.02982,-0.3322],[0.02500,-0.1318],[0.02540,-0.1142],[0.02584,-0.0601],[0.02627,-0.0086],[0.02668,0.0385],[0.02711,0.0826],[0.02755,0.1249],[0.02798,0.1696],[0.02829,0.2266],[0.02881,0.2562],[0.02941,0.2835],[0.02999,0.3119],[0.03050,0.3461],[0.03101,0.3776],[0.03188,0.3913],[0.03270,0.4091],[0.03332,0.4367],[0.03394,0.4623],[0.03506,0.4704],[0.03602,0.4856],[0.03657,0.5150],[0.03747,0.5317],[0.03876,0.5381],[0.03986,0.5514],[0.04042,0.5788],[0.04109,0.6015],[0.04258,0.6061],[0.04394,0.6144],[0.04504,0.6291],[0.04556,0.6551],[0.04561,0.6874],[0.04735,0.6907],[0.04903,0.6959],[0.05072,0.7021],[0.05234,0.7108],[0.05361,0.7249],[0.05434,0.7467],[0.05342,0.7868],[0.05201,0.8272],[0.05439,0.8215],[0.05314,0.8479],[0.04273,0.9562],[0.03837,1.0038],[0.03619,1.0298],[0.03480,1.0484],[0.03501,1.0546],[0.03637,1.0577],[0.03823,1.0637],[0.04019,1.0793],[0.04239,1.0916],[0.04470,1.1106],[0.04714,1.1195],[0.04987,1.1317],[0.05271,1.1385],[0.05576,1.1555],[0.05912,1.1427],[0.06260,1.1261],[0.06640,1.1042],[0.07106,1.0767],[0.07692,1.0434],[0.08405,1.0080],[0.09220,0.9743],[0.13291,0.7997],],[[0.09825,-0.5092],[0.09302,-0.5586],[0.08779,-0.5592],[0.08487,-0.5256],[0.08146,-0.5267],[0.07729,-0.5753],[0.07294,-0.5463],[0.07002,-0.5337],[0.06634,-0.5495],[0.06317,-0.5313],[0.06087,-0.5413],[0.05808,-0.5281],[0.05779,-0.5533],[0.05527,-0.5527],[0.05388,-0.5563],[0.03911,-0.5208],[0.03409,-0.4820],[0.03126,-0.4428],[0.02913,-0.4004],[0.02712,-0.3553],[0.02545,-0.3108],[0.02361,-0.2657],[0.02250,-0.2264],[0.02161,-0.1837],[0.02059,-0.1529],[0.01977,-0.1240],[0.01876,-0.0977],[0.01674,-0.0830],[0.01720,0.1271],[0.01719,0.1474],[0.01719,0.1679],[0.01719,0.1882],[0.01722,0.2105],[0.01727,0.2329],[0.01730,0.2546],[0.01734,0.2768],[0.01743,0.3003],[0.01750,0.3229],[0.01757,0.3459],[0.01771,0.3698],[0.01777,0.3924],[0.01793,0.4165],[0.01810,0.4402],[0.01819,0.4632],[0.01843,0.4869],[0.01853,0.5099],[0.01875,0.5334],[0.01897,0.5566],[0.01905,0.5798],[0.01932,0.6028],[0.01948,0.6259],[0.01959,0.6490],[0.01984,0.6716],[0.01995,0.6947],[0.02008,0.7178],[0.02035,0.7401],[0.02048,0.7633],[0.02058,0.7867],[0.02087,0.8086],[0.02104,0.8312],[0.02102,0.8545],[0.02093,0.8779],[0.02086,0.9004],[0.02084,0.9217],[0.02075,0.9422],[0.02063,0.9629],[0.02058,0.9834],[0.02075,1.0017],[0.02091,1.0201],[0.02122,1.0360],[0.02166,1.0496],[0.02245,1.0580],[0.02393,1.0576],[0.02588,1.0527],[0.02764,1.0515],[0.02921,1.0532],[0.03070,1.0564],[0.03228,1.0622],[0.03367,1.0724],[0.03539,1.0898],[0.03694,1.1056],[0.03928,1.1396],[0.04090,1.1491],[0.04288,1.1656],[0.04537,1.1929],[0.04823,1.2041],[0.05031,1.2002],[0.05284,1.1969],[0.05570,1.1917],[0.05884,1.1830],[0.06228,1.1710],[0.06612,1.1556],[0.07054,1.1360],[0.07575,1.1115],[0.08202,1.0817],[0.08957,1.0470],[0.09843,1.0094],[0.10841,0.9720],[0.11870,0.9407],],[[0.09329,-0.5560],[0.09065,-0.5465],[0.08689,-0.5443],[0.08199,-0.5501],[0.07738,-0.5611],[0.07135,-0.6086],[0.06484,-0.6102],[0.06159,-0.5936],[0.05908,-0.5799],[0.05659,-0.5681],[0.05648,-0.5768],[0.05030,-0.5756],[0.04784,-0.5563],[0.04498,-0.5228],[0.03016,-0.5107],[0.02788,-0.4767],[0.02541,-0.4446],[0.02339,-0.4152],[0.02199,-0.3891],[0.02093,-0.3649],[0.01995,-0.3411],[0.01865,-0.3168],[0.01791,-0.2925],[0.01732,-0.2678],[0.01672,-0.2432],[0.01618,-0.2184],[0.01574,-0.1931],[0.01505,-0.1698],[0.01467,-0.1451],[0.01419,-0.1207],[0.01340,-0.0989],[0.01249,-0.0788],[0.01047,-0.0711],[0.01117,-0.0179],[0.01209,0.0448],[0.01274,0.1235],[0.01279,0.2095],[0.01267,0.2599],[0.01264,0.2851],[0.01260,0.3107],[0.01259,0.3361],[0.01257,0.3616],[0.01258,0.3872],[0.01258,0.4127],[0.01260,0.4384],[0.01262,0.4638],[0.01264,0.4895],[0.01268,0.5149],[0.01270,0.5405],[0.01274,0.5659],[0.01277,0.5913],[0.01282,0.6166],[0.01287,0.6419],[0.01294,0.6670],[0.01302,0.6920],[0.01310,0.7168],[0.01320,0.7413],[0.01328,0.7657],[0.01335,0.7898],[0.01345,0.8136],[0.01355,0.8373],[0.01364,0.8603],[0.01374,0.8828],[0.01390,0.9050],[0.01409,0.9272],[0.01431,0.9490],[0.01459,0.9701],[0.01492,0.9906],[0.01535,1.0096],[0.01586,1.0275],[0.01655,1.0432],[0.01760,1.0540],[0.01910,1.0588],[0.02059,1.0623],[0.02186,1.0669],[0.02308,1.0707],[0.02421,1.0747],[0.02551,1.0734],[0.02653,1.0785],[0.02780,1.0827],[0.02953,1.0852],[0.03074,1.0951],[0.03209,1.1043],[0.03356,1.1129],[0.03520,1.1239],[0.03661,1.1352],[0.03810,1.1464],[0.03960,1.1574],[0.04125,1.1751],[0.04310,1.1831],[0.04502,1.1906],[0.04704,1.1987],[0.04912,1.2062],[0.05128,1.2119],[0.05335,1.2206],[0.05646,1.2318],[0.05964,1.2220],[0.06324,1.2116],[0.06725,1.1999],[0.07171,1.1864],[0.07665,1.1705],[0.08214,1.1520],[0.08826,1.1314],[0.09512,1.1087],[0.10283,1.0839],[0.11148,1.0568],[0.12116,1.0279],[0.13171,0.9986],],[[0.09478,-0.6036],[0.09163,-0.6006],[0.08807,-0.5987],[0.08358,-0.6001],[0.07662,-0.6133],[0.07147,-0.6271],[0.06724,-0.6371],[0.06286,-0.6414],[0.04827,-0.6975],[0.04619,-0.6805],[0.04469,-0.6636],[0.04330,-0.6467],[0.02803,-0.6704],[0.02695,-0.6416],[0.02506,-0.6212],[0.02345,-0.6024],[0.02229,-0.5816],[0.02071,-0.5598],[0.01965,-0.5365],[0.01826,-0.5125],[0.01695,-0.4877],[0.01582,-0.4627],[0.01509,-0.4371],[0.01451,-0.4112],[0.01399,-0.3852],[0.01353,-0.3592],[0.01310,-0.3330],[0.01271,-0.3067],[0.01237,-0.2805],[0.01205,-0.2539],[0.01180,-0.2271],[0.01140,-0.2012],[0.01113,-0.1743],[0.01094,-0.1472],[0.01055,-0.0927],[0.01017,-0.0665],[0.00980,-0.0408],[0.00936,-0.0157],[0.00830,0.0032],[0.00704,0.0131],[0.00713,0.0417],[0.00734,0.0720],[0.00757,0.1047],[0.00785,0.1387],[0.00821,0.1920],[0.00857,0.2425],[0.00891,0.2940],[0.00902,0.3442],[0.00904,0.3832],[0.00910,0.4202],[0.00909,0.4558],[0.00906,0.4898],[0.00907,0.5234],[0.00907,0.5567],[0.00909,0.5888],[0.00911,0.6147],[0.00913,0.6406],[0.00919,0.6664],[0.00922,0.6922],[0.00928,0.7179],[0.00936,0.7435],[0.00945,0.7689],[0.00956,0.7942],[0.00969,0.8193],[0.00984,0.8442],[0.01002,0.8689],[0.01049,0.9169],[0.01082,0.9397],[0.01121,0.9617],[0.01168,0.9827],[0.01221,1.0028],[0.01283,1.0217],[0.01364,1.0380],[0.01465,1.0514],[0.01540,1.0665],[0.01605,1.0820],[0.01671,1.0966],[0.01722,1.1126],[0.01789,1.1256],[0.01851,1.1388],[0.01909,1.1520],[0.01983,1.1618],[0.02084,1.1654],[0.02145,1.1738],[0.02223,1.1798],[0.02322,1.1864],[0.02461,1.1900],[0.02655,1.1892],[0.02777,1.1999],[0.02923,1.2087],[0.03082,1.2167],[0.03257,1.2236],[0.03468,1.2272],[0.03744,1.2239],[0.03921,1.2324],[0.04123,1.2384],[0.04338,1.2433],[0.04563,1.2475],[0.04797,1.2509],[0.05041,1.2537],[0.05298,1.2551],[0.05571,1.2537],[0.05848,1.2545],[0.06135,1.2563],[0.06434,1.2573],[0.06744,1.2577],[0.07070,1.2575],[0.07404,1.2568],[0.07750,1.2557],[0.08104,1.2543],[0.08463,1.2529],[0.08823,1.2512],[0.09190,1.2485],[0.09585,1.2422],[0.10084,1.2341],[0.10607,1.2255],[0.11159,1.2155],[0.11747,1.2043],],[[0.05811,-0.8607],[0.05197,-0.8919],[0.04636,-0.9338],[0.04051,-0.9768],[0.03754,-0.9798],[0.03613,-0.9682],[0.03486,-0.9548],[0.03411,-0.9364],[0.03315,-0.9191],[0.03171,-0.9041],[0.02994,-0.8902],[0.02807,-0.8757],[0.02650,-0.8587],[0.02512,-0.8400],[0.02362,-0.8186],[0.02231,-0.7914],[0.02100,-0.7498],[0.02066,-0.7278],[0.01799,-0.7097],[0.01705,-0.6863],[0.01638,-0.6619],[0.01575,-0.6369],[0.01519,-0.6116],[0.01414,-0.5599],[0.01366,-0.5338],[0.01321,-0.5075],[0.01280,-0.4811],[0.01245,-0.4545],[0.01215,-0.4274],[0.01185,-0.4005],[0.01159,-0.3734],[0.01128,-0.3463],[0.01074,-0.3209],[0.01036,-0.2943],[0.01011,-0.2673],[0.00988,-0.2398],[0.00971,-0.2122],[0.00952,-0.1844],[0.00940,-0.1565],[0.00926,-0.1284],[0.00909,-0.1007],[0.00895,-0.0726],[0.00883,-0.0445],[0.00854,-0.0177],[0.00825,0.0092],[0.00803,0.0362],[0.00760,0.0619],[0.00606,0.0755],[0.00557,0.0956],[0.00555,0.1219],[0.00562,0.1490],[0.00568,0.1768],[0.00580,0.2045],[0.00592,0.2317],[0.00610,0.2624],[0.00632,0.2993],[0.00657,0.3457],[0.00672,0.3828],[0.00680,0.4161],[0.00693,0.4461],[0.00699,0.4814],[0.00707,0.5149],[0.00716,0.5481],[0.00723,0.5813],[0.00733,0.6141],[0.00745,0.6462],[0.00758,0.6778],[0.00772,0.7092],[0.00789,0.7399],[0.00809,0.7697],[0.00832,0.7995],[0.00860,0.8310],[0.00889,0.8624],[0.00928,0.8930],[0.00969,0.9231],[0.01016,0.9524],[0.01067,0.9813],[0.01150,1.0081],[0.01207,1.0332],[0.01254,1.0528],[0.01299,1.0721],[0.01343,1.0911],[0.01380,1.1102],[0.01425,1.1281],[0.01458,1.1468],[0.01501,1.1640],[0.01554,1.1792],[0.01588,1.1966],[0.01628,1.2127],[0.01678,1.2270],[0.01748,1.2373],[0.01786,1.2530],[0.01831,1.2673],[0.01882,1.2801],[0.01949,1.2872],[0.02059,1.2876],[0.02127,1.3008],[0.02213,1.3129],[0.02311,1.3244],[0.02420,1.3357],[0.02551,1.3451],[0.02741,1.3488],[0.02926,1.3544],[0.03073,1.3648],[0.03243,1.3733],[0.03430,1.3802],[0.03633,1.3861],[0.03851,1.3909],[0.04095,1.3934],[0.04379,1.3927],[0.04721,1.3871],[0.05142,1.3751],[0.05435,1.3756],[0.05738,1.3757],[0.06070,1.3742],[0.06419,1.3719],[0.06790,1.3683],[0.07175,1.3642],[0.07574,1.3596],[0.07985,1.3547],[0.08410,1.3490],[0.08855,1.3423],[0.09310,1.3357],[0.09788,1.3278],[0.10288,1.3185],],],
{"title":"Cl v Cd","sortData":false,"legend":{"show":false,"placement":"insideGrid","location":"ne"},"series":[{"showLabel":true,"index":0,"showLine":true,"trendline":{"type":"none","show":false},"color":"#4bb2c5"},{"showLabel":true,"index":0,"showLine":true,"trendline":{"type":"none","show":false},"color":"#EAA228"},{"showLabel":true,"index":0,"showLine":true,"trendline":{"type":"none","show":false},"color":"#839557"},{"showLabel":true,"index":0,"showLine":true,"trendline":{"type":"none","show":false},"color":"#953579"},{"showLabel":true,"index":0,"showLine":true,"trendline":{"type":"none","show":false},"color":"#d8b83f"}],"show":"$.jqplot.config.enablePlugins","axes":{"xaxis":{"max":0.14,"min":0,"tickInterval":0.02,"tickOptions":{"formatString":"%.2f"},"forceTickAt0":true,"rendererOptions":{"forceTickAt0":true}},"yaxis":{"max":1.5,"min":-1,"tickInterval":0.5,"tickOptions":{"formatString":"%.2f"},"forceTickAt0":true,"rendererOptions":{"forceTickAt0":true}}},"seriesDefaults":{"lineWidth":1,"showLabel":true,"markerOptions":{"size":5,"show":false}}});
jqplots.push(p);

var p = $.jqplot('liftaoa',[[[-10.750,-0.5376],[-10.500,-0.4971],[-10.250,-0.5233],[-10.000,-0.4890],[-9.750,-0.5013],[-9.500,-0.4915],[-9.250,-0.4766],[-9.000,-0.4901],[-8.750,-0.4865],[-8.500,-0.4647],[-8.250,-0.4589],[-8.000,-0.4539],[-7.750,-0.4485],[-7.500,-0.4720],[-7.250,-0.4324],[-7.000,-0.4171],[-6.750,-0.4028],[-6.250,-0.3615],[-5.500,-0.5310],[-5.250,-0.5292],[-5.000,-0.5225],[-4.750,-0.5161],[-4.500,-0.5060],[-4.250,-0.4932],[-4.000,-0.4786],[-3.750,-0.4625],[-3.500,-0.4448],[-3.250,-0.4250],[-3.000,-0.4040],[-2.750,-0.3826],[-2.500,-0.3605],[-2.250,-0.3322],[-2.000,-0.1318],[-1.750,-0.1142],[-1.500,-0.0601],[-1.250,-0.0086],[-1.000,0.0385],[-0.750,0.0826],[-0.500,0.1249],[-0.250,0.1696],[0.000,0.2266],[0.250,0.2562],[0.500,0.2835],[0.750,0.3119],[1.000,0.3461],[1.250,0.3776],[1.500,0.3913],[1.750,0.4091],[2.000,0.4367],[2.250,0.4623],[2.500,0.4704],[2.750,0.4856],[3.000,0.5150],[3.250,0.5317],[3.500,0.5381],[3.750,0.5514],[4.000,0.5788],[4.250,0.6015],[4.500,0.6061],[4.750,0.6144],[5.000,0.6291],[5.250,0.6551],[5.500,0.6874],[5.750,0.6907],[6.000,0.6959],[6.250,0.7021],[6.500,0.7108],[6.750,0.7249],[7.000,0.7467],[7.250,0.7868],[7.500,0.8272],[7.750,0.8215],[8.000,0.8479],[8.250,0.9562],[8.500,1.0038],[8.750,1.0298],[9.000,1.0484],[9.250,1.0546],[9.500,1.0577],[9.750,1.0637],[10.000,1.0793],[10.250,1.0916],[10.500,1.1106],[10.750,1.1195],[11.000,1.1317],[11.250,1.1385],[11.500,1.1555],[11.750,1.1427],[12.000,1.1261],[12.250,1.1042],[12.500,1.0767],[12.750,1.0434],[13.000,1.0080],[13.250,0.9743],[13.500,0.7997],],[[-9.000,-0.5092],[-8.750,-0.5586],[-8.500,-0.5592],[-8.250,-0.5256],[-8.000,-0.5267],[-7.750,-0.5753],[-7.500,-0.5463],[-7.250,-0.5337],[-7.000,-0.5495],[-6.750,-0.5313],[-6.500,-0.5413],[-6.250,-0.5281],[-6.000,-0.5533],[-5.750,-0.5527],[-5.500,-0.5563],[-5.250,-0.5208],[-5.000,-0.4820],[-4.750,-0.4428],[-4.500,-0.4004],[-4.250,-0.3553],[-4.000,-0.3108],[-3.750,-0.2657],[-3.500,-0.2264],[-3.250,-0.1837],[-3.000,-0.1529],[-2.750,-0.1240],[-2.500,-0.0977],[-2.250,-0.0830],[-2.000,0.1271],[-1.750,0.1474],[-1.500,0.1679],[-1.250,0.1882],[-1.000,0.2105],[-0.750,0.2329],[-0.500,0.2546],[-0.250,0.2768],[0.000,0.3003],[0.250,0.3229],[0.500,0.3459],[0.750,0.3698],[1.000,0.3924],[1.250,0.4165],[1.500,0.4402],[1.750,0.4632],[2.000,0.4869],[2.250,0.5099],[2.500,0.5334],[2.750,0.5566],[3.000,0.5798],[3.250,0.6028],[3.500,0.6259],[3.750,0.6490],[4.000,0.6716],[4.250,0.6947],[4.500,0.7178],[4.750,0.7401],[5.000,0.7633],[5.250,0.7867],[5.500,0.8086],[5.750,0.8312],[6.000,0.8545],[6.250,0.8779],[6.500,0.9004],[6.750,0.9217],[7.000,0.9422],[7.250,0.9629],[7.500,0.9834],[7.750,1.0017],[8.000,1.0201],[8.250,1.0360],[8.500,1.0496],[8.750,1.0580],[9.000,1.0576],[9.250,1.0527],[9.500,1.0515],[9.750,1.0532],[10.000,1.0564],[10.250,1.0622],[10.500,1.0724],[10.750,1.0898],[11.000,1.1056],[11.250,1.1396],[11.500,1.1491],[11.750,1.1656],[12.000,1.1929],[12.250,1.2041],[12.500,1.2002],[12.750,1.1969],[13.000,1.1917],[13.250,1.1830],[13.500,1.1710],[13.750,1.1556],[14.000,1.1360],[14.250,1.1115],[14.500,1.0817],[14.750,1.0470],[15.000,1.0094],[15.250,0.9720],[15.500,0.9407],],[[-9.500,-0.5560],[-9.250,-0.5465],[-9.000,-0.5443],[-8.750,-0.5501],[-8.500,-0.5611],[-8.250,-0.6086],[-8.000,-0.6102],[-7.750,-0.5936],[-7.500,-0.5799],[-7.250,-0.5681],[-7.000,-0.5768],[-6.750,-0.5756],[-6.500,-0.5563],[-6.250,-0.5228],[-6.000,-0.5107],[-5.750,-0.4767],[-5.500,-0.4446],[-5.250,-0.4152],[-5.000,-0.3891],[-4.750,-0.3649],[-4.500,-0.3411],[-4.250,-0.3168],[-4.000,-0.2925],[-3.750,-0.2678],[-3.500,-0.2432],[-3.250,-0.2184],[-3.000,-0.1931],[-2.750,-0.1698],[-2.500,-0.1451],[-2.250,-0.1207],[-2.000,-0.0989],[-1.750,-0.0788],[-1.500,-0.0711],[-1.250,-0.0179],[-1.000,0.0448],[-0.750,0.1235],[-0.500,0.2095],[0.000,0.2599],[0.250,0.2851],[0.500,0.3107],[0.750,0.3361],[1.000,0.3616],[1.250,0.3872],[1.500,0.4127],[1.750,0.4384],[2.000,0.4638],[2.250,0.4895],[2.500,0.5149],[2.750,0.5405],[3.000,0.5659],[3.250,0.5913],[3.500,0.6166],[3.750,0.6419],[4.000,0.6670],[4.250,0.6920],[4.500,0.7168],[4.750,0.7413],[5.000,0.7657],[5.250,0.7898],[5.500,0.8136],[5.750,0.8373],[6.000,0.8603],[6.250,0.8828],[6.500,0.9050],[6.750,0.9272],[7.000,0.9490],[7.250,0.9701],[7.500,0.9906],[7.750,1.0096],[8.000,1.0275],[8.250,1.0432],[8.500,1.0540],[8.750,1.0588],[9.000,1.0623],[9.250,1.0669],[9.500,1.0707],[9.750,1.0747],[10.000,1.0734],[10.250,1.0785],[10.500,1.0827],[10.750,1.0852],[11.000,1.0951],[11.250,1.1043],[11.500,1.1129],[11.750,1.1239],[12.000,1.1352],[12.250,1.1464],[12.500,1.1574],[12.750,1.1751],[13.000,1.1831],[13.250,1.1906],[13.500,1.1987],[13.750,1.2062],[14.000,1.2119],[14.250,1.2206],[14.500,1.2318],[14.750,1.2220],[15.000,1.2116],[15.250,1.1999],[15.500,1.1864],[15.750,1.1705],[16.000,1.1520],[16.250,1.1314],[16.500,1.1087],[16.750,1.0839],[17.000,1.0568],[17.250,1.0279],[17.500,0.9986],],[[-10.500,-0.6036],[-10.250,-0.6006],[-10.000,-0.5987],[-9.750,-0.6001],[-9.500,-0.6133],[-9.250,-0.6271],[-9.000,-0.6371],[-8.750,-0.6414],[-8.500,-0.6975],[-8.250,-0.6805],[-8.000,-0.6636],[-7.750,-0.6467],[-7.500,-0.6704],[-7.250,-0.6416],[-7.000,-0.6212],[-6.750,-0.6024],[-6.500,-0.5816],[-6.250,-0.5598],[-6.000,-0.5365],[-5.750,-0.5125],[-5.500,-0.4877],[-5.250,-0.4627],[-5.000,-0.4371],[-4.750,-0.4112],[-4.500,-0.3852],[-4.250,-0.3592],[-4.000,-0.3330],[-3.750,-0.3067],[-3.500,-0.2805],[-3.250,-0.2539],[-3.000,-0.2271],[-2.750,-0.2012],[-2.500,-0.1743],[-2.250,-0.1472],[-1.750,-0.0927],[-1.500,-0.0665],[-1.250,-0.0408],[-1.000,-0.0157],[-0.750,0.0032],[-0.500,0.0131],[-0.250,0.0417],[0.000,0.0720],[0.250,0.1047],[0.500,0.1387],[0.750,0.1920],[1.000,0.2425],[1.250,0.2940],[1.500,0.3442],[1.750,0.3832],[2.000,0.4202],[2.250,0.4558],[2.500,0.4898],[2.750,0.5234],[3.000,0.5567],[3.250,0.5888],[3.500,0.6147],[3.750,0.6406],[4.000,0.6664],[4.250,0.6922],[4.500,0.7179],[4.750,0.7435],[5.000,0.7689],[5.250,0.7942],[5.500,0.8193],[5.750,0.8442],[6.000,0.8689],[6.500,0.9169],[6.750,0.9397],[7.000,0.9617],[7.250,0.9827],[7.500,1.0028],[7.750,1.0217],[8.000,1.0380],[8.250,1.0514],[8.500,1.0665],[8.750,1.0820],[9.000,1.0966],[9.250,1.1126],[9.500,1.1256],[9.750,1.1388],[10.000,1.1520],[10.250,1.1618],[10.500,1.1654],[10.750,1.1738],[11.000,1.1798],[11.250,1.1864],[11.500,1.1900],[11.750,1.1892],[12.000,1.1999],[12.250,1.2087],[12.500,1.2167],[12.750,1.2236],[13.000,1.2272],[13.250,1.2239],[13.500,1.2324],[13.750,1.2384],[14.000,1.2433],[14.250,1.2475],[14.500,1.2509],[14.750,1.2537],[15.000,1.2551],[15.250,1.2537],[15.500,1.2545],[15.750,1.2563],[16.000,1.2573],[16.250,1.2577],[16.500,1.2575],[16.750,1.2568],[17.000,1.2557],[17.250,1.2543],[17.500,1.2529],[17.750,1.2512],[18.000,1.2485],[18.250,1.2422],[18.500,1.2341],[18.750,1.2255],[19.000,1.2155],[19.250,1.2043],],[[-12.250,-0.8607],[-12.000,-0.8919],[-11.750,-0.9338],[-11.500,-0.9768],[-11.250,-0.9798],[-11.000,-0.9682],[-10.750,-0.9548],[-10.500,-0.9364],[-10.250,-0.9191],[-10.000,-0.9041],[-9.750,-0.8902],[-9.500,-0.8757],[-9.250,-0.8587],[-9.000,-0.8400],[-8.750,-0.8186],[-8.500,-0.7914],[-8.000,-0.7498],[-7.750,-0.7278],[-7.500,-0.7097],[-7.250,-0.6863],[-7.000,-0.6619],[-6.750,-0.6369],[-6.500,-0.6116],[-6.000,-0.5599],[-5.750,-0.5338],[-5.500,-0.5075],[-5.250,-0.4811],[-5.000,-0.4545],[-4.750,-0.4274],[-4.500,-0.4005],[-4.250,-0.3734],[-4.000,-0.3463],[-3.750,-0.3209],[-3.500,-0.2943],[-3.250,-0.2673],[-3.000,-0.2398],[-2.750,-0.2122],[-2.500,-0.1844],[-2.250,-0.1565],[-2.000,-0.1284],[-1.750,-0.1007],[-1.500,-0.0726],[-1.250,-0.0445],[-1.000,-0.0177],[-0.750,0.0092],[-0.500,0.0362],[-0.250,0.0619],[0.000,0.0755],[0.250,0.0956],[0.500,0.1219],[0.750,0.1490],[1.000,0.1768],[1.250,0.2045],[1.500,0.2317],[1.750,0.2624],[2.000,0.2993],[2.250,0.3457],[2.500,0.3828],[2.750,0.4161],[3.000,0.4461],[3.250,0.4814],[3.500,0.5149],[3.750,0.5481],[4.000,0.5813],[4.250,0.6141],[4.500,0.6462],[4.750,0.6778],[5.000,0.7092],[5.250,0.7399],[5.500,0.7697],[5.750,0.7995],[6.000,0.8310],[6.250,0.8624],[6.500,0.8930],[6.750,0.9231],[7.000,0.9524],[7.250,0.9813],[7.500,1.0081],[7.750,1.0332],[8.000,1.0528],[8.250,1.0721],[8.500,1.0911],[8.750,1.1102],[9.000,1.1281],[9.250,1.1468],[9.500,1.1640],[9.750,1.1792],[10.000,1.1966],[10.250,1.2127],[10.500,1.2270],[10.750,1.2373],[11.000,1.2530],[11.250,1.2673],[11.500,1.2801],[11.750,1.2872],[12.000,1.2876],[12.250,1.3008],[12.500,1.3129],[12.750,1.3244],[13.000,1.3357],[13.250,1.3451],[13.500,1.3488],[13.750,1.3544],[14.000,1.3648],[14.250,1.3733],[14.500,1.3802],[14.750,1.3861],[15.000,1.3909],[15.250,1.3934],[15.500,1.3927],[15.750,1.3871],[16.000,1.3751],[16.250,1.3756],[16.500,1.3757],[16.750,1.3742],[17.000,1.3719],[17.250,1.3683],[17.500,1.3642],[17.750,1.3596],[18.000,1.3547],[18.250,1.3490],[18.500,1.3423],[18.750,1.3357],[19.000,1.3278],[19.250,1.3185],],],
{"title":"Cl v Alpha","sortData":false,"legend":{"show":false,"placement":"insideGrid","location":"ne"},"series":[{"showLabel":true,"index":0,"showLine":true,"trendline":{"type":"none","show":false},"color":"#4bb2c5"},{"showLabel":true,"index":0,"showLine":true,"trendline":{"type":"none","show":false},"color":"#EAA228"},{"showLabel":true,"index":0,"showLine":true,"trendline":{"type":"none","show":false},"color":"#839557"},{"showLabel":true,"index":0,"showLine":true,"trendline":{"type":"none","show":false},"color":"#953579"},{"showLabel":true,"index":0,"showLine":true,"trendline":{"type":"none","show":false},"color":"#d8b83f"}],"show":"$.jqplot.config.enablePlugins","axes":{"xaxis":{"max":20,"min":-15,"tickInterval":5,"tickOptions":{"formatString":"%.1f"},"forceTickAt0":true,"rendererOptions":{"forceTickAt0":true}},"yaxis":{"max":1.5,"min":-1,"tickInterval":0.5,"tickOptions":{"formatString":"%.2f"},"forceTickAt0":true,"rendererOptions":{"forceTickAt0":true}}},"seriesDefaults":{"lineWidth":1,"showLabel":true,"markerOptions":{"size":5,"show":false}}});
jqplots.push(p);

var p = $.jqplot('momentaoa',[[[-10.750,0.0068],[-10.500,0.0093],[-10.250,0.0060],[-10.000,0.0080],[-9.750,0.0060],[-9.500,0.0063],[-9.250,0.0066],[-9.000,0.0051],[-8.750,0.0051],[-8.500,0.0061],[-8.250,0.0063],[-8.000,0.0066],[-7.750,0.0074],[-7.500,0.0079],[-7.250,0.0104],[-7.000,0.0124],[-6.750,0.0145],[-6.250,0.0189],[-5.500,-0.0107],[-5.250,-0.0081],[-5.000,-0.0057],[-4.750,-0.0034],[-4.500,-0.0010],[-4.250,0.0006],[-4.000,0.0021],[-3.750,0.0034],[-3.500,0.0046],[-3.250,0.0053],[-3.000,0.0058],[-2.750,0.0064],[-2.500,0.0069],[-2.250,0.0061],[-2.000,-0.0187],[-1.750,-0.0186],[-1.500,-0.0250],[-1.250,-0.0309],[-1.000,-0.0359],[-0.750,-0.0402],[-0.500,-0.0440],[-0.250,-0.0482],[0.000,-0.0544],[0.250,-0.0556],[0.500,-0.0564],[0.750,-0.0572],[1.000,-0.0589],[1.250,-0.0599],[1.500,-0.0582],[1.750,-0.0571],[2.000,-0.0573],[2.250,-0.0571],[2.500,-0.0547],[2.750,-0.0531],[3.000,-0.0531],[3.250,-0.0516],[3.500,-0.0491],[3.750,-0.0472],[4.000,-0.0466],[4.250,-0.0455],[4.500,-0.0429],[4.750,-0.0405],[5.000,-0.0387],[5.250,-0.0377],[5.500,-0.0368],[5.750,-0.0342],[6.000,-0.0319],[6.250,-0.0297],[6.500,-0.0277],[6.750,-0.0260],[7.000,-0.0245],[7.250,-0.0230],[7.500,-0.0211],[7.750,-0.0184],[8.000,-0.0152],[8.250,-0.0123],[8.500,-0.0093],[8.750,-0.0058],[9.000,-0.0020],[9.250,0.0023],[9.500,0.0062],[9.750,0.0093],[10.000,0.0111],[10.250,0.0130],[10.500,0.0141],[10.750,0.0161],[11.000,0.0175],[11.250,0.0194],[11.500,0.0201],[11.750,0.0231],[12.000,0.0260],[12.250,0.0285],[12.500,0.0297],[12.750,0.0293],[13.000,0.0273],[13.250,0.0242],[13.500,-0.0021],],[[-9.000,-0.0077],[-8.750,-0.0187],[-8.500,-0.0193],[-8.250,-0.0163],[-8.000,-0.0169],[-7.750,-0.0223],[-7.500,-0.0206],[-7.250,-0.0198],[-7.000,-0.0211],[-6.750,-0.0198],[-6.500,-0.0188],[-6.250,-0.0166],[-6.000,-0.0116],[-5.750,-0.0081],[-5.500,-0.0044],[-5.250,-0.0097],[-5.000,-0.0117],[-4.750,-0.0143],[-4.500,-0.0172],[-4.250,-0.0205],[-4.000,-0.0235],[-3.750,-0.0268],[-3.500,-0.0290],[-3.250,-0.0315],[-3.000,-0.0320],[-2.750,-0.0318],[-2.500,-0.0310],[-2.250,-0.0287],[-2.000,-0.0570],[-1.750,-0.0556],[-1.500,-0.0542],[-1.250,-0.0528],[-1.000,-0.0519],[-0.750,-0.0510],[-0.500,-0.0499],[-0.250,-0.0488],[0.000,-0.0482],[0.250,-0.0471],[0.500,-0.0462],[0.750,-0.0457],[1.000,-0.0444],[1.250,-0.0440],[1.500,-0.0432],[1.750,-0.0421],[2.000,-0.0416],[2.250,-0.0404],[2.500,-0.0398],[2.750,-0.0390],[3.000,-0.0377],[3.250,-0.0370],[3.500,-0.0360],[3.750,-0.0348],[4.000,-0.0339],[4.250,-0.0328],[4.500,-0.0317],[4.750,-0.0307],[5.000,-0.0295],[5.250,-0.0284],[5.500,-0.0274],[5.750,-0.0262],[6.000,-0.0249],[6.250,-0.0235],[6.500,-0.0221],[6.750,-0.0206],[7.000,-0.0190],[7.250,-0.0173],[7.500,-0.0156],[7.750,-0.0139],[8.000,-0.0121],[8.250,-0.0101],[8.500,-0.0078],[8.750,-0.0049],[9.000,-0.0011],[9.250,0.0032],[9.500,0.0069],[9.750,0.0102],[10.000,0.0133],[10.250,0.0159],[10.500,0.0181],[10.750,0.0192],[11.000,0.0206],[11.250,0.0195],[11.500,0.0215],[11.750,0.0226],[12.000,0.0220],[12.250,0.0232],[12.500,0.0263],[12.750,0.0287],[13.000,0.0307],[13.250,0.0325],[13.500,0.0337],[13.750,0.0345],[14.000,0.0345],[14.250,0.0336],[14.500,0.0317],[14.750,0.0284],[15.000,0.0238],[15.250,0.0183],[15.500,0.0128],],[[-9.500,-0.0142],[-9.250,-0.0135],[-9.000,-0.0153],[-8.750,-0.0193],[-8.500,-0.0218],[-8.250,-0.0260],[-8.000,-0.0260],[-7.750,-0.0257],[-7.500,-0.0251],[-7.250,-0.0244],[-7.000,-0.0212],[-6.750,-0.0198],[-6.500,-0.0201],[-6.250,-0.0230],[-6.000,-0.0201],[-5.750,-0.0216],[-5.500,-0.0226],[-5.250,-0.0229],[-5.000,-0.0221],[-4.750,-0.0209],[-4.500,-0.0197],[-4.250,-0.0187],[-4.000,-0.0178],[-3.750,-0.0169],[-3.500,-0.0159],[-3.250,-0.0150],[-3.000,-0.0142],[-2.750,-0.0131],[-2.500,-0.0123],[-2.250,-0.0115],[-2.000,-0.0101],[-1.750,-0.0089],[-1.500,-0.0043],[-1.250,-0.0073],[-1.000,-0.0127],[-0.750,-0.0222],[-0.500,-0.0340],[0.000,-0.0334],[0.250,-0.0331],[0.500,-0.0328],[0.750,-0.0325],[1.000,-0.0322],[1.250,-0.0320],[1.500,-0.0316],[1.750,-0.0314],[2.000,-0.0309],[2.250,-0.0307],[2.500,-0.0302],[2.750,-0.0300],[3.000,-0.0295],[3.250,-0.0291],[3.500,-0.0287],[3.750,-0.0282],[4.000,-0.0278],[4.250,-0.0273],[4.500,-0.0268],[4.750,-0.0262],[5.000,-0.0256],[5.250,-0.0249],[5.500,-0.0242],[5.750,-0.0234],[6.000,-0.0225],[6.250,-0.0215],[6.500,-0.0205],[6.750,-0.0196],[7.000,-0.0186],[7.250,-0.0175],[7.500,-0.0163],[7.750,-0.0150],[8.000,-0.0135],[8.250,-0.0118],[8.500,-0.0094],[8.750,-0.0064],[9.000,-0.0030],[9.250,0.0002],[9.500,0.0036],[9.750,0.0068],[10.000,0.0107],[10.250,0.0136],[10.500,0.0160],[10.750,0.0183],[11.000,0.0199],[11.250,0.0212],[11.500,0.0225],[11.750,0.0239],[12.000,0.0250],[12.250,0.0261],[12.500,0.0270],[12.750,0.0280],[13.000,0.0290],[13.250,0.0299],[13.500,0.0308],[13.750,0.0315],[14.000,0.0321],[14.250,0.0326],[14.500,0.0335],[14.750,0.0337],[15.000,0.0335],[15.250,0.0330],[15.500,0.0321],[15.750,0.0308],[16.000,0.0290],[16.250,0.0265],[16.500,0.0233],[16.750,0.0193],[17.000,0.0144],[17.250,0.0087],[17.500,0.0023],],[[-10.500,-0.0095],[-10.250,-0.0104],[-10.000,-0.0121],[-9.750,-0.0153],[-9.500,-0.0222],[-9.250,-0.0245],[-9.000,-0.0249],[-8.750,-0.0254],[-8.500,-0.0237],[-8.250,-0.0233],[-8.000,-0.0228],[-7.750,-0.0222],[-7.500,-0.0162],[-7.250,-0.0166],[-7.000,-0.0153],[-6.750,-0.0135],[-6.500,-0.0120],[-6.250,-0.0108],[-6.000,-0.0098],[-5.750,-0.0090],[-5.500,-0.0083],[-5.250,-0.0077],[-5.000,-0.0073],[-4.750,-0.0068],[-4.500,-0.0064],[-4.250,-0.0059],[-4.000,-0.0055],[-3.750,-0.0051],[-3.500,-0.0047],[-3.250,-0.0043],[-3.000,-0.0040],[-2.750,-0.0036],[-2.500,-0.0033],[-2.250,-0.0031],[-1.750,-0.0027],[-1.500,-0.0024],[-1.250,-0.0020],[-1.000,-0.0017],[-0.750,-0.0003],[-0.500,0.0040],[-0.250,0.0045],[0.000,0.0045],[0.250,0.0040],[0.500,0.0031],[0.750,-0.0020],[1.000,-0.0065],[1.250,-0.0112],[1.500,-0.0160],[1.750,-0.0185],[2.000,-0.0205],[2.250,-0.0223],[2.500,-0.0237],[2.750,-0.0251],[3.000,-0.0265],[3.250,-0.0275],[3.500,-0.0273],[3.750,-0.0271],[4.000,-0.0268],[4.250,-0.0266],[4.500,-0.0263],[4.750,-0.0260],[5.000,-0.0257],[5.250,-0.0254],[5.500,-0.0250],[5.750,-0.0247],[6.000,-0.0243],[6.500,-0.0233],[6.750,-0.0226],[7.000,-0.0218],[7.250,-0.0209],[7.500,-0.0199],[7.750,-0.0187],[8.000,-0.0171],[8.250,-0.0151],[8.500,-0.0132],[8.750,-0.0114],[9.000,-0.0093],[9.250,-0.0075],[9.500,-0.0052],[9.750,-0.0030],[10.000,-0.0008],[10.250,0.0019],[10.500,0.0053],[10.750,0.0082],[11.000,0.0111],[11.250,0.0134],[11.500,0.0155],[11.750,0.0174],[12.000,0.0183],[12.250,0.0191],[12.500,0.0198],[12.750,0.0203],[13.000,0.0208],[13.250,0.0217],[13.500,0.0219],[13.750,0.0221],[14.000,0.0222],[14.250,0.0223],[14.500,0.0223],[14.750,0.0222],[15.000,0.0222],[15.250,0.0226],[15.500,0.0225],[15.750,0.0219],[16.000,0.0212],[16.250,0.0205],[16.500,0.0197],[16.750,0.0188],[17.000,0.0178],[17.250,0.0166],[17.500,0.0155],[17.750,0.0143],[18.000,0.0133],[18.250,0.0126],[18.500,0.0105],[18.750,0.0080],[19.000,0.0054],[19.250,0.0024],],[[-12.250,-0.0336],[-12.000,-0.0356],[-11.750,-0.0327],[-11.500,-0.0270],[-11.250,-0.0244],[-11.000,-0.0230],[-10.750,-0.0216],[-10.500,-0.0207],[-10.250,-0.0197],[-10.000,-0.0184],[-9.750,-0.0169],[-9.500,-0.0154],[-9.250,-0.0141],[-9.000,-0.0130],[-8.750,-0.0124],[-8.500,-0.0128],[-8.000,-0.0100],[-7.750,-0.0087],[-7.500,-0.0073],[-7.250,-0.0066],[-7.000,-0.0060],[-6.750,-0.0055],[-6.500,-0.0050],[-6.000,-0.0041],[-5.750,-0.0038],[-5.500,-0.0034],[-5.250,-0.0031],[-5.000,-0.0028],[-4.750,-0.0026],[-4.500,-0.0024],[-4.250,-0.0022],[-4.000,-0.0020],[-3.750,-0.0015],[-3.500,-0.0012],[-3.250,-0.0010],[-3.000,-0.0009],[-2.750,-0.0008],[-2.500,-0.0007],[-2.250,-0.0007],[-2.000,-0.0007],[-1.750,-0.0006],[-1.500,-0.0006],[-1.250,-0.0006],[-1.000,-0.0004],[-0.750,-0.0003],[-0.500,-0.0002],[-0.250,0.0001],[0.000,0.0025],[0.250,0.0045],[0.500,0.0052],[0.750,0.0056],[1.000,0.0059],[1.250,0.0061],[1.500,0.0066],[1.750,0.0063],[2.000,0.0046],[2.250,0.0006],[2.500,-0.0014],[2.750,-0.0026],[3.000,-0.0031],[3.250,-0.0048],[3.500,-0.0061],[3.750,-0.0074],[4.000,-0.0087],[4.250,-0.0099],[4.500,-0.0110],[4.750,-0.0120],[5.000,-0.0129],[5.250,-0.0138],[5.500,-0.0144],[5.750,-0.0151],[6.000,-0.0162],[6.250,-0.0174],[6.500,-0.0184],[6.750,-0.0194],[7.000,-0.0203],[7.250,-0.0210],[7.500,-0.0217],[7.750,-0.0217],[8.000,-0.0205],[8.250,-0.0192],[8.500,-0.0179],[8.750,-0.0165],[9.000,-0.0149],[9.250,-0.0135],[9.500,-0.0118],[9.750,-0.0097],[10.000,-0.0081],[10.250,-0.0062],[10.500,-0.0041],[10.750,-0.0014],[11.000,0.0004],[11.250,0.0024],[11.500,0.0046],[11.750,0.0076],[12.000,0.0111],[12.250,0.0126],[12.500,0.0139],[12.750,0.0151],[13.000,0.0160],[13.250,0.0169],[13.500,0.0178],[13.750,0.0184],[14.000,0.0187],[14.250,0.0189],[14.500,0.0191],[14.750,0.0192],[15.000,0.0192],[15.250,0.0192],[15.500,0.0190],[15.750,0.0187],[16.000,0.0183],[16.250,0.0177],[16.500,0.0171],[16.750,0.0164],[17.000,0.0155],[17.250,0.0145],[17.500,0.0134],[17.750,0.0121],[18.000,0.0108],[18.250,0.0094],[18.500,0.0078],[18.750,0.0061],[19.000,0.0042],[19.250,0.0023],],],
{"title":"Cm v Alpha","sortData":false,"legend":{"show":false,"placement":"insideGrid","location":"ne"},"series":[{"showLabel":true,"index":0,"showLine":true,"trendline":{"type":"none","show":false},"color":"#4bb2c5"},{"showLabel":true,"index":0,"showLine":true,"trendline":{"type":"none","show":false},"color":"#EAA228"},{"showLabel":true,"index":0,"showLine":true,"trendline":{"type":"none","show":false},"color":"#839557"},{"showLabel":true,"index":0,"showLine":true,"trendline":{"type":"none","show":false},"color":"#953579"},{"showLabel":true,"index":0,"showLine":true,"trendline":{"type":"none","show":false},"color":"#d8b83f"}],"show":"$.jqplot.config.enablePlugins","axes":{"xaxis":{"max":20,"min":-15,"tickInterval":5,"tickOptions":{"formatString":"%.1f"},"forceTickAt0":true,"rendererOptions":{"forceTickAt0":true}},"yaxis":{"max":0.04,"min":-0.06,"tickInterval":0.01,"tickOptions":{"formatString":"%.2f"},"forceTickAt0":true,"rendererOptions":{"forceTickAt0":true}}},"seriesDefaults":{"lineWidth":1,"showLabel":true,"markerOptions":{"size":5,"show":false}}});
jqplots.push(p);

var p = $.jqplot('dragaoa',[[[-10.750,0.13639],[-10.500,0.12921],[-10.250,0.12864],[-10.000,0.12251],[-9.750,0.11998],[-9.500,0.11664],[-9.250,0.11230],[-9.000,0.10982],[-8.750,0.10689],[-8.500,0.10246],[-8.250,0.09905],[-8.000,0.09584],[-7.750,0.09282],[-7.500,0.09116],[-7.250,0.08699],[-7.000,0.08397],[-6.750,0.08117],[-6.250,0.07554],[-5.500,0.05211],[-5.250,0.04875],[-5.000,0.04632],[-4.750,0.04362],[-4.500,0.04158],[-4.250,0.03956],[-4.000,0.03777],[-3.750,0.03628],[-3.500,0.03502],[-3.250,0.03356],[-3.000,0.03238],[-2.750,0.03142],[-2.500,0.03066],[-2.250,0.02982],[-2.000,0.02500],[-1.750,0.02540],[-1.500,0.02584],[-1.250,0.02627],[-1.000,0.02668],[-0.750,0.02711],[-0.500,0.02755],[-0.250,0.02798],[0.000,0.02829],[0.250,0.02881],[0.500,0.02941],[0.750,0.02999],[1.000,0.03050],[1.250,0.03101],[1.500,0.03188],[1.750,0.03270],[2.000,0.03332],[2.250,0.03394],[2.500,0.03506],[2.750,0.03602],[3.000,0.03657],[3.250,0.03747],[3.500,0.03876],[3.750,0.03986],[4.000,0.04042],[4.250,0.04109],[4.500,0.04258],[4.750,0.04394],[5.000,0.04504],[5.250,0.04556],[5.500,0.04561],[5.750,0.04735],[6.000,0.04903],[6.250,0.05072],[6.500,0.05234],[6.750,0.05361],[7.000,0.05434],[7.250,0.05342],[7.500,0.05201],[7.750,0.05439],[8.000,0.05314],[8.250,0.04273],[8.500,0.03837],[8.750,0.03619],[9.000,0.03480],[9.250,0.03501],[9.500,0.03637],[9.750,0.03823],[10.000,0.04019],[10.250,0.04239],[10.500,0.04470],[10.750,0.04714],[11.000,0.04987],[11.250,0.05271],[11.500,0.05576],[11.750,0.05912],[12.000,0.06260],[12.250,0.06640],[12.500,0.07106],[12.750,0.07692],[13.000,0.08405],[13.250,0.09220],[13.500,0.13291],],[[-9.000,0.09825],[-8.750,0.09302],[-8.500,0.08779],[-8.250,0.08487],[-8.000,0.08146],[-7.750,0.07729],[-7.500,0.07294],[-7.250,0.07002],[-7.000,0.06634],[-6.750,0.06317],[-6.500,0.06087],[-6.250,0.05808],[-6.000,0.05779],[-5.750,0.05527],[-5.500,0.05388],[-5.250,0.03911],[-5.000,0.03409],[-4.750,0.03126],[-4.500,0.02913],[-4.250,0.02712],[-4.000,0.02545],[-3.750,0.02361],[-3.500,0.02250],[-3.250,0.02161],[-3.000,0.02059],[-2.750,0.01977],[-2.500,0.01876],[-2.250,0.01674],[-2.000,0.01720],[-1.750,0.01719],[-1.500,0.01719],[-1.250,0.01719],[-1.000,0.01722],[-0.750,0.01727],[-0.500,0.01730],[-0.250,0.01734],[0.000,0.01743],[0.250,0.01750],[0.500,0.01757],[0.750,0.01771],[1.000,0.01777],[1.250,0.01793],[1.500,0.01810],[1.750,0.01819],[2.000,0.01843],[2.250,0.01853],[2.500,0.01875],[2.750,0.01897],[3.000,0.01905],[3.250,0.01932],[3.500,0.01948],[3.750,0.01959],[4.000,0.01984],[4.250,0.01995],[4.500,0.02008],[4.750,0.02035],[5.000,0.02048],[5.250,0.02058],[5.500,0.02087],[5.750,0.02104],[6.000,0.02102],[6.250,0.02093],[6.500,0.02086],[6.750,0.02084],[7.000,0.02075],[7.250,0.02063],[7.500,0.02058],[7.750,0.02075],[8.000,0.02091],[8.250,0.02122],[8.500,0.02166],[8.750,0.02245],[9.000,0.02393],[9.250,0.02588],[9.500,0.02764],[9.750,0.02921],[10.000,0.03070],[10.250,0.03228],[10.500,0.03367],[10.750,0.03539],[11.000,0.03694],[11.250,0.03928],[11.500,0.04090],[11.750,0.04288],[12.000,0.04537],[12.250,0.04823],[12.500,0.05031],[12.750,0.05284],[13.000,0.05570],[13.250,0.05884],[13.500,0.06228],[13.750,0.06612],[14.000,0.07054],[14.250,0.07575],[14.500,0.08202],[14.750,0.08957],[15.000,0.09843],[15.250,0.10841],[15.500,0.11870],],[[-9.500,0.09329],[-9.250,0.09065],[-9.000,0.08689],[-8.750,0.08199],[-8.500,0.07738],[-8.250,0.07135],[-8.000,0.06484],[-7.750,0.06159],[-7.500,0.05908],[-7.250,0.05659],[-7.000,0.05648],[-6.750,0.05030],[-6.500,0.04784],[-6.250,0.04498],[-6.000,0.03016],[-5.750,0.02788],[-5.500,0.02541],[-5.250,0.02339],[-5.000,0.02199],[-4.750,0.02093],[-4.500,0.01995],[-4.250,0.01865],[-4.000,0.01791],[-3.750,0.01732],[-3.500,0.01672],[-3.250,0.01618],[-3.000,0.01574],[-2.750,0.01505],[-2.500,0.01467],[-2.250,0.01419],[-2.000,0.01340],[-1.750,0.01249],[-1.500,0.01047],[-1.250,0.01117],[-1.000,0.01209],[-0.750,0.01274],[-0.500,0.01279],[0.000,0.01267],[0.250,0.01264],[0.500,0.01260],[0.750,0.01259],[1.000,0.01257],[1.250,0.01258],[1.500,0.01258],[1.750,0.01260],[2.000,0.01262],[2.250,0.01264],[2.500,0.01268],[2.750,0.01270],[3.000,0.01274],[3.250,0.01277],[3.500,0.01282],[3.750,0.01287],[4.000,0.01294],[4.250,0.01302],[4.500,0.01310],[4.750,0.01320],[5.000,0.01328],[5.250,0.01335],[5.500,0.01345],[5.750,0.01355],[6.000,0.01364],[6.250,0.01374],[6.500,0.01390],[6.750,0.01409],[7.000,0.01431],[7.250,0.01459],[7.500,0.01492],[7.750,0.01535],[8.000,0.01586],[8.250,0.01655],[8.500,0.01760],[8.750,0.01910],[9.000,0.02059],[9.250,0.02186],[9.500,0.02308],[9.750,0.02421],[10.000,0.02551],[10.250,0.02653],[10.500,0.02780],[10.750,0.02953],[11.000,0.03074],[11.250,0.03209],[11.500,0.03356],[11.750,0.03520],[12.000,0.03661],[12.250,0.03810],[12.500,0.03960],[12.750,0.04125],[13.000,0.04310],[13.250,0.04502],[13.500,0.04704],[13.750,0.04912],[14.000,0.05128],[14.250,0.05335],[14.500,0.05646],[14.750,0.05964],[15.000,0.06324],[15.250,0.06725],[15.500,0.07171],[15.750,0.07665],[16.000,0.08214],[16.250,0.08826],[16.500,0.09512],[16.750,0.10283],[17.000,0.11148],[17.250,0.12116],[17.500,0.13171],],[[-10.500,0.09478],[-10.250,0.09163],[-10.000,0.08807],[-9.750,0.08358],[-9.500,0.07662],[-9.250,0.07147],[-9.000,0.06724],[-8.750,0.06286],[-8.500,0.04827],[-8.250,0.04619],[-8.000,0.04469],[-7.750,0.04330],[-7.500,0.02803],[-7.250,0.02695],[-7.000,0.02506],[-6.750,0.02345],[-6.500,0.02229],[-6.250,0.02071],[-6.000,0.01965],[-5.750,0.01826],[-5.500,0.01695],[-5.250,0.01582],[-5.000,0.01509],[-4.750,0.01451],[-4.500,0.01399],[-4.250,0.01353],[-4.000,0.01310],[-3.750,0.01271],[-3.500,0.01237],[-3.250,0.01205],[-3.000,0.01180],[-2.750,0.01140],[-2.500,0.01113],[-2.250,0.01094],[-1.750,0.01055],[-1.500,0.01017],[-1.250,0.00980],[-1.000,0.00936],[-0.750,0.00830],[-0.500,0.00704],[-0.250,0.00713],[0.000,0.00734],[0.250,0.00757],[0.500,0.00785],[0.750,0.00821],[1.000,0.00857],[1.250,0.00891],[1.500,0.00902],[1.750,0.00904],[2.000,0.00910],[2.250,0.00909],[2.500,0.00906],[2.750,0.00907],[3.000,0.00907],[3.250,0.00909],[3.500,0.00911],[3.750,0.00913],[4.000,0.00919],[4.250,0.00922],[4.500,0.00928],[4.750,0.00936],[5.000,0.00945],[5.250,0.00956],[5.500,0.00969],[5.750,0.00984],[6.000,0.01002],[6.500,0.01049],[6.750,0.01082],[7.000,0.01121],[7.250,0.01168],[7.500,0.01221],[7.750,0.01283],[8.000,0.01364],[8.250,0.01465],[8.500,0.01540],[8.750,0.01605],[9.000,0.01671],[9.250,0.01722],[9.500,0.01789],[9.750,0.01851],[10.000,0.01909],[10.250,0.01983],[10.500,0.02084],[10.750,0.02145],[11.000,0.02223],[11.250,0.02322],[11.500,0.02461],[11.750,0.02655],[12.000,0.02777],[12.250,0.02923],[12.500,0.03082],[12.750,0.03257],[13.000,0.03468],[13.250,0.03744],[13.500,0.03921],[13.750,0.04123],[14.000,0.04338],[14.250,0.04563],[14.500,0.04797],[14.750,0.05041],[15.000,0.05298],[15.250,0.05571],[15.500,0.05848],[15.750,0.06135],[16.000,0.06434],[16.250,0.06744],[16.500,0.07070],[16.750,0.07404],[17.000,0.07750],[17.250,0.08104],[17.500,0.08463],[17.750,0.08823],[18.000,0.09190],[18.250,0.09585],[18.500,0.10084],[18.750,0.10607],[19.000,0.11159],[19.250,0.11747],],[[-12.250,0.05811],[-12.000,0.05197],[-11.750,0.04636],[-11.500,0.04051],[-11.250,0.03754],[-11.000,0.03613],[-10.750,0.03486],[-10.500,0.03411],[-10.250,0.03315],[-10.000,0.03171],[-9.750,0.02994],[-9.500,0.02807],[-9.250,0.02650],[-9.000,0.02512],[-8.750,0.02362],[-8.500,0.02231],[-8.000,0.02100],[-7.750,0.02066],[-7.500,0.01799],[-7.250,0.01705],[-7.000,0.01638],[-6.750,0.01575],[-6.500,0.01519],[-6.000,0.01414],[-5.750,0.01366],[-5.500,0.01321],[-5.250,0.01280],[-5.000,0.01245],[-4.750,0.01215],[-4.500,0.01185],[-4.250,0.01159],[-4.000,0.01128],[-3.750,0.01074],[-3.500,0.01036],[-3.250,0.01011],[-3.000,0.00988],[-2.750,0.00971],[-2.500,0.00952],[-2.250,0.00940],[-2.000,0.00926],[-1.750,0.00909],[-1.500,0.00895],[-1.250,0.00883],[-1.000,0.00854],[-0.750,0.00825],[-0.500,0.00803],[-0.250,0.00760],[0.000,0.00606],[0.250,0.00557],[0.500,0.00555],[0.750,0.00562],[1.000,0.00568],[1.250,0.00580],[1.500,0.00592],[1.750,0.00610],[2.000,0.00632],[2.250,0.00657],[2.500,0.00672],[2.750,0.00680],[3.000,0.00693],[3.250,0.00699],[3.500,0.00707],[3.750,0.00716],[4.000,0.00723],[4.250,0.00733],[4.500,0.00745],[4.750,0.00758],[5.000,0.00772],[5.250,0.00789],[5.500,0.00809],[5.750,0.00832],[6.000,0.00860],[6.250,0.00889],[6.500,0.00928],[6.750,0.00969],[7.000,0.01016],[7.250,0.01067],[7.500,0.01150],[7.750,0.01207],[8.000,0.01254],[8.250,0.01299],[8.500,0.01343],[8.750,0.01380],[9.000,0.01425],[9.250,0.01458],[9.500,0.01501],[9.750,0.01554],[10.000,0.01588],[10.250,0.01628],[10.500,0.01678],[10.750,0.01748],[11.000,0.01786],[11.250,0.01831],[11.500,0.01882],[11.750,0.01949],[12.000,0.02059],[12.250,0.02127],[12.500,0.02213],[12.750,0.02311],[13.000,0.02420],[13.250,0.02551],[13.500,0.02741],[13.750,0.02926],[14.000,0.03073],[14.250,0.03243],[14.500,0.03430],[14.750,0.03633],[15.000,0.03851],[15.250,0.04095],[15.500,0.04379],[15.750,0.04721],[16.000,0.05142],[16.250,0.05435],[16.500,0.05738],[16.750,0.06070],[17.000,0.06419],[17.250,0.06790],[17.500,0.07175],[17.750,0.07574],[18.000,0.07985],[18.250,0.08410],[18.500,0.08855],[18.750,0.09310],[19.000,0.09788],[19.250,0.10288],],],
{"title":"Cd v Alpha","sortData":false,"legend":{"show":false,"placement":"insideGrid","location":"ne"},"series":[{"showLabel":true,"index":0,"showLine":true,"trendline":{"type":"none","show":false},"color":"#4bb2c5"},{"showLabel":true,"index":0,"showLine":true,"trendline":{"type":"none","show":false},"color":"#EAA228"},{"showLabel":true,"index":0,"showLine":true,"trendline":{"type":"none","show":false},"color":"#839557"},{"showLabel":true,"index":0,"showLine":true,"trendline":{"type":"none","show":false},"color":"#953579"},{"showLabel":true,"index":0,"showLine":true,"trendline":{"type":"none","show":false},"color":"#d8b83f"}],"show":"$.jqplot.config.enablePlugins","axes":{"xaxis":{"max":20,"min":-15,"tickInterval":5,"tickOptions":{"formatString":"%.1f"},"forceTickAt0":true,"rendererOptions":{"forceTickAt0":true}},"yaxis":{"max":0.14,"min":0,"tickInterval":0.02,"tickOptions":{"formatString":"%.2f"},"forceTickAt0":true,"rendererOptions":{"forceTickAt0":true}}},"seriesDefaults":{"lineWidth":1,"showLabel":true,"markerOptions":{"size":5,"show":false}}});
jqplots.push(p);

var p = $.jqplot('effaoa',[[[-10.750,-3.9416379499963],[-10.500,-3.8472254469468],[-10.250,-4.0679415422886],[-10.000,-3.9915108970696],[-9.750,-4.178196366061],[-9.500,-4.2138203017833],[-9.250,-4.2439893143366],[-9.000,-4.4627572391186],[-8.750,-4.5514079895219],[-8.500,-4.5354284598868],[-8.250,-4.6330136294801],[-8.000,-4.7360183639399],[-7.750,-4.8319327731092],[-7.500,-5.1777095217201],[-7.250,-4.97068628578],[-7.000,-4.9672502084078],[-6.750,-4.9624245410866],[-6.250,-4.7855440826052],[-5.500,-10.189982728843],[-5.250,-10.855384615385],[-5.000,-11.280224525043],[-4.750,-11.831728564878],[-4.500,-12.169312169312],[-4.250,-12.467138523761],[-4.000,-12.67143235372],[-3.750,-12.748070562293],[-3.500,-12.701313535123],[-3.250,-12.663885578069],[-3.000,-12.476837554046],[-2.750,-12.176957352005],[-2.500,-11.75799086758],[-2.250,-11.140174379611],[-2.000,-5.272],[-1.750,-4.496062992126],[-1.500,-2.3258513931889],[-1.250,-0.32736962314427],[-1.000,1.4430284857571],[-0.750,3.0468461822206],[-0.500,4.5335753176044],[-0.250,6.0614724803431],[0.000,8.0098974902793],[0.250,8.8927455744533],[0.500,9.6395783747025],[0.750,10.400133377793],[1.000,11.347540983607],[1.250,12.176717188004],[1.500,12.274153074028],[1.750,12.510703363914],[2.000,13.106242496999],[2.250,13.621096051856],[2.500,13.416999429549],[2.750,13.481399222654],[3.000,14.082581350834],[3.250,14.190018681612],[3.500,13.882868937049],[3.750,13.833416959358],[4.000,14.319643740722],[4.250,14.638598199075],[4.500,14.234382339126],[4.750,13.982703686846],[5.000,13.967584369449],[5.250,14.378841088674],[5.500,15.071256303442],[5.750,14.587117212249],[6.000,14.193351009586],[6.250,13.842665615142],[6.500,13.580435613298],[6.750,13.521731020332],[7.000,13.741258741259],[7.250,14.72856608012],[7.500,15.904633724284],[7.750,15.103879389594],[8.000,15.955965374482],[8.250,22.377720571027],[8.500,26.161063330727],[8.750,28.455374412821],[9.000,30.126436781609],[9.250,30.122822050843],[9.500,29.081660709376],[9.750,27.823698665969],[10.000,26.854939039562],[10.250,25.751356451993],[10.500,24.845637583893],[10.750,23.748408994485],[11.000,22.693001804692],[11.250,21.599317017644],[11.500,20.722740315638],[11.750,19.32848443843],[12.000,17.988817891374],[12.250,16.629518072289],[12.500,15.151984238672],[12.750,13.564742589704],[13.000,11.992861392029],[13.250,10.567245119306],[13.500,6.0168535098939],],[[-9.000,-5.1826972010178],[-8.750,-6.0051601806063],[-8.500,-6.3697459847363],[-8.250,-6.1930010604454],[-8.000,-6.4657500613798],[-7.750,-7.4433950058222],[-7.500,-7.4897175760899],[-7.250,-7.6221079691517],[-7.000,-8.2830871269219],[-6.750,-8.4106379610575],[-6.500,-8.8927221948415],[-6.250,-9.0926308539945],[-6.000,-9.5743208167503],[-5.750,-10],[-5.500,-10.324795842613],[-5.250,-13.316287394528],[-5.000,-14.139043707832],[-4.750,-14.165067178503],[-4.500,-13.745279780295],[-4.250,-13.101032448378],[-4.000,-12.212180746562],[-3.750,-11.253706056756],[-3.500,-10.062222222222],[-3.250,-8.5006941230912],[-3.000,-7.425934919864],[-2.750,-6.2721294891249],[-2.500,-5.2078891257996],[-2.250,-4.9581839904421],[-2.000,7.3895348837209],[-1.750,8.5747527632344],[-1.500,9.7673065735893],[-1.250,10.948225712624],[-1.000,12.224157955865],[-0.750,13.485813549508],[-0.500,14.71676300578],[-0.250,15.9630911188],[0.000,17.228915662651],[0.250,18.451428571429],[0.500,19.686966420034],[0.750,20.880858272163],[1.000,22.082160945414],[1.250,23.229224762967],[1.500,24.32044198895],[1.750,25.46454095657],[2.000,26.418882257189],[2.250,27.517539125742],[2.500,28.448],[2.750,29.34106483922],[3.000,30.435695538058],[3.250,31.20082815735],[3.500,32.130390143737],[3.750,33.129147524247],[4.000,33.850806451613],[4.250,34.822055137845],[4.500,35.747011952191],[4.750,36.36855036855],[5.000,37.2705078125],[5.250,38.226433430515],[5.500,38.744609487302],[5.750,39.505703422053],[6.000,40.651760228354],[6.250,41.944577161968],[6.500,43.163950143816],[6.750,44.227447216891],[7.000,45.407228915663],[7.250,46.674745516238],[7.500,47.784256559767],[7.750,48.274698795181],[8.000,48.785270205643],[8.250,48.821866163996],[8.500,48.457987072946],[8.750,47.126948775056],[9.000,44.195570413707],[9.250,40.676197836167],[9.500,38.042691751085],[9.750,36.056145155769],[10.000,34.410423452769],[10.250,32.905824039653],[10.500,31.850311850312],[10.750,30.794009607234],[11.000,29.929615592853],[11.250,29.012219959267],[11.500,28.095354523227],[11.750,27.182835820896],[12.000,26.29270443024],[12.250,24.965788928053],[12.500,23.856092228185],[12.750,22.651400454201],[13.000,21.394973070018],[13.250,20.105370496261],[13.500,18.802183686577],[13.750,17.477313974592],[14.000,16.104337964276],[14.250,14.673267326733],[14.500,13.188246769081],[14.750,11.68918164564],[15.000,10.255003555826],[15.250,8.9659625495803],[15.500,7.9250210614996],],[[-9.500,-5.9599099581949],[-9.250,-6.0286817429675],[-9.000,-6.2642421452411],[-8.750,-6.7093547993658],[-8.500,-7.2512277074179],[-8.250,-8.5297827610371],[-8.000,-9.4108574953732],[-7.750,-9.6379282351031],[-7.500,-9.8155044008125],[-7.250,-10.038876126524],[-7.000,-10.212464589235],[-6.750,-11.443339960239],[-6.500,-11.628344481605],[-6.250,-11.622943530458],[-6.000,-16.933023872679],[-5.750,-17.098278335725],[-5.500,-17.497048406139],[-5.250,-17.751175716118],[-5.000,-17.694406548431],[-4.750,-17.434304825609],[-4.500,-17.097744360902],[-4.250,-16.986595174263],[-4.000,-16.331658291457],[-3.750,-15.461893764434],[-3.500,-14.545454545455],[-3.250,-13.498145859085],[-3.000,-12.268106734435],[-2.750,-11.282392026578],[-2.500,-9.8909338786639],[-2.250,-8.5059901338971],[-2.000,-7.3805970149254],[-1.750,-6.3090472377902],[-1.500,-6.7908309455587],[-1.250,-1.6025067144136],[-1.000,3.7055417700579],[-0.750,9.6938775510204],[-0.500,16.379984362783],[0.000,20.513022888713],[0.250,22.555379746835],[0.500,24.65873015873],[0.750,26.69579030977],[1.000,28.766905330151],[1.250,30.779014308426],[1.500,32.806041335453],[1.750,34.793650793651],[2.000,36.75118858954],[2.250,38.726265822785],[2.500,40.607255520505],[2.750,42.55905511811],[3.000,44.419152276295],[3.250,46.303837118246],[3.500,48.096723868955],[3.750,49.87567987568],[4.000,51.545595054096],[4.250,53.149001536098],[4.500,54.717557251908],[4.750,56.159090909091],[5.000,57.65813253012],[5.250,59.161048689139],[5.500,60.490706319703],[5.750,61.793357933579],[6.000,63.071847507331],[6.250,64.250363901019],[6.500,65.107913669065],[6.750,65.805535841022],[7.000,66.317260656883],[7.250,66.490747087046],[7.500,66.394101876676],[7.750,65.771986970684],[8.000,64.785624211854],[8.250,63.033232628399],[8.500,59.886363636364],[8.750,55.434554973822],[9.000,51.593006313745],[9.250,48.806038426349],[9.500,46.390814558059],[9.750,44.390747624948],[10.000,42.077616620933],[10.250,40.652091971353],[10.500,38.946043165468],[10.750,36.749068743651],[11.000,35.624593363696],[11.250,34.412589591773],[11.500,33.161501787843],[11.750,31.928977272727],[12.000,31.007921332969],[12.250,30.089238845144],[12.500,29.227272727273],[12.750,28.487272727273],[13.000,27.450116009281],[13.250,26.446023989338],[13.500,25.482568027211],[13.750,24.556188925081],[14.000,23.632995319813],[14.250,22.879100281162],[14.500,21.817215727949],[14.750,20.489604292421],[15.000,19.158760278305],[15.250,17.842379182156],[15.500,16.544415004881],[15.750,15.270711024136],[16.000,14.024835646457],[16.250,12.818944029005],[16.500,11.655803195963],[16.750,10.540698239813],[17.000,9.4797273053463],[17.250,8.4838230439089],[17.500,7.5818085187154],],[[-10.500,-6.3684321586833],[-10.250,-6.5546218487395],[-10.000,-6.7980015896446],[-9.750,-7.1799473558268],[-9.500,-8.0044374836857],[-9.250,-8.7743108996782],[-9.000,-9.4750148720999],[-8.750,-10.203627107859],[-8.500,-14.449968924798],[-8.250,-14.732626109548],[-8.000,-14.848959498769],[-7.750,-14.935334872979],[-7.500,-23.917231537638],[-7.250,-23.807050092764],[-7.000,-24.788507581804],[-6.750,-25.688699360341],[-6.500,-26.09241812472],[-6.250,-27.030420086915],[-6.000,-27.302798982188],[-5.750,-28.066812705367],[-5.500,-28.772861356932],[-5.250,-29.247787610619],[-5.000,-28.9662027833],[-4.750,-28.339076498966],[-4.500,-27.533952823445],[-4.250,-26.548410938655],[-4.000,-25.419847328244],[-3.750,-24.130605822187],[-3.500,-22.675828617623],[-3.250,-21.070539419087],[-3.000,-19.245762711864],[-2.750,-17.649122807018],[-2.500,-15.660377358491],[-2.250,-13.45521023766],[-1.750,-8.7867298578199],[-1.500,-6.5388397246804],[-1.250,-4.1632653061224],[-1.000,-1.6773504273504],[-0.750,0.3855421686747],[-0.500,1.8607954545455],[-0.250,5.8485273492286],[0.000,9.8092643051771],[0.250,13.830911492734],[0.500,17.668789808917],[0.750,23.386114494519],[1.000,28.296382730455],[1.250,32.996632996633],[1.500,38.159645232816],[1.750,42.389380530973],[2.000,46.175824175824],[2.250,50.14301430143],[2.500,54.061810154525],[2.750,57.706725468578],[3.000,61.378169790518],[3.250,64.774477447745],[3.500,67.475301866081],[3.750,70.164293537788],[4.000,72.513601741023],[4.250,75.075921908894],[4.500,77.359913793103],[4.750,79.433760683761],[5.000,81.365079365079],[5.250,83.075313807531],[5.500,84.551083591331],[5.750,85.792682926829],[6.000,86.716566866267],[6.500,87.407054337464],[6.750,86.84842883549],[7.000,85.789473684211],[7.250,84.135273972603],[7.500,82.129402129402],[7.750,79.633671083398],[8.000,76.099706744868],[8.250,71.767918088737],[8.500,69.253246753247],[8.750,67.414330218069],[9.000,65.625374027528],[9.250,64.610917537747],[9.500,62.917831190609],[9.750,61.523500810373],[10.000,60.345730749083],[10.250,58.587997982854],[10.500,55.921305182342],[10.750,54.722610722611],[11.000,53.072424651372],[11.250,51.093884582257],[11.500,48.354327509143],[11.750,44.790960451977],[12.000,43.208498379546],[12.250,41.351351351351],[12.500,39.477611940299],[12.750,37.568314399754],[13.000,35.386389850058],[13.250,32.689636752137],[13.500,31.430757459832],[13.750,30.03638127577],[14.000,28.660673121254],[14.250,27.339469647162],[14.500,26.0767146133],[14.750,24.870065463202],[15.000,23.690071725179],[15.250,22.504038772213],[15.500,21.451778385773],[15.750,20.477587612062],[16.000,19.541498290333],[16.250,18.649169632266],[16.500,17.786421499293],[16.750,16.974608319827],[17.000,16.202580645161],[17.250,15.47754195459],[17.500,14.804442868959],[17.750,14.181117533719],[18.000,13.585418933624],[18.250,12.959833072509],[18.500,12.23819912733],[18.750,11.553690958801],[19.000,10.892553096156],[19.250,10.251979228739],],[[-12.250,-14.811564274652],[-12.000,-17.161824129305],[-11.750,-20.142364106989],[-11.500,-24.112564798815],[-11.250,-26.100159829515],[-11.000,-26.797675062275],[-10.750,-27.389558232932],[-10.500,-27.452360011727],[-10.250,-27.725490196078],[-10.000,-28.511510564491],[-9.750,-29.732798931196],[-9.500,-31.197007481297],[-9.250,-32.403773584906],[-9.000,-33.43949044586],[-8.750,-34.657070279424],[-8.500,-35.472882115643],[-8.000,-35.704761904762],[-7.750,-35.227492739593],[-7.500,-39.449694274597],[-7.250,-40.25219941349],[-7.000,-40.409035409035],[-6.750,-40.438095238095],[-6.500,-40.263331138907],[-6.000,-39.596888260255],[-5.750,-39.077598828697],[-5.500,-38.417865253596],[-5.250,-37.5859375],[-5.000,-36.506024096386],[-4.750,-35.17695473251],[-4.500,-33.79746835443],[-4.250,-32.217428817947],[-4.000,-30.700354609929],[-3.750,-29.87895716946],[-3.500,-28.407335907336],[-3.250,-26.439169139466],[-3.000,-24.271255060729],[-2.750,-21.853759011329],[-2.500,-19.36974789916],[-2.250,-16.648936170213],[-2.000,-13.866090712743],[-1.750,-11.078107810781],[-1.500,-8.1117318435754],[-1.250,-5.039637599094],[-1.000,-2.0725995316159],[-0.750,1.1151515151515],[-0.500,4.5080946450809],[-0.250,8.1447368421053],[0.000,12.458745874587],[0.250,17.163375224417],[0.500,21.963963963964],[0.750,26.512455516014],[1.000,31.12676056338],[1.250,35.258620689655],[1.500,39.138513513514],[1.750,43.016393442623],[2.000,47.357594936709],[2.250,52.61796042618],[2.500,56.964285714286],[2.750,61.191176470588],[3.000,64.372294372294],[3.250,68.869814020029],[3.500,72.828854314003],[3.750,76.550279329609],[4.000,80.401106500692],[4.250,83.778990450205],[4.500,86.738255033557],[4.750,89.419525065963],[5.000,91.865284974093],[5.250,93.776932826362],[5.500,95.142150803461],[5.750,96.09375],[6.000,96.627906976744],[6.250,97.007874015748],[6.500,96.228448275862],[6.750,95.263157894737],[7.000,93.740157480315],[7.250,91.968134957826],[7.500,87.660869565217],[7.750,85.600662800331],[8.000,83.955342902711],[8.250,82.532717474981],[8.500,81.243484735666],[8.750,80.449275362319],[9.000,79.164912280702],[9.250,78.655692729767],[9.500,77.548301132578],[9.750,75.881595881596],[10.000,75.352644836272],[10.250,74.490171990172],[10.500,73.122765196663],[10.750,70.783752860412],[11.000,70.156774916013],[11.250,69.213544511196],[11.500,68.018065887354],[11.750,66.044125192406],[12.000,62.535211267606],[12.250,61.156558533145],[12.500,59.326705829191],[12.750,57.308524448291],[13.000,55.194214876033],[13.250,52.728341826735],[13.500,49.208318132069],[13.750,46.288448393712],[14.000,44.412626098275],[14.250,42.346592661116],[14.500,40.239067055394],[14.750,38.153041563446],[15.000,36.117891456764],[15.250,34.026862026862],[15.500,31.80406485499],[15.750,29.381486973099],[16.000,26.742512640996],[16.250,25.310027598896],[16.500,23.97525270129],[16.750,22.6392092257],[17.000,21.372487926468],[17.250,20.151693667158],[17.500,19.013240418118],[17.750,17.950884605228],[18.000,16.965560425798],[18.250,16.040428061831],[18.500,15.158667419537],[18.750,14.34693877551],[19.000,13.565590519003],[19.250,12.815902021773],],],
{"title":"Cl\/Cd v Alpha","sortData":false,"legend":{"show":false,"placement":"insideGrid","location":"ne"},"series":[{"showLabel":true,"index":0,"showLine":true,"trendline":{"type":"none","show":false},"color":"#4bb2c5"},{"showLabel":true,"index":0,"showLine":true,"trendline":{"type":"none","show":false},"color":"#EAA228"},{"showLabel":true,"index":0,"showLine":true,"trendline":{"type":"none","show":false},"color":"#839557"},{"showLabel":true,"index":0,"showLine":true,"trendline":{"type":"none","show":false},"color":"#953579"},{"showLabel":true,"index":0,"showLine":true,"trendline":{"type":"none","show":false},"color":"#d8b83f"}],"show":"$.jqplot.config.enablePlugins","axes":{"xaxis":{"max":20,"min":-15,"tickInterval":5,"tickOptions":{"formatString":"%.1f"},"forceTickAt0":true,"rendererOptions":{"forceTickAt0":true}},"yaxis":{"max":100,"min":-60,"tickInterval":20,"tickOptions":{"formatString":"%d"},"forceTickAt0":true,"rendererOptions":{"forceTickAt0":true}}},"seriesDefaults":{"lineWidth":1,"showLabel":true,"markerOptions":{"size":5,"show":false}}});
jqplots.push(p);

});
/*]]>*/
</script>
</body>
</html>