<!DOCTYPE html>
<html lang="en">
<head>
<link rel="stylesheet" type="text/css" href="/assets/62ff72f1/jquery.jqplot.min.css" media="screen, projection, print" />
<style type="text/css">
/*<![CDATA[*/
.jqplot-title {font-size:1.8em;padding:3px;}.jqplot-xaxis {font-size:0.8em;padding-top:3px;}.jqplot-yaxis {font-size:0.8em;padding-right:3px;}
/*]]>*/
</style>
<!--[if lt IE 9]><script type="text/javascript" src="/assets/62ff72f1/excanvas.min.js"></script></script><![endif]-->
<script type="text/javascript" src="/assets/780cfc96/jquery.min.js"></script>
<script type="text/javascript" src="/assets/62ff72f1/jquery.min.js"></script>
<script type="text/javascript" src="/assets/62ff72f1/jquery.jqplot.min.js"></script>
<script type="text/javascript">
/*<![CDATA[*/
var jqplots = [];

/*]]>*/
</script>
<title>Airfoil polar plot</title>
<meta http-equiv="Content-Language" content="en-gb"/>
<meta http-equiv="Content-Type" content="text/html; charset=windows-1252"/>
<meta content="none" name="robots" />
<meta name="copyright" content="Copyright 2010-2013. All Rights Reserved" />
</head>
<body>

<table style="width:800px;">
<tr><td>
<div id="liftdrag" style="height:400px;width:398px;margin:auto;display:inline-block;"></div>
</td><td>
<div id="liftaoa" style="height:400px;width:398px;margin:auto;display:inline-block;"></div>
</td></tr>
<tr><td>
<div id="effaoa" style="height:400px;width:398px;margin:auto;display:inline-block;"></div>
</td><td>
<div id="dragaoa" style="height:400px;width:398px;margin:auto;display:inline-block;"></div>
</td></tr>
<tr><td>
<div id="momentaoa" style="height:400px;width:398px;margin:auto;display:inline-block;"></div>
</td><td>
</td></tr>

</table>
<script type="text/javascript">
/*<![CDATA[*/
jQuery(window).load(function() {
var p = $.jqplot('liftdrag',[[[0.13180,-0.4760],[0.12724,-0.4517],[0.12677,-0.4855],[0.12316,-0.4678],[0.12046,-0.4697],[0.12080,-0.5142],[0.11687,-0.4926],[0.11374,-0.4849],[0.11151,-0.4930],[0.10952,-0.5031],[0.10735,-0.5071],[0.10511,-0.5065],[0.07625,-0.5726],[0.05917,-0.5100],[0.05489,-0.4813],[0.05138,-0.4494],[0.04891,-0.4203],[0.04675,-0.3911],[0.04505,-0.3633],[0.04371,-0.3366],[0.04271,-0.3112],[0.04196,-0.2890],[0.04129,-0.2675],[0.04053,-0.2430],[0.03901,-0.2270],[0.03974,-0.2424],[0.03985,-0.2576],[0.03959,-0.2696],[0.03892,-0.2771],[0.03868,-0.2308],[0.03846,-0.2175],[0.03862,-0.1983],[0.03906,-0.1755],[0.03970,-0.1505],[0.04049,-0.1245],[0.04140,-0.0979],[0.04241,-0.0711],[0.04349,-0.0444],[0.04465,-0.0179],[0.04587,0.0081],[0.04714,0.0337],[0.04847,0.0588],[0.04986,0.0833],[0.05130,0.1072],[0.05348,0.1397],[0.05561,0.1713],[0.05857,0.2088],[0.06055,0.2386],[0.06234,0.2648],[0.06436,0.2916],[0.06686,0.3220],[0.06981,0.3576],[0.07145,0.3803],[0.07326,0.4028],[0.07520,0.4250],[0.07728,0.4476],[0.07946,0.4706],[0.08170,0.4938],[0.08394,0.5169],[0.08620,0.5402],[0.08854,0.5661],[0.09156,0.6050],[0.09274,0.6123],[0.08899,0.7167],[0.09015,0.7339],[0.09085,0.7695],[0.09131,0.8083],[0.09285,0.8183],[0.09357,0.8459],[0.09347,0.8833],[0.09231,0.9283],[0.09470,0.9285],[0.09413,0.9607],[0.09086,1.0129],[0.08699,1.0792],[0.05269,1.3210],[0.05191,1.3381],[0.05405,1.3310],[0.05712,1.3166],[0.06036,1.3031],[0.06414,1.2888],[0.06786,1.2800],[0.07103,1.2857],[0.07395,1.2999],[0.07629,1.3391],[0.07972,1.3629],[0.08365,1.3656],[0.08736,1.3775],[0.09240,1.3995],[0.09732,1.3852],[0.10251,1.3690],[0.10799,1.3513],[0.11380,1.3150],[0.12493,1.2431],],[[0.11288,-0.3448],[0.11062,-0.3794],[0.10835,-0.4260],[0.10406,-0.3607],[0.10264,-0.3766],[0.10091,-0.3995],[0.10966,-0.5445],[0.10634,-0.5835],[0.09755,-0.6203],[0.09729,-0.5973],[0.09459,-0.5910],[0.08611,-0.5962],[0.08419,-0.5846],[0.07837,-0.5780],[0.05669,-0.4974],[0.04988,-0.4472],[0.04678,-0.4135],[0.04445,-0.3830],[0.04255,-0.3568],[0.04120,-0.3270],[0.04044,-0.2954],[0.04023,-0.2626],[0.04010,-0.2289],[0.03957,-0.2079],[0.03905,-0.1796],[0.03715,-0.1293],[0.03810,-0.1078],[0.03981,-0.0949],[0.04005,-0.0937],[0.04158,-0.0795],[0.04139,-0.0765],[0.04220,-0.0604],[0.04244,-0.0538],[0.04270,-0.0399],[0.04347,-0.0258],[0.04302,-0.0188],[0.04402,0.0036],[0.04353,0.0229],[0.04435,0.0554],[0.04525,0.0930],[0.04600,0.1181],[0.04814,0.1776],[0.04877,0.2173],[0.04669,0.2836],[0.04728,0.3347],[0.04790,0.3583],[0.04856,0.3968],[0.04915,0.4356],[0.04989,0.4628],[0.05027,0.5118],[0.05108,0.5335],[0.05122,0.5862],[0.05209,0.6046],[0.05276,0.6323],[0.05280,0.6762],[0.05359,0.6982],[0.05320,0.7475],[0.05395,0.7670],[0.05308,0.8196],[0.05374,0.8380],[0.05419,0.8605],[0.05282,0.9110],[0.05310,0.9324],[0.05283,0.9612],[0.05100,1.0086],[0.04808,1.0668],[0.04763,1.0900],[0.04368,1.1511],[0.04254,1.1770],[0.04079,1.2093],[0.03822,1.2504],[0.03472,1.3037],[0.03374,1.3293],[0.03319,1.3511],[0.03419,1.3564],[0.03617,1.3517],[0.03848,1.3458],[0.04098,1.3399],[0.04363,1.3348],[0.04662,1.3274],[0.05010,1.3171],[0.05422,1.3030],[0.05867,1.2883],[0.06249,1.2808],[0.06555,1.2812],[0.06822,1.2855],[0.07005,1.2995],[0.07185,1.3142],[0.07316,1.3400],[0.07520,1.3565],[0.07727,1.3781],[0.07990,1.3956],[0.08313,1.4066],[0.08693,1.4103],[0.09132,1.4060],[0.09626,1.3951],[0.10174,1.3793],[0.10774,1.3601],[0.11425,1.3387],[0.12132,1.3156],[0.12903,1.2913],[0.13759,1.2657],[0.14715,1.2388],[0.15786,1.2112],[0.16935,1.1857],[0.17926,1.1700],[0.21676,1.1112],],[[0.09372,-0.0384],[0.08935,-0.0302],[0.09816,-0.1477],[0.09648,-0.1383],[0.09274,-0.1256],[0.08695,-0.1209],[0.07792,-0.1594],[0.07403,-0.1828],[0.07172,-0.1148],[0.06723,-0.0991],[0.06315,-0.1217],[0.05958,-0.1462],[0.03667,-0.1256],[0.03308,-0.1106],[0.03703,-0.1728],[0.03680,-0.1950],[0.03268,-0.1657],[0.02885,-0.1326],[0.02943,-0.1515],[0.02771,-0.1207],[0.02651,-0.0881],[0.02535,-0.0539],[0.02415,-0.0193],[0.02528,-0.0398],[0.02449,-0.0108],[0.02377,0.0217],[0.02272,0.0578],[0.02199,0.0960],[0.01986,0.1445],[0.01884,0.1871],[0.02072,0.1651],[0.02112,0.1920],[0.02142,0.2210],[0.02164,0.2508],[0.02358,0.2327],[0.02398,0.2548],[0.02419,0.2822],[0.02427,0.3135],[0.02587,0.3014],[0.02624,0.3239],[0.02632,0.3512],[0.02629,0.3810],[0.02617,0.4170],[0.02591,0.4491],[0.02795,0.4315],[0.02776,0.4634],[0.02752,0.4995],[0.02719,0.5412],[0.02677,0.5785],[0.02874,0.5608],[0.02838,0.6027],[0.02784,0.6422],[0.02727,0.6830],[0.02916,0.6707],[0.03032,0.6749],[0.03005,0.7070],[0.02952,0.7458],[0.02880,0.7888],[0.02786,0.8306],[0.02681,0.8766],[0.02572,0.9265],[0.02458,0.9755],[0.02338,1.0286],[0.02455,1.0152],[0.02306,1.0699],[0.02154,1.1330],[0.02224,1.1199],[0.02069,1.1811],[0.02089,1.1791],[0.01948,1.2304],[0.01926,1.2433],[0.01790,1.3046],[0.01795,1.3204],[0.01774,1.3416],[0.01817,1.3448],[0.01831,1.3567],[0.01850,1.3707],[0.01919,1.3797],[0.02057,1.3781],[0.02229,1.3726],[0.02426,1.3653],[0.02634,1.3588],[0.03072,1.3498],[0.03291,1.3481],[0.03523,1.3463],[0.03763,1.3448],[0.04039,1.3404],[0.04408,1.3278],[0.04732,1.3220],[0.05008,1.3221],[0.05247,1.3263],[0.05546,1.3252],[0.05835,1.3259],[0.06089,1.3303],[0.06349,1.3345],[0.06607,1.3393],[0.06859,1.3448],[0.07103,1.3513],[0.07329,1.3596],[0.07505,1.3737],[0.07667,1.3913],[0.07911,1.3996],[0.08170,1.4070],[0.08443,1.4142],[0.08740,1.4206],[0.09082,1.4235],[0.09471,1.4229],[0.09906,1.4188],[0.10386,1.4116],[0.10909,1.4017],[0.11477,1.3894],[0.12084,1.3754],[0.12726,1.3605],[0.13408,1.3447],[0.14149,1.3274],[0.14927,1.3099],],[[0.08684,-0.0143],[0.08119,-0.0092],[0.07403,-0.0112],[0.07152,0.0082],[0.06793,0.0230],[0.07343,-0.1098],[0.06953,-0.0945],[0.06663,-0.0757],[0.05999,-0.0578],[0.04603,-0.0718],[0.04230,-0.0752],[0.03975,-0.0871],[0.03711,-0.0919],[0.03803,-0.0895],[0.03152,-0.1018],[0.02994,-0.0850],[0.02172,-0.0864],[0.01978,-0.0674],[0.01812,-0.0461],[0.01692,-0.0210],[0.01600,0.0023],[0.01530,0.0248],[0.01463,0.0489],[0.01409,0.0748],[0.01328,0.0999],[0.01266,0.1222],[0.01227,0.1477],[0.01190,0.1749],[0.01159,0.2034],[0.01126,0.2334],[0.01097,0.2599],[0.01021,0.2869],[0.00962,0.3162],[0.00900,0.3476],[0.00855,0.3797],[0.00859,0.4105],[0.00870,0.4398],[0.00882,0.4669],[0.00895,0.4947],[0.00903,0.5227],[0.00912,0.5520],[0.00921,0.5812],[0.00932,0.6117],[0.00943,0.6396],[0.00952,0.6662],[0.00959,0.6931],[0.00967,0.7206],[0.00975,0.7499],[0.00980,0.7792],[0.00988,0.8091],[0.00999,0.8367],[0.01005,0.8628],[0.01007,0.8894],[0.01009,0.9177],[0.01012,0.9480],[0.01020,0.9770],[0.01024,1.0016],[0.01023,1.0282],[0.01022,1.0575],[0.01028,1.0863],[0.01030,1.1093],[0.01031,1.1367],[0.01030,1.1663],[0.01032,1.1882],[0.01032,1.2131],[0.01034,1.2428],[0.01036,1.2624],[0.01034,1.2864],[0.01037,1.3078],[0.01037,1.3294],[0.01038,1.3449],[0.01040,1.3584],[0.01048,1.3658],[0.01073,1.3691],[0.01124,1.3689],[0.01202,1.3665],[0.01298,1.3617],[0.01413,1.3567],[0.01535,1.3520],[0.01672,1.3476],[0.01813,1.3448],[0.01959,1.3424],[0.02105,1.3413],[0.02257,1.3388],[0.02379,1.3332],[0.02563,1.3362],[0.02740,1.3403],[0.02934,1.3428],[0.03162,1.3416],[0.03389,1.3418],[0.03557,1.3500],[0.03703,1.3609],[0.03853,1.3715],[0.04017,1.3809],[0.04209,1.3877],[0.04429,1.3920],[0.04605,1.4011],[0.04798,1.4087],[0.05005,1.4155],[0.05229,1.4210],[0.05462,1.4260],[0.05713,1.4299],[0.05971,1.4336],[0.06242,1.4366],[0.06529,1.4387],[0.06825,1.4406],[0.07135,1.4415],[0.07451,1.4426],[0.07765,1.4440],[0.08059,1.4473],[0.08335,1.4522],[0.08625,1.4566],[0.08926,1.4604],[0.09239,1.4635],[0.09571,1.4657],[0.09917,1.4669],[0.10296,1.4663],[0.10697,1.4645],[0.11119,1.4616],[0.11576,1.4569],[0.12079,1.4498],[0.12611,1.4416],[0.13175,1.4322],[0.13774,1.4216],[0.14394,1.4107],],[[0.08680,-0.0924],[0.08018,-0.0796],[0.05465,-0.1041],[0.04378,-0.1027],[0.03946,-0.1089],[0.03694,-0.1267],[0.03532,-0.1440],[0.03335,-0.1532],[0.01985,-0.1803],[0.01866,-0.1615],[0.01778,-0.1410],[0.01633,-0.1216],[0.01511,-0.1005],[0.01417,-0.0784],[0.01341,-0.0560],[0.01279,-0.0327],[0.01227,-0.0082],[0.01185,0.0174],[0.01138,0.0421],[0.01098,0.0678],[0.01062,0.0943],[0.01030,0.1216],[0.01004,0.1503],[0.00978,0.1775],[0.00935,0.2050],[0.00911,0.2331],[0.00893,0.2616],[0.00876,0.2907],[0.00835,0.3211],[0.00792,0.3514],[0.00747,0.3815],[0.00703,0.4125],[0.00657,0.4445],[0.00642,0.4751],[0.00643,0.5049],[0.00648,0.5349],[0.00657,0.5653],[0.00660,0.5937],[0.00661,0.6222],[0.00666,0.6510],[0.00669,0.6799],[0.00673,0.7086],[0.00679,0.7378],[0.00686,0.7676],[0.00692,0.7963],[0.00694,0.8235],[0.00697,0.8512],[0.00698,0.8788],[0.00703,0.9071],[0.00711,0.9358],[0.00712,0.9620],[0.00713,0.9889],[0.00715,1.0160],[0.00724,1.0449],[0.00724,1.0702],[0.00726,1.0959],[0.00731,1.1222],[0.00737,1.1487],[0.00737,1.1733],[0.00742,1.1982],[0.00749,1.2230],[0.00753,1.2466],[0.00760,1.2688],[0.00767,1.2866],[0.00778,1.3023],[0.00801,1.3149],[0.00853,1.3183],[0.00939,1.3145],[0.01029,1.3136],[0.01114,1.3167],[0.01205,1.3193],[0.01410,1.3236],[0.01529,1.3243],[0.01650,1.3265],[0.01764,1.3315],[0.01886,1.3363],[0.02018,1.3406],[0.02159,1.3442],[0.02317,1.3466],[0.02491,1.3478],[0.02659,1.3507],[0.02761,1.3633],[0.02868,1.3753],[0.02983,1.3858],[0.03078,1.3966],[0.03165,1.4033],[0.03288,1.4158],[0.03416,1.4278],[0.03561,1.4383],[0.03715,1.4478],[0.03891,1.4553],[0.04098,1.4601],[0.04310,1.4647],[0.04482,1.4737],[0.04666,1.4819],[0.04862,1.4892],[0.05070,1.4957],[0.05293,1.5014],[0.05521,1.5068],[0.05772,1.5107],[0.06023,1.5149],[0.06288,1.5184],[0.06570,1.5212],[0.06856,1.5239],[0.07157,1.5257],[0.07475,1.5268],[0.07804,1.5277],[0.08141,1.5283],[0.08496,1.5281],[0.08862,1.5274],[0.09241,1.5262],[0.09629,1.5248],[0.10029,1.5229],[0.10439,1.5207],[0.10860,1.5178],[0.11303,1.5133],[0.11755,1.5082],[0.12215,1.5029],[0.12693,1.4971],[0.13162,1.4926],],],
{"title":"Cl v Cd","sortData":false,"legend":{"show":false,"placement":"insideGrid","location":"ne"},"series":[{"showLabel":true,"index":0,"showLine":true,"trendline":{"type":"none","show":false},"color":"#4bb2c5"},{"showLabel":true,"index":0,"showLine":true,"trendline":{"type":"none","show":false},"color":"#EAA228"},{"showLabel":true,"index":0,"showLine":true,"trendline":{"type":"none","show":false},"color":"#839557"},{"showLabel":true,"index":0,"showLine":true,"trendline":{"type":"none","show":false},"color":"#953579"},{"showLabel":true,"index":0,"showLine":true,"trendline":{"type":"none","show":false},"color":"#d8b83f"}],"show":"$.jqplot.config.enablePlugins","axes":{"xaxis":{"max":0.25,"min":0,"tickInterval":0.05,"tickOptions":{"formatString":"%.2f"},"forceTickAt0":true,"rendererOptions":{"forceTickAt0":true}},"yaxis":{"max":2,"min":-1,"tickInterval":0.5,"tickOptions":{"formatString":"%.2f"},"forceTickAt0":true,"rendererOptions":{"forceTickAt0":true}}},"seriesDefaults":{"lineWidth":1,"showLabel":true,"markerOptions":{"size":5,"show":false}}});
jqplots.push(p);

var p = $.jqplot('liftaoa',[[[-7.750,-0.4760],[-7.500,-0.4517],[-7.250,-0.4855],[-7.000,-0.4678],[-6.750,-0.4697],[-6.500,-0.5142],[-6.250,-0.4926],[-6.000,-0.4849],[-5.750,-0.4930],[-5.500,-0.5031],[-5.250,-0.5071],[-5.000,-0.5065],[-4.500,-0.5726],[-4.250,-0.5100],[-4.000,-0.4813],[-3.750,-0.4494],[-3.500,-0.4203],[-3.250,-0.3911],[-3.000,-0.3633],[-2.750,-0.3366],[-2.500,-0.3112],[-2.250,-0.2890],[-2.000,-0.2675],[-1.750,-0.2430],[-1.500,-0.2270],[-1.250,-0.2424],[-1.000,-0.2576],[-0.750,-0.2696],[-0.500,-0.2771],[-0.250,-0.2308],[0.000,-0.2175],[0.250,-0.1983],[0.500,-0.1755],[0.750,-0.1505],[1.000,-0.1245],[1.250,-0.0979],[1.500,-0.0711],[1.750,-0.0444],[2.000,-0.0179],[2.250,0.0081],[2.500,0.0337],[2.750,0.0588],[3.000,0.0833],[3.250,0.1072],[3.500,0.1397],[3.750,0.1713],[4.000,0.2088],[4.250,0.2386],[4.500,0.2648],[4.750,0.2916],[5.000,0.3220],[5.250,0.3576],[5.500,0.3803],[5.750,0.4028],[6.000,0.4250],[6.250,0.4476],[6.500,0.4706],[6.750,0.4938],[7.000,0.5169],[7.250,0.5402],[7.500,0.5661],[7.750,0.6050],[8.000,0.6123],[8.250,0.7167],[8.500,0.7339],[8.750,0.7695],[9.000,0.8083],[9.250,0.8183],[9.500,0.8459],[9.750,0.8833],[10.000,0.9283],[10.250,0.9285],[10.500,0.9607],[10.750,1.0129],[11.250,1.0792],[11.500,1.3210],[11.750,1.3381],[12.000,1.3310],[12.250,1.3166],[12.500,1.3031],[12.750,1.2888],[13.000,1.2800],[13.250,1.2857],[13.500,1.2999],[13.750,1.3391],[14.000,1.3629],[14.250,1.3656],[14.500,1.3775],[14.750,1.3995],[15.000,1.3852],[15.250,1.3690],[15.500,1.3513],[15.750,1.3150],[16.000,1.2431],],[[-8.250,-0.3448],[-8.000,-0.3794],[-7.750,-0.4260],[-7.500,-0.3607],[-7.250,-0.3766],[-7.000,-0.3995],[-6.750,-0.5445],[-6.500,-0.5835],[-6.250,-0.6203],[-6.000,-0.5973],[-5.750,-0.5910],[-5.500,-0.5962],[-5.250,-0.5846],[-5.000,-0.5780],[-4.500,-0.4974],[-4.250,-0.4472],[-4.000,-0.4135],[-3.750,-0.3830],[-3.500,-0.3568],[-3.250,-0.3270],[-3.000,-0.2954],[-2.750,-0.2626],[-2.500,-0.2289],[-2.250,-0.2079],[-2.000,-0.1796],[-1.750,-0.1293],[-1.500,-0.1078],[-1.250,-0.0949],[-1.000,-0.0937],[-0.750,-0.0795],[-0.500,-0.0765],[-0.250,-0.0604],[0.000,-0.0538],[0.250,-0.0399],[0.500,-0.0258],[0.750,-0.0188],[1.000,0.0036],[1.250,0.0229],[1.500,0.0554],[1.750,0.0930],[2.000,0.1181],[2.250,0.1776],[2.500,0.2173],[2.750,0.2836],[3.000,0.3347],[3.250,0.3583],[3.500,0.3968],[3.750,0.4356],[4.000,0.4628],[4.250,0.5118],[4.500,0.5335],[4.750,0.5862],[5.000,0.6046],[5.250,0.6323],[5.500,0.6762],[5.750,0.6982],[6.000,0.7475],[6.250,0.7670],[6.500,0.8196],[6.750,0.8380],[7.000,0.8605],[7.250,0.9110],[7.500,0.9324],[7.750,0.9612],[8.000,1.0086],[8.250,1.0668],[8.500,1.0900],[8.750,1.1511],[9.000,1.1770],[9.250,1.2093],[9.500,1.2504],[9.750,1.3037],[10.000,1.3293],[10.250,1.3511],[10.500,1.3564],[10.750,1.3517],[11.000,1.3458],[11.250,1.3399],[11.500,1.3348],[11.750,1.3274],[12.000,1.3171],[12.250,1.3030],[12.500,1.2883],[12.750,1.2808],[13.000,1.2812],[13.250,1.2855],[13.500,1.2995],[13.750,1.3142],[14.000,1.3400],[14.250,1.3565],[14.500,1.3781],[14.750,1.3956],[15.000,1.4066],[15.250,1.4103],[15.500,1.4060],[15.750,1.3951],[16.000,1.3793],[16.250,1.3601],[16.500,1.3387],[16.750,1.3156],[17.000,1.2913],[17.250,1.2657],[17.500,1.2388],[17.750,1.2112],[18.000,1.1857],[18.250,1.1700],[18.500,1.1112],],[[-10.750,-0.0384],[-10.500,-0.0302],[-10.250,-0.1477],[-10.000,-0.1383],[-9.750,-0.1256],[-9.500,-0.1209],[-9.250,-0.1594],[-9.000,-0.1828],[-8.750,-0.1148],[-8.500,-0.0991],[-8.250,-0.1217],[-8.000,-0.1462],[-7.500,-0.1256],[-7.250,-0.1106],[-7.000,-0.1728],[-6.750,-0.1950],[-6.500,-0.1657],[-6.250,-0.1326],[-6.000,-0.1515],[-5.750,-0.1207],[-5.500,-0.0881],[-5.250,-0.0539],[-5.000,-0.0193],[-4.750,-0.0398],[-4.500,-0.0108],[-4.250,0.0217],[-4.000,0.0578],[-3.750,0.0960],[-3.500,0.1445],[-3.250,0.1871],[-3.000,0.1651],[-2.750,0.1920],[-2.500,0.2210],[-2.250,0.2508],[-2.000,0.2327],[-1.750,0.2548],[-1.500,0.2822],[-1.250,0.3135],[-1.000,0.3014],[-0.750,0.3239],[-0.500,0.3512],[-0.250,0.3810],[0.000,0.4170],[0.250,0.4491],[0.500,0.4315],[0.750,0.4634],[1.000,0.4995],[1.250,0.5412],[1.500,0.5785],[1.750,0.5608],[2.000,0.6027],[2.250,0.6422],[2.500,0.6830],[2.750,0.6707],[3.000,0.6749],[3.250,0.7070],[3.500,0.7458],[3.750,0.7888],[4.000,0.8306],[4.250,0.8766],[4.500,0.9265],[4.750,0.9755],[5.000,1.0286],[5.250,1.0152],[5.500,1.0699],[5.750,1.1330],[6.000,1.1199],[6.250,1.1811],[6.500,1.1791],[6.750,1.2304],[7.000,1.2433],[7.250,1.3046],[7.500,1.3204],[7.750,1.3416],[8.000,1.3448],[8.250,1.3567],[8.500,1.3707],[8.750,1.3797],[9.000,1.3781],[9.250,1.3726],[9.500,1.3653],[9.750,1.3588],[10.250,1.3498],[10.500,1.3481],[10.750,1.3463],[11.000,1.3448],[11.250,1.3404],[11.500,1.3278],[11.750,1.3220],[12.000,1.3221],[12.250,1.3263],[12.500,1.3252],[12.750,1.3259],[13.000,1.3303],[13.250,1.3345],[13.500,1.3393],[13.750,1.3448],[14.000,1.3513],[14.250,1.3596],[14.500,1.3737],[14.750,1.3913],[15.000,1.3996],[15.250,1.4070],[15.500,1.4142],[15.750,1.4206],[16.000,1.4235],[16.250,1.4229],[16.500,1.4188],[16.750,1.4116],[17.000,1.4017],[17.250,1.3894],[17.500,1.3754],[17.750,1.3605],[18.000,1.3447],[18.250,1.3274],[18.500,1.3099],],[[-11.750,-0.0143],[-11.500,-0.0092],[-11.250,-0.0112],[-11.000,0.0082],[-10.750,0.0230],[-10.500,-0.1098],[-10.250,-0.0945],[-10.000,-0.0757],[-9.750,-0.0578],[-9.500,-0.0718],[-9.250,-0.0752],[-9.000,-0.0871],[-8.750,-0.0919],[-8.500,-0.0895],[-8.250,-0.1018],[-8.000,-0.0850],[-7.750,-0.0864],[-7.500,-0.0674],[-7.250,-0.0461],[-7.000,-0.0210],[-6.750,0.0023],[-6.500,0.0248],[-6.250,0.0489],[-6.000,0.0748],[-5.750,0.0999],[-5.500,0.1222],[-5.250,0.1477],[-5.000,0.1749],[-4.750,0.2034],[-4.500,0.2334],[-4.250,0.2599],[-4.000,0.2869],[-3.750,0.3162],[-3.500,0.3476],[-3.250,0.3797],[-3.000,0.4105],[-2.750,0.4398],[-2.500,0.4669],[-2.250,0.4947],[-2.000,0.5227],[-1.750,0.5520],[-1.500,0.5812],[-1.250,0.6117],[-1.000,0.6396],[-0.750,0.6662],[-0.500,0.6931],[-0.250,0.7206],[0.000,0.7499],[0.250,0.7792],[0.500,0.8091],[0.750,0.8367],[1.000,0.8628],[1.250,0.8894],[1.500,0.9177],[1.750,0.9480],[2.000,0.9770],[2.250,1.0016],[2.500,1.0282],[2.750,1.0575],[3.000,1.0863],[3.250,1.1093],[3.500,1.1367],[3.750,1.1663],[4.000,1.1882],[4.250,1.2131],[4.500,1.2428],[4.750,1.2624],[5.000,1.2864],[5.250,1.3078],[5.500,1.3294],[5.750,1.3449],[6.000,1.3584],[6.250,1.3658],[6.500,1.3691],[6.750,1.3689],[7.000,1.3665],[7.250,1.3617],[7.500,1.3567],[7.750,1.3520],[8.000,1.3476],[8.250,1.3448],[8.500,1.3424],[8.750,1.3413],[9.000,1.3388],[9.250,1.3332],[9.500,1.3362],[9.750,1.3403],[10.000,1.3428],[10.250,1.3416],[10.500,1.3418],[10.750,1.3500],[11.000,1.3609],[11.250,1.3715],[11.500,1.3809],[11.750,1.3877],[12.000,1.3920],[12.250,1.4011],[12.500,1.4087],[12.750,1.4155],[13.000,1.4210],[13.250,1.4260],[13.500,1.4299],[13.750,1.4336],[14.000,1.4366],[14.250,1.4387],[14.500,1.4406],[14.750,1.4415],[15.000,1.4426],[15.250,1.4440],[15.500,1.4473],[15.750,1.4522],[16.000,1.4566],[16.250,1.4604],[16.500,1.4635],[16.750,1.4657],[17.000,1.4669],[17.250,1.4663],[17.500,1.4645],[17.750,1.4616],[18.000,1.4569],[18.250,1.4498],[18.500,1.4416],[18.750,1.4322],[19.000,1.4216],[19.250,1.4107],],[[-11.250,-0.0924],[-11.000,-0.0796],[-10.750,-0.1041],[-10.500,-0.1027],[-10.250,-0.1089],[-10.000,-0.1267],[-9.750,-0.1440],[-9.500,-0.1532],[-8.750,-0.1803],[-8.500,-0.1615],[-8.250,-0.1410],[-8.000,-0.1216],[-7.750,-0.1005],[-7.500,-0.0784],[-7.250,-0.0560],[-7.000,-0.0327],[-6.750,-0.0082],[-6.500,0.0174],[-6.250,0.0421],[-6.000,0.0678],[-5.750,0.0943],[-5.500,0.1216],[-5.250,0.1503],[-5.000,0.1775],[-4.750,0.2050],[-4.500,0.2331],[-4.250,0.2616],[-4.000,0.2907],[-3.750,0.3211],[-3.500,0.3514],[-3.250,0.3815],[-3.000,0.4125],[-2.750,0.4445],[-2.500,0.4751],[-2.250,0.5049],[-2.000,0.5349],[-1.750,0.5653],[-1.500,0.5937],[-1.250,0.6222],[-1.000,0.6510],[-0.750,0.6799],[-0.500,0.7086],[-0.250,0.7378],[0.000,0.7676],[0.250,0.7963],[0.500,0.8235],[0.750,0.8512],[1.000,0.8788],[1.250,0.9071],[1.500,0.9358],[1.750,0.9620],[2.000,0.9889],[2.250,1.0160],[2.500,1.0449],[2.750,1.0702],[3.000,1.0959],[3.250,1.1222],[3.500,1.1487],[3.750,1.1733],[4.000,1.1982],[4.250,1.2230],[4.500,1.2466],[4.750,1.2688],[5.000,1.2866],[5.250,1.3023],[5.500,1.3149],[5.750,1.3183],[6.000,1.3145],[6.250,1.3136],[6.500,1.3167],[6.750,1.3193],[7.250,1.3236],[7.500,1.3243],[7.750,1.3265],[8.000,1.3315],[8.250,1.3363],[8.500,1.3406],[8.750,1.3442],[9.000,1.3466],[9.250,1.3478],[9.500,1.3507],[9.750,1.3633],[10.000,1.3753],[10.250,1.3858],[10.500,1.3966],[10.750,1.4033],[11.000,1.4158],[11.250,1.4278],[11.500,1.4383],[11.750,1.4478],[12.000,1.4553],[12.250,1.4601],[12.500,1.4647],[12.750,1.4737],[13.000,1.4819],[13.250,1.4892],[13.500,1.4957],[13.750,1.5014],[14.000,1.5068],[14.250,1.5107],[14.500,1.5149],[14.750,1.5184],[15.000,1.5212],[15.250,1.5239],[15.500,1.5257],[15.750,1.5268],[16.000,1.5277],[16.250,1.5283],[16.500,1.5281],[16.750,1.5274],[17.000,1.5262],[17.250,1.5248],[17.500,1.5229],[17.750,1.5207],[18.000,1.5178],[18.250,1.5133],[18.500,1.5082],[18.750,1.5029],[19.000,1.4971],[19.250,1.4926],],],
{"title":"Cl v Alpha","sortData":false,"legend":{"show":false,"placement":"insideGrid","location":"ne"},"series":[{"showLabel":true,"index":0,"showLine":true,"trendline":{"type":"none","show":false},"color":"#4bb2c5"},{"showLabel":true,"index":0,"showLine":true,"trendline":{"type":"none","show":false},"color":"#EAA228"},{"showLabel":true,"index":0,"showLine":true,"trendline":{"type":"none","show":false},"color":"#839557"},{"showLabel":true,"index":0,"showLine":true,"trendline":{"type":"none","show":false},"color":"#953579"},{"showLabel":true,"index":0,"showLine":true,"trendline":{"type":"none","show":false},"color":"#d8b83f"}],"show":"$.jqplot.config.enablePlugins","axes":{"xaxis":{"max":20,"min":-15,"tickInterval":5,"tickOptions":{"formatString":"%.1f"},"forceTickAt0":true,"rendererOptions":{"forceTickAt0":true}},"yaxis":{"max":2,"min":-1,"tickInterval":0.5,"tickOptions":{"formatString":"%.2f"},"forceTickAt0":true,"rendererOptions":{"forceTickAt0":true}}},"seriesDefaults":{"lineWidth":1,"showLabel":true,"markerOptions":{"size":5,"show":false}}});
jqplots.push(p);

var p = $.jqplot('momentaoa',[[[-7.750,-0.0149],[-7.500,-0.0129],[-7.250,-0.0117],[-7.000,-0.0097],[-6.750,-0.0079],[-6.500,-0.0054],[-6.250,-0.0036],[-6.000,-0.0018],[-5.750,0.0007],[-5.500,0.0034],[-5.250,0.0062],[-5.000,0.0090],[-4.500,-0.0345],[-4.250,-0.0555],[-4.000,-0.0584],[-3.750,-0.0613],[-3.500,-0.0629],[-3.250,-0.0641],[-3.000,-0.0647],[-2.750,-0.0647],[-2.500,-0.0644],[-2.250,-0.0636],[-2.000,-0.0623],[-1.750,-0.0617],[-1.500,-0.0560],[-1.250,-0.0443],[-1.000,-0.0333],[-0.750,-0.0237],[-0.500,-0.0155],[-0.250,-0.0195],[0.000,-0.0195],[0.250,-0.0205],[0.500,-0.0222],[0.750,-0.0242],[1.000,-0.0264],[1.250,-0.0287],[1.500,-0.0310],[1.750,-0.0332],[2.000,-0.0355],[2.250,-0.0377],[2.500,-0.0398],[2.750,-0.0419],[3.000,-0.0439],[3.250,-0.0458],[3.500,-0.0493],[3.750,-0.0527],[4.000,-0.0572],[4.250,-0.0603],[4.500,-0.0628],[4.750,-0.0653],[5.000,-0.0685],[5.250,-0.0725],[5.500,-0.0743],[5.750,-0.0760],[6.000,-0.0777],[6.250,-0.0795],[6.500,-0.0813],[6.750,-0.0831],[7.000,-0.0848],[7.250,-0.0865],[7.500,-0.0885],[7.750,-0.0918],[8.000,-0.0912],[8.250,-0.0944],[8.500,-0.0943],[8.750,-0.0954],[9.000,-0.0966],[9.250,-0.0959],[9.500,-0.0962],[9.750,-0.0967],[10.000,-0.0969],[10.250,-0.0958],[10.500,-0.0952],[10.750,-0.0943],[11.250,-0.0907],[11.500,-0.0850],[11.750,-0.0813],[12.000,-0.0776],[12.250,-0.0742],[12.500,-0.0712],[12.750,-0.0687],[13.000,-0.0666],[13.250,-0.0649],[13.500,-0.0636],[13.750,-0.0631],[14.000,-0.0627],[14.250,-0.0617],[14.500,-0.0612],[14.750,-0.0613],[15.000,-0.0604],[15.250,-0.0599],[15.500,-0.0599],[15.750,-0.0609],[16.000,-0.0661],],[[-8.250,-0.0595],[-8.000,-0.0622],[-7.750,-0.0648],[-7.500,-0.0617],[-7.250,-0.0585],[-7.000,-0.0561],[-6.750,-0.0204],[-6.500,-0.0215],[-6.250,-0.0338],[-6.000,-0.0248],[-5.750,-0.0245],[-5.500,-0.0370],[-5.250,-0.0346],[-5.000,-0.0412],[-4.500,-0.0636],[-4.250,-0.0681],[-4.000,-0.0709],[-3.750,-0.0725],[-3.500,-0.0730],[-3.250,-0.0739],[-3.000,-0.0750],[-2.750,-0.0762],[-2.500,-0.0781],[-2.250,-0.0776],[-2.000,-0.0786],[-1.750,-0.0853],[-1.500,-0.0831],[-1.250,-0.0790],[-1.000,-0.0729],[-0.750,-0.0688],[-0.500,-0.0643],[-0.250,-0.0615],[0.000,-0.0577],[0.250,-0.0550],[0.500,-0.0524],[0.750,-0.0490],[1.000,-0.0481],[1.250,-0.0480],[1.500,-0.0509],[1.750,-0.0545],[2.000,-0.0562],[2.250,-0.0631],[2.500,-0.0664],[2.750,-0.0702],[3.000,-0.0748],[3.250,-0.0758],[3.500,-0.0787],[3.750,-0.0816],[4.000,-0.0831],[4.250,-0.0870],[4.500,-0.0877],[4.750,-0.0918],[5.000,-0.0920],[5.250,-0.0932],[5.500,-0.0959],[5.750,-0.0963],[6.000,-0.0993],[6.250,-0.0993],[6.500,-0.1022],[6.750,-0.1018],[7.000,-0.1018],[7.250,-0.1039],[7.500,-0.1034],[7.750,-0.1035],[8.000,-0.1048],[8.250,-0.1067],[8.500,-0.1057],[8.750,-0.1072],[9.000,-0.1060],[9.250,-0.1051],[9.500,-0.1048],[9.750,-0.1054],[10.000,-0.1038],[10.250,-0.1018],[10.500,-0.0987],[10.750,-0.0952],[11.000,-0.0920],[11.250,-0.0892],[11.500,-0.0867],[11.750,-0.0843],[12.000,-0.0821],[12.250,-0.0798],[12.500,-0.0775],[12.750,-0.0758],[13.000,-0.0743],[13.250,-0.0730],[13.500,-0.0718],[13.750,-0.0709],[14.000,-0.0701],[14.250,-0.0693],[14.500,-0.0687],[14.750,-0.0680],[15.000,-0.0674],[15.250,-0.0668],[15.500,-0.0663],[15.750,-0.0661],[16.000,-0.0663],[16.250,-0.0672],[16.500,-0.0689],[16.750,-0.0714],[17.000,-0.0750],[17.250,-0.0797],[17.500,-0.0856],[17.750,-0.0928],[18.000,-0.1008],[18.250,-0.1072],[18.500,-0.1284],],[[-10.750,-0.1173],[-10.500,-0.1206],[-10.250,-0.1157],[-10.000,-0.1143],[-9.750,-0.1178],[-9.500,-0.1256],[-9.250,-0.1392],[-9.000,-0.1429],[-8.750,-0.1386],[-8.500,-0.1439],[-8.250,-0.1456],[-8.000,-0.1466],[-7.500,-0.1460],[-7.250,-0.1483],[-7.000,-0.1499],[-6.750,-0.1420],[-6.500,-0.1434],[-6.250,-0.1451],[-6.000,-0.1372],[-5.750,-0.1382],[-5.500,-0.1396],[-5.250,-0.1410],[-5.000,-0.1424],[-4.750,-0.1345],[-4.500,-0.1350],[-4.250,-0.1361],[-4.000,-0.1384],[-3.750,-0.1409],[-3.500,-0.1472],[-3.250,-0.1511],[-3.000,-0.1430],[-2.750,-0.1426],[-2.500,-0.1422],[-2.250,-0.1417],[-2.000,-0.1345],[-1.750,-0.1332],[-1.500,-0.1328],[-1.250,-0.1331],[-1.000,-0.1269],[-0.750,-0.1261],[-0.500,-0.1257],[-0.250,-0.1257],[0.000,-0.1271],[0.250,-0.1272],[0.500,-0.1213],[0.750,-0.1217],[1.000,-0.1231],[1.250,-0.1257],[1.500,-0.1271],[1.750,-0.1210],[2.000,-0.1236],[2.250,-0.1254],[2.500,-0.1275],[2.750,-0.1223],[3.000,-0.1195],[3.250,-0.1201],[3.500,-0.1219],[3.750,-0.1242],[4.000,-0.1260],[4.250,-0.1286],[4.500,-0.1320],[4.750,-0.1352],[5.000,-0.1392],[5.250,-0.1325],[5.500,-0.1365],[5.750,-0.1422],[6.000,-0.1350],[6.250,-0.1403],[6.500,-0.1347],[6.750,-0.1382],[7.000,-0.1355],[7.250,-0.1411],[7.500,-0.1392],[7.750,-0.1382],[8.000,-0.1342],[8.250,-0.1316],[8.500,-0.1292],[8.750,-0.1262],[9.000,-0.1220],[9.250,-0.1176],[9.500,-0.1133],[9.750,-0.1095],[10.250,-0.1030],[10.500,-0.1004],[10.750,-0.0980],[11.000,-0.0958],[11.250,-0.0935],[11.500,-0.0906],[11.750,-0.0883],[12.000,-0.0867],[12.250,-0.0855],[12.500,-0.0841],[12.750,-0.0829],[13.000,-0.0819],[13.250,-0.0810],[13.500,-0.0802],[13.750,-0.0794],[14.000,-0.0787],[14.250,-0.0779],[14.500,-0.0769],[14.750,-0.0760],[15.000,-0.0755],[15.250,-0.0751],[15.500,-0.0747],[15.750,-0.0743],[16.000,-0.0740],[16.250,-0.0740],[16.500,-0.0742],[16.750,-0.0748],[17.000,-0.0758],[17.250,-0.0774],[17.500,-0.0795],[17.750,-0.0822],[18.000,-0.0855],[18.250,-0.0896],[18.500,-0.0942],],[[-11.750,-0.1317],[-11.500,-0.1361],[-11.250,-0.1399],[-11.000,-0.1424],[-10.750,-0.1458],[-10.500,-0.1430],[-10.250,-0.1478],[-10.000,-0.1522],[-9.750,-0.1622],[-9.500,-0.1828],[-9.250,-0.1869],[-9.000,-0.1866],[-8.750,-0.1861],[-8.500,-0.1839],[-8.250,-0.1829],[-8.000,-0.1826],[-7.750,-0.1789],[-7.500,-0.1779],[-7.250,-0.1773],[-7.000,-0.1773],[-6.750,-0.1769],[-6.500,-0.1762],[-6.250,-0.1759],[-6.000,-0.1759],[-5.750,-0.1761],[-5.500,-0.1756],[-5.250,-0.1757],[-5.000,-0.1760],[-4.750,-0.1766],[-4.500,-0.1775],[-4.250,-0.1776],[-4.000,-0.1785],[-3.750,-0.1798],[-3.500,-0.1816],[-3.250,-0.1833],[-3.000,-0.1841],[-2.750,-0.1846],[-2.500,-0.1845],[-2.250,-0.1846],[-2.000,-0.1847],[-1.750,-0.1851],[-1.500,-0.1855],[-1.250,-0.1863],[-1.000,-0.1864],[-0.750,-0.1864],[-0.500,-0.1864],[-0.250,-0.1864],[0.000,-0.1870],[0.250,-0.1875],[0.500,-0.1881],[0.750,-0.1883],[1.000,-0.1882],[1.250,-0.1881],[1.500,-0.1884],[1.750,-0.1891],[2.000,-0.1896],[2.250,-0.1891],[2.500,-0.1891],[2.750,-0.1895],[3.000,-0.1899],[3.250,-0.1891],[3.500,-0.1892],[3.750,-0.1897],[4.000,-0.1886],[4.250,-0.1882],[4.500,-0.1887],[4.750,-0.1872],[5.000,-0.1865],[5.250,-0.1853],[5.500,-0.1841],[5.750,-0.1815],[6.000,-0.1786],[6.250,-0.1743],[6.500,-0.1693],[6.750,-0.1638],[7.000,-0.1582],[7.250,-0.1523],[7.500,-0.1467],[7.750,-0.1414],[8.000,-0.1365],[8.250,-0.1321],[8.500,-0.1279],[8.750,-0.1240],[9.000,-0.1201],[9.250,-0.1154],[9.500,-0.1131],[9.750,-0.1109],[10.000,-0.1086],[10.250,-0.1061],[10.500,-0.1037],[10.750,-0.1021],[11.000,-0.1009],[11.250,-0.0997],[11.500,-0.0985],[11.750,-0.0971],[12.000,-0.0956],[12.250,-0.0945],[12.500,-0.0934],[12.750,-0.0924],[13.000,-0.0914],[13.250,-0.0904],[13.500,-0.0894],[13.750,-0.0886],[14.000,-0.0878],[14.250,-0.0870],[14.500,-0.0864],[14.750,-0.0858],[15.000,-0.0852],[15.250,-0.0847],[15.500,-0.0840],[15.750,-0.0835],[16.000,-0.0834],[16.250,-0.0834],[16.500,-0.0834],[16.750,-0.0836],[17.000,-0.0838],[17.250,-0.0843],[17.500,-0.0850],[17.750,-0.0859],[18.000,-0.0871],[18.250,-0.0888],[18.500,-0.0909],[18.750,-0.0934],[19.000,-0.0964],[19.250,-0.0998],],[[-11.250,-0.1339],[-11.000,-0.1415],[-10.750,-0.1672],[-10.500,-0.1876],[-10.250,-0.1929],[-10.000,-0.1920],[-9.750,-0.1888],[-9.500,-0.1866],[-8.750,-0.1784],[-8.500,-0.1778],[-8.250,-0.1772],[-8.000,-0.1765],[-7.750,-0.1760],[-7.500,-0.1755],[-7.250,-0.1750],[-7.000,-0.1747],[-6.750,-0.1746],[-6.500,-0.1747],[-6.250,-0.1746],[-6.000,-0.1747],[-5.750,-0.1748],[-5.500,-0.1752],[-5.250,-0.1758],[-5.000,-0.1760],[-4.750,-0.1764],[-4.500,-0.1768],[-4.250,-0.1773],[-4.000,-0.1778],[-3.750,-0.1790],[-3.500,-0.1803],[-3.250,-0.1815],[-3.000,-0.1830],[-2.750,-0.1846],[-2.500,-0.1856],[-2.250,-0.1862],[-2.000,-0.1868],[-1.750,-0.1876],[-1.500,-0.1879],[-1.250,-0.1882],[-1.000,-0.1885],[-0.750,-0.1890],[-0.500,-0.1893],[-0.250,-0.1898],[0.000,-0.1904],[0.250,-0.1908],[0.500,-0.1908],[0.750,-0.1910],[1.000,-0.1911],[1.250,-0.1914],[1.500,-0.1918],[1.750,-0.1916],[2.000,-0.1916],[2.250,-0.1916],[2.500,-0.1921],[2.750,-0.1917],[3.000,-0.1914],[3.250,-0.1913],[3.500,-0.1912],[3.750,-0.1907],[4.000,-0.1903],[4.250,-0.1898],[4.500,-0.1891],[4.750,-0.1881],[5.000,-0.1861],[5.250,-0.1837],[5.500,-0.1806],[5.750,-0.1757],[6.000,-0.1696],[6.250,-0.1642],[6.500,-0.1598],[6.750,-0.1555],[7.250,-0.1471],[7.500,-0.1429],[7.750,-0.1392],[8.000,-0.1360],[8.250,-0.1329],[8.500,-0.1299],[8.750,-0.1269],[9.000,-0.1239],[9.250,-0.1209],[9.500,-0.1181],[9.750,-0.1166],[10.000,-0.1150],[10.250,-0.1132],[10.500,-0.1114],[10.750,-0.1088],[11.000,-0.1076],[11.250,-0.1065],[11.500,-0.1052],[11.750,-0.1038],[12.000,-0.1024],[12.250,-0.1008],[12.500,-0.0993],[12.750,-0.0982],[13.000,-0.0971],[13.250,-0.0961],[13.500,-0.0951],[13.750,-0.0941],[14.000,-0.0932],[14.250,-0.0923],[14.500,-0.0915],[14.750,-0.0908],[15.000,-0.0902],[15.250,-0.0897],[15.500,-0.0893],[15.750,-0.0890],[16.000,-0.0888],[16.250,-0.0887],[16.500,-0.0888],[16.750,-0.0890],[17.000,-0.0893],[17.250,-0.0898],[17.500,-0.0905],[17.750,-0.0913],[18.000,-0.0923],[18.250,-0.0933],[18.500,-0.0944],[18.750,-0.0957],[19.000,-0.0973],[19.250,-0.0993],],],
{"title":"Cm v Alpha","sortData":false,"legend":{"show":false,"placement":"insideGrid","location":"ne"},"series":[{"showLabel":true,"index":0,"showLine":true,"trendline":{"type":"none","show":false},"color":"#4bb2c5"},{"showLabel":true,"index":0,"showLine":true,"trendline":{"type":"none","show":false},"color":"#EAA228"},{"showLabel":true,"index":0,"showLine":true,"trendline":{"type":"none","show":false},"color":"#839557"},{"showLabel":true,"index":0,"showLine":true,"trendline":{"type":"none","show":false},"color":"#953579"},{"showLabel":true,"index":0,"showLine":true,"trendline":{"type":"none","show":false},"color":"#d8b83f"}],"show":"$.jqplot.config.enablePlugins","axes":{"xaxis":{"max":20,"min":-15,"tickInterval":5,"tickOptions":{"formatString":"%.1f"},"forceTickAt0":true,"rendererOptions":{"forceTickAt0":true}},"yaxis":{"max":0.05,"min":-0.2,"tickInterval":0.05,"tickOptions":{"formatString":"%.2f"},"forceTickAt0":true,"rendererOptions":{"forceTickAt0":true}}},"seriesDefaults":{"lineWidth":1,"showLabel":true,"markerOptions":{"size":5,"show":false}}});
jqplots.push(p);

var p = $.jqplot('dragaoa',[[[-7.750,0.13180],[-7.500,0.12724],[-7.250,0.12677],[-7.000,0.12316],[-6.750,0.12046],[-6.500,0.12080],[-6.250,0.11687],[-6.000,0.11374],[-5.750,0.11151],[-5.500,0.10952],[-5.250,0.10735],[-5.000,0.10511],[-4.500,0.07625],[-4.250,0.05917],[-4.000,0.05489],[-3.750,0.05138],[-3.500,0.04891],[-3.250,0.04675],[-3.000,0.04505],[-2.750,0.04371],[-2.500,0.04271],[-2.250,0.04196],[-2.000,0.04129],[-1.750,0.04053],[-1.500,0.03901],[-1.250,0.03974],[-1.000,0.03985],[-0.750,0.03959],[-0.500,0.03892],[-0.250,0.03868],[0.000,0.03846],[0.250,0.03862],[0.500,0.03906],[0.750,0.03970],[1.000,0.04049],[1.250,0.04140],[1.500,0.04241],[1.750,0.04349],[2.000,0.04465],[2.250,0.04587],[2.500,0.04714],[2.750,0.04847],[3.000,0.04986],[3.250,0.05130],[3.500,0.05348],[3.750,0.05561],[4.000,0.05857],[4.250,0.06055],[4.500,0.06234],[4.750,0.06436],[5.000,0.06686],[5.250,0.06981],[5.500,0.07145],[5.750,0.07326],[6.000,0.07520],[6.250,0.07728],[6.500,0.07946],[6.750,0.08170],[7.000,0.08394],[7.250,0.08620],[7.500,0.08854],[7.750,0.09156],[8.000,0.09274],[8.250,0.08899],[8.500,0.09015],[8.750,0.09085],[9.000,0.09131],[9.250,0.09285],[9.500,0.09357],[9.750,0.09347],[10.000,0.09231],[10.250,0.09470],[10.500,0.09413],[10.750,0.09086],[11.250,0.08699],[11.500,0.05269],[11.750,0.05191],[12.000,0.05405],[12.250,0.05712],[12.500,0.06036],[12.750,0.06414],[13.000,0.06786],[13.250,0.07103],[13.500,0.07395],[13.750,0.07629],[14.000,0.07972],[14.250,0.08365],[14.500,0.08736],[14.750,0.09240],[15.000,0.09732],[15.250,0.10251],[15.500,0.10799],[15.750,0.11380],[16.000,0.12493],],[[-8.250,0.11288],[-8.000,0.11062],[-7.750,0.10835],[-7.500,0.10406],[-7.250,0.10264],[-7.000,0.10091],[-6.750,0.10966],[-6.500,0.10634],[-6.250,0.09755],[-6.000,0.09729],[-5.750,0.09459],[-5.500,0.08611],[-5.250,0.08419],[-5.000,0.07837],[-4.500,0.05669],[-4.250,0.04988],[-4.000,0.04678],[-3.750,0.04445],[-3.500,0.04255],[-3.250,0.04120],[-3.000,0.04044],[-2.750,0.04023],[-2.500,0.04010],[-2.250,0.03957],[-2.000,0.03905],[-1.750,0.03715],[-1.500,0.03810],[-1.250,0.03981],[-1.000,0.04005],[-0.750,0.04158],[-0.500,0.04139],[-0.250,0.04220],[0.000,0.04244],[0.250,0.04270],[0.500,0.04347],[0.750,0.04302],[1.000,0.04402],[1.250,0.04353],[1.500,0.04435],[1.750,0.04525],[2.000,0.04600],[2.250,0.04814],[2.500,0.04877],[2.750,0.04669],[3.000,0.04728],[3.250,0.04790],[3.500,0.04856],[3.750,0.04915],[4.000,0.04989],[4.250,0.05027],[4.500,0.05108],[4.750,0.05122],[5.000,0.05209],[5.250,0.05276],[5.500,0.05280],[5.750,0.05359],[6.000,0.05320],[6.250,0.05395],[6.500,0.05308],[6.750,0.05374],[7.000,0.05419],[7.250,0.05282],[7.500,0.05310],[7.750,0.05283],[8.000,0.05100],[8.250,0.04808],[8.500,0.04763],[8.750,0.04368],[9.000,0.04254],[9.250,0.04079],[9.500,0.03822],[9.750,0.03472],[10.000,0.03374],[10.250,0.03319],[10.500,0.03419],[10.750,0.03617],[11.000,0.03848],[11.250,0.04098],[11.500,0.04363],[11.750,0.04662],[12.000,0.05010],[12.250,0.05422],[12.500,0.05867],[12.750,0.06249],[13.000,0.06555],[13.250,0.06822],[13.500,0.07005],[13.750,0.07185],[14.000,0.07316],[14.250,0.07520],[14.500,0.07727],[14.750,0.07990],[15.000,0.08313],[15.250,0.08693],[15.500,0.09132],[15.750,0.09626],[16.000,0.10174],[16.250,0.10774],[16.500,0.11425],[16.750,0.12132],[17.000,0.12903],[17.250,0.13759],[17.500,0.14715],[17.750,0.15786],[18.000,0.16935],[18.250,0.17926],[18.500,0.21676],],[[-10.750,0.09372],[-10.500,0.08935],[-10.250,0.09816],[-10.000,0.09648],[-9.750,0.09274],[-9.500,0.08695],[-9.250,0.07792],[-9.000,0.07403],[-8.750,0.07172],[-8.500,0.06723],[-8.250,0.06315],[-8.000,0.05958],[-7.500,0.03667],[-7.250,0.03308],[-7.000,0.03703],[-6.750,0.03680],[-6.500,0.03268],[-6.250,0.02885],[-6.000,0.02943],[-5.750,0.02771],[-5.500,0.02651],[-5.250,0.02535],[-5.000,0.02415],[-4.750,0.02528],[-4.500,0.02449],[-4.250,0.02377],[-4.000,0.02272],[-3.750,0.02199],[-3.500,0.01986],[-3.250,0.01884],[-3.000,0.02072],[-2.750,0.02112],[-2.500,0.02142],[-2.250,0.02164],[-2.000,0.02358],[-1.750,0.02398],[-1.500,0.02419],[-1.250,0.02427],[-1.000,0.02587],[-0.750,0.02624],[-0.500,0.02632],[-0.250,0.02629],[0.000,0.02617],[0.250,0.02591],[0.500,0.02795],[0.750,0.02776],[1.000,0.02752],[1.250,0.02719],[1.500,0.02677],[1.750,0.02874],[2.000,0.02838],[2.250,0.02784],[2.500,0.02727],[2.750,0.02916],[3.000,0.03032],[3.250,0.03005],[3.500,0.02952],[3.750,0.02880],[4.000,0.02786],[4.250,0.02681],[4.500,0.02572],[4.750,0.02458],[5.000,0.02338],[5.250,0.02455],[5.500,0.02306],[5.750,0.02154],[6.000,0.02224],[6.250,0.02069],[6.500,0.02089],[6.750,0.01948],[7.000,0.01926],[7.250,0.01790],[7.500,0.01795],[7.750,0.01774],[8.000,0.01817],[8.250,0.01831],[8.500,0.01850],[8.750,0.01919],[9.000,0.02057],[9.250,0.02229],[9.500,0.02426],[9.750,0.02634],[10.250,0.03072],[10.500,0.03291],[10.750,0.03523],[11.000,0.03763],[11.250,0.04039],[11.500,0.04408],[11.750,0.04732],[12.000,0.05008],[12.250,0.05247],[12.500,0.05546],[12.750,0.05835],[13.000,0.06089],[13.250,0.06349],[13.500,0.06607],[13.750,0.06859],[14.000,0.07103],[14.250,0.07329],[14.500,0.07505],[14.750,0.07667],[15.000,0.07911],[15.250,0.08170],[15.500,0.08443],[15.750,0.08740],[16.000,0.09082],[16.250,0.09471],[16.500,0.09906],[16.750,0.10386],[17.000,0.10909],[17.250,0.11477],[17.500,0.12084],[17.750,0.12726],[18.000,0.13408],[18.250,0.14149],[18.500,0.14927],],[[-11.750,0.08684],[-11.500,0.08119],[-11.250,0.07403],[-11.000,0.07152],[-10.750,0.06793],[-10.500,0.07343],[-10.250,0.06953],[-10.000,0.06663],[-9.750,0.05999],[-9.500,0.04603],[-9.250,0.04230],[-9.000,0.03975],[-8.750,0.03711],[-8.500,0.03803],[-8.250,0.03152],[-8.000,0.02994],[-7.750,0.02172],[-7.500,0.01978],[-7.250,0.01812],[-7.000,0.01692],[-6.750,0.01600],[-6.500,0.01530],[-6.250,0.01463],[-6.000,0.01409],[-5.750,0.01328],[-5.500,0.01266],[-5.250,0.01227],[-5.000,0.01190],[-4.750,0.01159],[-4.500,0.01126],[-4.250,0.01097],[-4.000,0.01021],[-3.750,0.00962],[-3.500,0.00900],[-3.250,0.00855],[-3.000,0.00859],[-2.750,0.00870],[-2.500,0.00882],[-2.250,0.00895],[-2.000,0.00903],[-1.750,0.00912],[-1.500,0.00921],[-1.250,0.00932],[-1.000,0.00943],[-0.750,0.00952],[-0.500,0.00959],[-0.250,0.00967],[0.000,0.00975],[0.250,0.00980],[0.500,0.00988],[0.750,0.00999],[1.000,0.01005],[1.250,0.01007],[1.500,0.01009],[1.750,0.01012],[2.000,0.01020],[2.250,0.01024],[2.500,0.01023],[2.750,0.01022],[3.000,0.01028],[3.250,0.01030],[3.500,0.01031],[3.750,0.01030],[4.000,0.01032],[4.250,0.01032],[4.500,0.01034],[4.750,0.01036],[5.000,0.01034],[5.250,0.01037],[5.500,0.01037],[5.750,0.01038],[6.000,0.01040],[6.250,0.01048],[6.500,0.01073],[6.750,0.01124],[7.000,0.01202],[7.250,0.01298],[7.500,0.01413],[7.750,0.01535],[8.000,0.01672],[8.250,0.01813],[8.500,0.01959],[8.750,0.02105],[9.000,0.02257],[9.250,0.02379],[9.500,0.02563],[9.750,0.02740],[10.000,0.02934],[10.250,0.03162],[10.500,0.03389],[10.750,0.03557],[11.000,0.03703],[11.250,0.03853],[11.500,0.04017],[11.750,0.04209],[12.000,0.04429],[12.250,0.04605],[12.500,0.04798],[12.750,0.05005],[13.000,0.05229],[13.250,0.05462],[13.500,0.05713],[13.750,0.05971],[14.000,0.06242],[14.250,0.06529],[14.500,0.06825],[14.750,0.07135],[15.000,0.07451],[15.250,0.07765],[15.500,0.08059],[15.750,0.08335],[16.000,0.08625],[16.250,0.08926],[16.500,0.09239],[16.750,0.09571],[17.000,0.09917],[17.250,0.10296],[17.500,0.10697],[17.750,0.11119],[18.000,0.11576],[18.250,0.12079],[18.500,0.12611],[18.750,0.13175],[19.000,0.13774],[19.250,0.14394],],[[-11.250,0.08680],[-11.000,0.08018],[-10.750,0.05465],[-10.500,0.04378],[-10.250,0.03946],[-10.000,0.03694],[-9.750,0.03532],[-9.500,0.03335],[-8.750,0.01985],[-8.500,0.01866],[-8.250,0.01778],[-8.000,0.01633],[-7.750,0.01511],[-7.500,0.01417],[-7.250,0.01341],[-7.000,0.01279],[-6.750,0.01227],[-6.500,0.01185],[-6.250,0.01138],[-6.000,0.01098],[-5.750,0.01062],[-5.500,0.01030],[-5.250,0.01004],[-5.000,0.00978],[-4.750,0.00935],[-4.500,0.00911],[-4.250,0.00893],[-4.000,0.00876],[-3.750,0.00835],[-3.500,0.00792],[-3.250,0.00747],[-3.000,0.00703],[-2.750,0.00657],[-2.500,0.00642],[-2.250,0.00643],[-2.000,0.00648],[-1.750,0.00657],[-1.500,0.00660],[-1.250,0.00661],[-1.000,0.00666],[-0.750,0.00669],[-0.500,0.00673],[-0.250,0.00679],[0.000,0.00686],[0.250,0.00692],[0.500,0.00694],[0.750,0.00697],[1.000,0.00698],[1.250,0.00703],[1.500,0.00711],[1.750,0.00712],[2.000,0.00713],[2.250,0.00715],[2.500,0.00724],[2.750,0.00724],[3.000,0.00726],[3.250,0.00731],[3.500,0.00737],[3.750,0.00737],[4.000,0.00742],[4.250,0.00749],[4.500,0.00753],[4.750,0.00760],[5.000,0.00767],[5.250,0.00778],[5.500,0.00801],[5.750,0.00853],[6.000,0.00939],[6.250,0.01029],[6.500,0.01114],[6.750,0.01205],[7.250,0.01410],[7.500,0.01529],[7.750,0.01650],[8.000,0.01764],[8.250,0.01886],[8.500,0.02018],[8.750,0.02159],[9.000,0.02317],[9.250,0.02491],[9.500,0.02659],[9.750,0.02761],[10.000,0.02868],[10.250,0.02983],[10.500,0.03078],[10.750,0.03165],[11.000,0.03288],[11.250,0.03416],[11.500,0.03561],[11.750,0.03715],[12.000,0.03891],[12.250,0.04098],[12.500,0.04310],[12.750,0.04482],[13.000,0.04666],[13.250,0.04862],[13.500,0.05070],[13.750,0.05293],[14.000,0.05521],[14.250,0.05772],[14.500,0.06023],[14.750,0.06288],[15.000,0.06570],[15.250,0.06856],[15.500,0.07157],[15.750,0.07475],[16.000,0.07804],[16.250,0.08141],[16.500,0.08496],[16.750,0.08862],[17.000,0.09241],[17.250,0.09629],[17.500,0.10029],[17.750,0.10439],[18.000,0.10860],[18.250,0.11303],[18.500,0.11755],[18.750,0.12215],[19.000,0.12693],[19.250,0.13162],],],
{"title":"Cd v Alpha","sortData":false,"legend":{"show":false,"placement":"insideGrid","location":"ne"},"series":[{"showLabel":true,"index":0,"showLine":true,"trendline":{"type":"none","show":false},"color":"#4bb2c5"},{"showLabel":true,"index":0,"showLine":true,"trendline":{"type":"none","show":false},"color":"#EAA228"},{"showLabel":true,"index":0,"showLine":true,"trendline":{"type":"none","show":false},"color":"#839557"},{"showLabel":true,"index":0,"showLine":true,"trendline":{"type":"none","show":false},"color":"#953579"},{"showLabel":true,"index":0,"showLine":true,"trendline":{"type":"none","show":false},"color":"#d8b83f"}],"show":"$.jqplot.config.enablePlugins","axes":{"xaxis":{"max":20,"min":-15,"tickInterval":5,"tickOptions":{"formatString":"%.1f"},"forceTickAt0":true,"rendererOptions":{"forceTickAt0":true}},"yaxis":{"max":0.25,"min":0,"tickInterval":0.05,"tickOptions":{"formatString":"%.2f"},"forceTickAt0":true,"rendererOptions":{"forceTickAt0":true}}},"seriesDefaults":{"lineWidth":1,"showLabel":true,"markerOptions":{"size":5,"show":false}}});
jqplots.push(p);

var p = $.jqplot('effaoa',[[[-7.750,-3.6115326251897],[-7.500,-3.5499842816724],[-7.250,-3.829770450422],[-7.000,-3.7983111399805],[-6.750,-3.8992196579778],[-6.500,-4.2566225165563],[-6.250,-4.2149396765637],[-6.000,-4.2632319324776],[-5.750,-4.4211281499417],[-5.500,-4.5936815193572],[-5.250,-4.7238006520727],[-5.000,-4.8187612976881],[-4.500,-7.5095081967213],[-4.250,-8.6192327192834],[-4.000,-8.7684459828748],[-3.750,-8.7465940054496],[-3.500,-8.5933346963811],[-3.250,-8.3657754010695],[-3.000,-8.0643729189789],[-2.750,-7.700754975978],[-2.500,-7.2863498009834],[-2.250,-6.8875119161106],[-2.000,-6.4785662387987],[-1.750,-5.9955588452998],[-1.500,-5.8190207639067],[-1.250,-6.0996477101158],[-1.000,-6.4642409033877],[-0.750,-6.8098004546603],[-0.500,-7.1197327852004],[-0.250,-5.9669079627715],[0.000,-5.6552262090484],[0.250,-5.1346452615225],[0.500,-4.4930875576037],[0.750,-3.7909319899244],[1.000,-3.0748332921709],[1.250,-2.3647342995169],[1.500,-1.6764913935393],[1.750,-1.0209243504254],[2.000,-0.40089585666293],[2.250,0.17658600392413],[2.500,0.71489181162495],[2.750,1.213121518465],[3.000,1.6706778981147],[3.250,2.0896686159844],[3.500,2.612191473448],[3.750,3.0803812263981],[4.000,3.5649649991463],[4.250,3.9405450041288],[4.500,4.2476740455566],[4.750,4.5307644499689],[5.000,4.8160335028418],[5.250,5.1224752900731],[5.500,5.3226032190343],[5.750,5.4982254982255],[6.000,5.6515957446809],[6.250,5.7919254658385],[6.500,5.9224767178455],[6.750,6.0440636474908],[7.000,6.1579699785561],[7.250,6.2668213457077],[7.500,6.3937203523831],[7.750,6.6076889471385],[8.000,6.6023290920854],[8.250,8.0537139004383],[8.500,8.140876317249],[8.750,8.4700055035773],[9.000,8.8522615266674],[9.250,8.8131394722671],[9.500,9.0402906914609],[9.750,9.450090938269],[10.000,10.056331925035],[10.250,9.80464625132],[10.500,10.206097949644],[10.750,11.147919876733],[11.250,12.406023680883],[11.500,25.07117100019],[11.750,25.777306877288],[12.000,24.625346901018],[12.250,23.049719887955],[12.500,21.588800530152],[12.750,20.093545369504],[13.000,18.86236368995],[13.250,18.100802477826],[13.500,17.578093306288],[13.750,17.552759208284],[14.000,17.096086302057],[14.250,16.325164375374],[14.500,15.768086080586],[14.750,15.146103896104],[15.000,14.233456637896],[15.250,13.35479465418],[15.500,12.513195666265],[15.750,11.555360281195],[16.000,9.9503722084367],],[[-8.250,-3.0545712260808],[-8.000,-3.4297595371542],[-7.750,-3.9317028149515],[-7.500,-3.466269459927],[-7.250,-3.6691348402182],[-7.000,-3.9589733425825],[-6.750,-4.9653474375342],[-6.500,-5.4871167951853],[-6.250,-6.3587903639159],[-6.000,-6.1393771199507],[-5.750,-6.2480177608627],[-5.500,-6.9237022413192],[-5.250,-6.9438175555292],[-5.000,-7.3752711496746],[-4.500,-8.774034221203],[-4.250,-8.9655172413793],[-4.000,-8.8392475416845],[-3.750,-8.6164229471316],[-3.500,-8.385428907168],[-3.250,-7.9368932038835],[-3.000,-7.3046488625124],[-2.750,-6.5274670643798],[-2.500,-5.7082294264339],[-2.250,-5.253980288097],[-2.000,-4.5992317541613],[-1.750,-3.4804845222073],[-1.500,-2.8293963254593],[-1.250,-2.38382316001],[-1.000,-2.3395755305868],[-0.750,-1.9119769119769],[-0.500,-1.8482725295965],[-0.250,-1.4312796208531],[0.000,-1.2676720075401],[0.250,-0.9344262295082],[0.500,-0.59351276742581],[0.750,-0.4370060437006],[1.000,0.08178100863244],[1.250,0.52607397197335],[1.500,1.2491544532131],[1.750,2.0552486187845],[2.000,2.5673913043478],[2.250,3.6892397174907],[2.500,4.4556079557105],[2.750,6.0741058042407],[3.000,7.07910321489],[3.250,7.4801670146138],[3.500,8.171334431631],[3.750,8.8626653102747],[4.000,9.2764080978152],[4.250,10.181022478615],[4.500,10.444400939702],[4.750,11.444748145256],[5.000,11.606834325206],[5.250,11.984457922669],[5.500,12.806818181818],[5.750,13.028550102631],[6.000,14.050751879699],[6.250,14.21686746988],[6.500,15.440844009043],[6.750,15.593598809081],[7.000,15.879313526481],[7.250,17.247254827717],[7.500,17.559322033898],[7.750,18.194207836457],[8.000,19.776470588235],[8.250,22.188019966722],[8.500,22.884736510603],[8.750,26.353021978022],[9.000,27.668077103902],[9.250,29.646972297132],[9.500,32.715855572998],[9.750,37.548963133641],[10.000,39.398340248963],[10.250,40.708044591745],[10.500,39.672418835917],[10.750,37.370749239701],[11.000,34.974012474012],[11.250,32.696437286481],[11.500,30.593628237451],[11.750,28.472758472758],[12.000,26.289421157685],[12.250,24.031722611582],[12.500,21.958411453895],[12.750,20.4960793727],[13.000,19.545385202136],[13.250,18.843447669305],[13.500,18.551034975018],[13.750,18.290883785665],[14.000,18.316019682887],[14.250,18.038563829787],[14.500,17.834864759933],[14.750,17.466833541927],[15.000,16.920485985805],[15.250,16.223398136432],[15.500,15.396408234779],[15.750,14.493039684189],[16.000,13.557106349518],[16.250,12.623909411546],[16.500,11.717286652079],[16.750,10.844048796571],[17.000,10.007750135627],[17.250,9.1990696998328],[17.500,8.4186204553177],[17.750,7.6726213100215],[18.000,7.0014762326543],[18.250,6.5268325337499],[18.500,5.1264070861783],],[[-10.750,-0.40973111395647],[-10.500,-0.33799664241746],[-10.250,-1.5046862265689],[-10.000,-1.4334577114428],[-9.750,-1.3543239163252],[-9.500,-1.3904542840713],[-9.250,-2.0456878850103],[-9.000,-2.469269215183],[-8.750,-1.6006692693809],[-8.500,-1.4740443254499],[-8.250,-1.9271575613618],[-8.000,-2.4538435716683],[-7.500,-3.4251431688028],[-7.250,-3.3434099153567],[-7.000,-4.6664866324602],[-6.750,-5.2989130434783],[-6.500,-5.0703794369645],[-6.250,-4.5961871750433],[-6.000,-5.1478083588175],[-5.750,-4.3558282208589],[-5.500,-3.3232742361373],[-5.250,-2.1262327416174],[-5.000,-0.7991718426501],[-4.750,-1.5743670886076],[-4.500,-0.44099632503062],[-4.250,0.91291543962979],[-4.000,2.544014084507],[-3.750,4.3656207366985],[-3.500,7.2759315206445],[-3.250,9.9309978768577],[-3.000,7.9681467181467],[-2.750,9.0909090909091],[-2.500,10.31746031746],[-2.250,11.589648798521],[-2.000,9.8685326547922],[-1.750,10.625521267723],[-1.500,11.665977676726],[-1.250,12.91718170581],[-1.000,11.650560494782],[-0.750,12.34375],[-0.500,13.343465045593],[-0.250,14.492202358311],[0.000,15.934275888422],[0.250,17.33307603242],[0.500,15.438282647585],[0.750,16.693083573487],[1.000,18.150436046512],[1.250,19.904376609047],[1.500,21.610011206575],[1.750,19.512874043145],[2.000,21.236786469345],[2.250,23.067528735632],[2.500,25.045837917125],[2.750,23.000685871056],[3.000,22.259234828496],[3.250,23.527454242928],[3.500,25.264227642276],[3.750,27.388888888889],[4.000,29.813352476669],[4.250,32.696754942186],[4.500,36.022550544323],[4.750,39.686737184703],[5.000,43.994867408041],[5.250,41.352342158859],[5.500,46.396357328708],[5.750,52.599814298979],[6.000,50.355215827338],[6.250,57.08554857419],[6.500,56.443274293921],[6.750,63.162217659138],[7.000,64.553478712357],[7.250,72.882681564246],[7.500,73.559888579387],[7.750,75.625704622322],[8.000,74.012107870116],[8.250,74.09612233752],[8.500,74.091891891892],[8.750,71.896821261073],[9.000,66.995624696159],[9.250,61.579183490354],[9.500,56.277823577906],[9.750,51.586940015186],[10.250,43.938802083333],[10.500,40.96323305986],[10.750,38.214589838206],[11.000,35.737443529099],[11.250,33.186432285219],[11.500,30.122504537205],[11.750,27.937447168216],[12.000,26.399760383387],[12.250,25.277301315037],[12.500,23.894698882077],[12.750,22.72322193659],[13.000,21.847594022007],[13.250,21.019058119389],[13.500,20.270924776752],[13.750,19.606356611751],[14.000,19.024355905955],[14.250,18.550961932051],[14.500,18.303797468354],[14.750,18.146602321638],[15.000,17.691821514347],[15.250,17.221542227662],[15.500,16.749970389672],[15.750,16.254004576659],[16.000,15.673860383176],[16.250,15.023756731074],[16.500,14.32263274783],[16.750,13.591373002118],[17.000,12.849023741865],[17.250,12.1059510325],[17.500,11.381992717643],[17.750,10.690711928336],[18.000,10.029087112172],[18.250,9.3815817372252],[18.500,8.7753734842902],],[[-11.750,-0.16467065868263],[-11.500,-0.11331444759207],[-11.250,-0.15129001756045],[-11.000,0.11465324384787],[-10.750,0.33858383630208],[-10.500,-1.4953016478279],[-10.250,-1.3591255573134],[-10.000,-1.1361248686778],[-9.750,-0.96349391565261],[-9.500,-1.5598522702585],[-9.250,-1.7777777777778],[-9.000,-2.1911949685535],[-8.750,-2.476421449744],[-8.500,-2.353405206416],[-8.250,-3.2296954314721],[-8.000,-2.8390113560454],[-7.750,-3.9779005524862],[-7.500,-3.4074823053589],[-7.250,-2.5441501103753],[-7.000,-1.241134751773],[-6.750,0.14375],[-6.500,1.6209150326797],[-6.250,3.3424470266576],[-6.000,5.3087295954578],[-5.750,7.5225903614458],[-5.500,9.652448657188],[-5.250,12.037489812551],[-5.000,14.697478991597],[-4.750,17.549611734254],[-4.500,20.728241563055],[-4.250,23.691886964448],[-4.000,28.099902056807],[-3.750,32.869022869023],[-3.500,38.622222222222],[-3.250,44.409356725146],[-3.000,47.78812572759],[-2.750,50.551724137931],[-2.500,52.936507936508],[-2.250,55.27374301676],[-2.000,57.884828349945],[-1.750,60.526315789474],[-1.500,63.105320304017],[-1.250,65.6330472103],[-1.000,67.826086956522],[-0.750,69.978991596639],[-0.500,72.273201251303],[-0.250,74.519131334023],[0.000,76.912820512821],[0.250,79.510204081633],[0.500,81.892712550607],[0.750,83.753753753754],[1.000,85.850746268657],[1.250,88.321747765641],[1.500,90.951437066402],[1.750,93.675889328063],[2.000,95.78431372549],[2.250,97.8125],[2.500,100.50830889541],[2.750,103.47358121331],[3.000,105.67120622568],[3.250,107.69902912621],[3.500,110.25218234724],[3.750,113.23300970874],[4.000,115.13565891473],[4.250,117.5484496124],[4.500,120.19342359768],[4.750,121.85328185328],[5.000,124.41005802708],[5.250,126.11378977821],[5.500,128.19672131148],[5.750,129.56647398844],[6.000,130.61538461538],[6.250,130.32442748092],[6.500,127.59552656104],[6.750,121.78825622776],[7.000,113.68552412646],[7.250,104.90755007704],[7.500,96.015569709837],[7.750,88.078175895765],[8.000,80.598086124402],[8.250,74.175399889686],[8.500,68.524757529352],[8.750,63.719714964371],[9.000,59.317678334072],[9.250,56.040353089533],[9.500,52.134217713617],[9.750,48.916058394161],[10.000,45.766871165644],[10.250,42.428842504744],[10.500,39.592800236058],[10.750,37.953331459095],[11.000,36.751282743721],[11.250,35.595639761225],[11.500,34.37640029873],[11.750,32.969826562129],[12.000,31.429216527433],[12.250,30.42562432139],[12.500,29.360150062526],[12.750,28.281718281718],[13.000,27.175368139224],[13.250,26.107652874405],[13.500,25.028881498337],[13.750,24.00937866354],[14.000,23.015059275873],[14.250,22.0355337724],[14.500,21.107692307692],[14.750,20.2032235459],[15.000,19.361159575896],[15.250,18.596265292981],[15.500,17.958803821814],[15.750,17.422915416917],[16.000,16.888115942029],[16.250,16.361192023303],[16.500,15.840458924126],[16.750,15.313969282207],[17.000,14.791771705153],[17.250,14.241452991453],[17.500,13.690754417126],[17.750,13.145067002428],[18.000,12.585521769178],[18.250,12.002649225929],[18.500,11.431290143525],[18.750,10.870588235294],[19.000,10.320894438798],[19.250,9.8006113658469],],[[-11.250,-1.0645161290323],[-11.000,-0.99276627587927],[-10.750,-1.9048490393413],[-10.500,-2.3458200091366],[-10.250,-2.7597567156614],[-10.000,-3.4298863021115],[-9.750,-4.0770101925255],[-9.500,-4.5937031484258],[-8.750,-9.0831234256927],[-8.500,-8.6548767416935],[-8.250,-7.9302587176603],[-8.000,-7.4464176362523],[-7.750,-6.651224354732],[-7.500,-5.5328158080452],[-7.250,-4.1759880686055],[-7.000,-2.556684910086],[-6.750,-0.66829665851671],[-6.500,1.4683544303797],[-6.250,3.6994727592267],[-6.000,6.1748633879781],[-5.750,8.879472693032],[-5.500,11.805825242718],[-5.250,14.970119521912],[-5.000,18.149284253579],[-4.750,21.92513368984],[-4.500,25.587266739846],[-4.250,29.29451287794],[-4.000,33.184931506849],[-3.750,38.455089820359],[-3.500,44.368686868687],[-3.250,51.070950468541],[-3.000,58.677098150782],[-2.750,67.65601217656],[-2.500,74.003115264798],[-2.250,78.522550544323],[-2.000,82.546296296296],[-1.750,86.042617960426],[-1.500,89.954545454545],[-1.250,94.130105900151],[-1.000,97.747747747748],[-0.750,101.62929745889],[-0.500,105.2897473997],[-0.250,108.65979381443],[0.000,111.89504373178],[0.250,115.07225433526],[0.500,118.65994236311],[0.750,122.12338593974],[1.000,125.90257879656],[1.250,129.03271692745],[1.500,131.61744022504],[1.750,135.11235955056],[2.000,138.69565217391],[2.250,142.0979020979],[2.500,144.32320441989],[2.750,147.81767955801],[3.000,150.95041322314],[3.250,153.51573187415],[3.500,155.86160108548],[3.750,159.19945725916],[4.000,161.48247978437],[4.250,163.28437917223],[4.500,165.55112881806],[4.750,166.94736842105],[5.000,167.7444589309],[5.250,167.39074550129],[5.500,164.15730337079],[5.750,154.54865181712],[6.000,139.98935037274],[6.250,127.65792031098],[6.500,118.19569120287],[6.750,109.48547717842],[7.250,93.872340425532],[7.500,86.612164813604],[7.750,80.393939393939],[8.000,75.481859410431],[8.250,70.853658536585],[8.500,66.432111000991],[8.750,62.260305697082],[9.000,58.118256365991],[9.250,54.106784423926],[9.500,50.797292215118],[9.750,49.377037305324],[10.000,47.953277545328],[10.250,46.456587328193],[10.500,45.373619233268],[10.750,44.338072669826],[11.000,43.059610705596],[11.250,41.797423887588],[11.500,40.390339792193],[11.750,38.971736204576],[12.000,37.401696222051],[12.250,35.629575402635],[12.500,33.983758700696],[12.750,32.880410531013],[13.000,31.759537076725],[13.250,30.629370629371],[13.500,29.500986193294],[13.750,28.365766106178],[14.000,27.292157217895],[14.250,26.172903672904],[14.500,25.151917649012],[14.750,24.147582697201],[15.000,23.153729071537],[15.250,22.227246207701],[15.500,21.317591169484],[15.750,20.425418060201],[16.000,19.575858534085],[16.250,18.772878024813],[16.500,17.986111111111],[16.750,17.235387045814],[17.000,16.515528622443],[17.250,15.835496936338],[17.500,15.184963605544],[17.750,14.567487307213],[18.000,13.97605893186],[18.250,13.388480934265],[18.500,12.830284985113],[18.750,12.303724928367],[19.000,11.794689986607],[19.250,11.340221850783],],],
{"title":"Cl\/Cd v Alpha","sortData":false,"legend":{"show":false,"placement":"insideGrid","location":"ne"},"series":[{"showLabel":true,"index":0,"showLine":true,"trendline":{"type":"none","show":false},"color":"#4bb2c5"},{"showLabel":true,"index":0,"showLine":true,"trendline":{"type":"none","show":false},"color":"#EAA228"},{"showLabel":true,"index":0,"showLine":true,"trendline":{"type":"none","show":false},"color":"#839557"},{"showLabel":true,"index":0,"showLine":true,"trendline":{"type":"none","show":false},"color":"#953579"},{"showLabel":true,"index":0,"showLine":true,"trendline":{"type":"none","show":false},"color":"#d8b83f"}],"show":"$.jqplot.config.enablePlugins","axes":{"xaxis":{"max":20,"min":-15,"tickInterval":5,"tickOptions":{"formatString":"%.1f"},"forceTickAt0":true,"rendererOptions":{"forceTickAt0":true}},"yaxis":{"max":180,"min":-20,"tickInterval":20,"tickOptions":{"formatString":"%d"},"forceTickAt0":true,"rendererOptions":{"forceTickAt0":true}}},"seriesDefaults":{"lineWidth":1,"showLabel":true,"markerOptions":{"size":5,"show":false}}});
jqplots.push(p);

});
/*]]>*/
</script>
</body>
</html>