<!DOCTYPE html>
<html lang="en">
<head>
<link rel="stylesheet" type="text/css" href="/assets/62ff72f1/jquery.jqplot.min.css" media="screen, projection, print" />
<style type="text/css">
/*<![CDATA[*/
.jqplot-title {font-size:1.8em;padding:3px;}.jqplot-xaxis {font-size:0.8em;padding-top:3px;}.jqplot-yaxis {font-size:0.8em;padding-right:3px;}
/*]]>*/
</style>
<!--[if lt IE 9]><script type="text/javascript" src="/assets/62ff72f1/excanvas.min.js"></script></script><![endif]-->
<script type="text/javascript" src="/assets/780cfc96/jquery.min.js"></script>
<script type="text/javascript" src="/assets/62ff72f1/jquery.min.js"></script>
<script type="text/javascript" src="/assets/62ff72f1/jquery.jqplot.min.js"></script>
<script type="text/javascript">
/*<![CDATA[*/
var jqplots = [];

/*]]>*/
</script>
<title>Airfoil polar plot</title>
<meta http-equiv="Content-Language" content="en-gb"/>
<meta http-equiv="Content-Type" content="text/html; charset=windows-1252"/>
<meta content="none" name="robots" />
<meta name="copyright" content="Copyright 2010-2013. All Rights Reserved" />
</head>
<body>

<table style="width:800px;">
<tr><td>
<div id="liftdrag" style="height:400px;width:398px;margin:auto;display:inline-block;"></div>
</td><td>
<div id="liftaoa" style="height:400px;width:398px;margin:auto;display:inline-block;"></div>
</td></tr>
<tr><td>
<div id="effaoa" style="height:400px;width:398px;margin:auto;display:inline-block;"></div>
</td><td>
<div id="dragaoa" style="height:400px;width:398px;margin:auto;display:inline-block;"></div>
</td></tr>
<tr><td>
<div id="momentaoa" style="height:400px;width:398px;margin:auto;display:inline-block;"></div>
</td><td>
</td></tr>

</table>
<script type="text/javascript">
/*<![CDATA[*/
jQuery(window).load(function() {
var p = $.jqplot('liftdrag',[[[0.11039,-0.4384],[0.10713,-0.4378],[0.10608,-0.4584],[0.10077,-0.4269],[0.09704,-0.4170],[0.09391,-0.4153],[0.09083,-0.4124],[0.08755,-0.4018],[0.08466,-0.3935],[0.08191,-0.3936],[0.07859,-0.3731],[0.06037,-0.5915],[0.06039,-0.5813],[0.06045,-0.5835],[0.04770,-0.5889],[0.04515,-0.5800],[0.04254,-0.5710],[0.04006,-0.5599],[0.03819,-0.5457],[0.03667,-0.5294],[0.03536,-0.5125],[0.03407,-0.4941],[0.03283,-0.4731],[0.03160,-0.4304],[0.02688,-0.1002],[0.02728,-0.0398],[0.02758,0.0212],[0.02784,0.0798],[0.02806,0.1371],[0.02826,0.1932],[0.02840,0.2513],[0.02859,0.3001],[0.02886,0.3423],[0.02927,0.3766],[0.02983,0.4038],[0.03051,0.4272],[0.03121,0.4492],[0.03190,0.4707],[0.03257,0.4918],[0.03323,0.5118],[0.03424,0.5242],[0.03506,0.5405],[0.03582,0.5577],[0.03651,0.5758],[0.03678,0.5993],[0.03781,0.6136],[0.03896,0.6268],[0.04026,0.6388],[0.04137,0.6533],[0.04149,0.6784],[0.04348,0.6827],[0.04528,0.6891],[0.04439,0.7245],[0.04711,0.7201],[0.04945,0.7185],[0.04977,0.7404],[0.05039,0.7577],[0.05405,0.7397],[0.05566,0.7453],[0.05170,0.8116],[0.05543,0.7934],[0.06167,0.7367],[0.06254,0.7486],[0.06253,0.7708],[0.06194,0.7970],[0.06039,0.8306],[0.05343,0.9160],[0.04442,1.0305],[0.04566,1.0386],[0.04676,1.0500],[0.04776,1.0642],[0.05425,1.0069],[0.06080,0.9481],[0.06973,0.8754],[0.08686,0.7666],[0.09626,0.7178],[0.10252,0.6946],[0.10360,0.7149],[0.10987,0.6950],[0.11506,0.6903],],[[0.10056,-0.4663],[0.09697,-0.4796],[0.09316,-0.5334],[0.08904,-0.4692],[0.08541,-0.4739],[0.08232,-0.5275],[0.07757,-0.4935],[0.07476,-0.4869],[0.07461,-0.5500],[0.07103,-0.5518],[0.06824,-0.5346],[0.06414,-0.5251],[0.06083,-0.4959],[0.05814,-0.4867],[0.04136,-0.4857],[0.03760,-0.4654],[0.03355,-0.4432],[0.03179,-0.4199],[0.02932,-0.3853],[0.02798,-0.3599],[0.02643,-0.3249],[0.02527,-0.2955],[0.02417,-0.2614],[0.02312,-0.2291],[0.02236,-0.1987],[0.02144,-0.1673],[0.02073,-0.1415],[0.01758,-0.0013],[0.01792,0.1514],[0.01811,0.1712],[0.01833,0.1906],[0.01852,0.2128],[0.01875,0.2341],[0.01898,0.2542],[0.01918,0.2759],[0.01938,0.2980],[0.01956,0.3193],[0.01969,0.3401],[0.01982,0.3627],[0.01991,0.3846],[0.01987,0.4051],[0.01988,0.4278],[0.01988,0.4503],[0.01978,0.4722],[0.01954,0.4939],[0.01943,0.5166],[0.01929,0.5392],[0.01914,0.5619],[0.01898,0.5847],[0.01879,0.6076],[0.01868,0.6309],[0.01871,0.6543],[0.01880,0.6779],[0.01893,0.7016],[0.01911,0.7252],[0.01928,0.7488],[0.01942,0.7724],[0.01956,0.7962],[0.01987,0.8194],[0.02017,0.8426],[0.02037,0.8656],[0.02053,0.8885],[0.02069,0.9113],[0.02100,0.9333],[0.02135,0.9551],[0.02169,0.9769],[0.02203,0.9986],[0.02238,1.0203],[0.02279,1.0409],[0.02324,1.0605],[0.02373,1.0795],[0.02427,1.0976],[0.02491,1.1133],[0.02557,1.1278],[0.02619,1.1414],[0.02680,1.1539],[0.02744,1.1647],[0.02817,1.1739],[0.02898,1.1817],[0.02986,1.1887],[0.03072,1.1956],[0.03169,1.1974],[0.03268,1.1999],[0.03361,1.1962],[0.03454,1.1900],[0.03557,1.1784],[0.03671,1.1759],[0.03819,1.1663],[0.03959,1.1640],[0.04161,1.1511],[0.04363,1.1436],[0.04620,1.1302],[0.04921,1.1173],[0.05229,1.1061],[0.05529,1.0977],[0.05842,1.0917],[0.06132,1.0876],[0.06371,1.0908],[0.06735,1.0835],[0.07083,1.0779],[0.07379,1.0767],[0.07598,1.0831],[0.08100,1.0685],[0.08652,1.0521],[0.09270,1.0335],[0.09989,1.0107],[0.10836,0.9832],[0.11850,0.9501],[0.12937,0.9170],],[[0.09143,-0.4875],[0.08713,-0.4897],[0.08066,-0.5114],[0.06760,-0.4307],[0.06716,-0.5638],[0.06524,-0.5367],[0.06299,-0.5273],[0.06038,-0.5249],[0.05709,-0.5357],[0.05241,-0.5503],[0.04974,-0.5337],[0.04781,-0.5200],[0.03531,-0.5421],[0.03195,-0.5297],[0.02861,-0.5162],[0.02660,-0.4957],[0.02542,-0.4736],[0.02411,-0.4496],[0.02283,-0.4240],[0.02182,-0.3983],[0.02089,-0.3704],[0.02023,-0.3434],[0.01982,-0.3170],[0.01857,-0.2878],[0.01803,-0.2625],[0.01750,-0.2362],[0.01712,-0.2118],[0.01643,-0.1875],[0.01586,-0.1647],[0.01499,-0.1422],[0.01427,-0.1217],[0.01366,-0.1030],[0.01406,0.0065],[0.01494,0.1537],[0.01397,0.2393],[0.01383,0.2631],[0.01372,0.2878],[0.01358,0.3119],[0.01348,0.3367],[0.01333,0.3609],[0.01323,0.3857],[0.01310,0.4101],[0.01300,0.4348],[0.01292,0.4595],[0.01285,0.4840],[0.01279,0.5086],[0.01275,0.5332],[0.01274,0.5577],[0.01275,0.5822],[0.01279,0.6066],[0.01287,0.6310],[0.01298,0.6555],[0.01312,0.6798],[0.01327,0.7041],[0.01344,0.7283],[0.01364,0.7525],[0.01385,0.7766],[0.01405,0.8005],[0.01428,0.8242],[0.01450,0.8480],[0.01474,0.8719],[0.01503,0.8953],[0.01527,0.9189],[0.01556,0.9421],[0.01588,0.9649],[0.01612,0.9878],[0.01645,1.0102],[0.01677,1.0322],[0.01703,1.0538],[0.01731,1.0748],[0.01760,1.0950],[0.01796,1.1143],[0.01833,1.1334],[0.01892,1.1498],[0.01971,1.1636],[0.02062,1.1752],[0.02152,1.1857],[0.02229,1.1967],[0.02314,1.2048],[0.02395,1.2109],[0.02474,1.2150],[0.02551,1.2142],[0.02644,1.1994],[0.02720,1.1958],[0.02826,1.1885],[0.02943,1.1818],[0.03057,1.1785],[0.03198,1.1736],[0.03377,1.1666],[0.03578,1.1607],[0.03816,1.1525],[0.04092,1.1427],[0.04346,1.1375],[0.04646,1.1293],[0.04972,1.1201],[0.05272,1.1149],[0.05601,1.1090],[0.05943,1.1031],[0.06304,1.0965],[0.06680,1.0890],[0.07021,1.0844],[0.07340,1.0826],[0.07676,1.0801],[0.08010,1.0780],[0.08327,1.0770],[0.08671,1.0747],[0.08989,1.0737],[0.09231,1.0764],[0.09467,1.0791],[0.09836,1.0767],[0.10211,1.0740],[0.10650,1.0685],[0.11125,1.0614],[0.11615,1.0538],[0.12217,1.0413],[0.12910,1.0253],],[[0.08575,-0.4742],[0.07274,-0.5120],[0.04580,-0.7427],[0.04255,-0.7382],[0.03797,-0.7480],[0.03410,-0.7508],[0.03139,-0.7437],[0.02981,-0.7301],[0.02658,-0.7219],[0.02463,-0.7041],[0.02337,-0.6828],[0.02225,-0.6604],[0.02126,-0.6371],[0.02046,-0.6134],[0.01966,-0.5886],[0.01873,-0.5632],[0.01789,-0.5374],[0.01717,-0.5114],[0.01655,-0.4848],[0.01614,-0.4583],[0.01489,-0.4320],[0.01423,-0.4065],[0.01370,-0.3805],[0.01325,-0.3547],[0.01288,-0.3290],[0.01249,-0.3028],[0.01217,-0.2766],[0.01181,-0.2509],[0.01142,-0.2248],[0.01115,-0.1984],[0.01088,-0.1720],[0.01052,-0.1461],[0.01011,-0.1211],[0.00970,-0.0966],[0.00933,-0.0725],[0.00901,-0.0490],[0.00849,-0.0298],[0.00736,-0.0314],[0.00718,-0.0116],[0.00760,0.0260],[0.00802,0.0618],[0.00930,0.1614],[0.01020,0.2530],[0.01044,0.3237],[0.01061,0.3602],[0.01040,0.4194],[0.01065,0.4462],[0.01009,0.5094],[0.00953,0.5684],[0.00961,0.5932],[0.00973,0.6179],[0.00987,0.6426],[0.01003,0.6671],[0.01018,0.6918],[0.01034,0.7165],[0.01052,0.7410],[0.01064,0.7658],[0.01134,0.7566],[0.01142,0.7780],[0.01160,0.7987],[0.01171,0.8213],[0.01187,0.8430],[0.01203,0.8635],[0.01216,0.8841],[0.01237,0.9042],[0.01248,0.9252],[0.01264,0.9458],[0.01283,0.9664],[0.01297,0.9877],[0.01318,1.0086],[0.01345,1.0292],[0.01385,1.0490],[0.01439,1.0676],[0.01497,1.0859],[0.01557,1.1042],[0.01609,1.1248],[0.01658,1.1447],[0.01710,1.1628],[0.01763,1.1807],[0.01813,1.1984],[0.01873,1.2144],[0.01943,1.2280],[0.02075,1.2364],[0.02207,1.2467],[0.02319,1.2531],[0.02450,1.2580],[0.02566,1.2476],[0.02685,1.2379],[0.02804,1.2280],[0.02943,1.2151],[0.03114,1.2026],[0.03282,1.1970],[0.03536,1.1853],[0.03750,1.1820],[0.03966,1.1803],[0.04219,1.1765],[0.04493,1.1722],[0.04798,1.1664],[0.05116,1.1616],[0.05459,1.1558],[0.05823,1.1494],[0.06191,1.1435],[0.06579,1.1368],[0.06990,1.1289],[0.07392,1.1224],[0.07779,1.1169],[0.08180,1.1100],[0.08551,1.1035],],[[0.03586,-1.0722],[0.03466,-1.0712],[0.03195,-1.0910],[0.03018,-1.0955],[0.02948,-1.0826],[0.02907,-1.0657],[0.02860,-1.0490],[0.02840,-1.0297],[0.02792,-1.0121],[0.02737,-0.9945],[0.02656,-0.9777],[0.02565,-0.9609],[0.02488,-0.9427],[0.02430,-0.9231],[0.02427,-0.9010],[0.02144,-0.8906],[0.02088,-0.8686],[0.02033,-0.8463],[0.01979,-0.8237],[0.01921,-0.8008],[0.01866,-0.7776],[0.01819,-0.7536],[0.01771,-0.7292],[0.01725,-0.7046],[0.01686,-0.6797],[0.01612,-0.6551],[0.01470,-0.6314],[0.01415,-0.6061],[0.01367,-0.5806],[0.01324,-0.5549],[0.01284,-0.5292],[0.01244,-0.5031],[0.01205,-0.4771],[0.01174,-0.4510],[0.01145,-0.4245],[0.01117,-0.3980],[0.01091,-0.3716],[0.01037,-0.3465],[0.01003,-0.3204],[0.00979,-0.2939],[0.00958,-0.2670],[0.00940,-0.2403],[0.00924,-0.2132],[0.00908,-0.1864],[0.00889,-0.1597],[0.00873,-0.1329],[0.00848,-0.1071],[0.00825,-0.0812],[0.00801,-0.0562],[0.00774,-0.0314],[0.00751,-0.0071],[0.00728,0.0170],[0.00688,0.0366],[0.00584,0.0362],[0.00536,0.0414],[0.00544,0.0668],[0.00556,0.0951],[0.00587,0.1499],[0.00608,0.1805],[0.00635,0.2133],[0.00652,0.2361],[0.00679,0.2730],[0.00711,0.3105],[0.00739,0.3449],[0.00766,0.3772],[0.00792,0.4097],[0.00815,0.4412],[0.00825,0.4580],[0.00825,0.4702],[0.00833,0.4972],[0.00839,0.5230],[0.00846,0.5490],[0.00850,0.5756],[0.00860,0.6019],[0.00868,0.6285],[0.00875,0.6554],[0.00887,0.6817],[0.00895,0.7087],[0.00910,0.7348],[0.00920,0.7614],[0.00935,0.7871],[0.00954,0.8121],[0.00976,0.8362],[0.01012,0.8570],[0.01051,0.8735],[0.01093,0.8895],[0.01144,0.9148],[0.01193,0.9408],[0.01240,0.9672],[0.01288,0.9940],[0.01330,1.0210],[0.01378,1.0469],[0.01433,1.0712],[0.01511,1.0912],[0.01657,1.0962],[0.01746,1.1181],[0.01831,1.1404],[0.01941,1.1605],[0.02069,1.1784],[0.02177,1.1956],[0.02295,1.2164],[0.02430,1.2355],[0.02599,1.2515],[0.02780,1.2662],[0.02999,1.2501],[0.03183,1.2418],[0.03331,1.2435],[0.03519,1.2428],[0.03720,1.2427],[0.03954,1.2406],[0.04192,1.2393],[0.04458,1.2369],[0.04743,1.2344],[0.05021,1.2335],[0.05355,1.2291],[0.05740,1.2215],[0.06093,1.2175],[0.06517,1.2089],[0.06955,1.2000],[0.07406,1.1910],[0.07875,1.1813],[0.08394,1.1688],],],
{"title":"Cl v Cd","sortData":false,"legend":{"show":false,"placement":"insideGrid","location":"ne"},"series":[{"showLabel":true,"index":0,"showLine":true,"trendline":{"type":"none","show":false},"color":"#4bb2c5"},{"showLabel":true,"index":0,"showLine":true,"trendline":{"type":"none","show":false},"color":"#EAA228"},{"showLabel":true,"index":0,"showLine":true,"trendline":{"type":"none","show":false},"color":"#839557"},{"showLabel":true,"index":0,"showLine":true,"trendline":{"type":"none","show":false},"color":"#953579"},{"showLabel":true,"index":0,"showLine":true,"trendline":{"type":"none","show":false},"color":"#d8b83f"}],"show":"$.jqplot.config.enablePlugins","axes":{"xaxis":{"max":0.14,"min":0,"tickInterval":0.02,"tickOptions":{"formatString":"%.2f"},"forceTickAt0":true,"rendererOptions":{"forceTickAt0":true}},"yaxis":{"max":1.5,"min":-1.5,"tickInterval":0.5,"tickOptions":{"formatString":"%.2f"},"forceTickAt0":true,"rendererOptions":{"forceTickAt0":true}}},"seriesDefaults":{"lineWidth":1,"showLabel":true,"markerOptions":{"size":5,"show":false}}});
jqplots.push(p);

var p = $.jqplot('liftaoa',[[[-9.500,-0.4384],[-9.250,-0.4378],[-9.000,-0.4584],[-8.750,-0.4269],[-8.500,-0.4170],[-8.250,-0.4153],[-8.000,-0.4124],[-7.750,-0.4018],[-7.500,-0.3935],[-7.250,-0.3936],[-7.000,-0.3731],[-5.500,-0.5915],[-5.250,-0.5813],[-5.000,-0.5835],[-4.750,-0.5889],[-4.500,-0.5800],[-4.250,-0.5710],[-4.000,-0.5599],[-3.750,-0.5457],[-3.500,-0.5294],[-3.250,-0.5125],[-3.000,-0.4941],[-2.750,-0.4731],[-2.500,-0.4304],[-2.250,-0.1002],[-2.000,-0.0398],[-1.750,0.0212],[-1.500,0.0798],[-1.250,0.1371],[-1.000,0.1932],[-0.750,0.2513],[-0.500,0.3001],[-0.250,0.3423],[0.000,0.3766],[0.250,0.4038],[0.500,0.4272],[0.750,0.4492],[1.000,0.4707],[1.250,0.4918],[1.500,0.5118],[1.750,0.5242],[2.000,0.5405],[2.250,0.5577],[2.500,0.5758],[2.750,0.5993],[3.000,0.6136],[3.250,0.6268],[3.500,0.6388],[3.750,0.6533],[4.000,0.6784],[4.250,0.6827],[4.500,0.6891],[4.750,0.7245],[5.000,0.7201],[5.250,0.7185],[5.500,0.7404],[5.750,0.7577],[6.000,0.7397],[6.250,0.7453],[6.500,0.8116],[6.750,0.7934],[7.000,0.7367],[7.250,0.7486],[7.500,0.7708],[7.750,0.7970],[8.000,0.8306],[8.250,0.9160],[8.500,1.0305],[8.750,1.0386],[9.000,1.0500],[9.250,1.0642],[9.500,1.0069],[9.750,0.9481],[10.000,0.8754],[10.250,0.7666],[10.500,0.7178],[10.750,0.6946],[11.000,0.7149],[11.250,0.6950],[11.500,0.6903],],[[-9.500,-0.4663],[-9.250,-0.4796],[-9.000,-0.5334],[-8.750,-0.4692],[-8.500,-0.4739],[-8.250,-0.5275],[-8.000,-0.4935],[-7.750,-0.4869],[-7.500,-0.5500],[-7.250,-0.5518],[-7.000,-0.5346],[-6.750,-0.5251],[-6.500,-0.4959],[-6.250,-0.4867],[-6.000,-0.4857],[-5.750,-0.4654],[-5.500,-0.4432],[-5.250,-0.4199],[-5.000,-0.3853],[-4.750,-0.3599],[-4.500,-0.3249],[-4.250,-0.2955],[-4.000,-0.2614],[-3.750,-0.2291],[-3.500,-0.1987],[-3.250,-0.1673],[-3.000,-0.1415],[-2.750,-0.0013],[-2.500,0.1514],[-2.250,0.1712],[-2.000,0.1906],[-1.750,0.2128],[-1.500,0.2341],[-1.250,0.2542],[-1.000,0.2759],[-0.750,0.2980],[-0.500,0.3193],[-0.250,0.3401],[0.000,0.3627],[0.250,0.3846],[0.500,0.4051],[0.750,0.4278],[1.000,0.4503],[1.250,0.4722],[1.500,0.4939],[1.750,0.5166],[2.000,0.5392],[2.250,0.5619],[2.500,0.5847],[2.750,0.6076],[3.000,0.6309],[3.250,0.6543],[3.500,0.6779],[3.750,0.7016],[4.000,0.7252],[4.250,0.7488],[4.500,0.7724],[4.750,0.7962],[5.000,0.8194],[5.250,0.8426],[5.500,0.8656],[5.750,0.8885],[6.000,0.9113],[6.250,0.9333],[6.500,0.9551],[6.750,0.9769],[7.000,0.9986],[7.250,1.0203],[7.500,1.0409],[7.750,1.0605],[8.000,1.0795],[8.250,1.0976],[8.500,1.1133],[8.750,1.1278],[9.000,1.1414],[9.250,1.1539],[9.500,1.1647],[9.750,1.1739],[10.000,1.1817],[10.250,1.1887],[10.500,1.1956],[10.750,1.1974],[11.000,1.1999],[11.250,1.1962],[11.500,1.1900],[11.750,1.1784],[12.000,1.1759],[12.250,1.1663],[12.500,1.1640],[12.750,1.1511],[13.000,1.1436],[13.250,1.1302],[13.500,1.1173],[13.750,1.1061],[14.000,1.0977],[14.250,1.0917],[14.500,1.0876],[14.750,1.0908],[15.000,1.0835],[15.250,1.0779],[15.500,1.0767],[15.750,1.0831],[16.000,1.0685],[16.250,1.0521],[16.500,1.0335],[16.750,1.0107],[17.000,0.9832],[17.250,0.9501],[17.500,0.9170],],[[-9.500,-0.4875],[-9.250,-0.4897],[-9.000,-0.5114],[-8.750,-0.4307],[-8.500,-0.5638],[-8.250,-0.5367],[-8.000,-0.5273],[-7.750,-0.5249],[-7.500,-0.5357],[-7.250,-0.5503],[-7.000,-0.5337],[-6.750,-0.5200],[-6.500,-0.5421],[-6.250,-0.5297],[-6.000,-0.5162],[-5.750,-0.4957],[-5.500,-0.4736],[-5.250,-0.4496],[-5.000,-0.4240],[-4.750,-0.3983],[-4.500,-0.3704],[-4.250,-0.3434],[-4.000,-0.3170],[-3.750,-0.2878],[-3.500,-0.2625],[-3.250,-0.2362],[-3.000,-0.2118],[-2.750,-0.1875],[-2.500,-0.1647],[-2.250,-0.1422],[-2.000,-0.1217],[-1.750,-0.1030],[-1.500,0.0065],[-1.250,0.1537],[-1.000,0.2393],[-0.750,0.2631],[-0.500,0.2878],[-0.250,0.3119],[0.000,0.3367],[0.250,0.3609],[0.500,0.3857],[0.750,0.4101],[1.000,0.4348],[1.250,0.4595],[1.500,0.4840],[1.750,0.5086],[2.000,0.5332],[2.250,0.5577],[2.500,0.5822],[2.750,0.6066],[3.000,0.6310],[3.250,0.6555],[3.500,0.6798],[3.750,0.7041],[4.000,0.7283],[4.250,0.7525],[4.500,0.7766],[4.750,0.8005],[5.000,0.8242],[5.250,0.8480],[5.500,0.8719],[5.750,0.8953],[6.000,0.9189],[6.250,0.9421],[6.500,0.9649],[6.750,0.9878],[7.000,1.0102],[7.250,1.0322],[7.500,1.0538],[7.750,1.0748],[8.000,1.0950],[8.250,1.1143],[8.500,1.1334],[8.750,1.1498],[9.000,1.1636],[9.250,1.1752],[9.500,1.1857],[9.750,1.1967],[10.000,1.2048],[10.250,1.2109],[10.500,1.2150],[10.750,1.2142],[11.000,1.1994],[11.250,1.1958],[11.500,1.1885],[11.750,1.1818],[12.000,1.1785],[12.250,1.1736],[12.500,1.1666],[12.750,1.1607],[13.000,1.1525],[13.250,1.1427],[13.500,1.1375],[13.750,1.1293],[14.000,1.1201],[14.250,1.1149],[14.500,1.1090],[14.750,1.1031],[15.000,1.0965],[15.250,1.0890],[15.500,1.0844],[15.750,1.0826],[16.000,1.0801],[16.250,1.0780],[16.500,1.0770],[16.750,1.0747],[17.000,1.0737],[17.250,1.0764],[17.500,1.0791],[17.750,1.0767],[18.000,1.0740],[18.250,1.0685],[18.500,1.0614],[18.750,1.0538],[19.000,1.0413],[19.250,1.0253],],[[-10.250,-0.4742],[-10.000,-0.5120],[-9.250,-0.7427],[-9.000,-0.7382],[-8.750,-0.7480],[-8.500,-0.7508],[-8.250,-0.7437],[-8.000,-0.7301],[-7.750,-0.7219],[-7.500,-0.7041],[-7.250,-0.6828],[-7.000,-0.6604],[-6.750,-0.6371],[-6.500,-0.6134],[-6.250,-0.5886],[-6.000,-0.5632],[-5.750,-0.5374],[-5.500,-0.5114],[-5.250,-0.4848],[-5.000,-0.4583],[-4.750,-0.4320],[-4.500,-0.4065],[-4.250,-0.3805],[-4.000,-0.3547],[-3.750,-0.3290],[-3.500,-0.3028],[-3.250,-0.2766],[-3.000,-0.2509],[-2.750,-0.2248],[-2.500,-0.1984],[-2.250,-0.1720],[-2.000,-0.1461],[-1.750,-0.1211],[-1.500,-0.0966],[-1.250,-0.0725],[-1.000,-0.0490],[-0.750,-0.0298],[-0.500,-0.0314],[-0.250,-0.0116],[0.000,0.0260],[0.250,0.0618],[0.500,0.1614],[0.750,0.2530],[1.000,0.3237],[1.250,0.3602],[1.500,0.4194],[1.750,0.4462],[2.000,0.5094],[2.250,0.5684],[2.500,0.5932],[2.750,0.6179],[3.000,0.6426],[3.250,0.6671],[3.500,0.6918],[3.750,0.7165],[4.000,0.7410],[4.250,0.7658],[4.500,0.7566],[4.750,0.7780],[5.000,0.7987],[5.250,0.8213],[5.500,0.8430],[5.750,0.8635],[6.000,0.8841],[6.250,0.9042],[6.500,0.9252],[6.750,0.9458],[7.000,0.9664],[7.250,0.9877],[7.500,1.0086],[7.750,1.0292],[8.000,1.0490],[8.250,1.0676],[8.500,1.0859],[8.750,1.1042],[9.000,1.1248],[9.250,1.1447],[9.500,1.1628],[9.750,1.1807],[10.000,1.1984],[10.250,1.2144],[10.500,1.2280],[10.750,1.2364],[11.000,1.2467],[11.250,1.2531],[11.500,1.2580],[11.750,1.2476],[12.000,1.2379],[12.250,1.2280],[12.500,1.2151],[12.750,1.2026],[13.000,1.1970],[13.250,1.1853],[13.500,1.1820],[13.750,1.1803],[14.000,1.1765],[14.250,1.1722],[14.500,1.1664],[14.750,1.1616],[15.000,1.1558],[15.250,1.1494],[15.500,1.1435],[15.750,1.1368],[16.000,1.1289],[16.250,1.1224],[16.500,1.1169],[16.750,1.1100],[17.000,1.1035],],[[-13.000,-1.0722],[-12.750,-1.0712],[-12.500,-1.0910],[-12.250,-1.0955],[-12.000,-1.0826],[-11.750,-1.0657],[-11.500,-1.0490],[-11.250,-1.0297],[-11.000,-1.0121],[-10.750,-0.9945],[-10.500,-0.9777],[-10.250,-0.9609],[-10.000,-0.9427],[-9.750,-0.9231],[-9.500,-0.9010],[-9.250,-0.8906],[-9.000,-0.8686],[-8.750,-0.8463],[-8.500,-0.8237],[-8.250,-0.8008],[-8.000,-0.7776],[-7.750,-0.7536],[-7.500,-0.7292],[-7.250,-0.7046],[-7.000,-0.6797],[-6.750,-0.6551],[-6.500,-0.6314],[-6.250,-0.6061],[-6.000,-0.5806],[-5.750,-0.5549],[-5.500,-0.5292],[-5.250,-0.5031],[-5.000,-0.4771],[-4.750,-0.4510],[-4.500,-0.4245],[-4.250,-0.3980],[-4.000,-0.3716],[-3.750,-0.3465],[-3.500,-0.3204],[-3.250,-0.2939],[-3.000,-0.2670],[-2.750,-0.2403],[-2.500,-0.2132],[-2.250,-0.1864],[-2.000,-0.1597],[-1.750,-0.1329],[-1.500,-0.1071],[-1.250,-0.0812],[-1.000,-0.0562],[-0.750,-0.0314],[-0.500,-0.0071],[-0.250,0.0170],[0.000,0.0366],[0.250,0.0362],[0.500,0.0414],[0.750,0.0668],[1.000,0.0951],[1.500,0.1499],[1.750,0.1805],[2.000,0.2133],[2.250,0.2361],[2.500,0.2730],[2.750,0.3105],[3.000,0.3449],[3.250,0.3772],[3.500,0.4097],[3.750,0.4412],[4.000,0.4580],[4.250,0.4702],[4.500,0.4972],[4.750,0.5230],[5.000,0.5490],[5.250,0.5756],[5.500,0.6019],[5.750,0.6285],[6.000,0.6554],[6.250,0.6817],[6.500,0.7087],[6.750,0.7348],[7.000,0.7614],[7.250,0.7871],[7.500,0.8121],[7.750,0.8362],[8.000,0.8570],[8.250,0.8735],[8.500,0.8895],[8.750,0.9148],[9.000,0.9408],[9.250,0.9672],[9.500,0.9940],[9.750,1.0210],[10.000,1.0469],[10.250,1.0712],[10.500,1.0912],[10.750,1.0962],[11.000,1.1181],[11.250,1.1404],[11.500,1.1605],[11.750,1.1784],[12.000,1.1956],[12.250,1.2164],[12.500,1.2355],[12.750,1.2515],[13.000,1.2662],[13.250,1.2501],[13.500,1.2418],[13.750,1.2435],[14.000,1.2428],[14.250,1.2427],[14.500,1.2406],[14.750,1.2393],[15.000,1.2369],[15.250,1.2344],[15.500,1.2335],[15.750,1.2291],[16.000,1.2215],[16.250,1.2175],[16.500,1.2089],[16.750,1.2000],[17.000,1.1910],[17.250,1.1813],[17.500,1.1688],],],
{"title":"Cl v Alpha","sortData":false,"legend":{"show":false,"placement":"insideGrid","location":"ne"},"series":[{"showLabel":true,"index":0,"showLine":true,"trendline":{"type":"none","show":false},"color":"#4bb2c5"},{"showLabel":true,"index":0,"showLine":true,"trendline":{"type":"none","show":false},"color":"#EAA228"},{"showLabel":true,"index":0,"showLine":true,"trendline":{"type":"none","show":false},"color":"#839557"},{"showLabel":true,"index":0,"showLine":true,"trendline":{"type":"none","show":false},"color":"#953579"},{"showLabel":true,"index":0,"showLine":true,"trendline":{"type":"none","show":false},"color":"#d8b83f"}],"show":"$.jqplot.config.enablePlugins","axes":{"xaxis":{"max":20,"min":-15,"tickInterval":5,"tickOptions":{"formatString":"%.1f"},"forceTickAt0":true,"rendererOptions":{"forceTickAt0":true}},"yaxis":{"max":1.5,"min":-1.5,"tickInterval":0.5,"tickOptions":{"formatString":"%.2f"},"forceTickAt0":true,"rendererOptions":{"forceTickAt0":true}}},"seriesDefaults":{"lineWidth":1,"showLabel":true,"markerOptions":{"size":5,"show":false}}});
jqplots.push(p);

var p = $.jqplot('momentaoa',[[[-9.500,0.0062],[-9.250,0.0052],[-9.000,0.0035],[-8.750,0.0044],[-8.500,0.0042],[-8.250,0.0038],[-8.000,0.0036],[-7.750,0.0040],[-7.500,0.0047],[-7.250,0.0057],[-7.000,0.0066],[-5.500,0.0080],[-5.250,0.0136],[-5.000,0.0213],[-4.750,0.0148],[-4.500,0.0171],[-4.250,0.0196],[-4.000,0.0221],[-3.750,0.0243],[-3.500,0.0256],[-3.250,0.0271],[-3.000,0.0284],[-2.750,0.0295],[-2.500,0.0262],[-2.250,-0.0234],[-2.000,-0.0309],[-1.750,-0.0383],[-1.500,-0.0450],[-1.250,-0.0513],[-1.000,-0.0572],[-0.750,-0.0632],[-0.500,-0.0673],[-0.250,-0.0701],[0.000,-0.0712],[0.250,-0.0710],[0.500,-0.0702],[0.750,-0.0690],[1.000,-0.0675],[1.250,-0.0658],[1.500,-0.0640],[1.750,-0.0618],[2.000,-0.0599],[2.250,-0.0581],[2.500,-0.0563],[2.750,-0.0545],[3.000,-0.0529],[3.250,-0.0513],[3.500,-0.0497],[3.750,-0.0481],[4.000,-0.0464],[4.250,-0.0447],[4.500,-0.0429],[4.750,-0.0412],[5.000,-0.0392],[5.250,-0.0370],[5.500,-0.0351],[5.750,-0.0331],[6.000,-0.0305],[6.250,-0.0281],[6.500,-0.0263],[6.750,-0.0237],[7.000,-0.0196],[7.250,-0.0170],[7.500,-0.0147],[7.750,-0.0121],[8.000,-0.0093],[8.250,-0.0065],[8.500,-0.0057],[8.750,-0.0030],[9.000,-0.0004],[9.250,0.0020],[9.500,0.0070],[9.750,0.0114],[10.000,0.0135],[10.250,0.0090],[10.500,0.0065],[10.750,0.0052],[11.000,0.0071],[11.250,0.0055],[11.500,0.0046],],[[-9.500,-0.0054],[-9.250,-0.0101],[-9.000,-0.0191],[-8.750,-0.0123],[-8.500,-0.0154],[-8.250,-0.0207],[-8.000,-0.0193],[-7.750,-0.0192],[-7.500,-0.0179],[-7.250,-0.0148],[-7.000,-0.0132],[-6.750,-0.0174],[-6.500,-0.0192],[-6.250,-0.0221],[-6.000,-0.0233],[-5.750,-0.0225],[-5.500,-0.0212],[-5.250,-0.0203],[-5.000,-0.0220],[-4.750,-0.0216],[-4.500,-0.0227],[-4.250,-0.0228],[-4.000,-0.0235],[-3.750,-0.0243],[-3.500,-0.0246],[-3.250,-0.0249],[-3.000,-0.0244],[-2.750,-0.0418],[-2.500,-0.0624],[-2.250,-0.0608],[-2.000,-0.0590],[-1.750,-0.0581],[-1.500,-0.0569],[-1.250,-0.0552],[-1.000,-0.0540],[-0.750,-0.0530],[-0.500,-0.0516],[-0.250,-0.0499],[0.000,-0.0489],[0.250,-0.0476],[0.500,-0.0455],[0.750,-0.0445],[1.000,-0.0432],[1.250,-0.0416],[1.500,-0.0397],[1.750,-0.0384],[2.000,-0.0369],[2.250,-0.0355],[2.500,-0.0340],[2.750,-0.0324],[3.000,-0.0310],[3.250,-0.0299],[3.500,-0.0289],[3.750,-0.0279],[4.000,-0.0270],[4.250,-0.0261],[4.500,-0.0251],[4.750,-0.0241],[5.000,-0.0233],[5.250,-0.0225],[5.500,-0.0215],[5.750,-0.0205],[6.000,-0.0194],[6.250,-0.0184],[6.500,-0.0175],[6.750,-0.0164],[7.000,-0.0153],[7.250,-0.0142],[7.500,-0.0130],[7.750,-0.0117],[8.000,-0.0104],[8.250,-0.0089],[8.500,-0.0071],[8.750,-0.0052],[9.000,-0.0032],[9.250,-0.0010],[9.500,0.0013],[9.750,0.0038],[10.000,0.0064],[10.250,0.0091],[10.500,0.0118],[10.750,0.0152],[11.000,0.0184],[11.250,0.0224],[11.500,0.0267],[11.750,0.0313],[12.000,0.0344],[12.250,0.0376],[12.500,0.0400],[12.750,0.0425],[13.000,0.0444],[13.250,0.0459],[13.500,0.0471],[13.750,0.0480],[14.000,0.0485],[14.250,0.0491],[14.500,0.0495],[14.750,0.0504],[15.000,0.0503],[15.250,0.0500],[15.500,0.0498],[15.750,0.0505],[16.000,0.0490],[16.250,0.0470],[16.500,0.0445],[16.750,0.0412],[17.000,0.0369],[17.250,0.0314],[17.500,0.0257],],[[-9.500,-0.0116],[-9.250,-0.0149],[-9.000,-0.0231],[-8.750,-0.0293],[-8.500,-0.0311],[-8.250,-0.0306],[-8.000,-0.0296],[-7.750,-0.0282],[-7.500,-0.0263],[-7.250,-0.0232],[-7.000,-0.0224],[-6.750,-0.0209],[-6.500,-0.0132],[-6.250,-0.0108],[-6.000,-0.0080],[-5.750,-0.0065],[-5.500,-0.0052],[-5.250,-0.0043],[-5.000,-0.0036],[-4.750,-0.0028],[-4.500,-0.0027],[-4.250,-0.0023],[-4.000,-0.0017],[-3.750,-0.0019],[-3.500,-0.0011],[-3.250,-0.0007],[-3.000,0.0005],[-2.750,0.0013],[-2.500,0.0027],[-2.250,0.0037],[-2.000,0.0052],[-1.750,0.0069],[-1.500,-0.0061],[-1.250,-0.0279],[-1.000,-0.0397],[-0.750,-0.0387],[-0.500,-0.0381],[-0.250,-0.0372],[0.000,-0.0365],[0.250,-0.0356],[0.500,-0.0350],[0.750,-0.0341],[1.000,-0.0333],[1.250,-0.0326],[1.500,-0.0318],[1.750,-0.0310],[2.000,-0.0302],[2.250,-0.0295],[2.500,-0.0287],[2.750,-0.0280],[3.000,-0.0272],[3.250,-0.0266],[3.500,-0.0259],[3.750,-0.0253],[4.000,-0.0246],[4.250,-0.0240],[4.500,-0.0234],[4.750,-0.0228],[5.000,-0.0221],[5.250,-0.0215],[5.500,-0.0209],[5.750,-0.0202],[6.000,-0.0196],[6.250,-0.0189],[6.500,-0.0181],[6.750,-0.0174],[7.000,-0.0166],[7.250,-0.0158],[7.500,-0.0149],[7.750,-0.0140],[8.000,-0.0130],[8.250,-0.0119],[8.500,-0.0107],[8.750,-0.0093],[9.000,-0.0076],[9.250,-0.0056],[9.500,-0.0035],[9.750,-0.0013],[10.000,0.0013],[10.250,0.0041],[10.500,0.0073],[10.750,0.0111],[11.000,0.0168],[11.250,0.0207],[11.500,0.0246],[11.750,0.0282],[12.000,0.0312],[12.250,0.0341],[12.500,0.0366],[12.750,0.0386],[13.000,0.0404],[13.250,0.0417],[13.500,0.0427],[13.750,0.0433],[14.000,0.0436],[14.250,0.0437],[14.500,0.0436],[14.750,0.0432],[15.000,0.0427],[15.250,0.0421],[15.500,0.0417],[15.750,0.0412],[16.000,0.0405],[16.250,0.0398],[16.500,0.0392],[16.750,0.0383],[17.000,0.0376],[17.250,0.0377],[17.500,0.0380],[17.750,0.0370],[18.000,0.0359],[18.250,0.0343],[18.500,0.0324],[18.750,0.0303],[19.000,0.0274],[19.250,0.0238],],[[-10.250,-0.0110],[-10.000,-0.0181],[-9.250,-0.0190],[-9.000,-0.0165],[-8.750,-0.0123],[-8.500,-0.0083],[-8.250,-0.0053],[-8.000,-0.0030],[-7.750,-0.0001],[-7.500,0.0014],[-7.250,0.0024],[-7.000,0.0034],[-6.750,0.0042],[-6.500,0.0051],[-6.250,0.0057],[-6.000,0.0063],[-5.750,0.0069],[-5.500,0.0074],[-5.250,0.0078],[-5.000,0.0082],[-4.750,0.0086],[-4.500,0.0092],[-4.250,0.0097],[-4.000,0.0103],[-3.750,0.0109],[-3.500,0.0114],[-3.250,0.0119],[-3.000,0.0126],[-2.750,0.0131],[-2.500,0.0136],[-2.250,0.0141],[-2.000,0.0146],[-1.750,0.0152],[-1.500,0.0159],[-1.250,0.0167],[-1.000,0.0176],[-0.750,0.0193],[-0.500,0.0254],[-0.250,0.0282],[0.000,0.0269],[0.250,0.0260],[0.500,0.0120],[0.750,-0.0004],[1.000,-0.0088],[1.250,-0.0104],[1.500,-0.0169],[1.750,-0.0166],[2.000,-0.0240],[2.250,-0.0307],[2.500,-0.0302],[2.750,-0.0296],[3.000,-0.0291],[3.250,-0.0286],[3.500,-0.0281],[3.750,-0.0276],[4.000,-0.0271],[4.250,-0.0267],[4.500,-0.0190],[4.750,-0.0178],[5.000,-0.0165],[5.250,-0.0156],[5.500,-0.0145],[5.750,-0.0131],[6.000,-0.0118],[6.250,-0.0105],[6.500,-0.0093],[6.750,-0.0080],[7.000,-0.0068],[7.250,-0.0057],[7.500,-0.0046],[7.750,-0.0036],[8.000,-0.0025],[8.250,-0.0014],[8.500,-0.0002],[8.750,0.0009],[9.000,0.0016],[9.250,0.0024],[9.500,0.0036],[9.750,0.0047],[10.000,0.0058],[10.250,0.0072],[10.500,0.0088],[10.750,0.0105],[11.000,0.0114],[11.250,0.0130],[11.500,0.0142],[11.750,0.0185],[12.000,0.0226],[12.250,0.0267],[12.500,0.0310],[12.750,0.0347],[13.000,0.0372],[13.250,0.0393],[13.500,0.0406],[13.750,0.0416],[14.000,0.0423],[14.250,0.0427],[14.500,0.0428],[14.750,0.0426],[15.000,0.0422],[15.250,0.0416],[15.500,0.0408],[15.750,0.0399],[16.000,0.0389],[16.250,0.0378],[16.500,0.0367],[16.750,0.0357],[17.000,0.0351],],[[-13.000,-0.0323],[-12.750,-0.0290],[-12.500,-0.0230],[-12.250,-0.0186],[-12.000,-0.0165],[-11.750,-0.0149],[-11.500,-0.0133],[-11.250,-0.0120],[-11.000,-0.0104],[-10.750,-0.0089],[-10.500,-0.0072],[-10.250,-0.0055],[-10.000,-0.0040],[-9.750,-0.0025],[-9.500,-0.0014],[-9.250,0.0009],[-9.000,0.0019],[-8.750,0.0028],[-8.500,0.0038],[-8.250,0.0047],[-8.000,0.0056],[-7.750,0.0063],[-7.500,0.0071],[-7.250,0.0078],[-7.000,0.0085],[-6.750,0.0091],[-6.500,0.0098],[-6.250,0.0103],[-6.000,0.0109],[-5.750,0.0114],[-5.500,0.0120],[-5.250,0.0124],[-5.000,0.0129],[-4.750,0.0134],[-4.500,0.0139],[-4.250,0.0143],[-4.000,0.0147],[-3.750,0.0154],[-3.500,0.0159],[-3.250,0.0163],[-3.000,0.0167],[-2.750,0.0171],[-2.500,0.0174],[-2.250,0.0177],[-2.000,0.0181],[-1.750,0.0185],[-1.500,0.0190],[-1.250,0.0195],[-1.000,0.0201],[-0.750,0.0207],[-0.500,0.0215],[-0.250,0.0223],[0.000,0.0239],[0.250,0.0298],[0.500,0.0352],[0.750,0.0360],[1.000,0.0362],[1.500,0.0370],[1.750,0.0368],[2.000,0.0360],[2.250,0.0373],[2.500,0.0356],[2.750,0.0336],[3.000,0.0322],[3.250,0.0312],[3.500,0.0301],[3.750,0.0293],[4.000,0.0317],[4.250,0.0350],[4.500,0.0350],[4.750,0.0353],[5.000,0.0355],[5.250,0.0357],[5.500,0.0359],[5.750,0.0360],[6.000,0.0360],[6.250,0.0361],[6.500,0.0362],[6.750,0.0363],[7.000,0.0363],[7.250,0.0365],[7.500,0.0368],[7.750,0.0373],[8.000,0.0382],[8.250,0.0400],[8.500,0.0419],[8.750,0.0416],[9.000,0.0412],[9.250,0.0407],[9.500,0.0401],[9.750,0.0395],[10.000,0.0391],[10.250,0.0388],[10.500,0.0391],[10.750,0.0413],[11.000,0.0407],[11.250,0.0399],[11.500,0.0388],[11.750,0.0379],[12.000,0.0375],[12.250,0.0362],[12.500,0.0348],[12.750,0.0334],[13.000,0.0320],[13.250,0.0354],[13.500,0.0381],[13.750,0.0397],[14.000,0.0410],[14.250,0.0419],[14.500,0.0426],[14.750,0.0431],[15.000,0.0433],[15.250,0.0432],[15.500,0.0429],[15.750,0.0424],[16.000,0.0416],[16.250,0.0407],[16.500,0.0395],[16.750,0.0382],[17.000,0.0367],[17.250,0.0351],[17.500,0.0332],],],
{"title":"Cm v Alpha","sortData":false,"legend":{"show":false,"placement":"insideGrid","location":"ne"},"series":[{"showLabel":true,"index":0,"showLine":true,"trendline":{"type":"none","show":false},"color":"#4bb2c5"},{"showLabel":true,"index":0,"showLine":true,"trendline":{"type":"none","show":false},"color":"#EAA228"},{"showLabel":true,"index":0,"showLine":true,"trendline":{"type":"none","show":false},"color":"#839557"},{"showLabel":true,"index":0,"showLine":true,"trendline":{"type":"none","show":false},"color":"#953579"},{"showLabel":true,"index":0,"showLine":true,"trendline":{"type":"none","show":false},"color":"#d8b83f"}],"show":"$.jqplot.config.enablePlugins","axes":{"xaxis":{"max":20,"min":-15,"tickInterval":5,"tickOptions":{"formatString":"%.1f"},"forceTickAt0":true,"rendererOptions":{"forceTickAt0":true}},"yaxis":{"max":0.06,"min":-0.08,"tickInterval":0.02,"tickOptions":{"formatString":"%.2f"},"forceTickAt0":true,"rendererOptions":{"forceTickAt0":true}}},"seriesDefaults":{"lineWidth":1,"showLabel":true,"markerOptions":{"size":5,"show":false}}});
jqplots.push(p);

var p = $.jqplot('dragaoa',[[[-9.500,0.11039],[-9.250,0.10713],[-9.000,0.10608],[-8.750,0.10077],[-8.500,0.09704],[-8.250,0.09391],[-8.000,0.09083],[-7.750,0.08755],[-7.500,0.08466],[-7.250,0.08191],[-7.000,0.07859],[-5.500,0.06037],[-5.250,0.06039],[-5.000,0.06045],[-4.750,0.04770],[-4.500,0.04515],[-4.250,0.04254],[-4.000,0.04006],[-3.750,0.03819],[-3.500,0.03667],[-3.250,0.03536],[-3.000,0.03407],[-2.750,0.03283],[-2.500,0.03160],[-2.250,0.02688],[-2.000,0.02728],[-1.750,0.02758],[-1.500,0.02784],[-1.250,0.02806],[-1.000,0.02826],[-0.750,0.02840],[-0.500,0.02859],[-0.250,0.02886],[0.000,0.02927],[0.250,0.02983],[0.500,0.03051],[0.750,0.03121],[1.000,0.03190],[1.250,0.03257],[1.500,0.03323],[1.750,0.03424],[2.000,0.03506],[2.250,0.03582],[2.500,0.03651],[2.750,0.03678],[3.000,0.03781],[3.250,0.03896],[3.500,0.04026],[3.750,0.04137],[4.000,0.04149],[4.250,0.04348],[4.500,0.04528],[4.750,0.04439],[5.000,0.04711],[5.250,0.04945],[5.500,0.04977],[5.750,0.05039],[6.000,0.05405],[6.250,0.05566],[6.500,0.05170],[6.750,0.05543],[7.000,0.06167],[7.250,0.06254],[7.500,0.06253],[7.750,0.06194],[8.000,0.06039],[8.250,0.05343],[8.500,0.04442],[8.750,0.04566],[9.000,0.04676],[9.250,0.04776],[9.500,0.05425],[9.750,0.06080],[10.000,0.06973],[10.250,0.08686],[10.500,0.09626],[10.750,0.10252],[11.000,0.10360],[11.250,0.10987],[11.500,0.11506],],[[-9.500,0.10056],[-9.250,0.09697],[-9.000,0.09316],[-8.750,0.08904],[-8.500,0.08541],[-8.250,0.08232],[-8.000,0.07757],[-7.750,0.07476],[-7.500,0.07461],[-7.250,0.07103],[-7.000,0.06824],[-6.750,0.06414],[-6.500,0.06083],[-6.250,0.05814],[-6.000,0.04136],[-5.750,0.03760],[-5.500,0.03355],[-5.250,0.03179],[-5.000,0.02932],[-4.750,0.02798],[-4.500,0.02643],[-4.250,0.02527],[-4.000,0.02417],[-3.750,0.02312],[-3.500,0.02236],[-3.250,0.02144],[-3.000,0.02073],[-2.750,0.01758],[-2.500,0.01792],[-2.250,0.01811],[-2.000,0.01833],[-1.750,0.01852],[-1.500,0.01875],[-1.250,0.01898],[-1.000,0.01918],[-0.750,0.01938],[-0.500,0.01956],[-0.250,0.01969],[0.000,0.01982],[0.250,0.01991],[0.500,0.01987],[0.750,0.01988],[1.000,0.01988],[1.250,0.01978],[1.500,0.01954],[1.750,0.01943],[2.000,0.01929],[2.250,0.01914],[2.500,0.01898],[2.750,0.01879],[3.000,0.01868],[3.250,0.01871],[3.500,0.01880],[3.750,0.01893],[4.000,0.01911],[4.250,0.01928],[4.500,0.01942],[4.750,0.01956],[5.000,0.01987],[5.250,0.02017],[5.500,0.02037],[5.750,0.02053],[6.000,0.02069],[6.250,0.02100],[6.500,0.02135],[6.750,0.02169],[7.000,0.02203],[7.250,0.02238],[7.500,0.02279],[7.750,0.02324],[8.000,0.02373],[8.250,0.02427],[8.500,0.02491],[8.750,0.02557],[9.000,0.02619],[9.250,0.02680],[9.500,0.02744],[9.750,0.02817],[10.000,0.02898],[10.250,0.02986],[10.500,0.03072],[10.750,0.03169],[11.000,0.03268],[11.250,0.03361],[11.500,0.03454],[11.750,0.03557],[12.000,0.03671],[12.250,0.03819],[12.500,0.03959],[12.750,0.04161],[13.000,0.04363],[13.250,0.04620],[13.500,0.04921],[13.750,0.05229],[14.000,0.05529],[14.250,0.05842],[14.500,0.06132],[14.750,0.06371],[15.000,0.06735],[15.250,0.07083],[15.500,0.07379],[15.750,0.07598],[16.000,0.08100],[16.250,0.08652],[16.500,0.09270],[16.750,0.09989],[17.000,0.10836],[17.250,0.11850],[17.500,0.12937],],[[-9.500,0.09143],[-9.250,0.08713],[-9.000,0.08066],[-8.750,0.06760],[-8.500,0.06716],[-8.250,0.06524],[-8.000,0.06299],[-7.750,0.06038],[-7.500,0.05709],[-7.250,0.05241],[-7.000,0.04974],[-6.750,0.04781],[-6.500,0.03531],[-6.250,0.03195],[-6.000,0.02861],[-5.750,0.02660],[-5.500,0.02542],[-5.250,0.02411],[-5.000,0.02283],[-4.750,0.02182],[-4.500,0.02089],[-4.250,0.02023],[-4.000,0.01982],[-3.750,0.01857],[-3.500,0.01803],[-3.250,0.01750],[-3.000,0.01712],[-2.750,0.01643],[-2.500,0.01586],[-2.250,0.01499],[-2.000,0.01427],[-1.750,0.01366],[-1.500,0.01406],[-1.250,0.01494],[-1.000,0.01397],[-0.750,0.01383],[-0.500,0.01372],[-0.250,0.01358],[0.000,0.01348],[0.250,0.01333],[0.500,0.01323],[0.750,0.01310],[1.000,0.01300],[1.250,0.01292],[1.500,0.01285],[1.750,0.01279],[2.000,0.01275],[2.250,0.01274],[2.500,0.01275],[2.750,0.01279],[3.000,0.01287],[3.250,0.01298],[3.500,0.01312],[3.750,0.01327],[4.000,0.01344],[4.250,0.01364],[4.500,0.01385],[4.750,0.01405],[5.000,0.01428],[5.250,0.01450],[5.500,0.01474],[5.750,0.01503],[6.000,0.01527],[6.250,0.01556],[6.500,0.01588],[6.750,0.01612],[7.000,0.01645],[7.250,0.01677],[7.500,0.01703],[7.750,0.01731],[8.000,0.01760],[8.250,0.01796],[8.500,0.01833],[8.750,0.01892],[9.000,0.01971],[9.250,0.02062],[9.500,0.02152],[9.750,0.02229],[10.000,0.02314],[10.250,0.02395],[10.500,0.02474],[10.750,0.02551],[11.000,0.02644],[11.250,0.02720],[11.500,0.02826],[11.750,0.02943],[12.000,0.03057],[12.250,0.03198],[12.500,0.03377],[12.750,0.03578],[13.000,0.03816],[13.250,0.04092],[13.500,0.04346],[13.750,0.04646],[14.000,0.04972],[14.250,0.05272],[14.500,0.05601],[14.750,0.05943],[15.000,0.06304],[15.250,0.06680],[15.500,0.07021],[15.750,0.07340],[16.000,0.07676],[16.250,0.08010],[16.500,0.08327],[16.750,0.08671],[17.000,0.08989],[17.250,0.09231],[17.500,0.09467],[17.750,0.09836],[18.000,0.10211],[18.250,0.10650],[18.500,0.11125],[18.750,0.11615],[19.000,0.12217],[19.250,0.12910],],[[-10.250,0.08575],[-10.000,0.07274],[-9.250,0.04580],[-9.000,0.04255],[-8.750,0.03797],[-8.500,0.03410],[-8.250,0.03139],[-8.000,0.02981],[-7.750,0.02658],[-7.500,0.02463],[-7.250,0.02337],[-7.000,0.02225],[-6.750,0.02126],[-6.500,0.02046],[-6.250,0.01966],[-6.000,0.01873],[-5.750,0.01789],[-5.500,0.01717],[-5.250,0.01655],[-5.000,0.01614],[-4.750,0.01489],[-4.500,0.01423],[-4.250,0.01370],[-4.000,0.01325],[-3.750,0.01288],[-3.500,0.01249],[-3.250,0.01217],[-3.000,0.01181],[-2.750,0.01142],[-2.500,0.01115],[-2.250,0.01088],[-2.000,0.01052],[-1.750,0.01011],[-1.500,0.00970],[-1.250,0.00933],[-1.000,0.00901],[-0.750,0.00849],[-0.500,0.00736],[-0.250,0.00718],[0.000,0.00760],[0.250,0.00802],[0.500,0.00930],[0.750,0.01020],[1.000,0.01044],[1.250,0.01061],[1.500,0.01040],[1.750,0.01065],[2.000,0.01009],[2.250,0.00953],[2.500,0.00961],[2.750,0.00973],[3.000,0.00987],[3.250,0.01003],[3.500,0.01018],[3.750,0.01034],[4.000,0.01052],[4.250,0.01064],[4.500,0.01134],[4.750,0.01142],[5.000,0.01160],[5.250,0.01171],[5.500,0.01187],[5.750,0.01203],[6.000,0.01216],[6.250,0.01237],[6.500,0.01248],[6.750,0.01264],[7.000,0.01283],[7.250,0.01297],[7.500,0.01318],[7.750,0.01345],[8.000,0.01385],[8.250,0.01439],[8.500,0.01497],[8.750,0.01557],[9.000,0.01609],[9.250,0.01658],[9.500,0.01710],[9.750,0.01763],[10.000,0.01813],[10.250,0.01873],[10.500,0.01943],[10.750,0.02075],[11.000,0.02207],[11.250,0.02319],[11.500,0.02450],[11.750,0.02566],[12.000,0.02685],[12.250,0.02804],[12.500,0.02943],[12.750,0.03114],[13.000,0.03282],[13.250,0.03536],[13.500,0.03750],[13.750,0.03966],[14.000,0.04219],[14.250,0.04493],[14.500,0.04798],[14.750,0.05116],[15.000,0.05459],[15.250,0.05823],[15.500,0.06191],[15.750,0.06579],[16.000,0.06990],[16.250,0.07392],[16.500,0.07779],[16.750,0.08180],[17.000,0.08551],],[[-13.000,0.03586],[-12.750,0.03466],[-12.500,0.03195],[-12.250,0.03018],[-12.000,0.02948],[-11.750,0.02907],[-11.500,0.02860],[-11.250,0.02840],[-11.000,0.02792],[-10.750,0.02737],[-10.500,0.02656],[-10.250,0.02565],[-10.000,0.02488],[-9.750,0.02430],[-9.500,0.02427],[-9.250,0.02144],[-9.000,0.02088],[-8.750,0.02033],[-8.500,0.01979],[-8.250,0.01921],[-8.000,0.01866],[-7.750,0.01819],[-7.500,0.01771],[-7.250,0.01725],[-7.000,0.01686],[-6.750,0.01612],[-6.500,0.01470],[-6.250,0.01415],[-6.000,0.01367],[-5.750,0.01324],[-5.500,0.01284],[-5.250,0.01244],[-5.000,0.01205],[-4.750,0.01174],[-4.500,0.01145],[-4.250,0.01117],[-4.000,0.01091],[-3.750,0.01037],[-3.500,0.01003],[-3.250,0.00979],[-3.000,0.00958],[-2.750,0.00940],[-2.500,0.00924],[-2.250,0.00908],[-2.000,0.00889],[-1.750,0.00873],[-1.500,0.00848],[-1.250,0.00825],[-1.000,0.00801],[-0.750,0.00774],[-0.500,0.00751],[-0.250,0.00728],[0.000,0.00688],[0.250,0.00584],[0.500,0.00536],[0.750,0.00544],[1.000,0.00556],[1.500,0.00587],[1.750,0.00608],[2.000,0.00635],[2.250,0.00652],[2.500,0.00679],[2.750,0.00711],[3.000,0.00739],[3.250,0.00766],[3.500,0.00792],[3.750,0.00815],[4.000,0.00825],[4.250,0.00825],[4.500,0.00833],[4.750,0.00839],[5.000,0.00846],[5.250,0.00850],[5.500,0.00860],[5.750,0.00868],[6.000,0.00875],[6.250,0.00887],[6.500,0.00895],[6.750,0.00910],[7.000,0.00920],[7.250,0.00935],[7.500,0.00954],[7.750,0.00976],[8.000,0.01012],[8.250,0.01051],[8.500,0.01093],[8.750,0.01144],[9.000,0.01193],[9.250,0.01240],[9.500,0.01288],[9.750,0.01330],[10.000,0.01378],[10.250,0.01433],[10.500,0.01511],[10.750,0.01657],[11.000,0.01746],[11.250,0.01831],[11.500,0.01941],[11.750,0.02069],[12.000,0.02177],[12.250,0.02295],[12.500,0.02430],[12.750,0.02599],[13.000,0.02780],[13.250,0.02999],[13.500,0.03183],[13.750,0.03331],[14.000,0.03519],[14.250,0.03720],[14.500,0.03954],[14.750,0.04192],[15.000,0.04458],[15.250,0.04743],[15.500,0.05021],[15.750,0.05355],[16.000,0.05740],[16.250,0.06093],[16.500,0.06517],[16.750,0.06955],[17.000,0.07406],[17.250,0.07875],[17.500,0.08394],],],
{"title":"Cd v Alpha","sortData":false,"legend":{"show":false,"placement":"insideGrid","location":"ne"},"series":[{"showLabel":true,"index":0,"showLine":true,"trendline":{"type":"none","show":false},"color":"#4bb2c5"},{"showLabel":true,"index":0,"showLine":true,"trendline":{"type":"none","show":false},"color":"#EAA228"},{"showLabel":true,"index":0,"showLine":true,"trendline":{"type":"none","show":false},"color":"#839557"},{"showLabel":true,"index":0,"showLine":true,"trendline":{"type":"none","show":false},"color":"#953579"},{"showLabel":true,"index":0,"showLine":true,"trendline":{"type":"none","show":false},"color":"#d8b83f"}],"show":"$.jqplot.config.enablePlugins","axes":{"xaxis":{"max":20,"min":-15,"tickInterval":5,"tickOptions":{"formatString":"%.1f"},"forceTickAt0":true,"rendererOptions":{"forceTickAt0":true}},"yaxis":{"max":0.14,"min":0,"tickInterval":0.02,"tickOptions":{"formatString":"%.2f"},"forceTickAt0":true,"rendererOptions":{"forceTickAt0":true}}},"seriesDefaults":{"lineWidth":1,"showLabel":true,"markerOptions":{"size":5,"show":false}}});
jqplots.push(p);

var p = $.jqplot('effaoa',[[[-9.500,-3.9713742186792],[-9.250,-4.0866237281807],[-9.000,-4.3212669683258],[-8.750,-4.2363798749628],[-8.500,-4.2971970321517],[-8.250,-4.4223192418273],[-8.000,-4.540350104591],[-7.750,-4.5893774985722],[-7.500,-4.6480037798252],[-7.250,-4.8052740813088],[-7.000,-4.7474233363023],[-5.500,-9.7979128706311],[-5.250,-9.6257658552741],[-5.000,-9.6526054590571],[-4.750,-12.345911949686],[-4.500,-12.846068660022],[-4.250,-13.422661024918],[-4.000,-13.976535197204],[-3.750,-14.289080911233],[-3.500,-14.436869375511],[-3.250,-14.493778280543],[-3.000,-14.502494863516],[-2.750,-14.41060006092],[-2.500,-13.620253164557],[-2.250,-3.7276785714286],[-2.000,-1.4589442815249],[-1.750,0.76867295141407],[-1.500,2.8663793103448],[-1.250,4.8859586600143],[-1.000,6.8365180467091],[-0.750,8.8485915492958],[-0.500,10.496677159846],[-0.250,11.860706860707],[0.000,12.866416125726],[0.250,13.536708012068],[0.500,14.001966568338],[0.750,14.392822813201],[1.000,14.755485893417],[1.250,15.099785078293],[1.500,15.401745410773],[1.750,15.309579439252],[2.000,15.416428978893],[2.250,15.569514237856],[2.500,15.771021637907],[2.750,16.294181620446],[3.000,16.228510975932],[3.250,16.088295687885],[3.500,15.866865375062],[3.750,15.791636451535],[4.000,16.350927934442],[4.250,15.701471941122],[4.500,15.218639575972],[4.750,16.321243523316],[5.000,15.285502016557],[5.250,14.529828109201],[5.500,14.876431585292],[5.750,15.036713633657],[6.000,13.685476410731],[6.250,13.390226374416],[6.500,15.698259187621],[6.750,14.313548619881],[7.000,11.945840765364],[7.250,11.969939238887],[7.500,12.326883096114],[7.750,12.867290926703],[8.000,13.753932770326],[8.250,17.143926632978],[8.500,23.1990094552],[8.750,22.746386333771],[9.000,22.455089820359],[9.250,22.282244556114],[9.500,18.560368663594],[9.750,15.59375],[10.000,12.554137387064],[10.250,8.8256965231407],[10.500,7.4568875960939],[10.750,6.7752633632462],[11.000,6.9005791505792],[11.250,6.3256575953399],[11.500,5.9994785329393],],[[-9.500,-4.6370326173429],[-9.250,-4.9458595441889],[-9.000,-5.725633319021],[-8.750,-5.2695417789757],[-8.500,-5.5485306170238],[-8.250,-6.4079203109815],[-8.000,-6.3619956168622],[-7.750,-6.5128410914928],[-7.500,-7.3716659965152],[-7.250,-7.7685485006335],[-7.000,-7.8341148886284],[-6.750,-8.1867789211101],[-6.500,-8.1522275193161],[-6.250,-8.3711730306158],[-6.000,-11.743230174081],[-5.750,-12.377659574468],[-5.500,-13.210134128167],[-5.250,-13.208556149733],[-5.000,-13.141200545703],[-4.750,-12.862759113653],[-4.500,-12.292849035187],[-4.250,-11.693707954096],[-4.000,-10.815059991725],[-3.750,-9.909169550173],[-3.500,-8.886404293381],[-3.250,-7.803171641791],[-3.000,-6.825856246985],[-2.750,-0.073947667804323],[-2.500,8.4486607142857],[-2.250,9.4533406957482],[-2.000,10.398254228041],[-1.750,11.490280777538],[-1.500,12.485333333333],[-1.250,13.393045310854],[-1.000,14.384775808133],[-0.750,15.376676986584],[-0.500,16.324130879346],[-0.250,17.272727272727],[0.000,18.299697275479],[0.250,19.316926167755],[0.500,20.387518872672],[0.750,21.519114688129],[1.000,22.650905432596],[1.250,23.872598584429],[1.500,25.276356192426],[1.750,26.587750900669],[2.000,27.952306894764],[2.250,29.35736677116],[2.500,30.806111696523],[2.750,32.336349121873],[3.000,33.77408993576],[3.250,34.970603955104],[3.500,36.058510638298],[3.750,37.062863180137],[4.000,37.948717948718],[4.250,38.838174273859],[4.500,39.773429454171],[4.750,40.705521472393],[5.000,41.238047307499],[5.250,41.774913237481],[5.500,42.493863524791],[5.750,43.278129566488],[6.000,44.045432576124],[6.250,44.442857142857],[6.500,44.735362997658],[6.750,45.03918856616],[7.000,45.329096686337],[7.250,45.58981233244],[7.500,45.673541026766],[7.750,45.632530120482],[8.000,45.490939738727],[8.250,45.224557066337],[8.500,44.692894419912],[8.750,44.106374657802],[9.000,43.581519663994],[9.250,43.055970149254],[9.500,42.445335276968],[9.750,41.671991480298],[10.000,40.776397515528],[10.250,39.809109176155],[10.500,38.919270833333],[10.750,37.784790154623],[11.000,36.71664626683],[11.250,35.590598036299],[11.500,34.452808338159],[11.750,33.129041326961],[12.000,32.032143830019],[12.250,30.539408222048],[12.500,29.401363980803],[12.750,27.664023071377],[13.000,26.211322484529],[13.250,24.463203463203],[13.500,22.704734809998],[13.750,21.153184165232],[14.000,19.853499728703],[14.250,18.687093461143],[14.500,17.736464448793],[14.750,17.121331031235],[15.000,16.087602078693],[15.250,15.218127911902],[15.500,14.591408049871],[15.750,14.255067122927],[16.000,13.191358024691],[16.250,12.160194174757],[16.500,11.148867313916],[16.750,10.118129942937],[17.000,9.0734588409007],[17.250,8.0177215189873],[17.500,7.088196645281],],[[-9.500,-5.3319479383135],[-9.250,-5.6203374268335],[-9.000,-6.3401934044136],[-8.750,-6.3713017751479],[-8.500,-8.394877903514],[-8.250,-8.2265481299816],[-8.000,-8.3711700269884],[-7.750,-8.6932759191785],[-7.500,-9.383429672447],[-7.250,-10.499904598359],[-7.000,-10.729794933655],[-6.750,-10.87638569337],[-6.500,-15.3525913339],[-6.250,-16.579029733959],[-6.000,-18.042642432716],[-5.750,-18.635338345865],[-5.500,-18.630999213218],[-5.250,-18.647863956864],[-5.000,-18.572054314498],[-4.750,-18.253895508708],[-4.500,-17.730971756821],[-4.250,-16.974789915966],[-4.000,-15.993945509586],[-3.750,-15.498115239634],[-3.500,-14.559068219634],[-3.250,-13.497142857143],[-3.000,-12.371495327103],[-2.750,-11.412051125989],[-2.500,-10.384615384615],[-2.250,-9.4863242161441],[-2.000,-8.5283812193413],[-1.750,-7.5402635431918],[-1.500,0.46230440967283],[-1.250,10.28781793842],[-1.000,17.129563350036],[-0.750,19.023861171367],[-0.500,20.97667638484],[-0.250,22.967599410898],[0.000,24.977744807122],[0.250,27.074268567142],[0.500,29.153439153439],[0.750,31.30534351145],[1.000,33.446153846154],[1.250,35.565015479876],[1.500,37.665369649805],[1.750,39.765441751368],[2.000,41.819607843137],[2.250,43.775510204082],[2.500,45.662745098039],[2.750,47.427677873339],[3.000,49.028749028749],[3.250,50.500770416025],[3.500,51.814024390244],[3.750,53.059532780708],[4.000,54.188988095238],[4.250,55.16862170088],[4.500,56.072202166065],[4.750,56.975088967972],[5.000,57.717086834734],[5.250,58.48275862069],[5.500,59.15196743555],[5.750,59.56753160346],[6.000,60.176817288802],[6.250,60.546272493573],[6.500,60.761964735516],[6.750,61.277915632754],[7.000,61.410334346505],[7.250,61.550387596899],[7.500,61.879036993541],[7.750,62.09127671866],[8.000,62.215909090909],[8.250,62.043429844098],[8.500,61.833060556465],[8.750,60.771670190275],[9.000,59.036022323694],[9.250,56.993210475267],[9.500,55.097583643123],[9.750,53.687752355316],[10.000,52.065687121867],[10.250,50.559498956159],[10.500,49.110751818917],[10.750,47.597020776166],[11.000,45.36308623298],[11.250,43.963235294118],[11.500,42.055909412597],[11.750,40.156303092083],[12.000,38.550866862938],[12.250,36.697936210131],[12.500,34.545454545455],[12.750,32.439910564561],[13.000,30.20178197065],[13.250,27.925219941349],[13.500,26.173492867004],[13.750,24.306930693069],[14.000,22.528157683025],[14.250,21.147572078907],[14.500,19.800035707909],[14.750,18.561332660273],[15.000,17.393718274112],[15.250,16.302395209581],[15.500,15.445093291554],[15.750,14.74931880109],[16.000,14.07113079729],[16.250,13.458177278402],[16.500,12.93382971058],[16.750,12.394187521624],[17.000,11.944598954277],[17.250,11.660708482288],[17.500,11.398542304848],[17.750,10.94652297682],[18.000,10.518068749388],[18.250,10.032863849765],[18.500,9.5406741573034],[18.750,9.0727507533362],[19.000,8.5233690758779],[19.250,7.9419054996127],],[[-10.250,-5.530029154519],[-10.000,-7.0387682155623],[-9.250,-16.21615720524],[-9.000,-17.349001175088],[-8.750,-19.699762970766],[-8.500,-22.017595307918],[-8.250,-23.692258681109],[-8.000,-24.491781281449],[-7.750,-27.159518434913],[-7.500,-28.587088915956],[-7.250,-29.216944801027],[-7.000,-29.680898876404],[-6.750,-29.967074317968],[-6.500,-29.980449657869],[-6.250,-29.938962360122],[-6.000,-30.069407367859],[-5.750,-30.039128004472],[-5.500,-29.784507862551],[-5.250,-29.293051359517],[-5.000,-28.395291201983],[-4.750,-29.012760241773],[-4.500,-28.566408995081],[-4.250,-27.773722627737],[-4.000,-26.769811320755],[-3.750,-25.54347826087],[-3.500,-24.243394715773],[-3.250,-22.728019720624],[-3.000,-21.244707874682],[-2.750,-19.68476357268],[-2.500,-17.793721973094],[-2.250,-15.808823529412],[-2.000,-13.88783269962],[-1.750,-11.978239366963],[-1.500,-9.9587628865979],[-1.250,-7.7706323687031],[-1.000,-5.4384017758047],[-0.750,-3.510011778563],[-0.500,-4.2663043478261],[-0.250,-1.6155988857939],[0.000,3.4210526315789],[0.250,7.7057356608479],[0.500,17.354838709677],[0.750,24.803921568627],[1.000,31.005747126437],[1.250,33.949104618285],[1.500,40.326923076923],[1.750,41.896713615023],[2.000,50.485629335976],[2.250,59.643231899265],[2.500,61.727367325702],[2.750,63.504624871531],[3.000,65.106382978723],[3.250,66.510468594217],[3.500,67.956777996071],[3.750,69.294003868472],[4.000,70.437262357414],[4.250,71.973684210526],[4.500,66.719576719577],[4.750,68.126094570928],[5.000,68.853448275862],[5.250,70.136635354398],[5.500,71.019376579612],[5.750,71.778886118038],[6.000,72.705592105263],[6.250,73.096200485044],[6.500,74.134615384615],[6.750,74.825949367089],[7.000,75.323460639127],[7.250,76.15265998458],[7.500,76.525037936267],[7.750,76.520446096654],[8.000,75.740072202166],[8.250,74.190410006949],[8.500,72.538410153641],[8.750,70.918432883751],[9.000,69.906774394034],[9.250,69.041013268999],[9.500,68],[9.750,66.971072036302],[10.000,66.100386100386],[10.250,64.837159636946],[10.500,63.201235203294],[10.750,59.585542168675],[11.000,56.488445854101],[11.250,54.036222509702],[11.500,51.34693877551],[11.750,48.620420888542],[12.000,46.104283054004],[12.250,43.794579172611],[12.500,41.287801563031],[12.750,38.619139370584],[13.000,36.471663619744],[13.250,33.52092760181],[13.500,31.52],[13.750,29.76046394352],[14.000,27.885754918227],[14.250,26.089472512798],[14.500,24.310129220509],[14.750,22.705238467553],[15.000,21.172375893021],[15.250,19.738966168642],[15.500,18.470360200291],[15.750,17.279221766226],[16.000,16.150214592275],[16.250,15.183982683983],[16.500,14.357886617817],[16.750,13.569682151589],[17.000,12.904923400772],],[[-13.000,-29.899609592861],[-12.750,-30.905943450664],[-12.500,-34.14710485133],[-12.250,-36.29887342611],[-12.000,-36.723202170963],[-11.750,-36.659786721706],[-11.500,-36.678321678322],[-11.250,-36.257042253521],[-11.000,-36.25],[-10.750,-36.335403726708],[-10.500,-36.810993975904],[-10.250,-37.461988304094],[-10.000,-37.889871382637],[-9.750,-37.987654320988],[-9.500,-37.124021425628],[-9.250,-41.539179104478],[-9.000,-41.599616858238],[-8.750,-41.628135759961],[-8.500,-41.622031328954],[-8.250,-41.686621551275],[-8.000,-41.672025723473],[-7.750,-41.429356789445],[-7.500,-41.174477696217],[-7.250,-40.846376811594],[-7.000,-40.314353499407],[-6.750,-40.638957816377],[-6.500,-42.952380952381],[-6.250,-42.833922261484],[-6.000,-42.472567666423],[-5.750,-41.910876132931],[-5.500,-41.214953271028],[-5.250,-40.442122186495],[-5.000,-39.593360995851],[-4.750,-38.415672913118],[-4.500,-37.07423580786],[-4.250,-35.631154879141],[-4.000,-34.060494958753],[-3.750,-33.413693346191],[-3.500,-31.944167497507],[-3.250,-30.020429009193],[-3.000,-27.870563674322],[-2.750,-25.563829787234],[-2.500,-23.073593073593],[-2.250,-20.528634361233],[-2.000,-17.964004499438],[-1.750,-15.223367697595],[-1.500,-12.629716981132],[-1.250,-9.8424242424242],[-1.000,-7.0162297128589],[-0.750,-4.0568475452196],[-0.500,-0.94540612516644],[-0.250,2.3351648351648],[0.000,5.3197674418605],[0.250,6.1986301369863],[0.500,7.7238805970149],[0.750,12.279411764706],[1.000,17.104316546763],[1.500,25.536626916525],[1.750,29.6875],[2.000,33.590551181102],[2.250,36.211656441718],[2.500,40.20618556701],[2.750,43.670886075949],[3.000,46.671177266576],[3.250,49.242819843342],[3.500,51.729797979798],[3.750,54.134969325153],[4.000,55.515151515152],[4.250,56.993939393939],[4.500,59.68787515006],[4.750,62.336114421931],[5.000,64.893617021277],[5.250,67.717647058824],[5.500,69.988372093023],[5.750,72.407834101382],[6.000,74.902857142857],[6.250,76.854565952649],[6.500,79.184357541899],[6.750,80.747252747253],[7.000,82.760869565217],[7.250,84.181818181818],[7.500,85.125786163522],[7.750,85.676229508197],[8.000,84.683794466403],[8.250,83.111322549952],[8.500,81.381518755718],[8.750,79.965034965035],[9.000,78.860016764459],[9.250,78],[9.500,77.173913043478],[9.750,76.766917293233],[10.000,75.972423802612],[10.250,74.752267969295],[10.500,72.217074784911],[10.750,66.155703077852],[11.000,64.037800687285],[11.250,62.282905516111],[11.500,59.78876867594],[11.750,56.955050749154],[12.000,54.91961414791],[12.250,53.002178649237],[12.500,50.843621399177],[12.750,48.15313582147],[13.000,45.546762589928],[13.250,41.683894631544],[13.500,39.013509267986],[13.750,37.331131792255],[14.000,35.316851378232],[14.250,33.405913978495],[14.500,31.375821952453],[14.750,29.563454198473],[15.000,27.745625841184],[15.250,26.025722116804],[15.500,24.566819358693],[15.750,22.952380952381],[16.000,21.280487804878],[16.250,19.981946495979],[16.500,18.549946294307],[16.750,17.25377426312],[17.000,16.081555495544],[17.250,15.000634920635],[17.500,13.924231593996],],],
{"title":"Cl\/Cd v Alpha","sortData":false,"legend":{"show":false,"placement":"insideGrid","location":"ne"},"series":[{"showLabel":true,"index":0,"showLine":true,"trendline":{"type":"none","show":false},"color":"#4bb2c5"},{"showLabel":true,"index":0,"showLine":true,"trendline":{"type":"none","show":false},"color":"#EAA228"},{"showLabel":true,"index":0,"showLine":true,"trendline":{"type":"none","show":false},"color":"#839557"},{"showLabel":true,"index":0,"showLine":true,"trendline":{"type":"none","show":false},"color":"#953579"},{"showLabel":true,"index":0,"showLine":true,"trendline":{"type":"none","show":false},"color":"#d8b83f"}],"show":"$.jqplot.config.enablePlugins","axes":{"xaxis":{"max":20,"min":-15,"tickInterval":5,"tickOptions":{"formatString":"%.1f"},"forceTickAt0":true,"rendererOptions":{"forceTickAt0":true}},"yaxis":{"max":100,"min":-60,"tickInterval":20,"tickOptions":{"formatString":"%d"},"forceTickAt0":true,"rendererOptions":{"forceTickAt0":true}}},"seriesDefaults":{"lineWidth":1,"showLabel":true,"markerOptions":{"size":5,"show":false}}});
jqplots.push(p);

});
/*]]>*/
</script>
</body>
</html>