<!DOCTYPE html>
<html lang="en">
<head>
<link rel="stylesheet" type="text/css" href="/assets/62ff72f1/jquery.jqplot.min.css" media="screen, projection, print" />
<style type="text/css">
/*<![CDATA[*/
.jqplot-title {font-size:1.8em;padding:3px;}.jqplot-xaxis {font-size:0.8em;padding-top:3px;}.jqplot-yaxis {font-size:0.8em;padding-right:3px;}
/*]]>*/
</style>
<!--[if lt IE 9]><script type="text/javascript" src="/assets/62ff72f1/excanvas.min.js"></script></script><![endif]-->
<script type="text/javascript" src="/assets/780cfc96/jquery.min.js"></script>
<script type="text/javascript" src="/assets/62ff72f1/jquery.min.js"></script>
<script type="text/javascript" src="/assets/62ff72f1/jquery.jqplot.min.js"></script>
<script type="text/javascript">
/*<![CDATA[*/
var jqplots = [];

/*]]>*/
</script>
<title>Airfoil polar plot</title>
<meta http-equiv="Content-Language" content="en-gb"/>
<meta http-equiv="Content-Type" content="text/html; charset=windows-1252"/>
<meta content="none" name="robots" />
<meta name="copyright" content="Copyright 2010-2013. All Rights Reserved" />
</head>
<body>

<table style="width:800px;">
<tr><td>
<div id="liftdrag" style="height:400px;width:398px;margin:auto;display:inline-block;"></div>
</td><td>
<div id="liftaoa" style="height:400px;width:398px;margin:auto;display:inline-block;"></div>
</td></tr>
<tr><td>
<div id="effaoa" style="height:400px;width:398px;margin:auto;display:inline-block;"></div>
</td><td>
<div id="dragaoa" style="height:400px;width:398px;margin:auto;display:inline-block;"></div>
</td></tr>
<tr><td>
<div id="momentaoa" style="height:400px;width:398px;margin:auto;display:inline-block;"></div>
</td><td>
</td></tr>

</table>
<script type="text/javascript">
/*<![CDATA[*/
jQuery(window).load(function() {
var p = $.jqplot('liftdrag',[[[0.09904,-0.5470],[0.09553,-0.5506],[0.09224,-0.5589],[0.08751,-0.5374],[0.08332,-0.5255],[0.08654,-0.6488],[0.08405,-0.6477],[0.07614,-0.6138],[0.05051,-0.6477],[0.04508,-0.6256],[0.04108,-0.6035],[0.03730,-0.5793],[0.03382,-0.5527],[0.03103,-0.5259],[0.02897,-0.4988],[0.02661,-0.4710],[0.02474,-0.4423],[0.02308,-0.4143],[0.02147,-0.3865],[0.01963,-0.3613],[0.01663,-0.2520],[0.01620,-0.2320],[0.01584,-0.2115],[0.01556,-0.1907],[0.01532,-0.1698],[0.01513,-0.1488],[0.01497,-0.1276],[0.01485,-0.1063],[0.01475,-0.0850],[0.01467,-0.0638],[0.01462,-0.0426],[0.01459,-0.0213],[0.01458,0.0000],[0.01459,0.0213],[0.01462,0.0425],[0.01467,0.0638],[0.01475,0.0850],[0.01485,0.1063],[0.01497,0.1276],[0.01513,0.1488],[0.01532,0.1698],[0.01555,0.1908],[0.01584,0.2115],[0.01620,0.2320],[0.01663,0.2521],[0.01964,0.3613],[0.02147,0.3865],[0.02308,0.4143],[0.02474,0.4423],[0.02661,0.4710],[0.02898,0.4988],[0.03103,0.5259],[0.03382,0.5527],[0.03730,0.5793],[0.04108,0.6035],[0.04509,0.6256],[0.05051,0.6477],[0.08404,0.6477],[0.08665,0.6512],[0.09338,0.6619],[0.09793,0.6788],[0.10053,0.6707],[0.10461,0.6829],[0.10897,0.6919],[0.11200,0.6874],[0.11531,0.6867],],[[0.12858,-0.5694],[0.12561,-0.5843],[0.12961,-0.7075],[0.12581,-0.7023],[0.12182,-0.7028],[0.11787,-0.7139],[0.11353,-0.7280],[0.10861,-0.7036],[0.10478,-0.7003],[0.10019,-0.7087],[0.09452,-0.7281],[0.09118,-0.7085],[0.08633,-0.7124],[0.08062,-0.7327],[0.07697,-0.7091],[0.05598,-0.6694],[0.05262,-0.6539],[0.03834,-0.6190],[0.03445,-0.5953],[0.03034,-0.5707],[0.02772,-0.5431],[0.02484,-0.5178],[0.02313,-0.4917],[0.02135,-0.4643],[0.01976,-0.4376],[0.01847,-0.4119],[0.01727,-0.3862],[0.01615,-0.3620],[0.01518,-0.3377],[0.01230,-0.3207],[0.01105,-0.3048],[0.01154,-0.1925],[0.01128,-0.1710],[0.01107,-0.1494],[0.01091,-0.1277],[0.01077,-0.1060],[0.01067,-0.0844],[0.01059,-0.0630],[0.01054,-0.0418],[0.01051,-0.0209],[0.01050,0.0000],[0.01051,0.0209],[0.01054,0.0418],[0.01059,0.0630],[0.01067,0.0845],[0.01077,0.1060],[0.01090,0.1277],[0.01107,0.1494],[0.01128,0.1710],[0.01153,0.1925],[0.01105,0.3048],[0.01230,0.3207],[0.01518,0.3377],[0.01615,0.3620],[0.01727,0.3862],[0.01847,0.4119],[0.01976,0.4376],[0.02135,0.4643],[0.02313,0.4917],[0.02484,0.5179],[0.02772,0.5431],[0.03034,0.5708],[0.03445,0.5953],[0.03835,0.6190],[0.06725,0.7045],[0.07196,0.7066],[0.07699,0.7092],[0.08063,0.7327],[0.08636,0.7126],[0.09114,0.7093],[0.09455,0.7282],[0.10023,0.7090],[0.10481,0.7009],[0.10863,0.7045],[0.11358,0.7282],[0.11791,0.7141],[0.12186,0.7034],],[[0.09320,-0.7096],[0.08791,-0.7131],[0.08188,-0.7187],[0.07546,-0.7199],[0.06876,-0.7212],[0.05024,-0.6682],[0.04679,-0.6579],[0.04281,-0.6499],[0.03992,-0.6414],[0.04549,-0.6745],[0.04243,-0.6563],[0.03932,-0.6391],[0.03735,-0.6198],[0.02774,-0.5908],[0.02409,-0.5667],[0.02184,-0.5408],[0.02080,-0.5140],[0.01829,-0.4882],[0.01670,-0.4628],[0.01584,-0.4366],[0.01492,-0.4106],[0.01381,-0.3858],[0.01311,-0.3604],[0.01253,-0.3346],[0.01184,-0.3092],[0.01093,-0.2843],[0.00828,-0.2717],[0.00774,-0.2547],[0.00770,-0.2266],[0.00786,-0.1685],[0.00794,-0.1058],[0.00783,-0.0838],[0.00774,-0.0622],[0.00768,-0.0409],[0.00764,-0.0202],[0.00763,0.0000],[0.00764,0.0202],[0.00768,0.0409],[0.00774,0.0622],[0.00782,0.0838],[0.00794,0.1058],[0.00786,0.1685],[0.00770,0.2266],[0.00774,0.2547],[0.00828,0.2717],[0.01094,0.2843],[0.01184,0.3092],[0.01253,0.3346],[0.01311,0.3604],[0.01381,0.3858],[0.01493,0.4106],[0.01584,0.4367],[0.01670,0.4628],[0.01828,0.4882],[0.02081,0.5140],[0.02184,0.5408],[0.02410,0.5667],[0.02774,0.5908],[0.09324,0.7101],[0.09804,0.7086],[0.10241,0.7088],[0.10604,0.7119],[0.14251,0.5762],[0.14527,0.5711],],[[0.09127,-0.7270],[0.08327,-0.7362],[0.07567,-0.7420],[0.06820,-0.7527],[0.06189,-0.7582],[0.05764,-0.7551],[0.05431,-0.7470],[0.05091,-0.7365],[0.04063,-0.7332],[0.03406,-0.7243],[0.02921,-0.7080],[0.02522,-0.6889],[0.02304,-0.6657],[0.01879,-0.6454],[0.01756,-0.6207],[0.01696,-0.5947],[0.01638,-0.5683],[0.01578,-0.5416],[0.01372,-0.5171],[0.01286,-0.4915],[0.01234,-0.4652],[0.01178,-0.4389],[0.01147,-0.4121],[0.01037,-0.3874],[0.00989,-0.3611],[0.00953,-0.3347],[0.00924,-0.3082],[0.00894,-0.2819],[0.00866,-0.2557],[0.00812,-0.2303],[0.00681,-0.2076],[0.00586,-0.1851],[0.00533,-0.1626],[0.00506,-0.1407],[0.00497,-0.1188],[0.00501,-0.0846],[0.00507,-0.0360],[0.00509,0.0000],[0.00507,0.0358],[0.00501,0.0847],[0.00497,0.1189],[0.00506,0.1408],[0.00533,0.1627],[0.00586,0.1851],[0.00681,0.2076],[0.00811,0.2304],[0.00866,0.2557],[0.00894,0.2819],[0.00924,0.3082],[0.00953,0.3347],[0.00990,0.3612],[0.01037,0.3874],[0.01146,0.4121],[0.01177,0.4389],[0.01235,0.4652],[0.01286,0.4915],[0.01370,0.5172],[0.01578,0.5416],[0.01639,0.5683],[0.01694,0.5948],[0.01755,0.6207],[0.01880,0.6454],[0.02301,0.6658],[0.02524,0.6889],[0.02926,0.7080],[0.03405,0.7244],[0.04064,0.7332],[0.08322,0.7372],[0.13904,0.5778],[0.14262,0.5782],],[[0.02331,-0.8721],[0.02137,-0.8510],[0.01730,-0.8348],[0.01537,-0.8128],[0.01479,-0.7871],[0.01432,-0.7610],[0.01390,-0.7347],[0.01361,-0.7079],[0.01235,-0.6835],[0.01175,-0.6574],[0.01159,-0.6302],[0.01133,-0.6031],[0.01125,-0.5756],[0.01035,-0.5502],[0.01018,-0.5229],[0.00995,-0.4957],[0.00978,-0.4684],[0.00989,-0.4405],[0.00878,-0.4155],[0.00846,-0.3886],[0.00820,-0.3617],[0.00795,-0.3348],[0.00774,-0.3081],[0.00759,-0.2816],[0.00737,-0.2554],[0.00720,-0.2296],[0.00705,-0.2041],[0.00665,-0.1792],[0.00584,-0.1548],[0.00506,-0.1239],[0.00434,-0.0840],[0.00393,-0.0492],[0.00377,-0.0212],[0.00375,0.0001],[0.00376,0.0213],[0.00393,0.0492],[0.00434,0.0842],[0.00507,0.1244],[0.00584,0.1548],[0.00662,0.1792],[0.00705,0.2041],[0.00720,0.2296],[0.00737,0.2554],[0.00759,0.2816],[0.00774,0.3081],[0.00795,0.3348],[0.00820,0.3617],[0.00845,0.3886],[0.00878,0.4155],[0.00989,0.4405],[0.00978,0.4684],[0.00995,0.4957],[0.01019,0.5229],[0.01035,0.5502],[0.01126,0.5755],[0.01133,0.6031],[0.01158,0.6302],[0.01174,0.6575],[0.01235,0.6835],[0.01363,0.7079],[0.01391,0.7347],[0.01432,0.7610],[0.01477,0.7872],[0.01536,0.8128],[0.01735,0.8347],[0.02139,0.8510],[0.02329,0.8722],[0.02848,0.8831],[0.11837,0.7262],],],
{"title":"Cl v Cd","sortData":false,"legend":{"show":false,"placement":"insideGrid","location":"ne"},"series":[{"showLabel":true,"index":0,"showLine":true,"trendline":{"type":"none","show":false},"color":"#4bb2c5"},{"showLabel":true,"index":0,"showLine":true,"trendline":{"type":"none","show":false},"color":"#EAA228"},{"showLabel":true,"index":0,"showLine":true,"trendline":{"type":"none","show":false},"color":"#839557"},{"showLabel":true,"index":0,"showLine":true,"trendline":{"type":"none","show":false},"color":"#953579"},{"showLabel":true,"index":0,"showLine":true,"trendline":{"type":"none","show":false},"color":"#d8b83f"}],"show":"$.jqplot.config.enablePlugins","axes":{"xaxis":{"max":0.16,"min":0,"tickInterval":0.02,"tickOptions":{"formatString":"%.2f"},"forceTickAt0":true,"rendererOptions":{"forceTickAt0":true}},"yaxis":{"max":1,"min":-1,"tickInterval":0.2,"tickOptions":{"formatString":"%.2f"},"forceTickAt0":true,"rendererOptions":{"forceTickAt0":true}}},"seriesDefaults":{"lineWidth":1,"showLabel":true,"markerOptions":{"size":5,"show":false}}});
jqplots.push(p);

var p = $.jqplot('liftaoa',[[[-8.500,-0.5470],[-8.250,-0.5506],[-8.000,-0.5589],[-7.750,-0.5374],[-7.500,-0.5255],[-7.000,-0.6488],[-6.750,-0.6477],[-6.250,-0.6138],[-6.000,-0.6477],[-5.750,-0.6256],[-5.500,-0.6035],[-5.250,-0.5793],[-5.000,-0.5527],[-4.750,-0.5259],[-4.500,-0.4988],[-4.250,-0.4710],[-4.000,-0.4423],[-3.750,-0.4143],[-3.500,-0.3865],[-3.250,-0.3613],[-3.000,-0.2520],[-2.750,-0.2320],[-2.500,-0.2115],[-2.250,-0.1907],[-2.000,-0.1698],[-1.750,-0.1488],[-1.500,-0.1276],[-1.250,-0.1063],[-1.000,-0.0850],[-0.750,-0.0638],[-0.500,-0.0426],[-0.250,-0.0213],[0.000,0.0000],[0.250,0.0213],[0.500,0.0425],[0.750,0.0638],[1.000,0.0850],[1.250,0.1063],[1.500,0.1276],[1.750,0.1488],[2.000,0.1698],[2.250,0.1908],[2.500,0.2115],[2.750,0.2320],[3.000,0.2521],[3.250,0.3613],[3.500,0.3865],[3.750,0.4143],[4.000,0.4423],[4.250,0.4710],[4.500,0.4988],[4.750,0.5259],[5.000,0.5527],[5.250,0.5793],[5.500,0.6035],[5.750,0.6256],[6.000,0.6477],[6.750,0.6477],[7.000,0.6512],[7.500,0.6619],[7.750,0.6788],[8.000,0.6707],[8.250,0.6829],[8.500,0.6919],[8.750,0.6874],[9.000,0.6867],],[[-11.000,-0.5694],[-10.750,-0.5843],[-10.500,-0.7075],[-10.250,-0.7023],[-10.000,-0.7028],[-9.750,-0.7139],[-9.500,-0.7280],[-9.250,-0.7036],[-9.000,-0.7003],[-8.750,-0.7087],[-8.500,-0.7281],[-8.250,-0.7085],[-8.000,-0.7124],[-7.750,-0.7327],[-7.500,-0.7091],[-6.250,-0.6694],[-6.000,-0.6539],[-5.750,-0.6190],[-5.500,-0.5953],[-5.250,-0.5707],[-5.000,-0.5431],[-4.750,-0.5178],[-4.500,-0.4917],[-4.250,-0.4643],[-4.000,-0.4376],[-3.750,-0.4119],[-3.500,-0.3862],[-3.250,-0.3620],[-3.000,-0.3377],[-2.750,-0.3207],[-2.500,-0.3048],[-2.250,-0.1925],[-2.000,-0.1710],[-1.750,-0.1494],[-1.500,-0.1277],[-1.250,-0.1060],[-1.000,-0.0844],[-0.750,-0.0630],[-0.500,-0.0418],[-0.250,-0.0209],[0.000,0.0000],[0.250,0.0209],[0.500,0.0418],[0.750,0.0630],[1.000,0.0845],[1.250,0.1060],[1.500,0.1277],[1.750,0.1494],[2.000,0.1710],[2.250,0.1925],[2.500,0.3048],[2.750,0.3207],[3.000,0.3377],[3.250,0.3620],[3.500,0.3862],[3.750,0.4119],[4.000,0.4376],[4.250,0.4643],[4.500,0.4917],[4.750,0.5179],[5.000,0.5431],[5.250,0.5708],[5.500,0.5953],[5.750,0.6190],[7.000,0.7045],[7.250,0.7066],[7.500,0.7092],[7.750,0.7327],[8.000,0.7126],[8.250,0.7093],[8.500,0.7282],[8.750,0.7090],[9.000,0.7009],[9.250,0.7045],[9.500,0.7282],[9.750,0.7141],[10.000,0.7034],],[[-8.750,-0.7096],[-8.500,-0.7131],[-8.250,-0.7187],[-8.000,-0.7199],[-7.750,-0.7212],[-7.500,-0.6682],[-7.250,-0.6579],[-7.000,-0.6499],[-6.750,-0.6414],[-6.500,-0.6745],[-6.250,-0.6563],[-6.000,-0.6391],[-5.750,-0.6198],[-5.500,-0.5908],[-5.250,-0.5667],[-5.000,-0.5408],[-4.750,-0.5140],[-4.500,-0.4882],[-4.250,-0.4628],[-4.000,-0.4366],[-3.750,-0.4106],[-3.500,-0.3858],[-3.250,-0.3604],[-3.000,-0.3346],[-2.750,-0.3092],[-2.500,-0.2843],[-2.250,-0.2717],[-2.000,-0.2547],[-1.750,-0.2266],[-1.500,-0.1685],[-1.250,-0.1058],[-1.000,-0.0838],[-0.750,-0.0622],[-0.500,-0.0409],[-0.250,-0.0202],[0.000,0.0000],[0.250,0.0202],[0.500,0.0409],[0.750,0.0622],[1.000,0.0838],[1.250,0.1058],[1.500,0.1685],[1.750,0.2266],[2.000,0.2547],[2.250,0.2717],[2.500,0.2843],[2.750,0.3092],[3.000,0.3346],[3.250,0.3604],[3.500,0.3858],[3.750,0.4106],[4.000,0.4367],[4.250,0.4628],[4.500,0.4882],[4.750,0.5140],[5.000,0.5408],[5.250,0.5667],[5.500,0.5908],[8.750,0.7101],[9.000,0.7086],[9.250,0.7088],[9.500,0.7119],[12.250,0.5762],[12.500,0.5711],],[[-9.250,-0.7270],[-9.000,-0.7362],[-8.750,-0.7420],[-8.500,-0.7527],[-8.250,-0.7582],[-8.000,-0.7551],[-7.750,-0.7470],[-7.500,-0.7365],[-7.250,-0.7332],[-7.000,-0.7243],[-6.750,-0.7080],[-6.500,-0.6889],[-6.250,-0.6657],[-6.000,-0.6454],[-5.750,-0.6207],[-5.500,-0.5947],[-5.250,-0.5683],[-5.000,-0.5416],[-4.750,-0.5171],[-4.500,-0.4915],[-4.250,-0.4652],[-4.000,-0.4389],[-3.750,-0.4121],[-3.500,-0.3874],[-3.250,-0.3611],[-3.000,-0.3347],[-2.750,-0.3082],[-2.500,-0.2819],[-2.250,-0.2557],[-2.000,-0.2303],[-1.750,-0.2076],[-1.500,-0.1851],[-1.250,-0.1626],[-1.000,-0.1407],[-0.750,-0.1188],[-0.500,-0.0846],[-0.250,-0.0360],[0.000,0.0000],[0.250,0.0358],[0.500,0.0847],[0.750,0.1189],[1.000,0.1408],[1.250,0.1627],[1.500,0.1851],[1.750,0.2076],[2.000,0.2304],[2.250,0.2557],[2.500,0.2819],[2.750,0.3082],[3.000,0.3347],[3.250,0.3612],[3.500,0.3874],[3.750,0.4121],[4.000,0.4389],[4.250,0.4652],[4.500,0.4915],[4.750,0.5172],[5.000,0.5416],[5.250,0.5683],[5.500,0.5948],[5.750,0.6207],[6.000,0.6454],[6.250,0.6658],[6.500,0.6889],[6.750,0.7080],[7.000,0.7244],[7.250,0.7332],[9.000,0.7372],[12.250,0.5778],[12.500,0.5782],],[[-8.250,-0.8721],[-8.000,-0.8510],[-7.750,-0.8348],[-7.500,-0.8128],[-7.250,-0.7871],[-7.000,-0.7610],[-6.750,-0.7347],[-6.500,-0.7079],[-6.250,-0.6835],[-6.000,-0.6574],[-5.750,-0.6302],[-5.500,-0.6031],[-5.250,-0.5756],[-5.000,-0.5502],[-4.750,-0.5229],[-4.500,-0.4957],[-4.250,-0.4684],[-4.000,-0.4405],[-3.750,-0.4155],[-3.500,-0.3886],[-3.250,-0.3617],[-3.000,-0.3348],[-2.750,-0.3081],[-2.500,-0.2816],[-2.250,-0.2554],[-2.000,-0.2296],[-1.750,-0.2041],[-1.500,-0.1792],[-1.250,-0.1548],[-1.000,-0.1239],[-0.750,-0.0840],[-0.500,-0.0492],[-0.250,-0.0212],[0.000,0.0001],[0.250,0.0213],[0.500,0.0492],[0.750,0.0842],[1.000,0.1244],[1.250,0.1548],[1.500,0.1792],[1.750,0.2041],[2.000,0.2296],[2.250,0.2554],[2.500,0.2816],[2.750,0.3081],[3.000,0.3348],[3.250,0.3617],[3.500,0.3886],[3.750,0.4155],[4.000,0.4405],[4.250,0.4684],[4.500,0.4957],[4.750,0.5229],[5.000,0.5502],[5.250,0.5755],[5.500,0.6031],[5.750,0.6302],[6.000,0.6575],[6.250,0.6835],[6.500,0.7079],[6.750,0.7347],[7.000,0.7610],[7.250,0.7872],[7.500,0.8128],[7.750,0.8347],[8.000,0.8510],[8.250,0.8722],[8.500,0.8831],[10.500,0.7262],],],
{"title":"Cl v Alpha","sortData":false,"legend":{"show":false,"placement":"insideGrid","location":"ne"},"series":[{"showLabel":true,"index":0,"showLine":true,"trendline":{"type":"none","show":false},"color":"#4bb2c5"},{"showLabel":true,"index":0,"showLine":true,"trendline":{"type":"none","show":false},"color":"#EAA228"},{"showLabel":true,"index":0,"showLine":true,"trendline":{"type":"none","show":false},"color":"#839557"},{"showLabel":true,"index":0,"showLine":true,"trendline":{"type":"none","show":false},"color":"#953579"},{"showLabel":true,"index":0,"showLine":true,"trendline":{"type":"none","show":false},"color":"#d8b83f"}],"show":"$.jqplot.config.enablePlugins","axes":{"xaxis":{"max":15,"min":-15,"tickInterval":5,"tickOptions":{"formatString":"%.1f"},"forceTickAt0":true,"rendererOptions":{"forceTickAt0":true}},"yaxis":{"max":1,"min":-1,"tickInterval":0.2,"tickOptions":{"formatString":"%.2f"},"forceTickAt0":true,"rendererOptions":{"forceTickAt0":true}}},"seriesDefaults":{"lineWidth":1,"showLabel":true,"markerOptions":{"size":5,"show":false}}});
jqplots.push(p);

var p = $.jqplot('momentaoa',[[[-8.500,0.0242],[-8.250,0.0246],[-8.000,0.0250],[-7.750,0.0270],[-7.500,0.0285],[-7.000,0.0432],[-6.750,0.0461],[-6.250,0.0504],[-6.000,-0.0088],[-5.750,-0.0095],[-5.500,-0.0094],[-5.250,-0.0091],[-5.000,-0.0086],[-4.750,-0.0080],[-4.500,-0.0073],[-4.250,-0.0067],[-4.000,-0.0059],[-3.750,-0.0051],[-3.500,-0.0045],[-3.250,-0.0035],[-3.000,-0.0102],[-2.750,-0.0097],[-2.500,-0.0091],[-2.250,-0.0085],[-2.000,-0.0077],[-1.750,-0.0069],[-1.500,-0.0060],[-1.250,-0.0051],[-1.000,-0.0041],[-0.750,-0.0031],[-0.500,-0.0021],[-0.250,-0.0010],[0.000,0.0000],[0.250,0.0010],[0.500,0.0021],[0.750,0.0031],[1.000,0.0041],[1.250,0.0051],[1.500,0.0060],[1.750,0.0069],[2.000,0.0077],[2.250,0.0085],[2.500,0.0091],[2.750,0.0097],[3.000,0.0102],[3.250,0.0035],[3.500,0.0045],[3.750,0.0051],[4.000,0.0059],[4.250,0.0067],[4.500,0.0073],[4.750,0.0080],[5.000,0.0086],[5.250,0.0091],[5.500,0.0094],[5.750,0.0095],[6.000,0.0088],[6.750,-0.0462],[7.000,-0.0431],[7.500,-0.0396],[7.750,-0.0378],[8.000,-0.0378],[8.250,-0.0364],[8.500,-0.0354],[8.750,-0.0358],[9.000,-0.0360],],[[-11.000,0.0177],[-10.750,0.0142],[-10.500,0.0310],[-10.250,0.0305],[-10.000,0.0280],[-9.750,0.0217],[-9.500,0.0139],[-9.250,0.0219],[-9.000,0.0209],[-8.750,0.0155],[-8.500,0.0046],[-8.250,0.0122],[-8.000,0.0070],[-7.750,-0.0049],[-7.500,0.0014],[-6.250,-0.0054],[-6.000,-0.0043],[-5.750,-0.0094],[-5.500,-0.0088],[-5.250,-0.0079],[-5.000,-0.0065],[-4.750,-0.0060],[-4.500,-0.0055],[-4.250,-0.0048],[-4.000,-0.0041],[-3.750,-0.0036],[-3.500,-0.0027],[-3.250,-0.0019],[-3.000,-0.0011],[-2.750,0.0003],[-2.500,0.0066],[-2.250,-0.0083],[-2.000,-0.0077],[-1.750,-0.0071],[-1.500,-0.0063],[-1.250,-0.0054],[-1.000,-0.0045],[-0.750,-0.0034],[-0.500,-0.0024],[-0.250,-0.0012],[0.000,0.0000],[0.250,0.0012],[0.500,0.0024],[0.750,0.0034],[1.000,0.0045],[1.250,0.0054],[1.500,0.0063],[1.750,0.0070],[2.000,0.0077],[2.250,0.0083],[2.500,-0.0066],[2.750,-0.0003],[3.000,0.0011],[3.250,0.0019],[3.500,0.0027],[3.750,0.0036],[4.000,0.0041],[4.250,0.0048],[4.500,0.0055],[4.750,0.0060],[5.000,0.0065],[5.250,0.0079],[5.500,0.0088],[5.750,0.0094],[7.000,0.0048],[7.250,0.0010],[7.500,-0.0015],[7.750,0.0049],[8.000,-0.0071],[8.250,-0.0121],[8.500,-0.0047],[8.750,-0.0157],[9.000,-0.0211],[9.250,-0.0219],[9.500,-0.0141],[9.750,-0.0219],[10.000,-0.0282],],[[-8.750,0.0154],[-8.500,0.0111],[-8.250,0.0048],[-8.000,-0.0011],[-7.750,-0.0078],[-7.500,-0.0131],[-7.250,-0.0124],[-7.000,-0.0123],[-6.750,-0.0122],[-6.500,-0.0102],[-6.250,-0.0100],[-6.000,-0.0096],[-5.750,-0.0093],[-5.500,-0.0066],[-5.250,-0.0057],[-5.000,-0.0048],[-4.750,-0.0041],[-4.500,-0.0035],[-4.250,-0.0030],[-4.000,-0.0026],[-3.750,-0.0020],[-3.500,-0.0014],[-3.250,-0.0009],[-3.000,-0.0004],[-2.750,0.0000],[-2.500,0.0005],[-2.250,0.0027],[-2.000,0.0062],[-1.750,0.0074],[-1.500,0.0018],[-1.250,-0.0056],[-1.000,-0.0047],[-0.750,-0.0037],[-0.500,-0.0026],[-0.250,-0.0014],[0.000,0.0000],[0.250,0.0014],[0.500,0.0026],[0.750,0.0037],[1.000,0.0047],[1.250,0.0056],[1.500,-0.0018],[1.750,-0.0074],[2.000,-0.0062],[2.250,-0.0027],[2.500,-0.0005],[2.750,0.0000],[3.000,0.0004],[3.250,0.0009],[3.500,0.0014],[3.750,0.0020],[4.000,0.0026],[4.250,0.0030],[4.500,0.0035],[4.750,0.0041],[5.000,0.0048],[5.250,0.0056],[5.500,0.0066],[8.750,-0.0156],[9.000,-0.0187],[9.250,-0.0210],[9.500,-0.0219],[12.250,-0.0210],[12.500,-0.0234],],[[-9.250,0.0135],[-9.000,0.0067],[-8.750,-0.0012],[-8.500,-0.0052],[-8.250,-0.0074],[-8.000,-0.0082],[-7.750,-0.0086],[-7.500,-0.0090],[-7.250,-0.0086],[-7.000,-0.0077],[-6.750,-0.0065],[-6.500,-0.0054],[-6.250,-0.0045],[-6.000,-0.0036],[-5.750,-0.0033],[-5.500,-0.0031],[-5.250,-0.0028],[-5.000,-0.0025],[-4.750,-0.0018],[-4.500,-0.0015],[-4.250,-0.0013],[-4.000,-0.0009],[-3.750,-0.0007],[-3.500,-0.0002],[-3.250,0.0001],[-3.000,0.0004],[-2.750,0.0007],[-2.500,0.0011],[-2.250,0.0014],[-2.000,0.0018],[-1.750,0.0020],[-1.500,0.0026],[-1.250,0.0039],[-1.000,0.0056],[-0.750,0.0074],[-0.500,0.0064],[-0.250,0.0019],[0.000,0.0000],[0.250,-0.0019],[0.500,-0.0065],[0.750,-0.0074],[1.000,-0.0056],[1.250,-0.0039],[1.500,-0.0027],[1.750,-0.0020],[2.000,-0.0018],[2.250,-0.0014],[2.500,-0.0011],[2.750,-0.0007],[3.000,-0.0004],[3.250,-0.0001],[3.500,0.0002],[3.750,0.0007],[4.000,0.0009],[4.250,0.0013],[4.500,0.0015],[4.750,0.0018],[5.000,0.0024],[5.250,0.0028],[5.500,0.0031],[5.750,0.0033],[6.000,0.0036],[6.250,0.0045],[6.500,0.0054],[6.750,0.0065],[7.000,0.0077],[7.250,0.0085],[9.000,-0.0068],[12.250,-0.0223],[12.500,-0.0236],],[[-8.250,-0.0049],[-8.000,-0.0043],[-7.750,-0.0030],[-7.500,-0.0023],[-7.250,-0.0021],[-7.000,-0.0019],[-6.750,-0.0018],[-6.500,-0.0016],[-6.250,-0.0011],[-6.000,-0.0009],[-5.750,-0.0009],[-5.500,-0.0008],[-5.250,-0.0007],[-5.000,-0.0004],[-4.750,-0.0004],[-4.500,-0.0003],[-4.250,-0.0002],[-4.000,-0.0002],[-3.750,0.0002],[-3.500,0.0004],[-3.250,0.0005],[-3.000,0.0007],[-2.750,0.0010],[-2.500,0.0013],[-2.250,0.0017],[-2.000,0.0021],[-1.750,0.0026],[-1.500,0.0031],[-1.250,0.0033],[-1.000,0.0020],[-0.750,-0.0010],[-0.500,-0.0025],[-0.250,-0.0020],[0.000,0.0000],[0.250,0.0020],[0.500,0.0025],[0.750,0.0009],[1.000,-0.0021],[1.250,-0.0033],[1.500,-0.0031],[1.750,-0.0026],[2.000,-0.0021],[2.250,-0.0017],[2.500,-0.0013],[2.750,-0.0010],[3.000,-0.0007],[3.250,-0.0005],[3.500,-0.0004],[3.750,-0.0002],[4.000,0.0002],[4.250,0.0002],[4.500,0.0003],[4.750,0.0004],[5.000,0.0004],[5.250,0.0007],[5.500,0.0008],[5.750,0.0009],[6.000,0.0009],[6.250,0.0011],[6.500,0.0016],[6.750,0.0018],[7.000,0.0019],[7.250,0.0021],[7.500,0.0023],[7.750,0.0030],[8.000,0.0043],[8.250,0.0049],[8.500,0.0063],[10.500,-0.0325],],],
{"title":"Cm v Alpha","sortData":false,"legend":{"show":false,"placement":"insideGrid","location":"ne"},"series":[{"showLabel":true,"index":0,"showLine":true,"trendline":{"type":"none","show":false},"color":"#4bb2c5"},{"showLabel":true,"index":0,"showLine":true,"trendline":{"type":"none","show":false},"color":"#EAA228"},{"showLabel":true,"index":0,"showLine":true,"trendline":{"type":"none","show":false},"color":"#839557"},{"showLabel":true,"index":0,"showLine":true,"trendline":{"type":"none","show":false},"color":"#953579"},{"showLabel":true,"index":0,"showLine":true,"trendline":{"type":"none","show":false},"color":"#d8b83f"}],"show":"$.jqplot.config.enablePlugins","axes":{"xaxis":{"max":15,"min":-15,"tickInterval":5,"tickOptions":{"formatString":"%.1f"},"forceTickAt0":true,"rendererOptions":{"forceTickAt0":true}},"yaxis":{"max":0.06,"min":-0.05,"tickInterval":0.01,"tickOptions":{"formatString":"%.2f"},"forceTickAt0":true,"rendererOptions":{"forceTickAt0":true}}},"seriesDefaults":{"lineWidth":1,"showLabel":true,"markerOptions":{"size":5,"show":false}}});
jqplots.push(p);

var p = $.jqplot('dragaoa',[[[-8.500,0.09904],[-8.250,0.09553],[-8.000,0.09224],[-7.750,0.08751],[-7.500,0.08332],[-7.000,0.08654],[-6.750,0.08405],[-6.250,0.07614],[-6.000,0.05051],[-5.750,0.04508],[-5.500,0.04108],[-5.250,0.03730],[-5.000,0.03382],[-4.750,0.03103],[-4.500,0.02897],[-4.250,0.02661],[-4.000,0.02474],[-3.750,0.02308],[-3.500,0.02147],[-3.250,0.01963],[-3.000,0.01663],[-2.750,0.01620],[-2.500,0.01584],[-2.250,0.01556],[-2.000,0.01532],[-1.750,0.01513],[-1.500,0.01497],[-1.250,0.01485],[-1.000,0.01475],[-0.750,0.01467],[-0.500,0.01462],[-0.250,0.01459],[0.000,0.01458],[0.250,0.01459],[0.500,0.01462],[0.750,0.01467],[1.000,0.01475],[1.250,0.01485],[1.500,0.01497],[1.750,0.01513],[2.000,0.01532],[2.250,0.01555],[2.500,0.01584],[2.750,0.01620],[3.000,0.01663],[3.250,0.01964],[3.500,0.02147],[3.750,0.02308],[4.000,0.02474],[4.250,0.02661],[4.500,0.02898],[4.750,0.03103],[5.000,0.03382],[5.250,0.03730],[5.500,0.04108],[5.750,0.04509],[6.000,0.05051],[6.750,0.08404],[7.000,0.08665],[7.500,0.09338],[7.750,0.09793],[8.000,0.10053],[8.250,0.10461],[8.500,0.10897],[8.750,0.11200],[9.000,0.11531],],[[-11.000,0.12858],[-10.750,0.12561],[-10.500,0.12961],[-10.250,0.12581],[-10.000,0.12182],[-9.750,0.11787],[-9.500,0.11353],[-9.250,0.10861],[-9.000,0.10478],[-8.750,0.10019],[-8.500,0.09452],[-8.250,0.09118],[-8.000,0.08633],[-7.750,0.08062],[-7.500,0.07697],[-6.250,0.05598],[-6.000,0.05262],[-5.750,0.03834],[-5.500,0.03445],[-5.250,0.03034],[-5.000,0.02772],[-4.750,0.02484],[-4.500,0.02313],[-4.250,0.02135],[-4.000,0.01976],[-3.750,0.01847],[-3.500,0.01727],[-3.250,0.01615],[-3.000,0.01518],[-2.750,0.01230],[-2.500,0.01105],[-2.250,0.01154],[-2.000,0.01128],[-1.750,0.01107],[-1.500,0.01091],[-1.250,0.01077],[-1.000,0.01067],[-0.750,0.01059],[-0.500,0.01054],[-0.250,0.01051],[0.000,0.01050],[0.250,0.01051],[0.500,0.01054],[0.750,0.01059],[1.000,0.01067],[1.250,0.01077],[1.500,0.01090],[1.750,0.01107],[2.000,0.01128],[2.250,0.01153],[2.500,0.01105],[2.750,0.01230],[3.000,0.01518],[3.250,0.01615],[3.500,0.01727],[3.750,0.01847],[4.000,0.01976],[4.250,0.02135],[4.500,0.02313],[4.750,0.02484],[5.000,0.02772],[5.250,0.03034],[5.500,0.03445],[5.750,0.03835],[7.000,0.06725],[7.250,0.07196],[7.500,0.07699],[7.750,0.08063],[8.000,0.08636],[8.250,0.09114],[8.500,0.09455],[8.750,0.10023],[9.000,0.10481],[9.250,0.10863],[9.500,0.11358],[9.750,0.11791],[10.000,0.12186],],[[-8.750,0.09320],[-8.500,0.08791],[-8.250,0.08188],[-8.000,0.07546],[-7.750,0.06876],[-7.500,0.05024],[-7.250,0.04679],[-7.000,0.04281],[-6.750,0.03992],[-6.500,0.04549],[-6.250,0.04243],[-6.000,0.03932],[-5.750,0.03735],[-5.500,0.02774],[-5.250,0.02409],[-5.000,0.02184],[-4.750,0.02080],[-4.500,0.01829],[-4.250,0.01670],[-4.000,0.01584],[-3.750,0.01492],[-3.500,0.01381],[-3.250,0.01311],[-3.000,0.01253],[-2.750,0.01184],[-2.500,0.01093],[-2.250,0.00828],[-2.000,0.00774],[-1.750,0.00770],[-1.500,0.00786],[-1.250,0.00794],[-1.000,0.00783],[-0.750,0.00774],[-0.500,0.00768],[-0.250,0.00764],[0.000,0.00763],[0.250,0.00764],[0.500,0.00768],[0.750,0.00774],[1.000,0.00782],[1.250,0.00794],[1.500,0.00786],[1.750,0.00770],[2.000,0.00774],[2.250,0.00828],[2.500,0.01094],[2.750,0.01184],[3.000,0.01253],[3.250,0.01311],[3.500,0.01381],[3.750,0.01493],[4.000,0.01584],[4.250,0.01670],[4.500,0.01828],[4.750,0.02081],[5.000,0.02184],[5.250,0.02410],[5.500,0.02774],[8.750,0.09324],[9.000,0.09804],[9.250,0.10241],[9.500,0.10604],[12.250,0.14251],[12.500,0.14527],],[[-9.250,0.09127],[-9.000,0.08327],[-8.750,0.07567],[-8.500,0.06820],[-8.250,0.06189],[-8.000,0.05764],[-7.750,0.05431],[-7.500,0.05091],[-7.250,0.04063],[-7.000,0.03406],[-6.750,0.02921],[-6.500,0.02522],[-6.250,0.02304],[-6.000,0.01879],[-5.750,0.01756],[-5.500,0.01696],[-5.250,0.01638],[-5.000,0.01578],[-4.750,0.01372],[-4.500,0.01286],[-4.250,0.01234],[-4.000,0.01178],[-3.750,0.01147],[-3.500,0.01037],[-3.250,0.00989],[-3.000,0.00953],[-2.750,0.00924],[-2.500,0.00894],[-2.250,0.00866],[-2.000,0.00812],[-1.750,0.00681],[-1.500,0.00586],[-1.250,0.00533],[-1.000,0.00506],[-0.750,0.00497],[-0.500,0.00501],[-0.250,0.00507],[0.000,0.00509],[0.250,0.00507],[0.500,0.00501],[0.750,0.00497],[1.000,0.00506],[1.250,0.00533],[1.500,0.00586],[1.750,0.00681],[2.000,0.00811],[2.250,0.00866],[2.500,0.00894],[2.750,0.00924],[3.000,0.00953],[3.250,0.00990],[3.500,0.01037],[3.750,0.01146],[4.000,0.01177],[4.250,0.01235],[4.500,0.01286],[4.750,0.01370],[5.000,0.01578],[5.250,0.01639],[5.500,0.01694],[5.750,0.01755],[6.000,0.01880],[6.250,0.02301],[6.500,0.02524],[6.750,0.02926],[7.000,0.03405],[7.250,0.04064],[9.000,0.08322],[12.250,0.13904],[12.500,0.14262],],[[-8.250,0.02331],[-8.000,0.02137],[-7.750,0.01730],[-7.500,0.01537],[-7.250,0.01479],[-7.000,0.01432],[-6.750,0.01390],[-6.500,0.01361],[-6.250,0.01235],[-6.000,0.01175],[-5.750,0.01159],[-5.500,0.01133],[-5.250,0.01125],[-5.000,0.01035],[-4.750,0.01018],[-4.500,0.00995],[-4.250,0.00978],[-4.000,0.00989],[-3.750,0.00878],[-3.500,0.00846],[-3.250,0.00820],[-3.000,0.00795],[-2.750,0.00774],[-2.500,0.00759],[-2.250,0.00737],[-2.000,0.00720],[-1.750,0.00705],[-1.500,0.00665],[-1.250,0.00584],[-1.000,0.00506],[-0.750,0.00434],[-0.500,0.00393],[-0.250,0.00377],[0.000,0.00375],[0.250,0.00376],[0.500,0.00393],[0.750,0.00434],[1.000,0.00507],[1.250,0.00584],[1.500,0.00662],[1.750,0.00705],[2.000,0.00720],[2.250,0.00737],[2.500,0.00759],[2.750,0.00774],[3.000,0.00795],[3.250,0.00820],[3.500,0.00845],[3.750,0.00878],[4.000,0.00989],[4.250,0.00978],[4.500,0.00995],[4.750,0.01019],[5.000,0.01035],[5.250,0.01126],[5.500,0.01133],[5.750,0.01158],[6.000,0.01174],[6.250,0.01235],[6.500,0.01363],[6.750,0.01391],[7.000,0.01432],[7.250,0.01477],[7.500,0.01536],[7.750,0.01735],[8.000,0.02139],[8.250,0.02329],[8.500,0.02848],[10.500,0.11837],],],
{"title":"Cd v Alpha","sortData":false,"legend":{"show":false,"placement":"insideGrid","location":"ne"},"series":[{"showLabel":true,"index":0,"showLine":true,"trendline":{"type":"none","show":false},"color":"#4bb2c5"},{"showLabel":true,"index":0,"showLine":true,"trendline":{"type":"none","show":false},"color":"#EAA228"},{"showLabel":true,"index":0,"showLine":true,"trendline":{"type":"none","show":false},"color":"#839557"},{"showLabel":true,"index":0,"showLine":true,"trendline":{"type":"none","show":false},"color":"#953579"},{"showLabel":true,"index":0,"showLine":true,"trendline":{"type":"none","show":false},"color":"#d8b83f"}],"show":"$.jqplot.config.enablePlugins","axes":{"xaxis":{"max":15,"min":-15,"tickInterval":5,"tickOptions":{"formatString":"%.1f"},"forceTickAt0":true,"rendererOptions":{"forceTickAt0":true}},"yaxis":{"max":0.16,"min":0,"tickInterval":0.02,"tickOptions":{"formatString":"%.2f"},"forceTickAt0":true,"rendererOptions":{"forceTickAt0":true}}},"seriesDefaults":{"lineWidth":1,"showLabel":true,"markerOptions":{"size":5,"show":false}}});
jqplots.push(p);

var p = $.jqplot('effaoa',[[[-8.500,-5.5230210016155],[-8.250,-5.7636344603789],[-8.000,-6.0591934084996],[-7.750,-6.1410124557193],[-7.500,-6.3070091214594],[-7.000,-7.4971111624682],[-6.750,-7.7061273051755],[-6.250,-8.0614657210402],[-6.000,-12.823203326074],[-5.750,-13.877551020408],[-5.500,-14.690847127556],[-5.250,-15.530831099196],[-5.000,-16.342400946186],[-4.750,-16.948114727683],[-4.500,-17.217811529168],[-4.250,-17.700112739572],[-4.000,-17.87793047696],[-3.750,-17.950606585789],[-3.500,-18.001863064741],[-3.250,-18.405501782985],[-3.000,-15.153337342153],[-2.750,-14.320987654321],[-2.500,-13.352272727273],[-2.250,-12.255784061697],[-2.000,-11.083550913838],[-1.750,-9.8347653668209],[-1.500,-8.5237140948564],[-1.250,-7.1582491582492],[-1.000,-5.7627118644068],[-0.750,-4.3490115882754],[-0.500,-2.9138166894665],[-0.250,-1.4599040438657],[0.000,0],[0.250,1.4599040438657],[0.500,2.906976744186],[0.750,4.3490115882754],[1.000,5.7627118644068],[1.250,7.1582491582492],[1.500,8.5237140948564],[1.750,9.8347653668209],[2.000,11.083550913838],[2.250,12.270096463023],[2.500,13.352272727273],[2.750,14.320987654321],[3.000,15.159350571257],[3.250,18.396130346232],[3.500,18.001863064741],[3.750,17.950606585789],[4.000,17.87793047696],[4.250,17.700112739572],[4.500,17.211870255349],[4.750,16.948114727683],[5.000,16.342400946186],[5.250,15.530831099196],[5.500,14.690847127556],[5.750,13.874473275671],[6.000,12.823203326074],[6.750,7.7070442646359],[7.000,7.5152914021927],[7.500,7.088241593489],[7.750,6.931481670581],[8.000,6.6716403063762],[8.250,6.5280565911481],[8.500,6.3494539781591],[8.750,6.1375],[9.000,5.9552510623537],],[[-11.000,-4.4283714419039],[-10.750,-4.6516997054375],[-10.500,-5.4586837435383],[-10.250,-5.5822271679517],[-10.000,-5.7691676243638],[-9.750,-6.0566726054127],[-9.500,-6.4124020082797],[-9.250,-6.4782248411748],[-9.000,-6.6835273907234],[-8.750,-7.0735602355525],[-8.500,-7.7031316123572],[-8.250,-7.7703443737662],[-8.000,-8.2520560639407],[-7.750,-9.088315554453],[-7.500,-9.2126802650383],[-6.250,-11.957842086459],[-6.000,-12.426833903459],[-5.750,-16.145018257694],[-5.500,-17.280116110305],[-5.250,-18.81015161503],[-5.000,-19.592352092352],[-4.750,-20.845410628019],[-4.500,-21.258106355383],[-4.250,-21.747072599532],[-4.000,-22.145748987854],[-3.750,-22.301028695181],[-3.500,-22.362478286045],[-3.250,-22.414860681115],[-3.000,-22.246376811594],[-2.750,-26.073170731707],[-2.500,-27.58371040724],[-2.250,-16.681109185442],[-2.000,-15.159574468085],[-1.750,-13.49593495935],[-1.500,-11.704857928506],[-1.250,-9.8421541318477],[-1.000,-7.9100281162137],[-0.750,-5.9490084985836],[-0.500,-3.965844402277],[-0.250,-1.988582302569],[0.000,0],[0.250,1.988582302569],[0.500,3.965844402277],[0.750,5.9490084985836],[1.000,7.9194001874414],[1.250,9.8421541318477],[1.500,11.715596330275],[1.750,13.49593495935],[2.000,15.159574468085],[2.250,16.695576756288],[2.500,27.58371040724],[2.750,26.073170731707],[3.000,22.246376811594],[3.250,22.414860681115],[3.500,22.362478286045],[3.750,22.301028695181],[4.000,22.145748987854],[4.250,21.747072599532],[4.500,21.258106355383],[4.750,20.849436392915],[5.000,19.592352092352],[5.250,18.813447593935],[5.500,17.280116110305],[5.750,16.140808344198],[7.000,10.475836431227],[7.250,9.8193440800445],[7.500,9.2115859202494],[7.750,9.0871883914176],[8.000,8.2515053265401],[8.250,7.7825323677858],[8.500,7.7017451084082],[8.750,7.0737304200339],[9.000,6.6873389943708],[9.250,6.4853171315475],[9.500,6.4113400246522],[9.750,6.0563141379018],[10.000,5.7721976038076],],[[-8.750,-7.6137339055794],[-8.500,-8.1117051529974],[-8.250,-8.7774792379091],[-8.000,-9.5401537238272],[-7.750,-10.488656195462],[-7.500,-13.300159235669],[-7.250,-14.060696730071],[-7.000,-15.181032469049],[-6.750,-16.067134268537],[-6.500,-14.827434601011],[-6.250,-15.467829366015],[-6.000,-16.253814852492],[-5.750,-16.59437751004],[-5.500,-21.297764960346],[-5.250,-23.524283935243],[-5.000,-24.761904761905],[-4.750,-24.711538461538],[-4.500,-26.692181519956],[-4.250,-27.712574850299],[-4.000,-27.563131313131],[-3.750,-27.520107238606],[-3.500,-27.936278059377],[-3.250,-27.490465293669],[-3.000,-26.703910614525],[-2.750,-26.114864864865],[-2.500,-26.010978956999],[-2.250,-32.814009661836],[-2.000,-32.906976744186],[-1.750,-29.428571428571],[-1.500,-21.437659033079],[-1.250,-13.324937027708],[-1.000,-10.702426564496],[-0.750,-8.0361757105943],[-0.500,-5.3255208333333],[-0.250,-2.6439790575916],[0.000,0],[0.250,2.6439790575916],[0.500,5.3255208333333],[0.750,8.0361757105943],[1.000,10.716112531969],[1.250,13.324937027708],[1.500,21.437659033079],[1.750,29.428571428571],[2.000,32.906976744186],[2.250,32.814009661836],[2.500,25.987202925046],[2.750,26.114864864865],[3.000,26.703910614525],[3.250,27.490465293669],[3.500,27.936278059377],[3.750,27.501674480911],[4.000,27.569444444444],[4.250,27.712574850299],[4.500,26.706783369803],[4.750,24.699663623258],[5.000,24.761904761905],[5.250,23.514522821577],[5.500,21.297764960346],[8.750,7.6158301158301],[9.000,7.2276621787026],[9.250,6.9211991016502],[9.500,6.7135043379857],[12.250,4.0432250368395],[12.500,3.931300337303],],[[-9.250,-7.9653774515175],[-9.000,-8.8411192506305],[-8.750,-9.8057354301573],[-8.500,-11.036656891496],[-8.250,-12.250767490709],[-8.000,-13.10027758501],[-7.750,-13.754373043638],[-7.500,-14.466705951679],[-7.250,-18.045778981048],[-7.000,-21.265413975338],[-6.750,-24.238274563506],[-6.500,-27.315622521808],[-6.250,-28.893229166667],[-6.000,-34.348057477382],[-5.750,-35.347380410023],[-5.500,-35.064858490566],[-5.250,-34.69474969475],[-5.000,-34.321926489227],[-4.750,-37.689504373178],[-4.500,-38.219284603421],[-4.250,-37.698541329011],[-4.000,-37.258064516129],[-3.750,-35.928509154316],[-3.500,-37.357762777242],[-3.250,-36.511627906977],[-3.000,-35.120671563484],[-2.750,-33.354978354978],[-2.500,-31.532438478747],[-2.250,-29.526558891455],[-2.000,-28.362068965517],[-1.750,-30.484581497797],[-1.500,-31.587030716724],[-1.250,-30.506566604128],[-1.000,-27.806324110672],[-0.750,-23.903420523139],[-0.500,-16.88622754491],[-0.250,-7.1005917159763],[0.000,0],[0.250,7.0611439842209],[0.500,16.906187624751],[0.750,23.923541247485],[1.000,27.826086956522],[1.250,30.525328330206],[1.500,31.587030716724],[1.750,30.484581497797],[2.000,28.409371146732],[2.250,29.526558891455],[2.500,31.532438478747],[2.750,33.354978354978],[3.000,35.120671563484],[3.250,36.484848484848],[3.500,37.357762777242],[3.750,35.959860383944],[4.000,37.289719626168],[4.250,37.668016194332],[4.500,38.219284603421],[4.750,37.751824817518],[5.000,34.321926489227],[5.250,34.673581452105],[5.500,35.112160566706],[5.750,35.367521367521],[6.000,34.329787234043],[6.250,28.935245545415],[6.500,27.293977812995],[6.750,24.196855775803],[7.000,21.274596182085],[7.250,18.041338582677],[9.000,8.8584474885845],[12.250,4.1556386651323],[12.500,4.0541298555602],],[[-8.250,-37.413127413127],[-8.000,-39.822180627047],[-7.750,-48.254335260116],[-7.500,-52.88223812622],[-7.250,-53.218390804598],[-7.000,-53.142458100559],[-6.750,-52.856115107914],[-6.500,-52.013225569434],[-6.250,-55.344129554656],[-6.000,-55.948936170213],[-5.750,-54.374460742019],[-5.500,-53.230361871139],[-5.250,-51.164444444444],[-5.000,-53.159420289855],[-4.750,-51.365422396857],[-4.500,-49.819095477387],[-4.250,-47.893660531697],[-4.000,-44.539939332659],[-3.750,-47.323462414579],[-3.500,-45.933806146572],[-3.250,-44.109756097561],[-3.000,-42.11320754717],[-2.750,-39.806201550388],[-2.500,-37.101449275362],[-2.250,-34.654002713704],[-2.000,-31.888888888889],[-1.750,-28.950354609929],[-1.500,-26.947368421053],[-1.250,-26.506849315068],[-1.000,-24.486166007905],[-0.750,-19.354838709677],[-0.500,-12.519083969466],[-0.250,-5.6233421750663],[0.000,0.026666666666667],[0.250,5.6648936170213],[0.500,12.519083969466],[0.750,19.400921658986],[1.000,24.536489151874],[1.250,26.506849315068],[1.500,27.069486404834],[1.750,28.950354609929],[2.000,31.888888888889],[2.250,34.654002713704],[2.500,37.101449275362],[2.750,39.806201550388],[3.000,42.11320754717],[3.250,44.109756097561],[3.500,45.988165680473],[3.750,47.323462414579],[4.000,44.539939332659],[4.250,47.893660531697],[4.500,49.819095477387],[4.750,51.315014720314],[5.000,53.159420289855],[5.250,51.110124333925],[5.500,53.230361871139],[5.750,54.421416234888],[6.000,56.005110732538],[6.250,55.344129554656],[6.500,51.936903888481],[6.750,52.818116462976],[7.000,53.142458100559],[7.250,53.297224102911],[7.500,52.916666666667],[7.750,48.109510086455],[8.000,39.784946236559],[8.250,37.449549162731],[8.500,31.007724719101],[10.500,6.1350004224043],],],
{"title":"Cl\/Cd v Alpha","sortData":false,"legend":{"show":false,"placement":"insideGrid","location":"ne"},"series":[{"showLabel":true,"index":0,"showLine":true,"trendline":{"type":"none","show":false},"color":"#4bb2c5"},{"showLabel":true,"index":0,"showLine":true,"trendline":{"type":"none","show":false},"color":"#EAA228"},{"showLabel":true,"index":0,"showLine":true,"trendline":{"type":"none","show":false},"color":"#839557"},{"showLabel":true,"index":0,"showLine":true,"trendline":{"type":"none","show":false},"color":"#953579"},{"showLabel":true,"index":0,"showLine":true,"trendline":{"type":"none","show":false},"color":"#d8b83f"}],"show":"$.jqplot.config.enablePlugins","axes":{"xaxis":{"max":15,"min":-15,"tickInterval":5,"tickOptions":{"formatString":"%.1f"},"forceTickAt0":true,"rendererOptions":{"forceTickAt0":true}},"yaxis":{"max":60,"min":-60,"tickInterval":20,"tickOptions":{"formatString":"%d"},"forceTickAt0":true,"rendererOptions":{"forceTickAt0":true}}},"seriesDefaults":{"lineWidth":1,"showLabel":true,"markerOptions":{"size":5,"show":false}}});
jqplots.push(p);

});
/*]]>*/
</script>
</body>
</html>