<!DOCTYPE html>
<html lang="en">
<head>
<link rel="stylesheet" type="text/css" href="/assets/62ff72f1/jquery.jqplot.min.css" media="screen, projection, print" />
<style type="text/css">
/*<![CDATA[*/
.jqplot-title {font-size:1.8em;padding:3px;}.jqplot-xaxis {font-size:0.8em;padding-top:3px;}.jqplot-yaxis {font-size:0.8em;padding-right:3px;}
/*]]>*/
</style>
<!--[if lt IE 9]><script type="text/javascript" src="/assets/62ff72f1/excanvas.min.js"></script></script><![endif]-->
<script type="text/javascript" src="/assets/780cfc96/jquery.min.js"></script>
<script type="text/javascript" src="/assets/62ff72f1/jquery.min.js"></script>
<script type="text/javascript" src="/assets/62ff72f1/jquery.jqplot.min.js"></script>
<script type="text/javascript">
/*<![CDATA[*/
var jqplots = [];

/*]]>*/
</script>
<title>Airfoil polar plot</title>
<meta http-equiv="Content-Language" content="en-gb"/>
<meta http-equiv="Content-Type" content="text/html; charset=windows-1252"/>
<meta content="none" name="robots" />
<meta name="copyright" content="Copyright 2010-2013. All Rights Reserved" />
</head>
<body>

<table style="width:800px;">
<tr><td>
<div id="liftdrag" style="height:400px;width:398px;margin:auto;display:inline-block;"></div>
</td><td>
<div id="liftaoa" style="height:400px;width:398px;margin:auto;display:inline-block;"></div>
</td></tr>
<tr><td>
<div id="effaoa" style="height:400px;width:398px;margin:auto;display:inline-block;"></div>
</td><td>
<div id="dragaoa" style="height:400px;width:398px;margin:auto;display:inline-block;"></div>
</td></tr>
<tr><td>
<div id="momentaoa" style="height:400px;width:398px;margin:auto;display:inline-block;"></div>
</td><td>
</td></tr>

</table>
<script type="text/javascript">
/*<![CDATA[*/
jQuery(window).load(function() {
var p = $.jqplot('liftdrag',[[[0.11821,-0.4515],[0.11555,-0.4526],[0.09123,-0.5307],[0.08493,-0.5905],[0.07996,-0.6452],[0.07215,-0.7600],[0.06669,-0.7575],[0.06304,-0.7473],[0.05875,-0.7393],[0.05530,-0.7265],[0.05224,-0.7110],[0.04950,-0.6937],[0.04705,-0.6748],[0.04502,-0.6548],[0.04347,-0.6340],[0.04159,-0.6136],[0.04032,-0.5920],[0.03909,-0.5693],[0.03829,-0.5472],[0.04771,-0.1870],[0.04749,-0.1819],[0.04733,-0.1763],[0.04723,-0.1702],[0.04719,-0.1638],[0.04718,-0.1572],[0.04722,-0.1504],[0.04729,-0.1434],[0.04740,-0.1364],[0.04753,-0.1292],[0.04770,-0.1220],[0.04789,-0.1148],[0.04810,-0.1076],[0.04835,-0.1004],[0.04861,-0.0932],[0.04890,-0.0862],[0.04921,-0.0792],[0.04955,-0.0723],[0.04989,-0.0656],[0.05026,-0.0589],[0.05064,-0.0524],[0.05105,-0.0461],[0.05147,-0.0399],[0.05190,-0.0339],[0.05236,-0.0280],[0.05282,-0.0224],[0.05329,-0.0169],[0.05493,0.0078],[0.05686,0.0396],[0.05866,0.0677],[0.06034,0.0927],[0.06196,0.1160],[0.06338,0.1357],[0.06474,0.1540],[0.06602,0.1702],[0.06731,0.1855],[0.06857,0.1996],[0.06987,0.2133],[0.07125,0.2279],[0.07275,0.2436],[0.07433,0.2606],[0.07592,0.2779],[0.07500,0.3555],[0.07563,0.3885],[0.07633,0.4156],[0.07731,0.4317],[0.07833,0.4506],[0.07944,0.4711],[0.08045,0.4940],[0.08158,0.5160],[0.08254,0.5407],[0.08363,0.5632],[0.08455,0.5872],[0.08556,0.6092],[0.08629,0.6335],[0.08698,0.6575],[0.08738,0.6837],[0.08688,0.7166],[0.08574,0.7525],[0.08828,0.7561],[0.05390,1.0380],[0.09209,0.7759],[0.09393,0.7871],[0.09581,0.7978],[0.09772,0.8088],[0.09961,0.8196],[0.10159,0.8302],[0.10334,0.8415],[0.06172,1.1638],[0.06449,1.1605],[0.06741,1.1581],[0.07037,1.1606],[0.07522,1.1368],[0.12374,0.8661],[0.09250,1.1098],[0.16742,0.5057],[0.17209,0.5215],],[[0.11942,-0.3732],[0.11431,-0.4076],[0.10959,-0.3961],[0.10022,-0.2924],[0.09804,-0.2663],[0.09594,-0.2731],[0.09475,-0.3940],[0.09042,-0.4005],[0.08711,-0.4544],[0.08577,-0.5036],[0.08477,-0.5663],[0.05922,-0.6343],[0.05087,-0.6243],[0.04747,-0.6071],[0.04522,-0.5964],[0.04332,-0.5836],[0.04166,-0.5678],[0.04040,-0.5496],[0.03910,-0.5291],[0.03793,-0.5076],[0.03705,-0.4798],[0.03637,-0.4402],[0.03549,-0.4311],[0.03504,-0.4188],[0.03433,-0.4052],[0.03318,-0.3922],[0.03068,-0.3888],[0.03218,-0.4081],[0.03405,-0.4095],[0.03591,-0.4130],[0.04196,0.0148],[0.04167,0.0920],[0.04142,0.1461],[0.04108,0.2072],[0.04109,0.2391],[0.04167,0.2308],[0.04196,0.2422],[0.04195,0.2812],[0.04264,0.2648],[0.04276,0.2913],[0.04319,0.3006],[0.04351,0.3114],[0.04351,0.3537],[0.04423,0.3365],[0.04422,0.3755],[0.04487,0.3657],[0.04480,0.4043],[0.04543,0.3971],[0.04532,0.4354],[0.04598,0.4282],[0.04572,0.4697],[0.04637,0.4623],[0.04601,0.5050],[0.04667,0.4968],[0.04614,0.5424],[0.04681,0.5332],[0.04630,0.5727],[0.04667,0.5725],[0.04713,0.5728],[0.04636,0.6118],[0.04680,0.6099],[0.04572,0.6535],[0.04612,0.6503],[0.04512,0.6860],[0.04512,0.6921],[0.04334,0.7403],[0.04358,0.7371],[0.04377,0.7362],[0.04152,0.7843],[0.04055,0.8027],[0.03556,0.8900],[0.03533,0.8896],[0.03471,0.8971],[0.02958,0.9995],[0.02821,1.0287],[0.02791,1.0325],[0.02748,1.0434],[0.02675,1.0684],[0.02717,1.0668],[0.02734,1.0810],[0.02810,1.0862],[0.02903,1.0921],[0.03003,1.0996],[0.03140,1.1020],[0.03280,1.1067],[0.03437,1.1099],[0.03605,1.1134],[0.03790,1.1152],[0.03981,1.1168],[0.04207,1.1146],[0.04442,1.1126],[0.04689,1.1110],[0.04939,1.1110],[0.05204,1.1106],[0.05482,1.1105],[0.05783,1.1090],[0.06098,1.1072],[0.06398,1.1087],[0.06661,1.1157],[0.06843,1.1322],[0.07126,1.1387],[0.07359,1.1494],[0.07610,1.1634],[0.07970,1.1647],[0.08362,1.1641],[0.08783,1.1610],[0.09250,1.1541],[0.09783,1.1425],[0.10406,1.1252],[0.11144,1.1018],[0.12048,1.0712],[0.13144,1.0347],[0.14469,0.9930],[0.15873,0.9552],[0.17083,0.9311],],[[0.09890,-0.1457],[0.09535,-0.1326],[0.09446,-0.3228],[0.09558,-0.2780],[0.09220,-0.2609],[0.08783,-0.2494],[0.08086,-0.2468],[0.06914,-0.2864],[0.06504,-0.3327],[0.06417,-0.3679],[0.05740,-0.3655],[0.05447,-0.3515],[0.05216,-0.3455],[0.04034,-0.4110],[0.03651,-0.4240],[0.03304,-0.4038],[0.03129,-0.3920],[0.03050,-0.3811],[0.02896,-0.3611],[0.02716,-0.3338],[0.02507,-0.2989],[0.02351,-0.2628],[0.02276,-0.2385],[0.02219,-0.2175],[0.02171,-0.1970],[0.02104,-0.1785],[0.02060,-0.1605],[0.02005,-0.1450],[0.02004,-0.1409],[0.01959,-0.1435],[0.01898,-0.1387],[0.01820,-0.1316],[0.01734,-0.1315],[0.01752,-0.1516],[0.01942,-0.1344],[0.02069,-0.1093],[0.02237,-0.0714],[0.02324,-0.0347],[0.02438,-0.0710],[0.02528,-0.0367],[0.02581,-0.0022],[0.02616,0.0323],[0.02688,0.1294],[0.02653,0.2493],[0.02651,0.2778],[0.02624,0.3320],[0.02606,0.3617],[0.02572,0.4097],[0.02692,0.3694],[0.02641,0.4203],[0.02602,0.4570],[0.02578,0.4778],[0.02666,0.4528],[0.02614,0.4979],[0.02566,0.5362],[0.02525,0.5695],[0.02641,0.5053],[0.02729,0.4325],[0.02673,0.4770],[0.02610,0.5241],[0.02542,0.5768],[0.02472,0.6290],[0.02550,0.5493],[0.02478,0.6046],[0.02402,0.6609],[0.02478,0.4914],[0.02397,0.5664],[0.02298,0.6561],[0.02418,0.5344],[0.02342,0.5764],[0.02253,0.6263],[0.02162,0.6832],[0.02072,0.7474],[0.02074,0.7264],[0.01977,0.7864],[0.01963,0.7827],[0.01872,0.8322],[0.01858,0.8346],[0.01795,0.8677],[0.01754,0.8908],[0.01738,0.9061],[0.01713,0.9288],[0.01702,0.9508],[0.01707,0.9671],[0.01714,0.9866],[0.01750,0.9990],[0.01795,1.0123],[0.01862,1.0206],[0.01939,1.0295],[0.02029,1.0367],[0.02127,1.0439],[0.02238,1.0501],[0.02356,1.0569],[0.02493,1.0620],[0.02643,1.0686],[0.02800,1.0758],[0.02971,1.0816],[0.03128,1.0868],[0.03486,1.0989],[0.03667,1.1060],[0.03859,1.1127],[0.04059,1.1191],[0.04271,1.1248],[0.04504,1.1290],[0.04775,1.1299],[0.05067,1.1298],[0.05399,1.1265],[0.05746,1.1228],[0.06049,1.1243],[0.06407,1.1207],[0.06689,1.1252],[0.06977,1.1293],[0.07267,1.1332],[0.07527,1.1379],[0.07783,1.1456],[0.08065,1.1516],[0.08339,1.1581],[0.08610,1.1648],[0.08851,1.1732],[0.09012,1.1869],[0.09311,1.1926],[0.09685,1.1936],[0.10094,1.1924],[0.10550,1.1885],[0.11037,1.1831],[0.11580,1.1749],],[[0.07838,-0.2786],[0.07023,-0.3010],[0.06534,-0.3271],[0.06169,-0.3513],[0.03147,-0.5066],[0.02775,-0.4866],[0.02508,-0.4732],[0.02306,-0.4533],[0.02172,-0.4304],[0.02042,-0.4032],[0.01936,-0.3739],[0.01859,-0.3474],[0.01787,-0.3218],[0.01721,-0.2987],[0.01668,-0.2774],[0.01620,-0.2570],[0.01549,-0.2405],[0.01502,-0.2239],[0.01465,-0.2068],[0.01433,-0.1882],[0.01404,-0.1683],[0.01364,-0.1502],[0.01336,-0.1296],[0.01304,-0.1094],[0.01245,-0.0938],[0.01202,-0.0755],[0.01158,-0.0568],[0.01103,-0.0397],[0.01026,-0.0262],[0.00894,-0.0183],[0.00930,0.0069],[0.00967,0.0349],[0.01011,0.0630],[0.01057,0.0913],[0.01109,0.1191],[0.01153,0.1475],[0.01167,0.1770],[0.01227,0.2031],[0.01291,0.2285],[0.01324,0.2539],[0.01372,0.2799],[0.01395,0.3069],[0.01391,0.3342],[0.01369,0.3636],[0.01366,0.3913],[0.01358,0.4148],[0.01353,0.4399],[0.01345,0.4664],[0.01335,0.4947],[0.01328,0.5243],[0.01322,0.5505],[0.01309,0.5756],[0.01296,0.6036],[0.01281,0.6343],[0.01271,0.6669],[0.01256,0.6915],[0.01240,0.7165],[0.01226,0.7445],[0.01216,0.7718],[0.01204,0.7951],[0.01189,0.8222],[0.01179,0.8482],[0.01167,0.8720],[0.01156,0.8987],[0.01147,0.9209],[0.01138,0.9456],[0.01130,0.9695],[0.01126,0.9915],[0.01127,1.0121],[0.01135,1.0308],[0.01156,1.0457],[0.01171,1.0540],[0.01203,1.0597],[0.01248,1.0663],[0.01305,1.0711],[0.01375,1.0738],[0.01457,1.0759],[0.01541,1.0804],[0.01625,1.0870],[0.01723,1.0925],[0.01826,1.0984],[0.01930,1.1059],[0.02035,1.1140],[0.02144,1.1210],[0.02255,1.1277],[0.02368,1.1349],[0.02481,1.1429],[0.02605,1.1498],[0.02720,1.1587],[0.02846,1.1666],[0.02969,1.1754],[0.03103,1.1834],[0.03236,1.1922],[0.03380,1.2001],[0.03541,1.2063],[0.03749,1.2074],[0.04143,1.2154],[0.04329,1.2217],[0.04512,1.2279],[0.04718,1.2323],[0.04952,1.2347],[0.05164,1.2399],[0.05391,1.2441],[0.05640,1.2470],[0.05908,1.2489],[0.06191,1.2502],[0.06500,1.2500],[0.06853,1.2471],[0.07215,1.2443],[0.07632,1.2381],[0.07964,1.2391],[0.08312,1.2393],[0.08664,1.2398],[0.09034,1.2395],[0.09405,1.2391],[0.09784,1.2383],[0.10165,1.2376],[0.10557,1.2364],[0.10950,1.2356],],[[0.08427,-0.1859],[0.07764,-0.1971],[0.03443,-0.5371],[0.03169,-0.5519],[0.02949,-0.5580],[0.02742,-0.5617],[0.02565,-0.5591],[0.02374,-0.5527],[0.02220,-0.5402],[0.02099,-0.5247],[0.02000,-0.5071],[0.01901,-0.4871],[0.01815,-0.4665],[0.01748,-0.4461],[0.01693,-0.4254],[0.01623,-0.4044],[0.01564,-0.3840],[0.01525,-0.3636],[0.01483,-0.3433],[0.01433,-0.3240],[0.01360,-0.3095],[0.01307,-0.2955],[0.01273,-0.2771],[0.01239,-0.2567],[0.01209,-0.2353],[0.01181,-0.2133],[0.01156,-0.1907],[0.01124,-0.1689],[0.01096,-0.1464],[0.01073,-0.1228],[0.01052,-0.0987],[0.01025,-0.0756],[0.00982,-0.0551],[0.00952,-0.0324],[0.00913,-0.0106],[0.00865,0.0105],[0.00804,0.0310],[0.00714,0.0507],[0.00630,0.0731],[0.00639,0.1021],[0.00650,0.1316],[0.00665,0.1612],[0.00690,0.1904],[0.00710,0.2200],[0.00720,0.2493],[0.00742,0.2770],[0.00771,0.3048],[0.00798,0.3339],[0.00808,0.3609],[0.00817,0.3892],[0.00821,0.4186],[0.00820,0.4472],[0.00816,0.4755],[0.00812,0.5042],[0.00808,0.5331],[0.00806,0.5620],[0.00809,0.5915],[0.00803,0.6195],[0.00798,0.6479],[0.00794,0.6764],[0.00793,0.7052],[0.00792,0.7335],[0.00788,0.7612],[0.00780,0.7884],[0.00777,0.8155],[0.00774,0.8424],[0.00775,0.8688],[0.00775,0.8950],[0.00779,0.9205],[0.00786,0.9445],[0.00799,0.9663],[0.00820,0.9859],[0.00877,1.0204],[0.00910,1.0351],[0.00947,1.0431],[0.00995,1.0487],[0.01056,1.0539],[0.01113,1.0620],[0.01169,1.0714],[0.01226,1.0815],[0.01287,1.0893],[0.01355,1.0973],[0.01430,1.1053],[0.01509,1.1134],[0.01592,1.1221],[0.01685,1.1295],[0.01773,1.1390],[0.01862,1.1489],[0.01961,1.1577],[0.02067,1.1657],[0.02162,1.1763],[0.02262,1.1864],[0.02369,1.1958],[0.02479,1.2055],[0.02598,1.2138],[0.02726,1.2216],[0.02892,1.2242],[0.03035,1.2304],[0.03162,1.2396],[0.03287,1.2496],[0.03415,1.2596],[0.03543,1.2700],[0.03697,1.2774],[0.03858,1.2848],[0.04007,1.2939],[0.04160,1.3030],[0.04331,1.3105],[0.04505,1.3181],[0.04699,1.3241],[0.04902,1.3298],[0.05122,1.3343],[0.05353,1.3381],[0.05611,1.3402],[0.05922,1.3384],[0.06236,1.3373],[0.06661,1.3279],[0.06968,1.3289],[0.07291,1.3293],[0.07606,1.3309],[0.07972,1.3293],[0.08354,1.3269],[0.08751,1.3242],[0.09171,1.3205],[0.09599,1.3169],[0.10040,1.3130],[0.10522,1.3066],],],
{"title":"Cl v Cd","sortData":false,"legend":{"show":false,"placement":"insideGrid","location":"ne"},"series":[{"showLabel":true,"index":0,"showLine":true,"trendline":{"type":"none","show":false},"color":"#4bb2c5"},{"showLabel":true,"index":0,"showLine":true,"trendline":{"type":"none","show":false},"color":"#EAA228"},{"showLabel":true,"index":0,"showLine":true,"trendline":{"type":"none","show":false},"color":"#839557"},{"showLabel":true,"index":0,"showLine":true,"trendline":{"type":"none","show":false},"color":"#953579"},{"showLabel":true,"index":0,"showLine":true,"trendline":{"type":"none","show":false},"color":"#d8b83f"}],"show":"$.jqplot.config.enablePlugins","axes":{"xaxis":{"max":0.18,"min":0,"tickInterval":0.02,"tickOptions":{"formatString":"%.2f"},"forceTickAt0":true,"rendererOptions":{"forceTickAt0":true}},"yaxis":{"max":1.5,"min":-1,"tickInterval":0.5,"tickOptions":{"formatString":"%.2f"},"forceTickAt0":true,"rendererOptions":{"forceTickAt0":true}}},"seriesDefaults":{"lineWidth":1,"showLabel":true,"markerOptions":{"size":5,"show":false}}});
jqplots.push(p);

var p = $.jqplot('liftaoa',[[[-8.500,-0.4515],[-8.250,-0.4526],[-7.250,-0.5307],[-7.000,-0.5905],[-6.750,-0.6452],[-6.500,-0.7600],[-6.250,-0.7575],[-6.000,-0.7473],[-5.750,-0.7393],[-5.500,-0.7265],[-5.250,-0.7110],[-5.000,-0.6937],[-4.750,-0.6748],[-4.500,-0.6548],[-4.250,-0.6340],[-4.000,-0.6136],[-3.750,-0.5920],[-3.500,-0.5693],[-3.250,-0.5472],[-3.000,-0.1870],[-2.750,-0.1819],[-2.500,-0.1763],[-2.250,-0.1702],[-2.000,-0.1638],[-1.750,-0.1572],[-1.500,-0.1504],[-1.250,-0.1434],[-1.000,-0.1364],[-0.750,-0.1292],[-0.500,-0.1220],[-0.250,-0.1148],[0.000,-0.1076],[0.250,-0.1004],[0.500,-0.0932],[0.750,-0.0862],[1.000,-0.0792],[1.250,-0.0723],[1.500,-0.0656],[1.750,-0.0589],[2.000,-0.0524],[2.250,-0.0461],[2.500,-0.0399],[2.750,-0.0339],[3.000,-0.0280],[3.250,-0.0224],[3.500,-0.0169],[3.750,0.0078],[4.000,0.0396],[4.250,0.0677],[4.500,0.0927],[4.750,0.1160],[5.000,0.1357],[5.250,0.1540],[5.500,0.1702],[5.750,0.1855],[6.000,0.1996],[6.250,0.2133],[6.500,0.2279],[6.750,0.2436],[7.000,0.2606],[7.250,0.2779],[7.500,0.3555],[7.750,0.3885],[8.000,0.4156],[8.250,0.4317],[8.500,0.4506],[8.750,0.4711],[9.000,0.4940],[9.250,0.5160],[9.500,0.5407],[9.750,0.5632],[10.000,0.5872],[10.250,0.6092],[10.500,0.6335],[10.750,0.6575],[11.000,0.6837],[11.250,0.7166],[11.500,0.7525],[11.750,0.7561],[12.000,1.0380],[12.250,0.7759],[12.500,0.7871],[12.750,0.7978],[13.000,0.8088],[13.250,0.8196],[13.500,0.8302],[13.750,0.8415],[14.000,1.1638],[14.250,1.1605],[14.500,1.1581],[14.750,1.1606],[15.000,1.1368],[15.250,0.8661],[16.000,1.1098],[17.250,0.5057],[17.500,0.5215],],[[-10.750,-0.3732],[-10.500,-0.4076],[-10.250,-0.3961],[-10.000,-0.2924],[-9.750,-0.2663],[-9.500,-0.2731],[-9.250,-0.3940],[-9.000,-0.4005],[-8.750,-0.4544],[-8.500,-0.5036],[-8.250,-0.5663],[-6.750,-0.6343],[-6.500,-0.6243],[-6.250,-0.6071],[-6.000,-0.5964],[-5.750,-0.5836],[-5.500,-0.5678],[-5.250,-0.5496],[-5.000,-0.5291],[-4.750,-0.5076],[-4.500,-0.4798],[-4.250,-0.4402],[-4.000,-0.4311],[-3.750,-0.4188],[-3.500,-0.4052],[-3.250,-0.3922],[-3.000,-0.3888],[-2.750,-0.4081],[-2.500,-0.4095],[-2.250,-0.4130],[-2.000,0.0148],[-1.750,0.0920],[-1.500,0.1461],[-1.250,0.2072],[-1.000,0.2391],[-0.750,0.2308],[-0.500,0.2422],[-0.250,0.2812],[0.000,0.2648],[0.250,0.2913],[0.500,0.3006],[0.750,0.3114],[1.000,0.3537],[1.250,0.3365],[1.500,0.3755],[1.750,0.3657],[2.000,0.4043],[2.250,0.3971],[2.500,0.4354],[2.750,0.4282],[3.000,0.4697],[3.250,0.4623],[3.500,0.5050],[3.750,0.4968],[4.000,0.5424],[4.250,0.5332],[4.500,0.5727],[4.750,0.5725],[5.000,0.5728],[5.250,0.6118],[5.500,0.6099],[5.750,0.6535],[6.000,0.6503],[6.250,0.6860],[6.500,0.6921],[6.750,0.7403],[7.000,0.7371],[7.250,0.7362],[7.500,0.7843],[8.000,0.8027],[8.250,0.8900],[8.500,0.8896],[8.750,0.8971],[9.000,0.9995],[9.250,1.0287],[9.500,1.0325],[9.750,1.0434],[10.000,1.0684],[10.250,1.0668],[10.500,1.0810],[10.750,1.0862],[11.000,1.0921],[11.250,1.0996],[11.500,1.1020],[11.750,1.1067],[12.000,1.1099],[12.250,1.1134],[12.500,1.1152],[12.750,1.1168],[13.000,1.1146],[13.250,1.1126],[13.500,1.1110],[13.750,1.1110],[14.000,1.1106],[14.250,1.1105],[14.500,1.1090],[14.750,1.1072],[15.000,1.1087],[15.250,1.1157],[15.500,1.1322],[15.750,1.1387],[16.000,1.1494],[16.250,1.1634],[16.500,1.1647],[16.750,1.1641],[17.000,1.1610],[17.250,1.1541],[17.500,1.1425],[17.750,1.1252],[18.000,1.1018],[18.250,1.0712],[18.500,1.0347],[18.750,0.9930],[19.000,0.9552],[19.250,0.9311],],[[-12.250,-0.1457],[-12.000,-0.1326],[-11.750,-0.3228],[-11.500,-0.2780],[-11.250,-0.2609],[-11.000,-0.2494],[-10.750,-0.2468],[-10.500,-0.2864],[-10.250,-0.3327],[-10.000,-0.3679],[-9.750,-0.3655],[-9.500,-0.3515],[-9.250,-0.3455],[-9.000,-0.4110],[-8.750,-0.4240],[-8.500,-0.4038],[-8.250,-0.3920],[-8.000,-0.3811],[-7.750,-0.3611],[-7.500,-0.3338],[-7.250,-0.2989],[-7.000,-0.2628],[-6.750,-0.2385],[-6.500,-0.2175],[-6.250,-0.1970],[-6.000,-0.1785],[-5.750,-0.1605],[-5.500,-0.1450],[-5.250,-0.1409],[-5.000,-0.1435],[-4.750,-0.1387],[-4.500,-0.1316],[-4.250,-0.1315],[-4.000,-0.1516],[-3.750,-0.1344],[-3.500,-0.1093],[-3.250,-0.0714],[-3.000,-0.0347],[-2.750,-0.0710],[-2.500,-0.0367],[-2.250,-0.0022],[-2.000,0.0323],[-1.750,0.1294],[-1.500,0.2493],[-1.250,0.2778],[-1.000,0.3320],[-0.750,0.3617],[-0.500,0.4097],[-0.250,0.3694],[0.000,0.4203],[0.250,0.4570],[0.500,0.4778],[0.750,0.4528],[1.000,0.4979],[1.250,0.5362],[1.500,0.5695],[1.750,0.5053],[2.000,0.4325],[2.250,0.4770],[2.500,0.5241],[2.750,0.5768],[3.000,0.6290],[3.250,0.5493],[3.500,0.6046],[3.750,0.6609],[4.000,0.4914],[4.250,0.5664],[4.500,0.6561],[4.750,0.5344],[5.000,0.5764],[5.250,0.6263],[5.500,0.6832],[5.750,0.7474],[6.000,0.7264],[6.250,0.7864],[6.500,0.7827],[6.750,0.8322],[7.000,0.8346],[7.250,0.8677],[7.500,0.8908],[7.750,0.9061],[8.000,0.9288],[8.250,0.9508],[8.500,0.9671],[8.750,0.9866],[9.000,0.9990],[9.250,1.0123],[9.500,1.0206],[9.750,1.0295],[10.000,1.0367],[10.250,1.0439],[10.500,1.0501],[10.750,1.0569],[11.000,1.0620],[11.250,1.0686],[11.500,1.0758],[11.750,1.0816],[12.000,1.0868],[12.500,1.0989],[12.750,1.1060],[13.000,1.1127],[13.250,1.1191],[13.500,1.1248],[13.750,1.1290],[14.000,1.1299],[14.250,1.1298],[14.500,1.1265],[14.750,1.1228],[15.000,1.1243],[15.250,1.1207],[15.500,1.1252],[15.750,1.1293],[16.000,1.1332],[16.250,1.1379],[16.500,1.1456],[16.750,1.1516],[17.000,1.1581],[17.250,1.1648],[17.500,1.1732],[17.750,1.1869],[18.000,1.1926],[18.250,1.1936],[18.500,1.1924],[18.750,1.1885],[19.000,1.1831],[19.250,1.1749],],[[-12.500,-0.2786],[-12.250,-0.3010],[-12.000,-0.3271],[-11.750,-0.3513],[-9.750,-0.5066],[-9.500,-0.4866],[-9.250,-0.4732],[-9.000,-0.4533],[-8.750,-0.4304],[-8.500,-0.4032],[-8.250,-0.3739],[-8.000,-0.3474],[-7.750,-0.3218],[-7.500,-0.2987],[-7.250,-0.2774],[-7.000,-0.2570],[-6.750,-0.2405],[-6.500,-0.2239],[-6.250,-0.2068],[-6.000,-0.1882],[-5.750,-0.1683],[-5.500,-0.1502],[-5.250,-0.1296],[-5.000,-0.1094],[-4.750,-0.0938],[-4.500,-0.0755],[-4.250,-0.0568],[-4.000,-0.0397],[-3.750,-0.0262],[-3.500,-0.0183],[-3.250,0.0069],[-3.000,0.0349],[-2.750,0.0630],[-2.500,0.0913],[-2.250,0.1191],[-2.000,0.1475],[-1.750,0.1770],[-1.500,0.2031],[-1.250,0.2285],[-1.000,0.2539],[-0.750,0.2799],[-0.500,0.3069],[-0.250,0.3342],[0.000,0.3636],[0.250,0.3913],[0.500,0.4148],[0.750,0.4399],[1.000,0.4664],[1.250,0.4947],[1.500,0.5243],[1.750,0.5505],[2.000,0.5756],[2.250,0.6036],[2.500,0.6343],[2.750,0.6669],[3.000,0.6915],[3.250,0.7165],[3.500,0.7445],[3.750,0.7718],[4.000,0.7951],[4.250,0.8222],[4.500,0.8482],[4.750,0.8720],[5.000,0.8987],[5.250,0.9209],[5.500,0.9456],[5.750,0.9695],[6.000,0.9915],[6.250,1.0121],[6.500,1.0308],[6.750,1.0457],[7.000,1.0540],[7.250,1.0597],[7.500,1.0663],[7.750,1.0711],[8.000,1.0738],[8.250,1.0759],[8.500,1.0804],[8.750,1.0870],[9.000,1.0925],[9.250,1.0984],[9.500,1.1059],[9.750,1.1140],[10.000,1.1210],[10.250,1.1277],[10.500,1.1349],[10.750,1.1429],[11.000,1.1498],[11.250,1.1587],[11.500,1.1666],[11.750,1.1754],[12.000,1.1834],[12.250,1.1922],[12.500,1.2001],[12.750,1.2063],[13.000,1.2074],[13.500,1.2154],[13.750,1.2217],[14.000,1.2279],[14.250,1.2323],[14.500,1.2347],[14.750,1.2399],[15.000,1.2441],[15.250,1.2470],[15.500,1.2489],[15.750,1.2502],[16.000,1.2500],[16.250,1.2471],[16.500,1.2443],[16.750,1.2381],[17.000,1.2391],[17.250,1.2393],[17.500,1.2398],[17.750,1.2395],[18.000,1.2391],[18.250,1.2383],[18.500,1.2376],[18.750,1.2364],[19.000,1.2356],],[[-12.750,-0.1859],[-12.500,-0.1971],[-11.750,-0.5371],[-11.500,-0.5519],[-11.250,-0.5580],[-11.000,-0.5617],[-10.750,-0.5591],[-10.500,-0.5527],[-10.250,-0.5402],[-10.000,-0.5247],[-9.750,-0.5071],[-9.500,-0.4871],[-9.250,-0.4665],[-9.000,-0.4461],[-8.750,-0.4254],[-8.500,-0.4044],[-8.250,-0.3840],[-8.000,-0.3636],[-7.750,-0.3433],[-7.500,-0.3240],[-7.250,-0.3095],[-7.000,-0.2955],[-6.750,-0.2771],[-6.500,-0.2567],[-6.250,-0.2353],[-6.000,-0.2133],[-5.750,-0.1907],[-5.500,-0.1689],[-5.250,-0.1464],[-5.000,-0.1228],[-4.750,-0.0987],[-4.500,-0.0756],[-4.250,-0.0551],[-4.000,-0.0324],[-3.750,-0.0106],[-3.500,0.0105],[-3.250,0.0310],[-3.000,0.0507],[-2.750,0.0731],[-2.500,0.1021],[-2.250,0.1316],[-2.000,0.1612],[-1.750,0.1904],[-1.500,0.2200],[-1.250,0.2493],[-1.000,0.2770],[-0.750,0.3048],[-0.500,0.3339],[-0.250,0.3609],[0.000,0.3892],[0.250,0.4186],[0.500,0.4472],[0.750,0.4755],[1.000,0.5042],[1.250,0.5331],[1.500,0.5620],[1.750,0.5915],[2.000,0.6195],[2.250,0.6479],[2.500,0.6764],[2.750,0.7052],[3.000,0.7335],[3.250,0.7612],[3.500,0.7884],[3.750,0.8155],[4.000,0.8424],[4.250,0.8688],[4.500,0.8950],[4.750,0.9205],[5.000,0.9445],[5.250,0.9663],[5.500,0.9859],[6.000,1.0204],[6.250,1.0351],[6.500,1.0431],[6.750,1.0487],[7.000,1.0539],[7.250,1.0620],[7.500,1.0714],[7.750,1.0815],[8.000,1.0893],[8.250,1.0973],[8.500,1.1053],[8.750,1.1134],[9.000,1.1221],[9.250,1.1295],[9.500,1.1390],[9.750,1.1489],[10.000,1.1577],[10.250,1.1657],[10.500,1.1763],[10.750,1.1864],[11.000,1.1958],[11.250,1.2055],[11.500,1.2138],[11.750,1.2216],[12.000,1.2242],[12.250,1.2304],[12.500,1.2396],[12.750,1.2496],[13.000,1.2596],[13.250,1.2700],[13.500,1.2774],[13.750,1.2848],[14.000,1.2939],[14.250,1.3030],[14.500,1.3105],[14.750,1.3181],[15.000,1.3241],[15.250,1.3298],[15.500,1.3343],[15.750,1.3381],[16.000,1.3402],[16.250,1.3384],[16.500,1.3373],[16.750,1.3279],[17.000,1.3289],[17.250,1.3293],[17.500,1.3309],[17.750,1.3293],[18.000,1.3269],[18.250,1.3242],[18.500,1.3205],[18.750,1.3169],[19.000,1.3130],[19.250,1.3066],],],
{"title":"Cl v Alpha","sortData":false,"legend":{"show":false,"placement":"insideGrid","location":"ne"},"series":[{"showLabel":true,"index":0,"showLine":true,"trendline":{"type":"none","show":false},"color":"#4bb2c5"},{"showLabel":true,"index":0,"showLine":true,"trendline":{"type":"none","show":false},"color":"#EAA228"},{"showLabel":true,"index":0,"showLine":true,"trendline":{"type":"none","show":false},"color":"#839557"},{"showLabel":true,"index":0,"showLine":true,"trendline":{"type":"none","show":false},"color":"#953579"},{"showLabel":true,"index":0,"showLine":true,"trendline":{"type":"none","show":false},"color":"#d8b83f"}],"show":"$.jqplot.config.enablePlugins","axes":{"xaxis":{"max":20,"min":-15,"tickInterval":5,"tickOptions":{"formatString":"%.1f"},"forceTickAt0":true,"rendererOptions":{"forceTickAt0":true}},"yaxis":{"max":1.5,"min":-1,"tickInterval":0.5,"tickOptions":{"formatString":"%.2f"},"forceTickAt0":true,"rendererOptions":{"forceTickAt0":true}}},"seriesDefaults":{"lineWidth":1,"showLabel":true,"markerOptions":{"size":5,"show":false}}});
jqplots.push(p);

var p = $.jqplot('momentaoa',[[[-8.500,-0.0111],[-8.250,-0.0092],[-7.250,-0.0190],[-7.000,-0.0179],[-6.750,-0.0152],[-6.500,-0.0150],[-6.250,-0.0136],[-6.000,-0.0121],[-5.750,-0.0106],[-5.500,-0.0089],[-5.250,-0.0077],[-5.000,-0.0065],[-4.750,-0.0053],[-4.500,-0.0042],[-4.250,-0.0029],[-4.000,-0.0019],[-3.750,-0.0007],[-3.500,0.0008],[-3.250,0.0024],[-3.000,-0.0305],[-2.750,-0.0286],[-2.500,-0.0267],[-2.250,-0.0247],[-2.000,-0.0228],[-1.750,-0.0209],[-1.500,-0.0190],[-1.250,-0.0171],[-1.000,-0.0152],[-0.750,-0.0133],[-0.500,-0.0114],[-0.250,-0.0095],[0.000,-0.0077],[0.250,-0.0058],[0.500,-0.0040],[0.750,-0.0021],[1.000,-0.0003],[1.250,0.0015],[1.500,0.0033],[1.750,0.0051],[2.000,0.0069],[2.250,0.0086],[2.500,0.0104],[2.750,0.0121],[3.000,0.0138],[3.250,0.0155],[3.500,0.0171],[3.750,0.0148],[4.000,0.0110],[4.250,0.0081],[4.500,0.0060],[4.750,0.0043],[5.000,0.0033],[5.250,0.0027],[5.500,0.0025],[5.750,0.0024],[6.000,0.0026],[6.250,0.0029],[6.500,0.0030],[6.750,0.0029],[7.000,0.0026],[7.250,0.0022],[7.500,-0.0007],[7.750,-0.0015],[8.000,-0.0019],[8.250,-0.0016],[8.500,-0.0017],[8.750,-0.0019],[9.000,-0.0023],[9.250,-0.0027],[9.500,-0.0031],[9.750,-0.0035],[10.000,-0.0037],[10.250,-0.0039],[10.500,-0.0039],[10.750,-0.0039],[11.000,-0.0037],[11.250,-0.0032],[11.500,-0.0024],[11.750,-0.0021],[12.000,0.0034],[12.250,-0.0015],[12.500,-0.0011],[12.750,-0.0008],[13.000,-0.0004],[13.250,-0.0001],[13.500,0.0002],[13.750,0.0006],[14.000,0.0137],[14.250,0.0149],[14.500,0.0160],[14.750,0.0166],[15.000,0.0175],[15.250,-0.0023],[16.000,0.0171],[17.250,-0.0200],[17.500,-0.0212],],[[-10.750,-0.0549],[-10.500,-0.0631],[-10.250,-0.0638],[-10.000,-0.0718],[-9.750,-0.0698],[-9.500,-0.0680],[-9.250,-0.0696],[-9.000,-0.0728],[-8.750,-0.0728],[-8.500,-0.0684],[-8.250,-0.0646],[-6.750,-0.0451],[-6.500,-0.0415],[-6.250,-0.0394],[-6.000,-0.0371],[-5.750,-0.0349],[-5.500,-0.0331],[-5.250,-0.0316],[-5.000,-0.0306],[-4.750,-0.0300],[-4.500,-0.0301],[-4.250,-0.0319],[-4.000,-0.0290],[-3.750,-0.0268],[-3.500,-0.0249],[-3.250,-0.0228],[-3.000,-0.0199],[-2.750,-0.0070],[-2.500,0.0000],[-2.250,0.0083],[-2.000,-0.0512],[-1.750,-0.0619],[-1.500,-0.0687],[-1.250,-0.0768],[-1.000,-0.0788],[-0.750,-0.0738],[-0.500,-0.0722],[-0.250,-0.0751],[0.000,-0.0689],[0.250,-0.0696],[0.500,-0.0675],[0.750,-0.0656],[1.000,-0.0686],[1.250,-0.0623],[1.500,-0.0647],[1.750,-0.0595],[2.000,-0.0616],[2.250,-0.0568],[2.500,-0.0588],[2.750,-0.0541],[3.000,-0.0563],[3.250,-0.0515],[3.500,-0.0538],[3.750,-0.0489],[4.000,-0.0514],[4.250,-0.0464],[4.500,-0.0478],[4.750,-0.0440],[5.000,-0.0403],[5.250,-0.0414],[5.500,-0.0374],[5.750,-0.0388],[6.000,-0.0346],[6.250,-0.0349],[6.500,-0.0317],[6.750,-0.0331],[7.000,-0.0287],[7.250,-0.0246],[7.500,-0.0256],[8.000,-0.0191],[8.250,-0.0235],[8.500,-0.0189],[8.750,-0.0153],[9.000,-0.0219],[9.250,-0.0207],[9.500,-0.0166],[9.750,-0.0134],[10.000,-0.0121],[10.250,-0.0080],[10.500,-0.0061],[10.750,-0.0036],[11.000,-0.0015],[11.250,0.0002],[11.500,0.0021],[11.750,0.0037],[12.000,0.0052],[12.250,0.0066],[12.500,0.0078],[12.750,0.0090],[13.000,0.0101],[13.250,0.0109],[13.500,0.0116],[13.750,0.0120],[14.000,0.0124],[14.250,0.0127],[14.500,0.0130],[14.750,0.0131],[15.000,0.0133],[15.250,0.0136],[15.500,0.0140],[15.750,0.0140],[16.000,0.0137],[16.250,0.0137],[16.500,0.0134],[16.750,0.0129],[17.000,0.0121],[17.250,0.0110],[17.500,0.0093],[17.750,0.0069],[18.000,0.0035],[18.250,-0.0013],[18.500,-0.0080],[18.750,-0.0165],[19.000,-0.0254],[19.250,-0.0325],],[[-12.250,-0.0995],[-12.000,-0.1017],[-11.750,-0.1054],[-11.500,-0.0969],[-11.250,-0.0995],[-11.000,-0.1035],[-10.750,-0.1112],[-10.500,-0.1253],[-10.250,-0.1282],[-10.000,-0.1245],[-9.750,-0.1250],[-9.500,-0.1249],[-9.250,-0.1239],[-9.000,-0.1124],[-8.750,-0.1062],[-8.500,-0.1060],[-8.250,-0.1039],[-8.000,-0.1013],[-7.750,-0.1003],[-7.500,-0.1004],[-7.250,-0.1017],[-7.000,-0.1033],[-6.750,-0.1029],[-6.500,-0.1019],[-6.250,-0.1008],[-6.000,-0.0995],[-5.750,-0.0981],[-5.500,-0.0962],[-5.250,-0.0924],[-5.000,-0.0875],[-4.750,-0.0842],[-4.500,-0.0813],[-4.250,-0.0774],[-4.000,-0.0695],[-3.750,-0.0637],[-3.500,-0.0618],[-3.250,-0.0607],[-3.000,-0.0608],[-2.750,-0.0500],[-2.500,-0.0494],[-2.250,-0.0495],[-2.000,-0.0500],[-1.750,-0.0605],[-1.500,-0.0773],[-1.250,-0.0775],[-1.000,-0.0825],[-0.750,-0.0831],[-0.500,-0.0872],[-0.250,-0.0754],[0.000,-0.0801],[0.250,-0.0820],[0.500,-0.0808],[0.750,-0.0720],[1.000,-0.0755],[1.250,-0.0777],[1.500,-0.0789],[1.750,-0.0625],[2.000,-0.0445],[2.250,-0.0477],[2.500,-0.0514],[2.750,-0.0561],[3.000,-0.0607],[3.250,-0.0412],[3.500,-0.0463],[3.750,-0.0515],[4.000,-0.0156],[4.250,-0.0239],[4.500,-0.0350],[4.750,-0.0095],[5.000,-0.0117],[5.250,-0.0153],[5.500,-0.0202],[5.750,-0.0266],[6.000,-0.0182],[6.250,-0.0236],[6.500,-0.0183],[6.750,-0.0218],[7.000,-0.0175],[7.250,-0.0184],[7.500,-0.0177],[7.750,-0.0158],[8.000,-0.0152],[8.250,-0.0145],[8.500,-0.0129],[8.750,-0.0118],[9.000,-0.0099],[9.250,-0.0083],[9.500,-0.0062],[9.750,-0.0044],[10.000,-0.0025],[10.250,-0.0007],[10.500,0.0009],[10.750,0.0023],[11.000,0.0037],[11.250,0.0045],[11.500,0.0051],[11.750,0.0056],[12.000,0.0064],[12.500,0.0074],[12.750,0.0077],[13.000,0.0080],[13.250,0.0082],[13.500,0.0083],[13.750,0.0084],[14.000,0.0086],[14.250,0.0087],[14.500,0.0088],[14.750,0.0088],[15.000,0.0084],[15.250,0.0082],[15.500,0.0077],[15.750,0.0072],[16.000,0.0065],[16.250,0.0064],[16.500,0.0058],[16.750,0.0050],[17.000,0.0042],[17.250,0.0034],[17.500,0.0027],[17.750,0.0029],[18.000,0.0022],[18.250,0.0009],[18.500,-0.0007],[18.750,-0.0026],[19.000,-0.0047],[19.250,-0.0074],],[[-12.500,-0.1227],[-12.250,-0.1304],[-12.000,-0.1326],[-11.750,-0.1326],[-9.750,-0.1039],[-9.500,-0.1039],[-9.250,-0.1022],[-9.000,-0.1013],[-8.750,-0.1009],[-8.500,-0.1012],[-8.250,-0.1018],[-8.000,-0.1019],[-7.750,-0.1018],[-7.500,-0.1013],[-7.250,-0.1005],[-7.000,-0.0994],[-6.750,-0.0979],[-6.500,-0.0963],[-6.250,-0.0947],[-6.000,-0.0934],[-5.750,-0.0922],[-5.500,-0.0908],[-5.250,-0.0898],[-5.000,-0.0887],[-4.750,-0.0869],[-4.500,-0.0856],[-4.250,-0.0845],[-4.000,-0.0832],[-3.750,-0.0815],[-3.500,-0.0789],[-3.250,-0.0779],[-3.000,-0.0777],[-2.750,-0.0774],[-2.500,-0.0771],[-2.250,-0.0765],[-2.000,-0.0762],[-1.750,-0.0768],[-1.500,-0.0756],[-1.250,-0.0741],[-1.000,-0.0735],[-0.750,-0.0720],[-0.500,-0.0715],[-0.250,-0.0717],[0.000,-0.0732],[0.250,-0.0732],[0.500,-0.0724],[0.750,-0.0720],[1.000,-0.0720],[1.250,-0.0723],[1.500,-0.0729],[1.750,-0.0730],[2.000,-0.0729],[2.250,-0.0734],[2.500,-0.0745],[2.750,-0.0761],[3.000,-0.0759],[3.250,-0.0755],[3.500,-0.0757],[3.750,-0.0759],[4.000,-0.0752],[4.250,-0.0753],[4.500,-0.0752],[4.750,-0.0747],[5.000,-0.0747],[5.250,-0.0738],[5.500,-0.0735],[5.750,-0.0731],[6.000,-0.0723],[6.250,-0.0712],[6.500,-0.0698],[6.750,-0.0677],[7.000,-0.0642],[7.250,-0.0602],[7.500,-0.0567],[7.750,-0.0530],[8.000,-0.0491],[8.250,-0.0455],[8.500,-0.0424],[8.750,-0.0399],[9.000,-0.0373],[9.250,-0.0350],[9.500,-0.0330],[9.750,-0.0312],[10.000,-0.0293],[10.250,-0.0273],[10.500,-0.0255],[10.750,-0.0239],[11.000,-0.0223],[11.250,-0.0209],[11.500,-0.0195],[11.750,-0.0183],[12.000,-0.0171],[12.250,-0.0160],[12.500,-0.0150],[12.750,-0.0139],[13.000,-0.0125],[13.500,-0.0105],[13.750,-0.0098],[14.000,-0.0091],[14.250,-0.0084],[14.500,-0.0077],[14.750,-0.0073],[15.000,-0.0070],[15.250,-0.0067],[15.500,-0.0066],[15.750,-0.0066],[16.000,-0.0068],[16.250,-0.0071],[16.500,-0.0076],[16.750,-0.0083],[17.000,-0.0091],[17.250,-0.0100],[17.500,-0.0110],[17.750,-0.0122],[18.000,-0.0134],[18.250,-0.0147],[18.500,-0.0161],[18.750,-0.0177],[19.000,-0.0193],],[[-12.750,-0.1029],[-12.500,-0.1057],[-11.750,-0.1238],[-11.500,-0.1201],[-11.250,-0.1170],[-11.000,-0.1137],[-10.750,-0.1109],[-10.500,-0.1085],[-10.250,-0.1068],[-10.000,-0.1054],[-9.750,-0.1043],[-9.500,-0.1035],[-9.250,-0.1027],[-9.000,-0.1019],[-8.750,-0.1011],[-8.500,-0.1003],[-8.250,-0.0994],[-8.000,-0.0985],[-7.750,-0.0975],[-7.500,-0.0964],[-7.250,-0.0944],[-7.000,-0.0923],[-6.750,-0.0910],[-6.500,-0.0900],[-6.250,-0.0891],[-6.000,-0.0883],[-5.750,-0.0877],[-5.500,-0.0868],[-5.250,-0.0861],[-5.000,-0.0856],[-4.750,-0.0852],[-4.500,-0.0846],[-4.250,-0.0837],[-4.000,-0.0832],[-3.750,-0.0825],[-3.500,-0.0819],[-3.250,-0.0812],[-3.000,-0.0806],[-2.750,-0.0804],[-2.500,-0.0806],[-2.250,-0.0810],[-2.000,-0.0814],[-1.750,-0.0817],[-1.500,-0.0821],[-1.250,-0.0825],[-1.000,-0.0823],[-0.750,-0.0821],[-0.500,-0.0823],[-0.250,-0.0820],[0.000,-0.0821],[0.250,-0.0827],[0.500,-0.0831],[0.750,-0.0834],[1.000,-0.0838],[1.250,-0.0843],[1.500,-0.0848],[1.750,-0.0854],[2.000,-0.0857],[2.250,-0.0861],[2.500,-0.0865],[2.750,-0.0870],[3.000,-0.0874],[3.250,-0.0876],[3.500,-0.0877],[3.750,-0.0878],[4.000,-0.0879],[4.250,-0.0878],[4.500,-0.0877],[4.750,-0.0875],[5.000,-0.0870],[5.250,-0.0860],[5.500,-0.0846],[6.000,-0.0810],[6.250,-0.0787],[6.500,-0.0751],[6.750,-0.0711],[7.000,-0.0673],[7.250,-0.0641],[7.500,-0.0612],[7.750,-0.0586],[8.000,-0.0557],[8.250,-0.0529],[8.500,-0.0502],[8.750,-0.0477],[9.000,-0.0454],[9.250,-0.0431],[9.500,-0.0411],[9.750,-0.0393],[10.000,-0.0373],[10.250,-0.0354],[10.500,-0.0339],[10.750,-0.0324],[11.000,-0.0308],[11.250,-0.0294],[11.500,-0.0279],[11.750,-0.0264],[12.000,-0.0245],[12.250,-0.0230],[12.500,-0.0219],[12.750,-0.0208],[13.000,-0.0198],[13.250,-0.0190],[13.500,-0.0179],[13.750,-0.0170],[14.000,-0.0163],[14.250,-0.0156],[14.500,-0.0149],[14.750,-0.0143],[15.000,-0.0138],[15.250,-0.0133],[15.500,-0.0128],[15.750,-0.0125],[16.000,-0.0123],[16.250,-0.0121],[16.500,-0.0121],[16.750,-0.0123],[17.000,-0.0127],[17.250,-0.0132],[17.500,-0.0139],[17.750,-0.0147],[18.000,-0.0157],[18.250,-0.0169],[18.500,-0.0182],[18.750,-0.0198],[19.000,-0.0215],[19.250,-0.0234],],],
{"title":"Cm v Alpha","sortData":false,"legend":{"show":false,"placement":"insideGrid","location":"ne"},"series":[{"showLabel":true,"index":0,"showLine":true,"trendline":{"type":"none","show":false},"color":"#4bb2c5"},{"showLabel":true,"index":0,"showLine":true,"trendline":{"type":"none","show":false},"color":"#EAA228"},{"showLabel":true,"index":0,"showLine":true,"trendline":{"type":"none","show":false},"color":"#839557"},{"showLabel":true,"index":0,"showLine":true,"trendline":{"type":"none","show":false},"color":"#953579"},{"showLabel":true,"index":0,"showLine":true,"trendline":{"type":"none","show":false},"color":"#d8b83f"}],"show":"$.jqplot.config.enablePlugins","axes":{"xaxis":{"max":20,"min":-15,"tickInterval":5,"tickOptions":{"formatString":"%.1f"},"forceTickAt0":true,"rendererOptions":{"forceTickAt0":true}},"yaxis":{"max":0.02,"min":-0.14,"tickInterval":0.02,"tickOptions":{"formatString":"%.2f"},"forceTickAt0":true,"rendererOptions":{"forceTickAt0":true}}},"seriesDefaults":{"lineWidth":1,"showLabel":true,"markerOptions":{"size":5,"show":false}}});
jqplots.push(p);

var p = $.jqplot('dragaoa',[[[-8.500,0.11821],[-8.250,0.11555],[-7.250,0.09123],[-7.000,0.08493],[-6.750,0.07996],[-6.500,0.07215],[-6.250,0.06669],[-6.000,0.06304],[-5.750,0.05875],[-5.500,0.05530],[-5.250,0.05224],[-5.000,0.04950],[-4.750,0.04705],[-4.500,0.04502],[-4.250,0.04347],[-4.000,0.04159],[-3.750,0.04032],[-3.500,0.03909],[-3.250,0.03829],[-3.000,0.04771],[-2.750,0.04749],[-2.500,0.04733],[-2.250,0.04723],[-2.000,0.04719],[-1.750,0.04718],[-1.500,0.04722],[-1.250,0.04729],[-1.000,0.04740],[-0.750,0.04753],[-0.500,0.04770],[-0.250,0.04789],[0.000,0.04810],[0.250,0.04835],[0.500,0.04861],[0.750,0.04890],[1.000,0.04921],[1.250,0.04955],[1.500,0.04989],[1.750,0.05026],[2.000,0.05064],[2.250,0.05105],[2.500,0.05147],[2.750,0.05190],[3.000,0.05236],[3.250,0.05282],[3.500,0.05329],[3.750,0.05493],[4.000,0.05686],[4.250,0.05866],[4.500,0.06034],[4.750,0.06196],[5.000,0.06338],[5.250,0.06474],[5.500,0.06602],[5.750,0.06731],[6.000,0.06857],[6.250,0.06987],[6.500,0.07125],[6.750,0.07275],[7.000,0.07433],[7.250,0.07592],[7.500,0.07500],[7.750,0.07563],[8.000,0.07633],[8.250,0.07731],[8.500,0.07833],[8.750,0.07944],[9.000,0.08045],[9.250,0.08158],[9.500,0.08254],[9.750,0.08363],[10.000,0.08455],[10.250,0.08556],[10.500,0.08629],[10.750,0.08698],[11.000,0.08738],[11.250,0.08688],[11.500,0.08574],[11.750,0.08828],[12.000,0.05390],[12.250,0.09209],[12.500,0.09393],[12.750,0.09581],[13.000,0.09772],[13.250,0.09961],[13.500,0.10159],[13.750,0.10334],[14.000,0.06172],[14.250,0.06449],[14.500,0.06741],[14.750,0.07037],[15.000,0.07522],[15.250,0.12374],[16.000,0.09250],[17.250,0.16742],[17.500,0.17209],],[[-10.750,0.11942],[-10.500,0.11431],[-10.250,0.10959],[-10.000,0.10022],[-9.750,0.09804],[-9.500,0.09594],[-9.250,0.09475],[-9.000,0.09042],[-8.750,0.08711],[-8.500,0.08577],[-8.250,0.08477],[-6.750,0.05922],[-6.500,0.05087],[-6.250,0.04747],[-6.000,0.04522],[-5.750,0.04332],[-5.500,0.04166],[-5.250,0.04040],[-5.000,0.03910],[-4.750,0.03793],[-4.500,0.03705],[-4.250,0.03637],[-4.000,0.03549],[-3.750,0.03504],[-3.500,0.03433],[-3.250,0.03318],[-3.000,0.03068],[-2.750,0.03218],[-2.500,0.03405],[-2.250,0.03591],[-2.000,0.04196],[-1.750,0.04167],[-1.500,0.04142],[-1.250,0.04108],[-1.000,0.04109],[-0.750,0.04167],[-0.500,0.04196],[-0.250,0.04195],[0.000,0.04264],[0.250,0.04276],[0.500,0.04319],[0.750,0.04351],[1.000,0.04351],[1.250,0.04423],[1.500,0.04422],[1.750,0.04487],[2.000,0.04480],[2.250,0.04543],[2.500,0.04532],[2.750,0.04598],[3.000,0.04572],[3.250,0.04637],[3.500,0.04601],[3.750,0.04667],[4.000,0.04614],[4.250,0.04681],[4.500,0.04630],[4.750,0.04667],[5.000,0.04713],[5.250,0.04636],[5.500,0.04680],[5.750,0.04572],[6.000,0.04612],[6.250,0.04512],[6.500,0.04512],[6.750,0.04334],[7.000,0.04358],[7.250,0.04377],[7.500,0.04152],[8.000,0.04055],[8.250,0.03556],[8.500,0.03533],[8.750,0.03471],[9.000,0.02958],[9.250,0.02821],[9.500,0.02791],[9.750,0.02748],[10.000,0.02675],[10.250,0.02717],[10.500,0.02734],[10.750,0.02810],[11.000,0.02903],[11.250,0.03003],[11.500,0.03140],[11.750,0.03280],[12.000,0.03437],[12.250,0.03605],[12.500,0.03790],[12.750,0.03981],[13.000,0.04207],[13.250,0.04442],[13.500,0.04689],[13.750,0.04939],[14.000,0.05204],[14.250,0.05482],[14.500,0.05783],[14.750,0.06098],[15.000,0.06398],[15.250,0.06661],[15.500,0.06843],[15.750,0.07126],[16.000,0.07359],[16.250,0.07610],[16.500,0.07970],[16.750,0.08362],[17.000,0.08783],[17.250,0.09250],[17.500,0.09783],[17.750,0.10406],[18.000,0.11144],[18.250,0.12048],[18.500,0.13144],[18.750,0.14469],[19.000,0.15873],[19.250,0.17083],],[[-12.250,0.09890],[-12.000,0.09535],[-11.750,0.09446],[-11.500,0.09558],[-11.250,0.09220],[-11.000,0.08783],[-10.750,0.08086],[-10.500,0.06914],[-10.250,0.06504],[-10.000,0.06417],[-9.750,0.05740],[-9.500,0.05447],[-9.250,0.05216],[-9.000,0.04034],[-8.750,0.03651],[-8.500,0.03304],[-8.250,0.03129],[-8.000,0.03050],[-7.750,0.02896],[-7.500,0.02716],[-7.250,0.02507],[-7.000,0.02351],[-6.750,0.02276],[-6.500,0.02219],[-6.250,0.02171],[-6.000,0.02104],[-5.750,0.02060],[-5.500,0.02005],[-5.250,0.02004],[-5.000,0.01959],[-4.750,0.01898],[-4.500,0.01820],[-4.250,0.01734],[-4.000,0.01752],[-3.750,0.01942],[-3.500,0.02069],[-3.250,0.02237],[-3.000,0.02324],[-2.750,0.02438],[-2.500,0.02528],[-2.250,0.02581],[-2.000,0.02616],[-1.750,0.02688],[-1.500,0.02653],[-1.250,0.02651],[-1.000,0.02624],[-0.750,0.02606],[-0.500,0.02572],[-0.250,0.02692],[0.000,0.02641],[0.250,0.02602],[0.500,0.02578],[0.750,0.02666],[1.000,0.02614],[1.250,0.02566],[1.500,0.02525],[1.750,0.02641],[2.000,0.02729],[2.250,0.02673],[2.500,0.02610],[2.750,0.02542],[3.000,0.02472],[3.250,0.02550],[3.500,0.02478],[3.750,0.02402],[4.000,0.02478],[4.250,0.02397],[4.500,0.02298],[4.750,0.02418],[5.000,0.02342],[5.250,0.02253],[5.500,0.02162],[5.750,0.02072],[6.000,0.02074],[6.250,0.01977],[6.500,0.01963],[6.750,0.01872],[7.000,0.01858],[7.250,0.01795],[7.500,0.01754],[7.750,0.01738],[8.000,0.01713],[8.250,0.01702],[8.500,0.01707],[8.750,0.01714],[9.000,0.01750],[9.250,0.01795],[9.500,0.01862],[9.750,0.01939],[10.000,0.02029],[10.250,0.02127],[10.500,0.02238],[10.750,0.02356],[11.000,0.02493],[11.250,0.02643],[11.500,0.02800],[11.750,0.02971],[12.000,0.03128],[12.500,0.03486],[12.750,0.03667],[13.000,0.03859],[13.250,0.04059],[13.500,0.04271],[13.750,0.04504],[14.000,0.04775],[14.250,0.05067],[14.500,0.05399],[14.750,0.05746],[15.000,0.06049],[15.250,0.06407],[15.500,0.06689],[15.750,0.06977],[16.000,0.07267],[16.250,0.07527],[16.500,0.07783],[16.750,0.08065],[17.000,0.08339],[17.250,0.08610],[17.500,0.08851],[17.750,0.09012],[18.000,0.09311],[18.250,0.09685],[18.500,0.10094],[18.750,0.10550],[19.000,0.11037],[19.250,0.11580],],[[-12.500,0.07838],[-12.250,0.07023],[-12.000,0.06534],[-11.750,0.06169],[-9.750,0.03147],[-9.500,0.02775],[-9.250,0.02508],[-9.000,0.02306],[-8.750,0.02172],[-8.500,0.02042],[-8.250,0.01936],[-8.000,0.01859],[-7.750,0.01787],[-7.500,0.01721],[-7.250,0.01668],[-7.000,0.01620],[-6.750,0.01549],[-6.500,0.01502],[-6.250,0.01465],[-6.000,0.01433],[-5.750,0.01404],[-5.500,0.01364],[-5.250,0.01336],[-5.000,0.01304],[-4.750,0.01245],[-4.500,0.01202],[-4.250,0.01158],[-4.000,0.01103],[-3.750,0.01026],[-3.500,0.00894],[-3.250,0.00930],[-3.000,0.00967],[-2.750,0.01011],[-2.500,0.01057],[-2.250,0.01109],[-2.000,0.01153],[-1.750,0.01167],[-1.500,0.01227],[-1.250,0.01291],[-1.000,0.01324],[-0.750,0.01372],[-0.500,0.01395],[-0.250,0.01391],[0.000,0.01369],[0.250,0.01366],[0.500,0.01358],[0.750,0.01353],[1.000,0.01345],[1.250,0.01335],[1.500,0.01328],[1.750,0.01322],[2.000,0.01309],[2.250,0.01296],[2.500,0.01281],[2.750,0.01271],[3.000,0.01256],[3.250,0.01240],[3.500,0.01226],[3.750,0.01216],[4.000,0.01204],[4.250,0.01189],[4.500,0.01179],[4.750,0.01167],[5.000,0.01156],[5.250,0.01147],[5.500,0.01138],[5.750,0.01130],[6.000,0.01126],[6.250,0.01127],[6.500,0.01135],[6.750,0.01156],[7.000,0.01171],[7.250,0.01203],[7.500,0.01248],[7.750,0.01305],[8.000,0.01375],[8.250,0.01457],[8.500,0.01541],[8.750,0.01625],[9.000,0.01723],[9.250,0.01826],[9.500,0.01930],[9.750,0.02035],[10.000,0.02144],[10.250,0.02255],[10.500,0.02368],[10.750,0.02481],[11.000,0.02605],[11.250,0.02720],[11.500,0.02846],[11.750,0.02969],[12.000,0.03103],[12.250,0.03236],[12.500,0.03380],[12.750,0.03541],[13.000,0.03749],[13.500,0.04143],[13.750,0.04329],[14.000,0.04512],[14.250,0.04718],[14.500,0.04952],[14.750,0.05164],[15.000,0.05391],[15.250,0.05640],[15.500,0.05908],[15.750,0.06191],[16.000,0.06500],[16.250,0.06853],[16.500,0.07215],[16.750,0.07632],[17.000,0.07964],[17.250,0.08312],[17.500,0.08664],[17.750,0.09034],[18.000,0.09405],[18.250,0.09784],[18.500,0.10165],[18.750,0.10557],[19.000,0.10950],],[[-12.750,0.08427],[-12.500,0.07764],[-11.750,0.03443],[-11.500,0.03169],[-11.250,0.02949],[-11.000,0.02742],[-10.750,0.02565],[-10.500,0.02374],[-10.250,0.02220],[-10.000,0.02099],[-9.750,0.02000],[-9.500,0.01901],[-9.250,0.01815],[-9.000,0.01748],[-8.750,0.01693],[-8.500,0.01623],[-8.250,0.01564],[-8.000,0.01525],[-7.750,0.01483],[-7.500,0.01433],[-7.250,0.01360],[-7.000,0.01307],[-6.750,0.01273],[-6.500,0.01239],[-6.250,0.01209],[-6.000,0.01181],[-5.750,0.01156],[-5.500,0.01124],[-5.250,0.01096],[-5.000,0.01073],[-4.750,0.01052],[-4.500,0.01025],[-4.250,0.00982],[-4.000,0.00952],[-3.750,0.00913],[-3.500,0.00865],[-3.250,0.00804],[-3.000,0.00714],[-2.750,0.00630],[-2.500,0.00639],[-2.250,0.00650],[-2.000,0.00665],[-1.750,0.00690],[-1.500,0.00710],[-1.250,0.00720],[-1.000,0.00742],[-0.750,0.00771],[-0.500,0.00798],[-0.250,0.00808],[0.000,0.00817],[0.250,0.00821],[0.500,0.00820],[0.750,0.00816],[1.000,0.00812],[1.250,0.00808],[1.500,0.00806],[1.750,0.00809],[2.000,0.00803],[2.250,0.00798],[2.500,0.00794],[2.750,0.00793],[3.000,0.00792],[3.250,0.00788],[3.500,0.00780],[3.750,0.00777],[4.000,0.00774],[4.250,0.00775],[4.500,0.00775],[4.750,0.00779],[5.000,0.00786],[5.250,0.00799],[5.500,0.00820],[6.000,0.00877],[6.250,0.00910],[6.500,0.00947],[6.750,0.00995],[7.000,0.01056],[7.250,0.01113],[7.500,0.01169],[7.750,0.01226],[8.000,0.01287],[8.250,0.01355],[8.500,0.01430],[8.750,0.01509],[9.000,0.01592],[9.250,0.01685],[9.500,0.01773],[9.750,0.01862],[10.000,0.01961],[10.250,0.02067],[10.500,0.02162],[10.750,0.02262],[11.000,0.02369],[11.250,0.02479],[11.500,0.02598],[11.750,0.02726],[12.000,0.02892],[12.250,0.03035],[12.500,0.03162],[12.750,0.03287],[13.000,0.03415],[13.250,0.03543],[13.500,0.03697],[13.750,0.03858],[14.000,0.04007],[14.250,0.04160],[14.500,0.04331],[14.750,0.04505],[15.000,0.04699],[15.250,0.04902],[15.500,0.05122],[15.750,0.05353],[16.000,0.05611],[16.250,0.05922],[16.500,0.06236],[16.750,0.06661],[17.000,0.06968],[17.250,0.07291],[17.500,0.07606],[17.750,0.07972],[18.000,0.08354],[18.250,0.08751],[18.500,0.09171],[18.750,0.09599],[19.000,0.10040],[19.250,0.10522],],],
{"title":"Cd v Alpha","sortData":false,"legend":{"show":false,"placement":"insideGrid","location":"ne"},"series":[{"showLabel":true,"index":0,"showLine":true,"trendline":{"type":"none","show":false},"color":"#4bb2c5"},{"showLabel":true,"index":0,"showLine":true,"trendline":{"type":"none","show":false},"color":"#EAA228"},{"showLabel":true,"index":0,"showLine":true,"trendline":{"type":"none","show":false},"color":"#839557"},{"showLabel":true,"index":0,"showLine":true,"trendline":{"type":"none","show":false},"color":"#953579"},{"showLabel":true,"index":0,"showLine":true,"trendline":{"type":"none","show":false},"color":"#d8b83f"}],"show":"$.jqplot.config.enablePlugins","axes":{"xaxis":{"max":20,"min":-15,"tickInterval":5,"tickOptions":{"formatString":"%.1f"},"forceTickAt0":true,"rendererOptions":{"forceTickAt0":true}},"yaxis":{"max":0.18,"min":0,"tickInterval":0.02,"tickOptions":{"formatString":"%.2f"},"forceTickAt0":true,"rendererOptions":{"forceTickAt0":true}}},"seriesDefaults":{"lineWidth":1,"showLabel":true,"markerOptions":{"size":5,"show":false}}});
jqplots.push(p);

var p = $.jqplot('effaoa',[[[-8.500,-3.8194738177819],[-8.250,-3.9169190826482],[-7.250,-5.8171654061164],[-7.000,-6.9527846461792],[-6.750,-8.0690345172586],[-6.500,-10.533610533611],[-6.250,-11.358524516419],[-6.000,-11.854378172589],[-5.750,-12.583829787234],[-5.500,-13.137432188065],[-5.250,-13.610260336907],[-5.000,-14.014141414141],[-4.750,-14.342189160468],[-4.500,-14.544646823634],[-4.250,-14.58477110651],[-4.000,-14.753546525607],[-3.750,-14.68253968254],[-3.500,-14.563827065746],[-3.250,-14.290937581614],[-3.000,-3.919513728778],[-2.750,-3.8302800589598],[-2.500,-3.724910204944],[-2.250,-3.603641753123],[-2.000,-3.4710743801653],[-1.750,-3.3319203052141],[-1.500,-3.1850910631089],[-1.250,-3.0323535631212],[-1.000,-2.8776371308017],[-0.750,-2.7182831895645],[-0.500,-2.5576519916143],[-0.250,-2.397160158697],[0.000,-2.2370062370062],[0.250,-2.076525336091],[0.500,-1.9173009668792],[0.750,-1.7627811860941],[1.000,-1.60942897785],[1.250,-1.4591321897074],[1.500,-1.314892764081],[1.750,-1.1719060883406],[2.000,-1.0347551342812],[2.250,-0.90303623898139],[2.500,-0.77520885952982],[2.750,-0.65317919075145],[3.000,-0.53475935828877],[3.250,-0.42408178720182],[3.500,-0.31713267029461],[3.750,0.14199890770071],[4.000,0.69644741470278],[4.250,1.1541084214115],[4.500,1.536294332118],[4.750,1.8721755971595],[5.000,2.1410539602398],[5.250,2.3787457522397],[5.500,2.5780066646471],[5.750,2.755905511811],[6.000,2.9108939769579],[6.250,3.0528123658222],[6.500,3.1985964912281],[6.750,3.3484536082474],[7.000,3.5059868155523],[7.250,3.6604320337197],[7.500,4.74],[7.750,5.1368504561682],[8.000,5.4447792480021],[8.250,5.5840124175398],[8.500,5.7525852163922],[8.750,5.9302618328298],[9.000,6.1404599129894],[9.250,6.3250796763913],[9.500,6.5507632662951],[9.750,6.7344254454143],[10.000,6.9450029568303],[10.250,7.120149602618],[10.500,7.3415227720477],[10.750,7.5592090135663],[11.000,7.8244449530785],[11.250,8.2481583793738],[11.500,8.7765337065547],[11.750,8.5647938377889],[12.000,19.257884972171],[12.250,8.4254533608427],[12.500,8.3796444160545],[12.750,8.3268969836134],[13.000,8.276708964388],[13.250,8.228089549242],[13.500,8.1720641795452],[13.750,8.1430230307722],[14.000,18.856124432923],[14.250,17.995037990386],[14.500,17.179943628542],[14.750,16.49282364644],[15.000,15.113001861207],[15.250,6.9993534831097],[16.000,11.997837837838],[17.250,3.020547126986],[17.500,3.0303910744378],],[[-10.750,-3.1251046725842],[-10.500,-3.5657422797656],[-10.250,-3.6143808741674],[-10.000,-2.9175813210936],[-9.750,-2.7162382700938],[-9.500,-2.8465707734],[-9.250,-4.1583113456464],[-9.000,-4.4293297942933],[-8.750,-5.2163930662381],[-8.500,-5.8715168473825],[-8.250,-6.6804293971924],[-6.750,-10.710908476866],[-6.500,-12.27245920975],[-6.250,-12.789129976827],[-6.000,-13.188854489164],[-5.750,-13.471837488458],[-5.500,-13.629380700912],[-5.250,-13.60396039604],[-5.000,-13.531969309463],[-4.750,-13.382546796731],[-4.500,-12.950067476383],[-4.250,-12.103381908166],[-4.000,-12.147083685545],[-3.750,-11.952054794521],[-3.500,-11.803087678415],[-3.250,-11.820373719108],[-3.000,-12.672750977836],[-2.750,-12.681789931635],[-2.500,-12.026431718062],[-2.250,-11.500974658869],[-2.000,0.35271687321258],[-1.750,2.2078233741301],[-1.500,3.5272815065186],[-1.250,5.0438169425511],[-1.000,5.8189340472134],[-0.750,5.538756899448],[-0.500,5.7721639656816],[-0.250,6.7032181168057],[0.000,6.2101313320826],[0.250,6.8124415341441],[0.500,6.9599444315814],[0.750,7.1569754079522],[1.000,8.1291657090324],[1.250,7.6079583992765],[1.500,8.4916327453641],[1.750,8.1502117227546],[2.000,9.0245535714286],[2.250,8.7409200968523],[2.500,9.6072374227714],[2.750,9.3127446715963],[3.000,10.273403324584],[3.250,9.9698080655596],[3.500,10.975874809824],[3.750,10.644953931862],[4.000,11.755526657997],[4.250,11.390728476821],[4.500,12.369330453564],[4.750,12.266980929934],[5.000,12.153617653299],[5.250,13.196721311475],[5.500,13.032051282051],[5.750,14.293525809274],[6.000,14.100173460538],[6.250,15.20390070922],[6.500,15.339095744681],[6.750,17.081218274112],[7.000,16.913721890776],[7.250,16.819739547635],[7.500,18.889691714836],[8.000,19.795314426634],[8.250,25.028121484814],[8.500,25.179733937164],[8.750,25.84557764333],[9.000,33.789722785666],[9.250,36.465792272244],[9.500,36.993908993192],[9.750,37.96943231441],[10.000,39.940186915888],[10.250,39.263894000736],[10.500,39.539136795903],[10.750,38.654804270463],[11.000,37.619703754736],[11.250,36.616716616717],[11.500,35.095541401274],[11.750,33.740853658537],[12.000,32.292697119581],[12.250,30.884882108183],[12.500,29.424802110818],[12.750,28.05325295152],[13.000,26.493938673639],[13.250,25.047276001801],[13.500,23.693751332907],[13.750,22.494432071269],[14.000,21.341275941583],[14.250,20.257205399489],[14.500,19.176897803908],[14.750,18.156772712365],[15.000,17.32885276649],[15.250,16.749737276685],[15.500,16.545374835598],[15.750,15.979511647488],[16.000,15.618969968746],[16.250,15.287779237845],[16.500,14.613550815558],[16.750,13.921310691222],[17.000,13.218717977912],[17.250,12.476756756757],[17.500,11.678421752019],[17.750,10.812992504324],[18.000,9.8869346733668],[18.250,8.8911022576361],[18.500,7.8720328667072],[18.750,6.8629483723823],[19.000,6.017766017766],[19.250,5.4504478136159],],[[-12.250,-1.4732052578362],[-12.000,-1.3906659674882],[-11.750,-3.4173195003176],[-11.500,-2.9085582757899],[-11.250,-2.8297180043384],[-11.000,-2.8395764545144],[-10.750,-3.0521889685877],[-10.500,-4.1423199305756],[-10.250,-5.1153136531365],[-10.000,-5.733208664485],[-9.750,-6.3675958188153],[-9.500,-6.4530934459335],[-9.250,-6.6238496932515],[-9.000,-10.1883986118],[-8.750,-11.613256642016],[-8.500,-12.221549636804],[-8.250,-12.527964205817],[-8.000,-12.495081967213],[-7.750,-12.468922651934],[-7.500,-12.290132547865],[-7.250,-11.922616673315],[-7.000,-11.178222033177],[-6.750,-10.478910369069],[-6.500,-9.8017124831005],[-6.250,-9.0741593735606],[-6.000,-8.4838403041825],[-5.750,-7.7912621359223],[-5.500,-7.2319201995012],[-5.250,-7.0309381237525],[-5.000,-7.3251659009699],[-4.750,-7.3076923076923],[-4.500,-7.2307692307692],[-4.250,-7.5836216839677],[-4.000,-8.6529680365297],[-3.750,-6.9207003089598],[-3.500,-5.2827452875785],[-3.250,-3.1917746982566],[-3.000,-1.4931153184165],[-2.750,-2.9122231337162],[-2.500,-1.4517405063291],[-2.250,-0.085238279736536],[-2.000,1.2347094801223],[-1.750,4.8139880952381],[-1.500,9.3969091594421],[-1.250,10.479064503961],[-1.000,12.65243902439],[-0.750,13.879508825787],[-0.500,15.929237947123],[-0.250,13.722139673105],[0.000,15.914426353654],[0.250,17.563412759416],[0.500,18.533747090768],[0.750,16.984246061515],[1.000,19.047436878347],[1.250,20.896336710834],[1.500,22.554455445545],[1.750,19.132904202953],[2.000,15.84829607915],[2.250,17.845117845118],[2.500,20.080459770115],[2.750,22.690794649882],[3.000,25.44498381877],[3.250,21.541176470588],[3.500,24.398708635997],[3.750,27.514571190674],[4.000,19.830508474576],[4.250,23.629536921151],[4.500,28.55091383812],[4.750,22.100909842845],[5.000,24.611443210931],[5.250,27.798490901021],[5.500,31.600370027752],[5.750,36.071428571429],[6.000,35.024108003857],[6.250,39.777440566515],[6.500,39.872643912379],[6.750,44.455128205128],[7.000,44.91926803014],[7.250,48.339832869081],[7.500,50.78677309008],[7.750,52.134637514384],[8.000,54.220665499124],[8.250,55.863689776733],[8.500,56.654950205038],[8.750,57.561260210035],[9.000,57.085714285714],[9.250,56.395543175487],[9.500,54.812030075188],[9.750,53.094378545642],[10.000,51.094135041893],[10.250,49.078514339445],[10.500,46.921358355675],[10.750,44.859932088285],[11.000,42.599277978339],[11.250,40.431328036322],[11.500,38.421428571429],[11.750,36.405250757321],[12.000,34.744245524297],[12.500,31.523235800344],[12.750,30.16089446414],[13.000,28.833894791397],[13.250,27.570830253757],[13.500,26.335752751112],[13.750,25.066607460036],[14.000,23.662827225131],[14.250,22.297217288336],[14.500,20.86497499537],[14.750,19.54054994779],[15.000,18.586543230286],[15.250,17.491805837365],[15.500,16.821647480939],[15.750,16.186039845206],[16.000,15.59378010183],[16.250,15.117576723794],[16.500,14.719259925479],[16.750,14.278983261004],[17.000,13.887756325699],[17.250,13.528455284553],[17.500,13.254999435092],[17.750,13.170217487794],[18.000,12.808506068092],[18.250,12.324212700052],[18.500,11.812958192986],[18.750,11.265402843602],[19.000,10.719398387243],[19.250,10.145941278066],],[[-12.500,-3.55447818321],[-12.250,-4.285917698989],[-12.000,-5.0061218243036],[-11.750,-5.6946020424704],[-9.750,-16.097870988243],[-9.500,-17.535135135135],[-9.250,-18.867623604466],[-9.000,-19.657415437988],[-8.750,-19.815837937385],[-8.500,-19.745347698335],[-8.250,-19.313016528926],[-8.000,-18.687466379774],[-7.750,-18.007834359261],[-7.500,-17.356188262638],[-7.250,-16.630695443645],[-7.000,-15.864197530864],[-6.750,-15.526145900581],[-6.500,-14.906790945406],[-6.250,-14.116040955631],[-6.000,-13.133286810886],[-5.750,-11.987179487179],[-5.500,-11.011730205279],[-5.250,-9.7005988023952],[-5.000,-8.3895705521472],[-4.750,-7.5341365461847],[-4.500,-6.2811980033278],[-4.250,-4.9050086355786],[-4.000,-3.599274705349],[-3.750,-2.5536062378168],[-3.500,-2.0469798657718],[-3.250,0.74193548387097],[-3.000,3.6091003102378],[-2.750,6.2314540059347],[-2.500,8.6376537369915],[-2.250,10.739404869252],[-2.000,12.792714657415],[-1.750,15.167095115681],[-1.500,16.552567237164],[-1.250,17.699457784663],[-1.000,19.176737160121],[-0.750,20.400874635569],[-0.500,22],[-0.250,24.025880661395],[0.000,26.559532505478],[0.250,28.645680819912],[0.500,30.544918998527],[0.750,32.512934220251],[1.000,34.676579925651],[1.250,37.056179775281],[1.500,39.480421686747],[1.750,41.641452344932],[2.000,43.972498090145],[2.250,46.574074074074],[2.500,49.51600312256],[2.750,52.470495672699],[3.000,55.055732484076],[3.250,57.782258064516],[3.500,60.725938009788],[3.750,63.470394736842],[4.000,66.038205980066],[4.250,69.150546677881],[4.500,71.942324003393],[4.750,74.721508140531],[5.000,77.742214532872],[5.250,80.287707061901],[5.500,83.093145869947],[5.750,85.796460176991],[6.000,88.055062166963],[6.250,89.80479148181],[6.500,90.819383259912],[6.750,90.458477508651],[7.000,90.00853970965],[7.250,88.088113050707],[7.500,85.440705128205],[7.750,82.07662835249],[8.000,78.094545454545],[8.250,73.843514070007],[8.500,70.110317975341],[8.750,66.892307692308],[9.000,63.406848520023],[9.250,60.153340635268],[9.500,57.300518134715],[9.750,54.742014742015],[10.000,52.285447761194],[10.250,50.008869179601],[10.500,47.92652027027],[10.750,46.066102378073],[11.000,44.138195777351],[11.250,42.599264705882],[11.500,40.990864371047],[11.750,39.589087234759],[12.000,38.137286496938],[12.250,36.841779975278],[12.500,35.505917159763],[12.750,34.066647839593],[13.000,32.205921579088],[13.500,29.33622978518],[13.750,28.221298221298],[14.000,27.214095744681],[14.250,26.119118270454],[14.500,24.933360258481],[14.750,24.01045701007],[15.000,23.07735114079],[15.250,22.109929078014],[15.500,21.13913337847],[15.750,20.193829752867],[16.000,19.230769230769],[16.250,18.197869546184],[16.500,17.246015246015],[16.750,16.22248427673],[17.000,15.55876443998],[17.250,14.909769008662],[17.500,14.309787626962],[17.750,13.720389639141],[18.000,13.174906964381],[18.250,12.656377759608],[18.500,12.175110673881],[18.750,11.711660509614],[19.000,11.28401826484],],[[-12.750,-2.2060045093153],[-12.500,-2.5386398763524],[-11.750,-15.599767644496],[-11.500,-17.415588513727],[-11.250,-18.921668362157],[-11.000,-20.485047410649],[-10.750,-21.797270955166],[-10.500,-23.281381634372],[-10.250,-24.333333333333],[-10.000,-24.997617913292],[-9.750,-25.355],[-9.500,-25.623356128353],[-9.250,-25.702479338843],[-9.000,-25.520594965675],[-8.750,-25.126993502658],[-8.500,-24.916820702403],[-8.250,-24.552429667519],[-8.000,-23.84262295082],[-7.750,-23.149022252192],[-7.500,-22.609909281228],[-7.250,-22.757352941176],[-7.000,-22.609028309105],[-6.750,-21.767478397486],[-6.500,-20.718321226796],[-6.250,-19.462365591398],[-6.000,-18.060965283658],[-5.750,-16.496539792388],[-5.500,-15.026690391459],[-5.250,-13.357664233577],[-5.000,-11.444547996272],[-4.750,-9.3821292775665],[-4.500,-7.3756097560976],[-4.250,-5.6109979633401],[-4.000,-3.4033613445378],[-3.750,-1.1610076670318],[-3.500,1.2138728323699],[-3.250,3.8557213930348],[-3.000,7.1008403361345],[-2.750,11.603174603175],[-2.500,15.978090766823],[-2.250,20.246153846154],[-2.000,24.240601503759],[-1.750,27.594202898551],[-1.500,30.985915492958],[-1.250,34.625],[-1.000,37.33153638814],[-0.750,39.533073929961],[-0.500,41.842105263158],[-0.250,44.665841584158],[0.000,47.637698898409],[0.250,50.986601705238],[0.500,54.536585365854],[0.750,58.272058823529],[1.000,62.093596059113],[1.250,65.977722772277],[1.500,69.727047146402],[1.750,73.114956736712],[2.000,77.148194271482],[2.250,81.190476190476],[2.500,85.188916876574],[2.750,88.928121059269],[3.000,92.613636363636],[3.250,96.598984771574],[3.500,101.07692307692],[3.750,104.95495495495],[4.000,108.83720930233],[4.250,112.10322580645],[4.500,115.48387096774],[4.750,118.16431322208],[5.000,120.16539440204],[5.250,120.93867334168],[5.500,120.23170731707],[6.000,116.3511972634],[6.250,113.74725274725],[6.500,110.14783526927],[6.750,105.39698492462],[7.000,99.801136363636],[7.250,95.417789757412],[7.500,91.650983746792],[7.750,88.213703099511],[8.000,84.638694638695],[8.250,80.981549815498],[8.500,77.293706293706],[8.750,73.783962889331],[9.000,70.483668341709],[9.250,67.032640949555],[9.500,64.241398759165],[9.750,61.702470461869],[10.000,59.036206017338],[10.250,56.395742622158],[10.500,54.40795559667],[10.750,52.449160035367],[11.000,50.476994512453],[11.250,48.628479225494],[11.500,46.720554272517],[11.750,44.81291269259],[12.000,42.330567081604],[12.250,40.540362438221],[12.500,39.203036053131],[12.750,38.016428354122],[13.000,36.884333821376],[13.250,35.845328817386],[13.500,34.55233973492],[13.750,33.302229134266],[14.000,32.290990766159],[14.250,31.322115384615],[14.500,30.258600785038],[14.750,29.258601553829],[15.000,28.178335816131],[15.250,27.127702978376],[15.500,26.050370948848],[15.750,24.997197832991],[16.000,23.885225450009],[16.250,22.600472813239],[16.500,21.444836433611],[16.750,19.935445128359],[17.000,19.071469575201],[17.250,18.232066931834],[17.500,17.498027872732],[17.750,16.674611138986],[18.000,15.88340914532],[18.250,15.13198491601],[18.500,14.398647911896],[18.750,13.719137410147],[19.000,13.077689243028],[19.250,12.417791294431],],],
{"title":"Cl\/Cd v Alpha","sortData":false,"legend":{"show":false,"placement":"insideGrid","location":"ne"},"series":[{"showLabel":true,"index":0,"showLine":true,"trendline":{"type":"none","show":false},"color":"#4bb2c5"},{"showLabel":true,"index":0,"showLine":true,"trendline":{"type":"none","show":false},"color":"#EAA228"},{"showLabel":true,"index":0,"showLine":true,"trendline":{"type":"none","show":false},"color":"#839557"},{"showLabel":true,"index":0,"showLine":true,"trendline":{"type":"none","show":false},"color":"#953579"},{"showLabel":true,"index":0,"showLine":true,"trendline":{"type":"none","show":false},"color":"#d8b83f"}],"show":"$.jqplot.config.enablePlugins","axes":{"xaxis":{"max":20,"min":-15,"tickInterval":5,"tickOptions":{"formatString":"%.1f"},"forceTickAt0":true,"rendererOptions":{"forceTickAt0":true}},"yaxis":{"max":140,"min":-40,"tickInterval":20,"tickOptions":{"formatString":"%d"},"forceTickAt0":true,"rendererOptions":{"forceTickAt0":true}}},"seriesDefaults":{"lineWidth":1,"showLabel":true,"markerOptions":{"size":5,"show":false}}});
jqplots.push(p);

});
/*]]>*/
</script>
</body>
</html>