<!DOCTYPE html>
<html lang="en">
<head>
<link rel="stylesheet" type="text/css" href="/assets/62ff72f1/jquery.jqplot.min.css" media="screen, projection, print" />
<style type="text/css">
/*<![CDATA[*/
.jqplot-title {font-size:1.8em;padding:3px;}.jqplot-xaxis {font-size:0.8em;padding-top:3px;}.jqplot-yaxis {font-size:0.8em;padding-right:3px;}
/*]]>*/
</style>
<!--[if lt IE 9]><script type="text/javascript" src="/assets/62ff72f1/excanvas.min.js"></script></script><![endif]-->
<script type="text/javascript" src="/assets/780cfc96/jquery.min.js"></script>
<script type="text/javascript" src="/assets/62ff72f1/jquery.min.js"></script>
<script type="text/javascript" src="/assets/62ff72f1/jquery.jqplot.min.js"></script>
<script type="text/javascript">
/*<![CDATA[*/
var jqplots = [];

/*]]>*/
</script>
<title>Airfoil polar plot</title>
<meta http-equiv="Content-Language" content="en-gb"/>
<meta http-equiv="Content-Type" content="text/html; charset=windows-1252"/>
<meta content="none" name="robots" />
<meta name="copyright" content="Copyright 2010-2013. All Rights Reserved" />
</head>
<body>

<table style="width:800px;">
<tr><td>
<div id="liftdrag" style="height:400px;width:398px;margin:auto;display:inline-block;"></div>
</td><td>
<div id="liftaoa" style="height:400px;width:398px;margin:auto;display:inline-block;"></div>
</td></tr>
<tr><td>
<div id="effaoa" style="height:400px;width:398px;margin:auto;display:inline-block;"></div>
</td><td>
<div id="dragaoa" style="height:400px;width:398px;margin:auto;display:inline-block;"></div>
</td></tr>
<tr><td>
<div id="momentaoa" style="height:400px;width:398px;margin:auto;display:inline-block;"></div>
</td><td>
</td></tr>

</table>
<script type="text/javascript">
/*<![CDATA[*/
jQuery(window).load(function() {
var p = $.jqplot('liftdrag',[[[0.11197,-0.3324],[0.10953,-0.3357],[0.10901,-0.3558],[0.10491,-0.3410],[0.10122,-0.3364],[0.09815,-0.3355],[0.08183,-0.3703],[0.07481,-0.4124],[0.07333,-0.5391],[0.06976,-0.5264],[0.06336,-0.5504],[0.05922,-0.5500],[0.05296,-0.5507],[0.04909,-0.5384],[0.04537,-0.5228],[0.04228,-0.5034],[0.03962,-0.4859],[0.03711,-0.4638],[0.03508,-0.4436],[0.03318,-0.4223],[0.03170,-0.4018],[0.03016,-0.3817],[0.02848,-0.3615],[0.02707,-0.3428],[0.02870,-0.3397],[0.02982,-0.3358],[0.03058,-0.3322],[0.03131,-0.3212],[0.03212,-0.3018],[0.03265,-0.2845],[0.03302,-0.2671],[0.03301,-0.2532],[0.03307,-0.2332],[0.03307,-0.2095],[0.03310,-0.1840],[0.03342,-0.1448],[0.03373,-0.1034],[0.03466,-0.0294],[0.03524,0.0270],[0.03546,0.0443],[0.03591,0.0678],[0.03677,0.1078],[0.03756,0.1360],[0.03868,0.1798],[0.03960,0.2013],[0.04080,0.2411],[0.04186,0.2590],[0.04305,0.2874],[0.04431,0.3126],[0.04554,0.3301],[0.04693,0.3654],[0.04821,0.3733],[0.04962,0.3985],[0.05107,0.4167],[0.05254,0.4325],[0.05408,0.4583],[0.05564,0.4696],[0.05723,0.4957],[0.05884,0.5112],[0.06050,0.5292],[0.06208,0.5559],[0.06363,0.5838],[0.06513,0.6105],[0.06663,0.6338],[0.06815,0.6533],[0.06970,0.6701],[0.07123,0.6879],[0.07234,0.7158],[0.07298,0.7523],[0.07443,0.7662],[0.07366,0.8178],[0.07504,0.8277],[0.07398,0.8689],[0.06903,0.9407],[0.04063,1.1800],[0.03672,1.2005],[0.03722,1.1942],[0.03945,1.1873],[0.04211,1.1872],[0.04485,1.2018],[0.04778,1.2227],[0.05108,1.2528],[0.05470,1.2747],[0.05865,1.2934],[0.06319,1.3176],[0.06619,1.3014],[0.06979,1.2867],[0.07383,1.2716],[0.07820,1.2536],[0.08295,1.2320],[0.08821,1.2075],[0.09408,1.1813],[0.10054,1.1548],[0.10758,1.1288],[0.11505,1.1056],[0.12287,1.0860],],[[0.09816,-0.3733],[0.09532,-0.4009],[0.09265,-0.4470],[0.08909,-0.4036],[0.08678,-0.4105],[0.08490,-0.4374],[0.07932,-0.5402],[0.05043,-0.5644],[0.04480,-0.5337],[0.04013,-0.4965],[0.03595,-0.4631],[0.03279,-0.4207],[0.02976,-0.3889],[0.02773,-0.3458],[0.02598,-0.3132],[0.02444,-0.2742],[0.02275,-0.2397],[0.02005,-0.2038],[0.02059,-0.1694],[0.02110,-0.1389],[0.02143,-0.0993],[0.02168,-0.0723],[0.02170,-0.0304],[0.02184,-0.0058],[0.02175,0.0348],[0.02180,0.0590],[0.02147,0.1032],[0.02140,0.1295],[0.02100,0.1731],[0.02095,0.2008],[0.02061,0.2400],[0.02059,0.2671],[0.02032,0.3055],[0.02037,0.3296],[0.02016,0.3649],[0.02026,0.3901],[0.02016,0.4211],[0.02029,0.4438],[0.02024,0.4727],[0.02040,0.4955],[0.02045,0.5204],[0.02052,0.5451],[0.02072,0.5635],[0.02047,0.5976],[0.02092,0.6222],[0.02075,0.6825],[0.02151,0.7041],[0.02163,0.7436],[0.02243,0.7645],[0.02262,0.7991],[0.02337,0.8194],[0.02359,0.8514],[0.02428,0.8719],[0.02437,0.9049],[0.02505,0.9236],[0.02479,0.9625],[0.02536,0.9805],[0.02526,1.0108],[0.02447,1.0522],[0.02413,1.0817],[0.02393,1.1079],[0.02370,1.1342],[0.02336,1.1616],[0.02288,1.1902],[0.02272,1.2081],[0.02232,1.2281],[0.02206,1.2430],[0.02187,1.2537],[0.02194,1.2586],[0.02245,1.2541],[0.02382,1.2392],[0.02591,1.2218],[0.02824,1.2074],[0.03064,1.1967],[0.03304,1.1903],[0.03536,1.1881],[0.03770,1.1884],[0.03995,1.1940],[0.04214,1.2031],[0.04424,1.2122],[0.04651,1.2238],[0.04899,1.2393],[0.05135,1.2523],[0.05453,1.2673],[0.05719,1.2710],[0.06035,1.2835],[0.06618,1.2965],[0.06969,1.2847],[0.07367,1.2710],[0.07801,1.2552],[0.08286,1.2384],[0.08810,1.2205],[0.09378,1.2009],[0.09987,1.1806],[0.10646,1.1598],[0.11344,1.1401],[0.12098,1.1193],[0.12881,1.1014],],[[0.10398,-0.3935],[0.09911,-0.4021],[0.09339,-0.4159],[0.09084,-0.4081],[0.08853,-0.4065],[0.08547,-0.4115],[0.08223,-0.4203],[0.07876,-0.4352],[0.07469,-0.4628],[0.04219,-0.4934],[0.03517,-0.4709],[0.02897,-0.4416],[0.02621,-0.4100],[0.02394,-0.3762],[0.02213,-0.3373],[0.02108,-0.3064],[0.01917,-0.2693],[0.01768,-0.2376],[0.01640,-0.1995],[0.01504,-0.1582],[0.01366,-0.1269],[0.01215,-0.0865],[0.01206,-0.0504],[0.01201,-0.0079],[0.01201,0.0273],[0.01199,0.0658],[0.01196,0.1020],[0.01198,0.1338],[0.01202,0.1649],[0.01209,0.1955],[0.01212,0.2262],[0.01213,0.2536],[0.01215,0.2819],[0.01214,0.3103],[0.01216,0.3393],[0.01216,0.3657],[0.01221,0.3947],[0.01222,0.4214],[0.01228,0.4492],[0.01230,0.4768],[0.01237,0.5039],[0.01241,0.5316],[0.01248,0.5582],[0.01255,0.5860],[0.01262,0.6122],[0.01270,0.6396],[0.01280,0.6666],[0.01287,0.6922],[0.01297,0.7206],[0.01305,0.7442],[0.01313,0.7710],[0.01324,0.7953],[0.01329,0.8185],[0.01334,0.8428],[0.01333,0.8613],[0.01329,0.8997],[0.01349,0.9272],[0.01365,0.9582],[0.01378,0.9823],[0.01388,1.0082],[0.01394,1.0351],[0.01403,1.0590],[0.01415,1.0827],[0.01426,1.1072],[0.01436,1.1317],[0.01444,1.1539],[0.01453,1.1750],[0.01463,1.1943],[0.01474,1.2124],[0.01492,1.2289],[0.01521,1.2426],[0.01576,1.2506],[0.01677,1.2483],[0.01814,1.2408],[0.01968,1.2345],[0.02125,1.2303],[0.02284,1.2277],[0.02444,1.2268],[0.02613,1.2260],[0.02791,1.2260],[0.02982,1.2258],[0.03201,1.2236],[0.03385,1.2275],[0.03611,1.2278],[0.03832,1.2294],[0.04074,1.2303],[0.04301,1.2332],[0.04596,1.2315],[0.04807,1.2375],[0.05057,1.2398],[0.05338,1.2444],[0.05571,1.2521],[0.05823,1.2594],[0.06095,1.2650],[0.06377,1.2682],[0.06687,1.2714],[0.07170,1.2706],[0.07544,1.2637],[0.07962,1.2568],[0.08430,1.2483],[0.08934,1.2387],[0.09494,1.2265],[0.10116,1.2126],[0.10787,1.1970],[0.11512,1.1802],[0.12288,1.1626],[0.13124,1.1443],[0.14027,1.1254],[0.15000,1.1061],[0.16034,1.0867],[0.17112,1.0678],],[[0.11874,-0.2937],[0.11461,-0.2965],[0.02772,-0.4898],[0.02503,-0.4628],[0.02170,-0.4336],[0.01959,-0.4108],[0.01780,-0.3793],[0.01637,-0.3515],[0.01517,-0.3215],[0.01412,-0.2854],[0.01270,-0.2562],[0.01198,-0.2139],[0.01095,-0.1758],[0.01034,-0.1345],[0.00983,-0.0953],[0.00933,-0.0613],[0.00879,-0.0312],[0.00808,-0.0043],[0.00771,0.0224],[0.00766,0.0498],[0.00768,0.0771],[0.00772,0.1043],[0.00777,0.1315],[0.00784,0.1587],[0.00789,0.1858],[0.00792,0.2129],[0.00799,0.2402],[0.00805,0.2674],[0.00810,0.2944],[0.00815,0.3218],[0.00819,0.3491],[0.00823,0.3767],[0.00827,0.4041],[0.00829,0.4315],[0.00836,0.4592],[0.00836,0.4865],[0.00845,0.5143],[0.00845,0.5415],[0.00852,0.5692],[0.00857,0.5967],[0.00861,0.6241],[0.00869,0.6517],[0.00873,0.6791],[0.00878,0.7063],[0.00887,0.7340],[0.00890,0.7611],[0.00897,0.7882],[0.00904,0.8153],[0.00907,0.8417],[0.00915,0.8681],[0.00916,0.8937],[0.00922,0.9191],[0.00924,0.9434],[0.00924,0.9673],[0.00918,1.0093],[0.00917,1.0369],[0.00932,1.0623],[0.00944,1.0874],[0.00959,1.1117],[0.00979,1.1348],[0.01001,1.1572],[0.01033,1.1778],[0.01079,1.1955],[0.01162,1.2067],[0.01275,1.2133],[0.01377,1.2200],[0.01469,1.2276],[0.01557,1.2361],[0.01640,1.2455],[0.01721,1.2554],[0.01803,1.2653],[0.01888,1.2748],[0.01975,1.2843],[0.02073,1.2923],[0.02173,1.3005],[0.02274,1.3092],[0.02418,1.3121],[0.02522,1.3221],[0.02687,1.3244],[0.02824,1.3314],[0.03027,1.3313],[0.03194,1.3367],[0.03391,1.3395],[0.03688,1.3326],[0.03901,1.3361],[0.04129,1.3386],[0.04367,1.3409],[0.04613,1.3432],[0.04880,1.3441],[0.05181,1.3429],[0.05524,1.3390],[0.05913,1.3322],[0.06342,1.3236],[0.06676,1.3233],[0.07030,1.3222],[0.07401,1.3207],[0.07806,1.3176],[0.08228,1.3139],[0.08680,1.3089],[0.09160,1.3033],[0.09664,1.2968],[0.10204,1.2890],[0.10775,1.2804],[0.11377,1.2710],[0.12016,1.2605],[0.12691,1.2491],[0.13392,1.2375],[0.14149,1.2243],[0.14940,1.2109],[0.15781,1.1967],[0.16657,1.1822],[0.17597,1.1669],],[[0.06377,-0.5365],[0.02614,-0.6095],[0.02392,-0.5948],[0.02181,-0.5680],[0.02004,-0.5379],[0.01846,-0.5187],[0.01691,-0.4910],[0.01581,-0.4595],[0.01487,-0.4397],[0.01392,-0.4087],[0.01298,-0.3815],[0.01204,-0.3430],[0.01123,-0.3032],[0.01051,-0.2552],[0.00996,-0.2133],[0.00951,-0.1797],[0.00910,-0.1515],[0.00876,-0.1259],[0.00856,-0.1004],[0.00839,-0.0750],[0.00822,-0.0495],[0.00797,-0.0242],[0.00763,0.0010],[0.00725,0.0264],[0.00677,0.0515],[0.00648,0.0774],[0.00640,0.1041],[0.00636,0.1314],[0.00637,0.1588],[0.00639,0.1861],[0.00640,0.2138],[0.00644,0.2415],[0.00646,0.2689],[0.00649,0.2968],[0.00655,0.3521],[0.00662,0.3797],[0.00661,0.4076],[0.00666,0.4352],[0.00669,0.4631],[0.00672,0.4909],[0.00678,0.5184],[0.00679,0.5464],[0.00684,0.5739],[0.00689,0.6017],[0.00691,0.6295],[0.00699,0.6568],[0.00701,0.6847],[0.00705,0.7123],[0.00713,0.7394],[0.00716,0.7672],[0.00721,0.7941],[0.00726,0.8213],[0.00732,0.8480],[0.00737,0.8750],[0.00746,0.9010],[0.00749,0.9281],[0.00757,0.9544],[0.00763,0.9808],[0.00770,1.0071],[0.00779,1.0325],[0.00788,1.0579],[0.00799,1.0820],[0.00811,1.1051],[0.00825,1.1237],[0.00854,1.1437],[0.00924,1.1606],[0.01016,1.1738],[0.01101,1.1876],[0.01172,1.2030],[0.01240,1.2179],[0.01304,1.2316],[0.01367,1.2440],[0.01422,1.2578],[0.01478,1.2719],[0.01536,1.2852],[0.01594,1.2989],[0.01648,1.3135],[0.01712,1.3259],[0.01772,1.3394],[0.01843,1.3511],[0.01922,1.3613],[0.02002,1.3719],[0.02106,1.3791],[0.02209,1.3872],[0.02333,1.3929],[0.02447,1.4010],[0.02578,1.4076],[0.02767,1.4074],[0.02907,1.4148],[0.03070,1.4202],[0.03240,1.4254],[0.03420,1.4304],[0.03619,1.4341],[0.03829,1.4372],[0.04060,1.4391],[0.04305,1.4406],[0.04564,1.4415],[0.04865,1.4393],[0.05166,1.4383],[0.05531,1.4328],[0.05879,1.4297],[0.06373,1.4167],[0.06718,1.4160],[0.07199,1.4063],[0.07700,1.3966],[0.08166,1.3903],[0.08700,1.3807],[0.09280,1.3692],[0.09852,1.3594],[0.10434,1.3499],],],
{"title":"Cl v Cd","sortData":false,"legend":{"show":false,"placement":"insideGrid","location":"ne"},"series":[{"showLabel":true,"index":0,"showLine":true,"trendline":{"type":"none","show":false},"color":"#4bb2c5"},{"showLabel":true,"index":0,"showLine":true,"trendline":{"type":"none","show":false},"color":"#EAA228"},{"showLabel":true,"index":0,"showLine":true,"trendline":{"type":"none","show":false},"color":"#839557"},{"showLabel":true,"index":0,"showLine":true,"trendline":{"type":"none","show":false},"color":"#953579"},{"showLabel":true,"index":0,"showLine":true,"trendline":{"type":"none","show":false},"color":"#d8b83f"}],"show":"$.jqplot.config.enablePlugins","axes":{"xaxis":{"max":0.18,"min":0,"tickInterval":0.02,"tickOptions":{"formatString":"%.2f"},"forceTickAt0":true,"rendererOptions":{"forceTickAt0":true}},"yaxis":{"max":1.5,"min":-1,"tickInterval":0.5,"tickOptions":{"formatString":"%.2f"},"forceTickAt0":true,"rendererOptions":{"forceTickAt0":true}}},"seriesDefaults":{"lineWidth":1,"showLabel":true,"markerOptions":{"size":5,"show":false}}});
jqplots.push(p);

var p = $.jqplot('liftaoa',[[[-9.250,-0.3324],[-9.000,-0.3357],[-8.750,-0.3558],[-8.500,-0.3410],[-8.250,-0.3364],[-8.000,-0.3355],[-7.750,-0.3703],[-7.500,-0.4124],[-7.250,-0.5391],[-7.000,-0.5264],[-6.750,-0.5504],[-6.500,-0.5500],[-6.250,-0.5507],[-6.000,-0.5384],[-5.750,-0.5228],[-5.500,-0.5034],[-5.250,-0.4859],[-5.000,-0.4638],[-4.750,-0.4436],[-4.500,-0.4223],[-4.250,-0.4018],[-4.000,-0.3817],[-3.750,-0.3615],[-3.500,-0.3428],[-3.250,-0.3397],[-3.000,-0.3358],[-2.750,-0.3322],[-2.500,-0.3212],[-2.250,-0.3018],[-2.000,-0.2845],[-1.750,-0.2671],[-1.500,-0.2532],[-1.250,-0.2332],[-1.000,-0.2095],[-0.750,-0.1840],[-0.500,-0.1448],[-0.250,-0.1034],[0.000,-0.0294],[0.250,0.0270],[0.500,0.0443],[0.750,0.0678],[1.000,0.1078],[1.250,0.1360],[1.500,0.1798],[1.750,0.2013],[2.000,0.2411],[2.250,0.2590],[2.500,0.2874],[2.750,0.3126],[3.000,0.3301],[3.250,0.3654],[3.500,0.3733],[3.750,0.3985],[4.000,0.4167],[4.250,0.4325],[4.500,0.4583],[4.750,0.4696],[5.000,0.4957],[5.250,0.5112],[5.500,0.5292],[5.750,0.5559],[6.000,0.5838],[6.250,0.6105],[6.500,0.6338],[6.750,0.6533],[7.000,0.6701],[7.250,0.6879],[7.500,0.7158],[7.750,0.7523],[8.000,0.7662],[8.250,0.8178],[8.500,0.8277],[8.750,0.8689],[9.000,0.9407],[9.250,1.1800],[9.500,1.2005],[9.750,1.1942],[10.000,1.1873],[10.250,1.1872],[10.500,1.2018],[10.750,1.2227],[11.000,1.2528],[11.250,1.2747],[11.500,1.2934],[11.750,1.3176],[12.000,1.3014],[12.250,1.2867],[12.500,1.2716],[12.750,1.2536],[13.000,1.2320],[13.250,1.2075],[13.500,1.1813],[13.750,1.1548],[14.000,1.1288],[14.250,1.1056],[14.500,1.0860],],[[-9.000,-0.3733],[-8.750,-0.4009],[-8.500,-0.4470],[-8.250,-0.4036],[-8.000,-0.4105],[-7.750,-0.4374],[-7.250,-0.5402],[-6.750,-0.5644],[-6.500,-0.5337],[-6.250,-0.4965],[-6.000,-0.4631],[-5.750,-0.4207],[-5.500,-0.3889],[-5.250,-0.3458],[-5.000,-0.3132],[-4.750,-0.2742],[-4.500,-0.2397],[-4.250,-0.2038],[-4.000,-0.1694],[-3.750,-0.1389],[-3.500,-0.0993],[-3.250,-0.0723],[-3.000,-0.0304],[-2.750,-0.0058],[-2.500,0.0348],[-2.250,0.0590],[-2.000,0.1032],[-1.750,0.1295],[-1.500,0.1731],[-1.250,0.2008],[-1.000,0.2400],[-0.750,0.2671],[-0.500,0.3055],[-0.250,0.3296],[0.000,0.3649],[0.250,0.3901],[0.500,0.4211],[0.750,0.4438],[1.000,0.4727],[1.250,0.4955],[1.500,0.5204],[1.750,0.5451],[2.000,0.5635],[2.250,0.5976],[2.500,0.6222],[2.750,0.6825],[3.000,0.7041],[3.250,0.7436],[3.500,0.7645],[3.750,0.7991],[4.000,0.8194],[4.250,0.8514],[4.500,0.8719],[4.750,0.9049],[5.000,0.9236],[5.250,0.9625],[5.500,0.9805],[5.750,1.0108],[6.000,1.0522],[6.250,1.0817],[6.500,1.1079],[6.750,1.1342],[7.000,1.1616],[7.250,1.1902],[7.500,1.2081],[7.750,1.2281],[8.000,1.2430],[8.250,1.2537],[8.500,1.2586],[8.750,1.2541],[9.000,1.2392],[9.250,1.2218],[9.500,1.2074],[9.750,1.1967],[10.000,1.1903],[10.250,1.1881],[10.500,1.1884],[10.750,1.1940],[11.000,1.2031],[11.250,1.2122],[11.500,1.2238],[11.750,1.2393],[12.000,1.2523],[12.250,1.2673],[12.500,1.2710],[12.750,1.2835],[13.000,1.2965],[13.250,1.2847],[13.500,1.2710],[13.750,1.2552],[14.000,1.2384],[14.250,1.2205],[14.500,1.2009],[14.750,1.1806],[15.000,1.1598],[15.250,1.1401],[15.500,1.1193],[15.750,1.1014],],[[-10.250,-0.3935],[-10.000,-0.4021],[-9.750,-0.4159],[-9.500,-0.4081],[-9.250,-0.4065],[-9.000,-0.4115],[-8.750,-0.4203],[-8.500,-0.4352],[-8.250,-0.4628],[-7.500,-0.4934],[-7.250,-0.4709],[-7.000,-0.4416],[-6.750,-0.4100],[-6.500,-0.3762],[-6.250,-0.3373],[-6.000,-0.3064],[-5.750,-0.2693],[-5.500,-0.2376],[-5.250,-0.1995],[-5.000,-0.1582],[-4.750,-0.1269],[-4.500,-0.0865],[-4.250,-0.0504],[-4.000,-0.0079],[-3.750,0.0273],[-3.500,0.0658],[-3.250,0.1020],[-3.000,0.1338],[-2.750,0.1649],[-2.500,0.1955],[-2.250,0.2262],[-2.000,0.2536],[-1.750,0.2819],[-1.500,0.3103],[-1.250,0.3393],[-1.000,0.3657],[-0.750,0.3947],[-0.500,0.4214],[-0.250,0.4492],[0.000,0.4768],[0.250,0.5039],[0.500,0.5316],[0.750,0.5582],[1.000,0.5860],[1.250,0.6122],[1.500,0.6396],[1.750,0.6666],[2.000,0.6922],[2.250,0.7206],[2.500,0.7442],[2.750,0.7710],[3.000,0.7953],[3.250,0.8185],[3.500,0.8428],[3.750,0.8613],[4.000,0.8997],[4.250,0.9272],[4.500,0.9582],[4.750,0.9823],[5.000,1.0082],[5.250,1.0351],[5.500,1.0590],[5.750,1.0827],[6.000,1.1072],[6.250,1.1317],[6.500,1.1539],[6.750,1.1750],[7.000,1.1943],[7.250,1.2124],[7.500,1.2289],[7.750,1.2426],[8.000,1.2506],[8.250,1.2483],[8.500,1.2408],[8.750,1.2345],[9.000,1.2303],[9.250,1.2277],[9.500,1.2268],[9.750,1.2260],[10.000,1.2260],[10.250,1.2258],[10.500,1.2236],[10.750,1.2275],[11.000,1.2278],[11.250,1.2294],[11.500,1.2303],[11.750,1.2332],[12.000,1.2315],[12.250,1.2375],[12.500,1.2398],[12.750,1.2444],[13.000,1.2521],[13.250,1.2594],[13.500,1.2650],[13.750,1.2682],[14.000,1.2714],[14.250,1.2706],[14.500,1.2637],[14.750,1.2568],[15.000,1.2483],[15.250,1.2387],[15.500,1.2265],[15.750,1.2126],[16.000,1.1970],[16.250,1.1802],[16.500,1.1626],[16.750,1.1443],[17.000,1.1254],[17.250,1.1061],[17.500,1.0867],[17.750,1.0678],],[[-12.000,-0.2937],[-11.750,-0.2965],[-8.250,-0.4898],[-8.000,-0.4628],[-7.750,-0.4336],[-7.500,-0.4108],[-7.250,-0.3793],[-7.000,-0.3515],[-6.750,-0.3215],[-6.500,-0.2854],[-6.250,-0.2562],[-6.000,-0.2139],[-5.750,-0.1758],[-5.500,-0.1345],[-5.250,-0.0953],[-5.000,-0.0613],[-4.750,-0.0312],[-4.500,-0.0043],[-4.250,0.0224],[-4.000,0.0498],[-3.750,0.0771],[-3.500,0.1043],[-3.250,0.1315],[-3.000,0.1587],[-2.750,0.1858],[-2.500,0.2129],[-2.250,0.2402],[-2.000,0.2674],[-1.750,0.2944],[-1.500,0.3218],[-1.250,0.3491],[-1.000,0.3767],[-0.750,0.4041],[-0.500,0.4315],[-0.250,0.4592],[0.000,0.4865],[0.250,0.5143],[0.500,0.5415],[0.750,0.5692],[1.000,0.5967],[1.250,0.6241],[1.500,0.6517],[1.750,0.6791],[2.000,0.7063],[2.250,0.7340],[2.500,0.7611],[2.750,0.7882],[3.000,0.8153],[3.250,0.8417],[3.500,0.8681],[3.750,0.8937],[4.000,0.9191],[4.250,0.9434],[4.500,0.9673],[5.000,1.0093],[5.250,1.0369],[5.500,1.0623],[5.750,1.0874],[6.000,1.1117],[6.250,1.1348],[6.500,1.1572],[6.750,1.1778],[7.000,1.1955],[7.250,1.2067],[7.500,1.2133],[7.750,1.2200],[8.000,1.2276],[8.250,1.2361],[8.500,1.2455],[8.750,1.2554],[9.000,1.2653],[9.250,1.2748],[9.500,1.2843],[9.750,1.2923],[10.000,1.3005],[10.250,1.3092],[10.500,1.3121],[10.750,1.3221],[11.000,1.3244],[11.250,1.3314],[11.500,1.3313],[11.750,1.3367],[12.000,1.3395],[12.250,1.3326],[12.500,1.3361],[12.750,1.3386],[13.000,1.3409],[13.250,1.3432],[13.500,1.3441],[13.750,1.3429],[14.000,1.3390],[14.250,1.3322],[14.500,1.3236],[14.750,1.3233],[15.000,1.3222],[15.250,1.3207],[15.500,1.3176],[15.750,1.3139],[16.000,1.3089],[16.250,1.3033],[16.500,1.2968],[16.750,1.2890],[17.000,1.2804],[17.250,1.2710],[17.500,1.2605],[17.750,1.2491],[18.000,1.2375],[18.250,1.2243],[18.500,1.2109],[18.750,1.1967],[19.000,1.1822],[19.250,1.1669],],[[-10.500,-0.5365],[-9.750,-0.6095],[-9.500,-0.5948],[-9.250,-0.5680],[-9.000,-0.5379],[-8.750,-0.5187],[-8.500,-0.4910],[-8.250,-0.4595],[-8.000,-0.4397],[-7.750,-0.4087],[-7.500,-0.3815],[-7.250,-0.3430],[-7.000,-0.3032],[-6.750,-0.2552],[-6.500,-0.2133],[-6.250,-0.1797],[-6.000,-0.1515],[-5.750,-0.1259],[-5.500,-0.1004],[-5.250,-0.0750],[-5.000,-0.0495],[-4.750,-0.0242],[-4.500,0.0010],[-4.250,0.0264],[-4.000,0.0515],[-3.750,0.0774],[-3.500,0.1041],[-3.250,0.1314],[-3.000,0.1588],[-2.750,0.1861],[-2.500,0.2138],[-2.250,0.2415],[-2.000,0.2689],[-1.750,0.2968],[-1.250,0.3521],[-1.000,0.3797],[-0.750,0.4076],[-0.500,0.4352],[-0.250,0.4631],[0.000,0.4909],[0.250,0.5184],[0.500,0.5464],[0.750,0.5739],[1.000,0.6017],[1.250,0.6295],[1.500,0.6568],[1.750,0.6847],[2.000,0.7123],[2.250,0.7394],[2.500,0.7672],[2.750,0.7941],[3.000,0.8213],[3.250,0.8480],[3.500,0.8750],[3.750,0.9010],[4.000,0.9281],[4.250,0.9544],[4.500,0.9808],[4.750,1.0071],[5.000,1.0325],[5.250,1.0579],[5.500,1.0820],[5.750,1.1051],[6.000,1.1237],[6.250,1.1437],[6.500,1.1606],[6.750,1.1738],[7.000,1.1876],[7.250,1.2030],[7.500,1.2179],[7.750,1.2316],[8.000,1.2440],[8.250,1.2578],[8.500,1.2719],[8.750,1.2852],[9.000,1.2989],[9.250,1.3135],[9.500,1.3259],[9.750,1.3394],[10.000,1.3511],[10.250,1.3613],[10.500,1.3719],[10.750,1.3791],[11.000,1.3872],[11.250,1.3929],[11.500,1.4010],[11.750,1.4076],[12.000,1.4074],[12.250,1.4148],[12.500,1.4202],[12.750,1.4254],[13.000,1.4304],[13.250,1.4341],[13.500,1.4372],[13.750,1.4391],[14.000,1.4406],[14.250,1.4415],[14.500,1.4393],[14.750,1.4383],[15.000,1.4328],[15.250,1.4297],[15.500,1.4167],[15.750,1.4160],[16.000,1.4063],[16.250,1.3966],[16.500,1.3903],[16.750,1.3807],[17.000,1.3692],[17.250,1.3594],[17.500,1.3499],],],
{"title":"Cl v Alpha","sortData":false,"legend":{"show":false,"placement":"insideGrid","location":"ne"},"series":[{"showLabel":true,"index":0,"showLine":true,"trendline":{"type":"none","show":false},"color":"#4bb2c5"},{"showLabel":true,"index":0,"showLine":true,"trendline":{"type":"none","show":false},"color":"#EAA228"},{"showLabel":true,"index":0,"showLine":true,"trendline":{"type":"none","show":false},"color":"#839557"},{"showLabel":true,"index":0,"showLine":true,"trendline":{"type":"none","show":false},"color":"#953579"},{"showLabel":true,"index":0,"showLine":true,"trendline":{"type":"none","show":false},"color":"#d8b83f"}],"show":"$.jqplot.config.enablePlugins","axes":{"xaxis":{"max":20,"min":-15,"tickInterval":5,"tickOptions":{"formatString":"%.1f"},"forceTickAt0":true,"rendererOptions":{"forceTickAt0":true}},"yaxis":{"max":1.5,"min":-1,"tickInterval":0.5,"tickOptions":{"formatString":"%.2f"},"forceTickAt0":true,"rendererOptions":{"forceTickAt0":true}}},"seriesDefaults":{"lineWidth":1,"showLabel":true,"markerOptions":{"size":5,"show":false}}});
jqplots.push(p);

var p = $.jqplot('momentaoa',[[[-9.250,-0.0307],[-9.000,-0.0299],[-8.750,-0.0291],[-8.500,-0.0276],[-8.250,-0.0267],[-8.000,-0.0257],[-7.750,-0.0347],[-7.500,-0.0369],[-7.250,-0.0500],[-7.000,-0.0469],[-6.750,-0.0503],[-6.500,-0.0502],[-6.250,-0.0535],[-6.000,-0.0534],[-5.750,-0.0538],[-5.500,-0.0543],[-5.250,-0.0539],[-5.000,-0.0538],[-4.750,-0.0533],[-4.500,-0.0526],[-4.250,-0.0518],[-4.000,-0.0508],[-3.750,-0.0502],[-3.500,-0.0486],[-3.250,-0.0419],[-3.000,-0.0360],[-2.750,-0.0304],[-2.500,-0.0263],[-2.250,-0.0234],[-2.000,-0.0204],[-1.750,-0.0176],[-1.500,-0.0149],[-1.250,-0.0136],[-1.000,-0.0137],[-0.750,-0.0145],[-0.500,-0.0180],[-0.250,-0.0225],[0.000,-0.0332],[0.250,-0.0416],[0.500,-0.0434],[0.750,-0.0461],[1.000,-0.0513],[1.250,-0.0545],[1.500,-0.0599],[1.750,-0.0616],[2.000,-0.0657],[2.250,-0.0665],[2.500,-0.0686],[2.750,-0.0701],[3.000,-0.0705],[3.250,-0.0732],[3.500,-0.0723],[3.750,-0.0736],[4.000,-0.0739],[4.250,-0.0741],[4.500,-0.0753],[4.750,-0.0750],[5.000,-0.0762],[5.250,-0.0763],[5.500,-0.0766],[5.750,-0.0776],[6.000,-0.0787],[6.250,-0.0795],[6.500,-0.0798],[6.750,-0.0798],[7.000,-0.0794],[7.250,-0.0791],[7.500,-0.0792],[7.750,-0.0794],[8.000,-0.0785],[8.250,-0.0785],[8.500,-0.0770],[8.750,-0.0757],[9.000,-0.0736],[9.250,-0.0688],[9.500,-0.0622],[9.750,-0.0561],[10.000,-0.0517],[10.250,-0.0485],[10.500,-0.0466],[10.750,-0.0455],[11.000,-0.0455],[11.250,-0.0448],[11.500,-0.0441],[11.750,-0.0443],[12.000,-0.0404],[12.250,-0.0374],[12.500,-0.0351],[12.750,-0.0334],[13.000,-0.0325],[13.250,-0.0324],[13.500,-0.0333],[13.750,-0.0351],[14.000,-0.0378],[14.250,-0.0411],[14.500,-0.0446],],[[-9.000,-0.0426],[-8.750,-0.0448],[-8.500,-0.0468],[-8.250,-0.0416],[-8.000,-0.0397],[-7.750,-0.0380],[-7.250,-0.0414],[-6.750,-0.0558],[-6.500,-0.0599],[-6.250,-0.0645],[-6.000,-0.0671],[-5.750,-0.0704],[-5.500,-0.0722],[-5.250,-0.0750],[-5.000,-0.0764],[-4.750,-0.0787],[-4.500,-0.0806],[-4.250,-0.0841],[-4.000,-0.0845],[-3.750,-0.0843],[-3.500,-0.0855],[-3.250,-0.0848],[-3.000,-0.0866],[-2.750,-0.0855],[-2.500,-0.0867],[-2.250,-0.0858],[-2.000,-0.0884],[-1.750,-0.0882],[-1.500,-0.0911],[-1.250,-0.0914],[-1.000,-0.0932],[-0.750,-0.0934],[-0.500,-0.0954],[-0.250,-0.0948],[0.000,-0.0962],[0.250,-0.0960],[0.500,-0.0965],[0.750,-0.0957],[1.000,-0.0959],[1.250,-0.0951],[1.500,-0.0946],[1.750,-0.0940],[2.000,-0.0924],[2.250,-0.0931],[2.500,-0.0934],[2.750,-0.1002],[3.000,-0.1012],[3.250,-0.1039],[3.500,-0.1039],[3.750,-0.1054],[4.000,-0.1048],[4.250,-0.1057],[4.500,-0.1049],[4.750,-0.1056],[5.000,-0.1045],[5.250,-0.1058],[5.500,-0.1043],[5.750,-0.1041],[6.000,-0.1052],[6.250,-0.1047],[6.500,-0.1037],[6.750,-0.1028],[7.000,-0.1019],[7.250,-0.1010],[7.500,-0.0987],[7.750,-0.0964],[8.000,-0.0934],[8.250,-0.0897],[8.500,-0.0852],[8.750,-0.0793],[9.000,-0.0724],[9.250,-0.0662],[9.500,-0.0611],[9.750,-0.0570],[10.000,-0.0537],[10.250,-0.0510],[10.500,-0.0488],[10.750,-0.0469],[11.000,-0.0453],[11.250,-0.0439],[11.500,-0.0425],[11.750,-0.0415],[12.000,-0.0405],[12.250,-0.0394],[12.500,-0.0381],[12.750,-0.0374],[13.000,-0.0369],[13.250,-0.0354],[13.500,-0.0344],[13.750,-0.0340],[14.000,-0.0341],[14.250,-0.0349],[14.500,-0.0363],[14.750,-0.0383],[15.000,-0.0410],[15.250,-0.0443],[15.500,-0.0483],[15.750,-0.0525],],[[-10.250,-0.0503],[-10.000,-0.0529],[-9.750,-0.0563],[-9.500,-0.0510],[-9.250,-0.0497],[-9.000,-0.0494],[-8.750,-0.0490],[-8.500,-0.0487],[-8.250,-0.0488],[-7.500,-0.0792],[-7.250,-0.0819],[-7.000,-0.0842],[-6.750,-0.0857],[-6.500,-0.0874],[-6.250,-0.0899],[-6.000,-0.0907],[-5.750,-0.0930],[-5.500,-0.0941],[-5.250,-0.0965],[-5.000,-0.0998],[-4.750,-0.1014],[-4.500,-0.1052],[-4.250,-0.1066],[-4.000,-0.1092],[-3.750,-0.1105],[-3.500,-0.1123],[-3.250,-0.1138],[-3.000,-0.1144],[-2.750,-0.1148],[-2.500,-0.1151],[-2.250,-0.1154],[-2.000,-0.1152],[-1.750,-0.1154],[-1.500,-0.1154],[-1.250,-0.1157],[-1.000,-0.1154],[-0.750,-0.1156],[-0.500,-0.1154],[-0.250,-0.1155],[0.000,-0.1154],[0.250,-0.1154],[0.500,-0.1153],[0.750,-0.1152],[1.000,-0.1152],[1.250,-0.1149],[1.500,-0.1149],[1.750,-0.1148],[2.000,-0.1144],[2.250,-0.1145],[2.500,-0.1137],[2.750,-0.1135],[3.000,-0.1128],[3.250,-0.1118],[3.500,-0.1109],[3.750,-0.1088],[4.000,-0.1109],[4.250,-0.1113],[4.500,-0.1121],[4.750,-0.1115],[5.000,-0.1112],[5.250,-0.1109],[5.500,-0.1101],[5.750,-0.1093],[6.000,-0.1086],[6.250,-0.1079],[6.500,-0.1067],[6.750,-0.1053],[7.000,-0.1036],[7.250,-0.1016],[7.500,-0.0994],[7.750,-0.0967],[8.000,-0.0931],[8.250,-0.0879],[8.500,-0.0821],[8.750,-0.0770],[9.000,-0.0725],[9.250,-0.0686],[9.500,-0.0651],[9.750,-0.0619],[10.000,-0.0591],[10.250,-0.0566],[10.500,-0.0542],[10.750,-0.0525],[11.000,-0.0507],[11.250,-0.0492],[11.500,-0.0477],[11.750,-0.0466],[12.000,-0.0451],[12.250,-0.0443],[12.500,-0.0437],[12.750,-0.0423],[13.000,-0.0414],[13.250,-0.0406],[13.500,-0.0399],[13.750,-0.0396],[14.000,-0.0393],[14.250,-0.0387],[14.500,-0.0392],[14.750,-0.0399],[15.000,-0.0410],[15.250,-0.0424],[15.500,-0.0443],[15.750,-0.0466],[16.000,-0.0496],[16.250,-0.0533],[16.500,-0.0575],[16.750,-0.0625],[17.000,-0.0683],[17.250,-0.0746],[17.500,-0.0814],[17.750,-0.0882],],[[-12.000,-0.0412],[-11.750,-0.0426],[-8.250,-0.0943],[-8.000,-0.0958],[-7.750,-0.0979],[-7.500,-0.0977],[-7.250,-0.0991],[-7.000,-0.0995],[-6.750,-0.1003],[-6.500,-0.1024],[-6.250,-0.1035],[-6.000,-0.1068],[-5.750,-0.1095],[-5.500,-0.1127],[-5.250,-0.1155],[-5.000,-0.1173],[-4.750,-0.1182],[-4.500,-0.1188],[-4.250,-0.1189],[-4.000,-0.1188],[-3.750,-0.1187],[-3.500,-0.1185],[-3.250,-0.1183],[-3.000,-0.1181],[-2.750,-0.1179],[-2.500,-0.1177],[-2.250,-0.1176],[-2.000,-0.1174],[-1.750,-0.1172],[-1.500,-0.1172],[-1.250,-0.1171],[-1.000,-0.1170],[-0.750,-0.1169],[-0.500,-0.1169],[-0.250,-0.1169],[0.000,-0.1168],[0.250,-0.1168],[0.500,-0.1168],[0.750,-0.1168],[1.000,-0.1168],[1.250,-0.1167],[1.500,-0.1167],[1.750,-0.1167],[2.000,-0.1166],[2.250,-0.1167],[2.500,-0.1166],[2.750,-0.1165],[3.000,-0.1164],[3.250,-0.1161],[3.500,-0.1159],[3.750,-0.1155],[4.000,-0.1150],[4.250,-0.1143],[4.500,-0.1134],[5.000,-0.1103],[5.250,-0.1102],[5.500,-0.1098],[5.750,-0.1094],[6.000,-0.1088],[6.250,-0.1080],[6.500,-0.1070],[6.750,-0.1057],[7.000,-0.1039],[7.250,-0.1011],[7.500,-0.0976],[7.750,-0.0941],[8.000,-0.0908],[8.250,-0.0877],[8.500,-0.0848],[8.750,-0.0820],[9.000,-0.0794],[9.250,-0.0768],[9.500,-0.0742],[9.750,-0.0716],[10.000,-0.0691],[10.250,-0.0669],[10.500,-0.0641],[10.750,-0.0624],[11.000,-0.0599],[11.250,-0.0582],[11.500,-0.0560],[11.750,-0.0545],[12.000,-0.0530],[12.250,-0.0511],[12.500,-0.0500],[12.750,-0.0491],[13.000,-0.0483],[13.250,-0.0476],[13.500,-0.0471],[13.750,-0.0468],[14.000,-0.0465],[14.250,-0.0464],[14.500,-0.0464],[14.750,-0.0467],[15.000,-0.0471],[15.250,-0.0476],[15.500,-0.0484],[15.750,-0.0493],[16.000,-0.0505],[16.250,-0.0519],[16.500,-0.0536],[16.750,-0.0557],[17.000,-0.0580],[17.250,-0.0607],[17.500,-0.0638],[17.750,-0.0673],[18.000,-0.0712],[18.250,-0.0756],[18.500,-0.0804],[18.750,-0.0857],[19.000,-0.0913],[19.250,-0.0975],],[[-10.500,-0.0569],[-9.750,-0.0978],[-9.500,-0.0976],[-9.250,-0.0996],[-9.000,-0.1017],[-8.750,-0.1011],[-8.500,-0.1023],[-8.250,-0.1039],[-8.000,-0.1028],[-7.750,-0.1041],[-7.500,-0.1045],[-7.250,-0.1073],[-7.000,-0.1104],[-6.750,-0.1152],[-6.500,-0.1185],[-6.250,-0.1200],[-6.000,-0.1203],[-5.750,-0.1200],[-5.500,-0.1197],[-5.250,-0.1194],[-5.000,-0.1190],[-4.750,-0.1187],[-4.500,-0.1185],[-4.250,-0.1184],[-4.000,-0.1183],[-3.750,-0.1182],[-3.500,-0.1180],[-3.250,-0.1180],[-3.000,-0.1179],[-2.750,-0.1178],[-2.500,-0.1178],[-2.250,-0.1177],[-2.000,-0.1177],[-1.750,-0.1177],[-1.250,-0.1176],[-1.000,-0.1176],[-0.750,-0.1176],[-0.500,-0.1176],[-0.250,-0.1177],[0.000,-0.1177],[0.250,-0.1177],[0.500,-0.1177],[0.750,-0.1177],[1.000,-0.1177],[1.250,-0.1178],[1.500,-0.1177],[1.750,-0.1178],[2.000,-0.1178],[2.250,-0.1177],[2.500,-0.1177],[2.750,-0.1176],[3.000,-0.1175],[3.250,-0.1174],[3.500,-0.1172],[3.750,-0.1169],[4.000,-0.1168],[4.250,-0.1166],[4.500,-0.1164],[4.750,-0.1162],[5.000,-0.1158],[5.250,-0.1153],[5.500,-0.1147],[5.750,-0.1138],[6.000,-0.1119],[6.250,-0.1104],[6.500,-0.1086],[6.750,-0.1062],[7.000,-0.1039],[7.250,-0.1018],[7.500,-0.0997],[7.750,-0.0973],[8.000,-0.0947],[8.250,-0.0923],[8.500,-0.0900],[8.750,-0.0877],[9.000,-0.0855],[9.250,-0.0834],[9.500,-0.0811],[9.750,-0.0790],[10.000,-0.0767],[10.250,-0.0743],[10.500,-0.0721],[10.750,-0.0695],[11.000,-0.0671],[11.250,-0.0647],[11.500,-0.0627],[11.750,-0.0607],[12.000,-0.0582],[12.250,-0.0566],[12.500,-0.0551],[12.750,-0.0537],[13.000,-0.0524],[13.250,-0.0512],[13.500,-0.0502],[13.750,-0.0493],[14.000,-0.0485],[14.250,-0.0479],[14.500,-0.0474],[14.750,-0.0471],[15.000,-0.0470],[15.250,-0.0471],[15.500,-0.0476],[15.750,-0.0481],[16.000,-0.0490],[16.250,-0.0501],[16.500,-0.0514],[16.750,-0.0531],[17.000,-0.0551],[17.250,-0.0573],[17.500,-0.0597],],],
{"title":"Cm v Alpha","sortData":false,"legend":{"show":false,"placement":"insideGrid","location":"ne"},"series":[{"showLabel":true,"index":0,"showLine":true,"trendline":{"type":"none","show":false},"color":"#4bb2c5"},{"showLabel":true,"index":0,"showLine":true,"trendline":{"type":"none","show":false},"color":"#EAA228"},{"showLabel":true,"index":0,"showLine":true,"trendline":{"type":"none","show":false},"color":"#839557"},{"showLabel":true,"index":0,"showLine":true,"trendline":{"type":"none","show":false},"color":"#953579"},{"showLabel":true,"index":0,"showLine":true,"trendline":{"type":"none","show":false},"color":"#d8b83f"}],"show":"$.jqplot.config.enablePlugins","axes":{"xaxis":{"max":20,"min":-15,"tickInterval":5,"tickOptions":{"formatString":"%.1f"},"forceTickAt0":true,"rendererOptions":{"forceTickAt0":true}},"yaxis":{"max":0,"min":-0.14,"tickInterval":0.02,"tickOptions":{"formatString":"%.2f"},"forceTickAt0":true,"rendererOptions":{"forceTickAt0":true}}},"seriesDefaults":{"lineWidth":1,"showLabel":true,"markerOptions":{"size":5,"show":false}}});
jqplots.push(p);

var p = $.jqplot('dragaoa',[[[-9.250,0.11197],[-9.000,0.10953],[-8.750,0.10901],[-8.500,0.10491],[-8.250,0.10122],[-8.000,0.09815],[-7.750,0.08183],[-7.500,0.07481],[-7.250,0.07333],[-7.000,0.06976],[-6.750,0.06336],[-6.500,0.05922],[-6.250,0.05296],[-6.000,0.04909],[-5.750,0.04537],[-5.500,0.04228],[-5.250,0.03962],[-5.000,0.03711],[-4.750,0.03508],[-4.500,0.03318],[-4.250,0.03170],[-4.000,0.03016],[-3.750,0.02848],[-3.500,0.02707],[-3.250,0.02870],[-3.000,0.02982],[-2.750,0.03058],[-2.500,0.03131],[-2.250,0.03212],[-2.000,0.03265],[-1.750,0.03302],[-1.500,0.03301],[-1.250,0.03307],[-1.000,0.03307],[-0.750,0.03310],[-0.500,0.03342],[-0.250,0.03373],[0.000,0.03466],[0.250,0.03524],[0.500,0.03546],[0.750,0.03591],[1.000,0.03677],[1.250,0.03756],[1.500,0.03868],[1.750,0.03960],[2.000,0.04080],[2.250,0.04186],[2.500,0.04305],[2.750,0.04431],[3.000,0.04554],[3.250,0.04693],[3.500,0.04821],[3.750,0.04962],[4.000,0.05107],[4.250,0.05254],[4.500,0.05408],[4.750,0.05564],[5.000,0.05723],[5.250,0.05884],[5.500,0.06050],[5.750,0.06208],[6.000,0.06363],[6.250,0.06513],[6.500,0.06663],[6.750,0.06815],[7.000,0.06970],[7.250,0.07123],[7.500,0.07234],[7.750,0.07298],[8.000,0.07443],[8.250,0.07366],[8.500,0.07504],[8.750,0.07398],[9.000,0.06903],[9.250,0.04063],[9.500,0.03672],[9.750,0.03722],[10.000,0.03945],[10.250,0.04211],[10.500,0.04485],[10.750,0.04778],[11.000,0.05108],[11.250,0.05470],[11.500,0.05865],[11.750,0.06319],[12.000,0.06619],[12.250,0.06979],[12.500,0.07383],[12.750,0.07820],[13.000,0.08295],[13.250,0.08821],[13.500,0.09408],[13.750,0.10054],[14.000,0.10758],[14.250,0.11505],[14.500,0.12287],],[[-9.000,0.09816],[-8.750,0.09532],[-8.500,0.09265],[-8.250,0.08909],[-8.000,0.08678],[-7.750,0.08490],[-7.250,0.07932],[-6.750,0.05043],[-6.500,0.04480],[-6.250,0.04013],[-6.000,0.03595],[-5.750,0.03279],[-5.500,0.02976],[-5.250,0.02773],[-5.000,0.02598],[-4.750,0.02444],[-4.500,0.02275],[-4.250,0.02005],[-4.000,0.02059],[-3.750,0.02110],[-3.500,0.02143],[-3.250,0.02168],[-3.000,0.02170],[-2.750,0.02184],[-2.500,0.02175],[-2.250,0.02180],[-2.000,0.02147],[-1.750,0.02140],[-1.500,0.02100],[-1.250,0.02095],[-1.000,0.02061],[-0.750,0.02059],[-0.500,0.02032],[-0.250,0.02037],[0.000,0.02016],[0.250,0.02026],[0.500,0.02016],[0.750,0.02029],[1.000,0.02024],[1.250,0.02040],[1.500,0.02045],[1.750,0.02052],[2.000,0.02072],[2.250,0.02047],[2.500,0.02092],[2.750,0.02075],[3.000,0.02151],[3.250,0.02163],[3.500,0.02243],[3.750,0.02262],[4.000,0.02337],[4.250,0.02359],[4.500,0.02428],[4.750,0.02437],[5.000,0.02505],[5.250,0.02479],[5.500,0.02536],[5.750,0.02526],[6.000,0.02447],[6.250,0.02413],[6.500,0.02393],[6.750,0.02370],[7.000,0.02336],[7.250,0.02288],[7.500,0.02272],[7.750,0.02232],[8.000,0.02206],[8.250,0.02187],[8.500,0.02194],[8.750,0.02245],[9.000,0.02382],[9.250,0.02591],[9.500,0.02824],[9.750,0.03064],[10.000,0.03304],[10.250,0.03536],[10.500,0.03770],[10.750,0.03995],[11.000,0.04214],[11.250,0.04424],[11.500,0.04651],[11.750,0.04899],[12.000,0.05135],[12.250,0.05453],[12.500,0.05719],[12.750,0.06035],[13.000,0.06618],[13.250,0.06969],[13.500,0.07367],[13.750,0.07801],[14.000,0.08286],[14.250,0.08810],[14.500,0.09378],[14.750,0.09987],[15.000,0.10646],[15.250,0.11344],[15.500,0.12098],[15.750,0.12881],],[[-10.250,0.10398],[-10.000,0.09911],[-9.750,0.09339],[-9.500,0.09084],[-9.250,0.08853],[-9.000,0.08547],[-8.750,0.08223],[-8.500,0.07876],[-8.250,0.07469],[-7.500,0.04219],[-7.250,0.03517],[-7.000,0.02897],[-6.750,0.02621],[-6.500,0.02394],[-6.250,0.02213],[-6.000,0.02108],[-5.750,0.01917],[-5.500,0.01768],[-5.250,0.01640],[-5.000,0.01504],[-4.750,0.01366],[-4.500,0.01215],[-4.250,0.01206],[-4.000,0.01201],[-3.750,0.01201],[-3.500,0.01199],[-3.250,0.01196],[-3.000,0.01198],[-2.750,0.01202],[-2.500,0.01209],[-2.250,0.01212],[-2.000,0.01213],[-1.750,0.01215],[-1.500,0.01214],[-1.250,0.01216],[-1.000,0.01216],[-0.750,0.01221],[-0.500,0.01222],[-0.250,0.01228],[0.000,0.01230],[0.250,0.01237],[0.500,0.01241],[0.750,0.01248],[1.000,0.01255],[1.250,0.01262],[1.500,0.01270],[1.750,0.01280],[2.000,0.01287],[2.250,0.01297],[2.500,0.01305],[2.750,0.01313],[3.000,0.01324],[3.250,0.01329],[3.500,0.01334],[3.750,0.01333],[4.000,0.01329],[4.250,0.01349],[4.500,0.01365],[4.750,0.01378],[5.000,0.01388],[5.250,0.01394],[5.500,0.01403],[5.750,0.01415],[6.000,0.01426],[6.250,0.01436],[6.500,0.01444],[6.750,0.01453],[7.000,0.01463],[7.250,0.01474],[7.500,0.01492],[7.750,0.01521],[8.000,0.01576],[8.250,0.01677],[8.500,0.01814],[8.750,0.01968],[9.000,0.02125],[9.250,0.02284],[9.500,0.02444],[9.750,0.02613],[10.000,0.02791],[10.250,0.02982],[10.500,0.03201],[10.750,0.03385],[11.000,0.03611],[11.250,0.03832],[11.500,0.04074],[11.750,0.04301],[12.000,0.04596],[12.250,0.04807],[12.500,0.05057],[12.750,0.05338],[13.000,0.05571],[13.250,0.05823],[13.500,0.06095],[13.750,0.06377],[14.000,0.06687],[14.250,0.07170],[14.500,0.07544],[14.750,0.07962],[15.000,0.08430],[15.250,0.08934],[15.500,0.09494],[15.750,0.10116],[16.000,0.10787],[16.250,0.11512],[16.500,0.12288],[16.750,0.13124],[17.000,0.14027],[17.250,0.15000],[17.500,0.16034],[17.750,0.17112],],[[-12.000,0.11874],[-11.750,0.11461],[-8.250,0.02772],[-8.000,0.02503],[-7.750,0.02170],[-7.500,0.01959],[-7.250,0.01780],[-7.000,0.01637],[-6.750,0.01517],[-6.500,0.01412],[-6.250,0.01270],[-6.000,0.01198],[-5.750,0.01095],[-5.500,0.01034],[-5.250,0.00983],[-5.000,0.00933],[-4.750,0.00879],[-4.500,0.00808],[-4.250,0.00771],[-4.000,0.00766],[-3.750,0.00768],[-3.500,0.00772],[-3.250,0.00777],[-3.000,0.00784],[-2.750,0.00789],[-2.500,0.00792],[-2.250,0.00799],[-2.000,0.00805],[-1.750,0.00810],[-1.500,0.00815],[-1.250,0.00819],[-1.000,0.00823],[-0.750,0.00827],[-0.500,0.00829],[-0.250,0.00836],[0.000,0.00836],[0.250,0.00845],[0.500,0.00845],[0.750,0.00852],[1.000,0.00857],[1.250,0.00861],[1.500,0.00869],[1.750,0.00873],[2.000,0.00878],[2.250,0.00887],[2.500,0.00890],[2.750,0.00897],[3.000,0.00904],[3.250,0.00907],[3.500,0.00915],[3.750,0.00916],[4.000,0.00922],[4.250,0.00924],[4.500,0.00924],[5.000,0.00918],[5.250,0.00917],[5.500,0.00932],[5.750,0.00944],[6.000,0.00959],[6.250,0.00979],[6.500,0.01001],[6.750,0.01033],[7.000,0.01079],[7.250,0.01162],[7.500,0.01275],[7.750,0.01377],[8.000,0.01469],[8.250,0.01557],[8.500,0.01640],[8.750,0.01721],[9.000,0.01803],[9.250,0.01888],[9.500,0.01975],[9.750,0.02073],[10.000,0.02173],[10.250,0.02274],[10.500,0.02418],[10.750,0.02522],[11.000,0.02687],[11.250,0.02824],[11.500,0.03027],[11.750,0.03194],[12.000,0.03391],[12.250,0.03688],[12.500,0.03901],[12.750,0.04129],[13.000,0.04367],[13.250,0.04613],[13.500,0.04880],[13.750,0.05181],[14.000,0.05524],[14.250,0.05913],[14.500,0.06342],[14.750,0.06676],[15.000,0.07030],[15.250,0.07401],[15.500,0.07806],[15.750,0.08228],[16.000,0.08680],[16.250,0.09160],[16.500,0.09664],[16.750,0.10204],[17.000,0.10775],[17.250,0.11377],[17.500,0.12016],[17.750,0.12691],[18.000,0.13392],[18.250,0.14149],[18.500,0.14940],[18.750,0.15781],[19.000,0.16657],[19.250,0.17597],],[[-10.500,0.06377],[-9.750,0.02614],[-9.500,0.02392],[-9.250,0.02181],[-9.000,0.02004],[-8.750,0.01846],[-8.500,0.01691],[-8.250,0.01581],[-8.000,0.01487],[-7.750,0.01392],[-7.500,0.01298],[-7.250,0.01204],[-7.000,0.01123],[-6.750,0.01051],[-6.500,0.00996],[-6.250,0.00951],[-6.000,0.00910],[-5.750,0.00876],[-5.500,0.00856],[-5.250,0.00839],[-5.000,0.00822],[-4.750,0.00797],[-4.500,0.00763],[-4.250,0.00725],[-4.000,0.00677],[-3.750,0.00648],[-3.500,0.00640],[-3.250,0.00636],[-3.000,0.00637],[-2.750,0.00639],[-2.500,0.00640],[-2.250,0.00644],[-2.000,0.00646],[-1.750,0.00649],[-1.250,0.00655],[-1.000,0.00662],[-0.750,0.00661],[-0.500,0.00666],[-0.250,0.00669],[0.000,0.00672],[0.250,0.00678],[0.500,0.00679],[0.750,0.00684],[1.000,0.00689],[1.250,0.00691],[1.500,0.00699],[1.750,0.00701],[2.000,0.00705],[2.250,0.00713],[2.500,0.00716],[2.750,0.00721],[3.000,0.00726],[3.250,0.00732],[3.500,0.00737],[3.750,0.00746],[4.000,0.00749],[4.250,0.00757],[4.500,0.00763],[4.750,0.00770],[5.000,0.00779],[5.250,0.00788],[5.500,0.00799],[5.750,0.00811],[6.000,0.00825],[6.250,0.00854],[6.500,0.00924],[6.750,0.01016],[7.000,0.01101],[7.250,0.01172],[7.500,0.01240],[7.750,0.01304],[8.000,0.01367],[8.250,0.01422],[8.500,0.01478],[8.750,0.01536],[9.000,0.01594],[9.250,0.01648],[9.500,0.01712],[9.750,0.01772],[10.000,0.01843],[10.250,0.01922],[10.500,0.02002],[10.750,0.02106],[11.000,0.02209],[11.250,0.02333],[11.500,0.02447],[11.750,0.02578],[12.000,0.02767],[12.250,0.02907],[12.500,0.03070],[12.750,0.03240],[13.000,0.03420],[13.250,0.03619],[13.500,0.03829],[13.750,0.04060],[14.000,0.04305],[14.250,0.04564],[14.500,0.04865],[14.750,0.05166],[15.000,0.05531],[15.250,0.05879],[15.500,0.06373],[15.750,0.06718],[16.000,0.07199],[16.250,0.07700],[16.500,0.08166],[16.750,0.08700],[17.000,0.09280],[17.250,0.09852],[17.500,0.10434],],],
{"title":"Cd v Alpha","sortData":false,"legend":{"show":false,"placement":"insideGrid","location":"ne"},"series":[{"showLabel":true,"index":0,"showLine":true,"trendline":{"type":"none","show":false},"color":"#4bb2c5"},{"showLabel":true,"index":0,"showLine":true,"trendline":{"type":"none","show":false},"color":"#EAA228"},{"showLabel":true,"index":0,"showLine":true,"trendline":{"type":"none","show":false},"color":"#839557"},{"showLabel":true,"index":0,"showLine":true,"trendline":{"type":"none","show":false},"color":"#953579"},{"showLabel":true,"index":0,"showLine":true,"trendline":{"type":"none","show":false},"color":"#d8b83f"}],"show":"$.jqplot.config.enablePlugins","axes":{"xaxis":{"max":20,"min":-15,"tickInterval":5,"tickOptions":{"formatString":"%.1f"},"forceTickAt0":true,"rendererOptions":{"forceTickAt0":true}},"yaxis":{"max":0.18,"min":0,"tickInterval":0.02,"tickOptions":{"formatString":"%.2f"},"forceTickAt0":true,"rendererOptions":{"forceTickAt0":true}}},"seriesDefaults":{"lineWidth":1,"showLabel":true,"markerOptions":{"size":5,"show":false}}});
jqplots.push(p);

var p = $.jqplot('effaoa',[[[-9.250,-2.9686523175851],[-9.000,-3.0649137222679],[-8.750,-3.2639207412164],[-8.500,-3.2504051091412],[-8.250,-3.3234538628729],[-8.000,-3.4182373917473],[-7.750,-4.5252352437981],[-7.500,-5.5126320010694],[-7.250,-7.3516978044457],[-7.000,-7.545871559633],[-6.750,-8.6868686868687],[-6.500,-9.2874029044242],[-6.250,-10.398413897281],[-6.000,-10.967610511306],[-5.750,-11.523032841084],[-5.500,-11.906338694418],[-5.250,-12.264008076729],[-5.000,-12.497978981407],[-4.750,-12.645381984036],[-4.500,-12.727546714888],[-4.250,-12.675078864353],[-4.000,-12.655835543767],[-3.750,-12.693117977528],[-3.500,-12.663465090506],[-3.250,-11.836236933798],[-3.000,-11.260898725687],[-2.750,-10.863309352518],[-2.500,-10.258703289684],[-2.250,-9.3960149439601],[-2.000,-8.7136294027565],[-1.750,-8.0890369473047],[-1.500,-7.6704029082096],[-1.250,-7.0517084971273],[-1.000,-6.3350468702752],[-0.750,-5.5589123867069],[-0.500,-4.3327348892879],[-0.250,-3.0655203083309],[0.000,-0.84824004616272],[0.250,0.76617480136209],[0.500,1.2492949802594],[0.750,1.8880534670008],[1.000,2.9317378297525],[1.250,3.6208732694356],[1.500,4.6483971044467],[1.750,5.0833333333333],[2.000,5.9093137254902],[2.250,6.1872909698997],[2.500,6.6759581881533],[2.750,7.0548408937035],[3.000,7.2485726833553],[3.250,7.7860643511613],[3.500,7.7432068035677],[3.750,8.031035872632],[4.000,8.1593890738202],[4.250,8.2318233726684],[4.500,8.4744822485207],[4.750,8.4399712437096],[5.000,8.6615411497466],[5.250,8.6879673691366],[5.500,8.7471074380165],[5.750,8.954574742268],[6.000,9.1749174917492],[6.250,9.3735605711654],[6.500,9.5122317274501],[6.750,9.5862068965517],[7.000,9.6140602582496],[7.250,9.6574477046188],[7.500,9.8949405584739],[7.750,10.308303644834],[8.000,10.294236195083],[8.250,11.102362204724],[8.500,11.030117270789],[8.750,11.745066234117],[9.000,13.627408373171],[9.250,29.042579374846],[9.500,32.693355119826],[9.750,32.08490059108],[10.000,30.096324461343],[10.250,28.192828306815],[10.500,26.795986622074],[10.750,25.590205106739],[11.000,24.526233359436],[11.250,23.303473491773],[11.500,22.052855924979],[11.750,20.85140053806],[12.000,19.661580299139],[12.250,18.436738787792],[12.500,17.223350941352],[12.750,16.030690537084],[13.000,14.852320675105],[13.250,13.688924158259],[13.500,12.556335034014],[13.750,11.485975731052],[14.000,10.492656627626],[14.250,9.6097348978705],[14.500,8.8386099129161],],[[-9.000,-3.8029747351263],[-8.750,-4.2058329836341],[-8.500,-4.8246087425796],[-8.250,-4.5302503086766],[-8.000,-4.7303526158101],[-7.750,-5.1519434628975],[-7.250,-6.8103883005547],[-6.750,-11.1917509419],[-6.500,-11.912946428571],[-6.250,-12.372290057314],[-6.000,-12.881780250348],[-5.750,-12.830131137542],[-5.500,-13.067876344086],[-5.250,-12.470248827984],[-5.000,-12.055427251732],[-4.750,-11.219312602291],[-4.500,-10.536263736264],[-4.250,-10.164588528678],[-4.000,-8.2272948033026],[-3.750,-6.5829383886256],[-3.500,-4.6336910872608],[-3.250,-3.3348708487085],[-3.000,-1.4009216589862],[-2.750,-0.26556776556777],[-2.500,1.6],[-2.250,2.7064220183486],[-2.000,4.8067070330694],[-1.750,6.0514018691589],[-1.500,8.2428571428571],[-1.250,9.5847255369928],[-1.000,11.644832605531],[-0.750,12.972316658572],[-0.500,15.034448818898],[-0.250,16.180657830142],[0.000,18.100198412698],[0.250,19.254689042448],[0.500,20.887896825397],[0.750,21.872843765402],[1.000,23.354743083004],[1.250,24.289215686275],[1.500,25.447432762836],[1.750,26.56432748538],[2.000,27.195945945946],[2.250,29.193942354665],[2.500,29.741873804971],[2.750,32.89156626506],[3.000,32.733612273361],[3.250,34.378178455848],[3.500,34.083816317432],[3.750,35.327144120248],[4.000,35.062045357296],[4.250,36.091564222128],[4.500,35.91021416804],[4.750,37.131719327041],[5.000,36.870259481038],[5.250,38.826139572408],[5.500,38.663249211356],[5.750,40.015835312747],[6.000,42.99959133633],[6.250,44.828014919188],[6.500,46.297534475554],[6.750,47.856540084388],[7.000,49.72602739726],[7.250,52.019230769231],[7.500,53.173415492958],[7.750,55.022401433692],[8.000,56.34632819583],[8.250,57.325102880658],[8.500,57.365542388332],[8.750,55.861915367483],[9.000,52.023509655751],[9.250,47.155538402161],[9.500,42.754957507082],[9.750,39.056788511749],[10.000,36.02602905569],[10.250,33.600113122172],[10.500,31.522546419098],[10.750,29.887359198999],[11.000,28.550071191267],[11.250,27.400542495479],[11.500,26.312620941733],[11.750,25.29699938763],[12.000,24.387536514119],[12.250,23.240418118467],[12.500,22.224165063822],[12.750,21.267605633803],[13.000,19.590510728317],[13.250,18.434495623475],[13.500,17.252613003936],[13.750,16.090244840405],[14.000,14.945691527878],[14.250,13.853575482406],[14.500,12.805502239283],[14.750,11.821367778112],[15.000,10.894232575615],[15.250,10.050246826516],[15.500,9.2519424698297],[15.750,8.5505783712445],],[[-10.250,-3.7843816118484],[-10.000,-4.0571082635456],[-9.750,-4.4533675982439],[-9.500,-4.4925143108763],[-9.250,-4.5916638427652],[-9.000,-4.8145548145548],[-8.750,-5.1112732579351],[-8.500,-5.5256475368207],[-8.250,-6.1962779488553],[-7.500,-11.694714387296],[-7.250,-13.389252203583],[-7.000,-15.243355195029],[-6.750,-15.642884395269],[-6.500,-15.714285714286],[-6.250,-15.241753276096],[-6.000,-14.535104364326],[-5.750,-14.047991653625],[-5.500,-13.438914027149],[-5.250,-12.164634146341],[-5.000,-10.518617021277],[-4.750,-9.289897510981],[-4.500,-7.119341563786],[-4.250,-4.1791044776119],[-4.000,-0.65778517901749],[-3.750,2.2731057452123],[-3.500,5.487906588824],[-3.250,8.5284280936455],[-3.000,11.168614357262],[-2.750,13.718801996672],[-2.500,16.170388751034],[-2.250,18.663366336634],[-2.000,20.906842539159],[-1.750,23.201646090535],[-1.500,25.560131795717],[-1.250,27.902960526316],[-1.000,30.074013157895],[-0.750,32.325962325962],[-0.500,34.484451718494],[-0.250,36.579804560261],[0.000,38.764227642276],[0.250,40.735650767987],[0.500,42.836422240129],[0.750,44.727564102564],[1.000,46.693227091633],[1.250,48.51030110935],[1.500,50.362204724409],[1.750,52.078125],[2.000,53.783993783994],[2.250,55.558982266769],[2.500,57.026819923372],[2.750,58.720487433359],[3.000,60.067975830816],[3.250,61.587659894658],[3.500,63.178410794603],[3.750,64.613653413353],[4.000,67.697516930023],[4.250,68.732394366197],[4.500,70.197802197802],[4.750,71.284470246734],[5.000,72.636887608069],[5.250,74.253945480631],[5.500,75.481111903065],[5.750,76.515901060071],[6.000,77.643758765778],[6.250,78.809192200557],[6.500,79.909972299169],[6.750,80.86717136958],[7.000,81.633629528366],[7.250,82.25237449118],[7.500,82.365951742627],[7.750,81.696252465483],[8.000,79.352791878173],[8.250,74.436493738819],[8.500,68.401323042999],[8.750,62.728658536585],[9.000,57.896470588235],[9.250,53.752189141856],[9.500,50.196399345336],[9.750,46.919249904325],[10.000,43.926907918309],[10.250,41.106639839034],[10.500,38.225554514214],[10.750,36.262924667651],[11.000,34.001661589587],[11.250,32.082463465553],[11.500,30.19882179676],[11.750,28.672401767031],[12.000,26.795039164491],[12.250,25.743707093822],[12.500,24.516511765869],[12.750,23.312101910828],[13.000,22.475318614252],[13.250,21.628026790314],[13.500,20.754716981132],[13.750,19.887094244943],[14.000,19.013010318528],[14.250,17.721059972106],[14.500,16.751060445387],[14.750,15.784978648581],[15.000,14.807829181495],[15.250,13.865010073875],[15.500,12.91868548557],[15.750,11.986951364176],[16.000,11.09669046074],[16.250,10.25191104934],[16.500,9.4612630208333],[16.750,8.7191405059433],[17.000,8.0230983104014],[17.250,7.374],[17.500,6.7774728701509],[17.750,6.2400654511454],],[[-12.000,-2.4734714502274],[-11.750,-2.5870342902016],[-8.250,-17.669552669553],[-8.000,-18.48981222533],[-7.750,-19.981566820276],[-7.500,-20.96988259316],[-7.250,-21.308988764045],[-7.000,-21.472205253513],[-6.750,-21.193144363876],[-6.500,-20.212464589235],[-6.250,-20.173228346457],[-6.000,-17.854757929883],[-5.750,-16.054794520548],[-5.500,-13.007736943907],[-5.250,-9.6948118006104],[-5.000,-6.5702036441586],[-4.750,-3.5494880546075],[-4.500,-0.53217821782178],[-4.250,2.905317769131],[-4.000,6.5013054830287],[-3.750,10.0390625],[-3.500,13.510362694301],[-3.250,16.924066924067],[-3.000,20.242346938776],[-2.750,23.548795944233],[-2.500,26.881313131313],[-2.250,30.062578222778],[-2.000,33.217391304348],[-1.750,36.345679012346],[-1.500,39.484662576687],[-1.250,42.625152625153],[-1.000,45.771567436209],[-0.750,48.863361547763],[-0.500,52.05066344994],[-0.250,54.928229665072],[0.000,58.193779904306],[0.250,60.863905325444],[0.500,64.082840236686],[0.750,66.807511737089],[1.000,69.626604434072],[1.250,72.485481997677],[1.500,74.994246260069],[1.750,77.789232531501],[2.000,80.444191343964],[2.250,82.750845546787],[2.500,85.516853932584],[2.750,87.870680044593],[3.000,90.188053097345],[3.250,92.800441014333],[3.500,94.874316939891],[3.750,97.565502183406],[4.000,99.68546637744],[4.250,102.09956709957],[4.500,104.68614718615],[5.000,109.94553376906],[5.250,113.07524536532],[5.500,113.98068669528],[5.750,115.1906779661],[6.000,115.9228362878],[6.250,115.91419816139],[6.500,115.6043956044],[6.750,114.0174249758],[7.000,110.79703429101],[7.250,103.84681583477],[7.500,95.160784313726],[7.750,88.598402323893],[8.000,83.56705241661],[8.250,79.389852280026],[8.500,75.94512195122],[8.750,72.945961650203],[9.000,70.177481974487],[9.250,67.521186440678],[9.500,65.027848101266],[9.750,62.339604438013],[10.000,59.848136217211],[10.250,57.572559366755],[10.500,54.263854425145],[10.750,52.422680412371],[11.000,49.289170078154],[11.250,47.145892351275],[11.500,43.980839114635],[11.750,41.850344395742],[12.000,39.501621940431],[12.250,36.133405639913],[12.500,34.250192258395],[12.750,32.419472027125],[13.000,30.705289672544],[13.250,29.117710817256],[13.500,27.543032786885],[13.750,25.919706620344],[14.000,24.239681390297],[14.250,22.530018603078],[14.500,20.870387890255],[14.750,19.821749550629],[15.000,18.807965860597],[15.250,17.84488582624],[15.500,16.879323597233],[15.750,15.968643655809],[16.000,15.079493087558],[16.250,14.228165938865],[16.500,13.418874172185],[16.750,12.632301058408],[17.000,11.883062645012],[17.250,11.171662125341],[17.500,10.49017976032],[17.750,9.8424080056733],[18.000,9.2405913978495],[18.250,8.6529083327444],[18.500,8.1050870147256],[18.750,7.5831696343704],[19.000,7.0973164435373],[19.250,6.631243962039],],[[-10.500,-8.4130468872511],[-9.750,-23.31675592961],[-9.500,-24.866220735786],[-9.250,-26.043099495644],[-9.000,-26.841317365269],[-8.750,-28.098591549296],[-8.500,-29.036073329391],[-8.250,-29.063883617963],[-8.000,-29.569603227976],[-7.750,-29.360632183908],[-7.500,-29.391371340524],[-7.250,-28.488372093023],[-7.000,-26.99910952805],[-6.750,-24.281636536632],[-6.500,-21.415662650602],[-6.250,-18.895899053628],[-6.000,-16.648351648352],[-5.750,-14.372146118721],[-5.500,-11.728971962617],[-5.250,-8.9392133492253],[-5.000,-6.021897810219],[-4.750,-3.0363864491844],[-4.500,0.13106159895151],[-4.250,3.6413793103448],[-4.000,7.6070901033973],[-3.750,11.944444444444],[-3.500,16.265625],[-3.250,20.660377358491],[-3.000,24.929356357928],[-2.750,29.123630672926],[-2.500,33.40625],[-2.250,37.5],[-2.000,41.625386996904],[-1.750,45.731895223421],[-1.250,53.75572519084],[-1.000,57.356495468278],[-0.750,61.664145234493],[-0.500,65.345345345345],[-0.250,69.222720478326],[0.000,73.050595238095],[0.250,76.46017699115],[0.500,80.471281296024],[0.750,83.90350877193],[1.000,87.32946298984],[1.250,91.0998552822],[1.500,93.962804005722],[1.750,97.674750356633],[2.000,101.03546099291],[2.250,103.70266479663],[2.500,107.15083798883],[2.750,110.1386962552],[3.000,113.12672176309],[3.250,115.84699453552],[3.500,118.72455902307],[3.750,120.77747989276],[4.000,123.91188251001],[4.250,126.07661822985],[4.500,128.54521625164],[4.750,130.79220779221],[5.000,132.54172015404],[5.250,134.25126903553],[5.500,135.41927409262],[5.750,136.26387176326],[6.000,136.20606060606],[6.250,133.92271662763],[6.500,125.60606060606],[6.750,115.53149606299],[7.000,107.86557674841],[7.250,102.64505119454],[7.500,98.217741935484],[7.750,94.447852760736],[8.000,91.002194586686],[8.250,88.45288326301],[8.500,86.05548037889],[8.750,83.671875],[9.000,81.486825595985],[9.250,79.702669902913],[9.500,77.447429906542],[9.750,75.58690744921],[10.000,73.309820944113],[10.250,70.82726326743],[10.500,68.526473526474],[10.750,65.48433048433],[11.000,62.797645993662],[11.250,59.704243463352],[11.500,57.253780138946],[11.750,54.600465477114],[12.000,50.863751355258],[12.250,48.668730650155],[12.500,46.260586319218],[12.750,43.993827160494],[13.000,41.824561403509],[13.250,39.626968775905],[13.500,37.534604335336],[13.750,35.445812807882],[14.000,33.463414634146],[14.250,31.584136722174],[14.500,29.584789311408],[14.750,27.841656987998],[15.000,25.904899656482],[15.250,24.318761694166],[15.500,22.229719127569],[15.750,21.077701696934],[16.000,19.534657591332],[16.250,18.137662337662],[16.500,17.025471467059],[16.750,15.870114942529],[17.000,14.754310344828],[17.250,13.798213560698],[17.500,12.937511980065],],],
{"title":"Cl\/Cd v Alpha","sortData":false,"legend":{"show":false,"placement":"insideGrid","location":"ne"},"series":[{"showLabel":true,"index":0,"showLine":true,"trendline":{"type":"none","show":false},"color":"#4bb2c5"},{"showLabel":true,"index":0,"showLine":true,"trendline":{"type":"none","show":false},"color":"#EAA228"},{"showLabel":true,"index":0,"showLine":true,"trendline":{"type":"none","show":false},"color":"#839557"},{"showLabel":true,"index":0,"showLine":true,"trendline":{"type":"none","show":false},"color":"#953579"},{"showLabel":true,"index":0,"showLine":true,"trendline":{"type":"none","show":false},"color":"#d8b83f"}],"show":"$.jqplot.config.enablePlugins","axes":{"xaxis":{"max":20,"min":-15,"tickInterval":5,"tickOptions":{"formatString":"%.1f"},"forceTickAt0":true,"rendererOptions":{"forceTickAt0":true}},"yaxis":{"max":140,"min":-40,"tickInterval":20,"tickOptions":{"formatString":"%d"},"forceTickAt0":true,"rendererOptions":{"forceTickAt0":true}}},"seriesDefaults":{"lineWidth":1,"showLabel":true,"markerOptions":{"size":5,"show":false}}});
jqplots.push(p);

});
/*]]>*/
</script>
</body>
</html>