<!DOCTYPE html>
<html lang="en">
<head>
<link rel="stylesheet" type="text/css" href="/assets/62ff72f1/jquery.jqplot.min.css" media="screen, projection, print" />
<style type="text/css">
/*<![CDATA[*/
.jqplot-title {font-size:1.8em;padding:3px;}.jqplot-xaxis {font-size:0.8em;padding-top:3px;}.jqplot-yaxis {font-size:0.8em;padding-right:3px;}
/*]]>*/
</style>
<!--[if lt IE 9]><script type="text/javascript" src="/assets/62ff72f1/excanvas.min.js"></script></script><![endif]-->
<script type="text/javascript" src="/assets/780cfc96/jquery.min.js"></script>
<script type="text/javascript" src="/assets/62ff72f1/jquery.min.js"></script>
<script type="text/javascript" src="/assets/62ff72f1/jquery.jqplot.min.js"></script>
<script type="text/javascript">
/*<![CDATA[*/
var jqplots = [];

/*]]>*/
</script>
<title>Airfoil polar plot</title>
<meta http-equiv="Content-Language" content="en-gb"/>
<meta http-equiv="Content-Type" content="text/html; charset=windows-1252"/>
<meta content="none" name="robots" />
<meta name="copyright" content="Copyright 2010-2013. All Rights Reserved" />
</head>
<body>

<table style="width:800px;">
<tr><td>
<div id="liftdrag" style="height:400px;width:398px;margin:auto;display:inline-block;"></div>
</td><td>
<div id="liftaoa" style="height:400px;width:398px;margin:auto;display:inline-block;"></div>
</td></tr>
<tr><td>
<div id="effaoa" style="height:400px;width:398px;margin:auto;display:inline-block;"></div>
</td><td>
<div id="dragaoa" style="height:400px;width:398px;margin:auto;display:inline-block;"></div>
</td></tr>
<tr><td>
<div id="momentaoa" style="height:400px;width:398px;margin:auto;display:inline-block;"></div>
</td><td>
</td></tr>

</table>
<script type="text/javascript">
/*<![CDATA[*/
jQuery(window).load(function() {
var p = $.jqplot('liftdrag',[[[0.11645,-0.2977],[0.11613,-0.3054],[0.11672,-0.3205],[0.10908,-0.2966],[0.10687,-0.2976],[0.10580,-0.3071],[0.10563,-0.3238],[0.10586,-0.3405],[0.10607,-0.3542],[0.09930,-0.3405],[0.09722,-0.3439],[0.09584,-0.3501],[0.09641,-0.3561],[0.09127,-0.3541],[0.08868,-0.3527],[0.08776,-0.3473],[0.08380,-0.3476],[0.08213,-0.3372],[0.07878,-0.3361],[0.07416,-0.3098],[0.07118,-0.3048],[0.06902,-0.2856],[0.06615,-0.2765],[0.06391,-0.2640],[0.06149,-0.2554],[0.05195,-0.2362],[0.04934,-0.2290],[0.04656,-0.2008],[0.04403,-0.1689],[0.04376,0.1234],[0.04236,0.1838],[0.04118,0.2360],[0.04063,0.2805],[0.04006,0.3244],[0.03940,0.3688],[0.03870,0.4205],[0.03805,0.4576],[0.03727,0.4940],[0.03648,0.5204],[0.03723,0.5534],[0.03795,0.5856],[0.03864,0.6178],[0.03926,0.6505],[0.03974,0.6860],[0.04016,0.7209],[0.04085,0.7474],[0.04160,0.7725],[0.04239,0.7968],[0.04325,0.8202],[0.04423,0.8420],[0.04530,0.8628],[0.04644,0.8834],[0.04709,0.9118],[0.04721,0.9464],[0.04942,0.9535],[0.05195,0.9579],[0.05421,0.9668],[0.05315,1.0155],[0.05703,1.0060],[0.06091,0.9977],[0.06323,1.0076],[0.06262,1.0490],[0.06793,1.0271],[0.07186,1.0210],[0.07256,1.0489],[0.07536,1.0547],[0.08041,1.0378],[0.08286,1.0454],[0.04846,1.3415],[0.07532,1.1449],[0.07438,1.1698],[0.03976,1.4322],[0.03940,1.4321],[0.04003,1.4223],[0.04174,1.4039],[0.04440,1.3826],[0.04791,1.3601],[0.05221,1.3384],[0.05672,1.3211],[0.06064,1.3115],[0.06382,1.3124],[0.06544,1.3382],[0.06727,1.3872],[0.07088,1.3872],[0.07469,1.3880],[0.07864,1.3896],[0.08304,1.3866],[0.08799,1.3747],[0.09368,1.3531],[0.10038,1.3248],[0.10819,1.2928],[0.11731,1.2584],[0.12753,1.2258],[0.13768,1.2005],[0.14722,1.1827],],[[0.10700,-0.3200],[0.10727,-0.3398],[0.10727,-0.3547],[0.10684,-0.3635],[0.10106,-0.3625],[0.09689,-0.3595],[0.09456,-0.3618],[0.09252,-0.3648],[0.09050,-0.3671],[0.08845,-0.3676],[0.08375,-0.3068],[0.07853,-0.2941],[0.07444,-0.2628],[0.06983,-0.1964],[0.06538,-0.1795],[0.06163,-0.1418],[0.05759,-0.0978],[0.05404,-0.0598],[0.05058,-0.0160],[0.04759,0.0333],[0.04194,0.1055],[0.03901,0.1566],[0.03720,0.1845],[0.03498,0.2281],[0.02755,0.3750],[0.02589,0.4155],[0.02500,0.4480],[0.02357,0.4865],[0.02285,0.5140],[0.02190,0.5449],[0.02079,0.5744],[0.02018,0.5996],[0.01950,0.6313],[0.01866,0.6550],[0.01787,0.6815],[0.01772,0.7117],[0.01787,0.7366],[0.01796,0.7627],[0.01787,0.7911],[0.01788,0.8179],[0.01798,0.8436],[0.01804,0.8700],[0.01806,0.8973],[0.01800,0.9257],[0.01813,0.9519],[0.01832,0.9779],[0.01854,1.0039],[0.01880,1.0299],[0.01912,1.0557],[0.01948,1.0813],[0.01987,1.1066],[0.02023,1.1318],[0.02057,1.1566],[0.02086,1.1811],[0.02113,1.2053],[0.02141,1.2294],[0.02168,1.2534],[0.02194,1.2767],[0.02207,1.2987],[0.02207,1.3200],[0.02231,1.3390],[0.02261,1.3580],[0.02295,1.3761],[0.02341,1.3921],[0.02394,1.4065],[0.02460,1.4169],[0.02545,1.4236],[0.02672,1.4243],[0.02911,1.4087],[0.03229,1.3906],[0.03551,1.3760],[0.03852,1.3661],[0.04150,1.3583],[0.04420,1.3553],[0.04698,1.3524],[0.04999,1.3480],[0.05275,1.3467],[0.05499,1.3519],[0.05703,1.3599],[0.05910,1.3681],[0.06114,1.3783],[0.06313,1.3963],[0.06552,1.4125],[0.06850,1.4244],[0.07208,1.4289],[0.07615,1.4264],[0.08060,1.4188],[0.08539,1.4075],[0.09054,1.3936],[0.09603,1.3774],[0.10186,1.3599],[0.10808,1.3415],[0.11468,1.3229],[0.12167,1.3047],[0.12892,1.2882],[0.13733,1.2644],],[[0.10362,-0.2939],[0.10374,-0.3144],[0.10400,-0.3377],[0.10265,-0.3446],[0.09174,-0.3085],[0.08780,-0.2876],[0.08373,-0.2612],[0.07942,-0.2262],[0.07285,-0.1866],[0.06950,-0.1738],[0.06602,-0.1465],[0.05653,-0.0661],[0.05355,-0.0388],[0.04902,0.0242],[0.04548,0.0402],[0.04304,0.0667],[0.04060,0.1140],[0.03692,0.1358],[0.03474,0.1601],[0.03273,0.1884],[0.03053,0.2209],[0.02851,0.2460],[0.02695,0.2721],[0.02182,0.3114],[0.02009,0.3386],[0.01872,0.3659],[0.01731,0.3933],[0.01612,0.4205],[0.01524,0.4475],[0.01458,0.4748],[0.01392,0.5021],[0.01367,0.5291],[0.01337,0.5564],[0.01304,0.5840],[0.01279,0.6112],[0.01268,0.6383],[0.01253,0.6656],[0.01241,0.6930],[0.01230,0.7201],[0.01057,0.7430],[0.01070,0.7706],[0.01084,0.7978],[0.01100,0.8247],[0.01118,0.8516],[0.01138,0.8786],[0.01159,0.9055],[0.01180,0.9319],[0.01202,0.9582],[0.01226,0.9845],[0.01248,1.0105],[0.01269,1.0361],[0.01290,1.0615],[0.01311,1.0867],[0.01332,1.1116],[0.01355,1.1362],[0.01382,1.1608],[0.01410,1.1847],[0.01440,1.2080],[0.01473,1.2306],[0.01513,1.2525],[0.01551,1.2750],[0.01593,1.2966],[0.01645,1.3167],[0.01695,1.3363],[0.01750,1.3558],[0.01813,1.3736],[0.01917,1.3852],[0.02129,1.3834],[0.02326,1.3825],[0.02479,1.3842],[0.02626,1.3882],[0.02778,1.3926],[0.02928,1.3980],[0.03092,1.4025],[0.03279,1.4049],[0.03506,1.4039],[0.03768,1.4002],[0.04058,1.3950],[0.04316,1.3942],[0.04574,1.3944],[0.04833,1.3949],[0.05088,1.3963],[0.05335,1.3990],[0.05568,1.4034],[0.05794,1.4091],[0.06024,1.4150],[0.06261,1.4205],[0.06513,1.4253],[0.06777,1.4308],[0.07073,1.4346],[0.07424,1.4342],[0.07826,1.4301],[0.08286,1.4221],[0.08800,1.4106],[0.09364,1.3963],[0.09973,1.3803],[0.10624,1.3633],[0.11315,1.3453],[0.12049,1.3268],[0.12829,1.3081],[0.13659,1.2891],[0.14540,1.2700],[0.15254,1.2589],[0.16088,1.2462],[0.18337,1.1969],[0.16754,0.9012],],[[0.10232,-0.2876],[0.09986,-0.2843],[0.09730,-0.2803],[0.09329,-0.2632],[0.08886,-0.2462],[0.08417,-0.2266],[0.07967,-0.2083],[0.07453,-0.2007],[0.07198,-0.1877],[0.06934,-0.1735],[0.06642,-0.1571],[0.06318,-0.1385],[0.05816,-0.0994],[0.05380,-0.0730],[0.04826,-0.0589],[0.04626,-0.0389],[0.04402,-0.0157],[0.04121,0.0116],[0.03428,0.0501],[0.03278,0.0729],[0.03135,0.0975],[0.02928,0.1256],[0.02584,0.1561],[0.02487,0.1818],[0.02246,0.2129],[0.02133,0.2386],[0.01481,0.2719],[0.01223,0.3007],[0.01139,0.3289],[0.01080,0.3570],[0.01034,0.3850],[0.01001,0.4128],[0.00972,0.4407],[0.00947,0.4686],[0.00929,0.4965],[0.00911,0.5523],[0.00906,0.5804],[0.00903,0.6083],[0.00912,0.6360],[0.00920,0.6640],[0.00930,0.6917],[0.00935,0.7194],[0.00940,0.7473],[0.00947,0.8028],[0.00950,0.8304],[0.00788,0.8523],[0.00801,0.8798],[0.00814,0.9070],[0.00829,0.9341],[0.00844,0.9610],[0.00860,0.9878],[0.00877,1.0144],[0.00897,1.0407],[0.00922,1.0665],[0.00951,1.0918],[0.00987,1.1163],[0.01021,1.1411],[0.01057,1.1657],[0.01092,1.1902],[0.01127,1.2146],[0.01165,1.2387],[0.01207,1.2621],[0.01256,1.2848],[0.01373,1.3000],[0.01558,1.3077],[0.01653,1.3244],[0.01786,1.3361],[0.01860,1.3539],[0.01928,1.3718],[0.02002,1.3881],[0.02087,1.4017],[0.02185,1.4104],[0.02308,1.4159],[0.02466,1.4173],[0.02629,1.4196],[0.02766,1.4266],[0.02917,1.4328],[0.03085,1.4378],[0.03266,1.4421],[0.03463,1.4453],[0.03679,1.4473],[0.03908,1.4487],[0.04147,1.4497],[0.04395,1.4504],[0.04651,1.4507],[0.04907,1.4515],[0.05159,1.4527],[0.05393,1.4560],[0.05596,1.4642],[0.05800,1.4783],[0.06052,1.4891],[0.06369,1.4833],[0.06704,1.4766],[0.07058,1.4705],[0.07438,1.4636],[0.07841,1.4568],[0.08272,1.4492],[0.08732,1.4407],[0.09219,1.4311],[0.09741,1.4205],[0.10293,1.4090],[0.10881,1.3964],[0.11502,1.3827],[0.12159,1.3682],[0.12287,1.3809],[0.11864,1.1174],[0.12396,1.0995],],[[0.08848,-0.2597],[0.08603,-0.2522],[0.08336,-0.2446],[0.08052,-0.2370],[0.07510,-0.2204],[0.07048,-0.2031],[0.06569,-0.1844],[0.03532,-0.0714],[0.03028,-0.0482],[0.02130,-0.0282],[0.01969,-0.0059],[0.01840,0.0172],[0.01654,0.0423],[0.01384,0.0751],[0.01268,0.1857],[0.01196,0.2141],[0.01085,0.2422],[0.01009,0.2704],[0.00958,0.2986],[0.00920,0.3267],[0.00891,0.3547],[0.00869,0.3826],[0.00850,0.4107],[0.00834,0.4389],[0.00822,0.4671],[0.00812,0.4954],[0.00802,0.5239],[0.00796,0.5522],[0.00792,0.5806],[0.00790,0.6090],[0.00789,0.6375],[0.00789,0.6658],[0.00782,0.6942],[0.00788,0.7223],[0.00791,0.7506],[0.00796,0.7787],[0.00803,0.8066],[0.00806,0.8346],[0.00813,0.8624],[0.00668,0.9119],[0.00686,0.9390],[0.00707,0.9659],[0.00729,0.9928],[0.00758,1.0189],[0.00789,1.0448],[0.00817,1.0708],[0.00843,1.0970],[0.00870,1.1230],[0.00901,1.1486],[0.00930,1.1742],[0.00961,1.1996],[0.01006,1.2235],[0.01119,1.2407],[0.01264,1.2546],[0.01334,1.2754],[0.01440,1.2923],[0.01490,1.3144],[0.01537,1.3366],[0.01584,1.3584],[0.01637,1.3792],[0.01699,1.3985],[0.01786,1.4144],[0.01877,1.4286],[0.01936,1.4459],[0.01998,1.4611],[0.02069,1.4731],[0.02148,1.4843],[0.02242,1.4941],[0.02347,1.5029],[0.02478,1.5090],[0.02655,1.5099],[0.02918,1.5018],[0.03153,1.4992],[0.03296,1.5081],[0.03472,1.5139],[0.03666,1.5185],[0.03878,1.5217],[0.04112,1.5233],[0.04356,1.5247],[0.04614,1.5252],[0.04882,1.5256],[0.05159,1.5259],[0.05442,1.5264],[0.05735,1.5269],[0.06043,1.5269],[0.06365,1.5263],[0.06700,1.5251],[0.07057,1.5224],[0.07433,1.5184],[0.07827,1.5130],[0.08231,1.5060],[0.08651,1.4953],],],
{"title":"Cl v Cd","sortData":false,"legend":{"show":false,"placement":"insideGrid","location":"ne"},"series":[{"showLabel":true,"index":0,"showLine":true,"trendline":{"type":"none","show":false},"color":"#4bb2c5"},{"showLabel":true,"index":0,"showLine":true,"trendline":{"type":"none","show":false},"color":"#EAA228"},{"showLabel":true,"index":0,"showLine":true,"trendline":{"type":"none","show":false},"color":"#839557"},{"showLabel":true,"index":0,"showLine":true,"trendline":{"type":"none","show":false},"color":"#953579"},{"showLabel":true,"index":0,"showLine":true,"trendline":{"type":"none","show":false},"color":"#d8b83f"}],"show":"$.jqplot.config.enablePlugins","axes":{"xaxis":{"max":0.2,"min":0,"tickInterval":0.02,"tickOptions":{"formatString":"%.2f"},"forceTickAt0":true,"rendererOptions":{"forceTickAt0":true}},"yaxis":{"max":1.6,"min":-0.4,"tickInterval":0.2,"tickOptions":{"formatString":"%.2f"},"forceTickAt0":true,"rendererOptions":{"forceTickAt0":true}}},"seriesDefaults":{"lineWidth":1,"showLabel":true,"markerOptions":{"size":5,"show":false}}});
jqplots.push(p);

var p = $.jqplot('liftaoa',[[[-9.500,-0.2977],[-9.250,-0.3054],[-9.000,-0.3205],[-8.750,-0.2966],[-8.500,-0.2976],[-8.250,-0.3071],[-8.000,-0.3238],[-7.750,-0.3405],[-7.500,-0.3542],[-7.250,-0.3405],[-7.000,-0.3439],[-6.750,-0.3501],[-6.500,-0.3561],[-6.250,-0.3541],[-6.000,-0.3527],[-5.750,-0.3473],[-5.500,-0.3476],[-5.250,-0.3372],[-5.000,-0.3361],[-4.500,-0.3098],[-4.250,-0.3048],[-4.000,-0.2856],[-3.750,-0.2765],[-3.500,-0.2640],[-3.250,-0.2554],[-2.250,-0.2362],[-2.000,-0.2290],[-1.750,-0.2008],[-1.500,-0.1689],[-1.250,0.1234],[-1.000,0.1838],[-0.750,0.2360],[-0.500,0.2805],[-0.250,0.3244],[0.000,0.3688],[0.250,0.4205],[0.500,0.4576],[0.750,0.4940],[1.000,0.5204],[1.250,0.5534],[1.500,0.5856],[1.750,0.6178],[2.000,0.6505],[2.250,0.6860],[2.500,0.7209],[2.750,0.7474],[3.000,0.7725],[3.250,0.7968],[3.500,0.8202],[3.750,0.8420],[4.000,0.8628],[4.250,0.8834],[4.500,0.9118],[4.750,0.9464],[5.000,0.9535],[5.250,0.9579],[5.500,0.9668],[5.750,1.0155],[6.000,1.0060],[6.250,0.9977],[6.500,1.0076],[6.750,1.0490],[7.000,1.0271],[7.250,1.0210],[7.500,1.0489],[7.750,1.0547],[8.000,1.0378],[8.250,1.0454],[8.500,1.3415],[8.750,1.1449],[9.000,1.1698],[9.250,1.4322],[9.500,1.4321],[9.750,1.4223],[10.000,1.4039],[10.250,1.3826],[10.500,1.3601],[10.750,1.3384],[11.000,1.3211],[11.250,1.3115],[11.500,1.3124],[11.750,1.3382],[12.000,1.3872],[12.250,1.3872],[12.500,1.3880],[12.750,1.3896],[13.000,1.3866],[13.250,1.3747],[13.500,1.3531],[13.750,1.3248],[14.000,1.2928],[14.250,1.2584],[14.500,1.2258],[14.750,1.2005],[15.000,1.1827],],[[-8.500,-0.3200],[-8.250,-0.3398],[-8.000,-0.3547],[-7.750,-0.3635],[-7.500,-0.3625],[-7.250,-0.3595],[-7.000,-0.3618],[-6.750,-0.3648],[-6.500,-0.3671],[-6.250,-0.3676],[-6.000,-0.3068],[-5.750,-0.2941],[-5.500,-0.2628],[-5.250,-0.1964],[-5.000,-0.1795],[-4.750,-0.1418],[-4.500,-0.0978],[-4.250,-0.0598],[-4.000,-0.0160],[-3.750,0.0333],[-3.250,0.1055],[-3.000,0.1566],[-2.750,0.1845],[-2.500,0.2281],[-1.750,0.3750],[-1.500,0.4155],[-1.250,0.4480],[-1.000,0.4865],[-0.750,0.5140],[-0.500,0.5449],[-0.250,0.5744],[0.000,0.5996],[0.250,0.6313],[0.500,0.6550],[0.750,0.6815],[1.000,0.7117],[1.250,0.7366],[1.500,0.7627],[1.750,0.7911],[2.000,0.8179],[2.250,0.8436],[2.500,0.8700],[2.750,0.8973],[3.000,0.9257],[3.250,0.9519],[3.500,0.9779],[3.750,1.0039],[4.000,1.0299],[4.250,1.0557],[4.500,1.0813],[4.750,1.1066],[5.000,1.1318],[5.250,1.1566],[5.500,1.1811],[5.750,1.2053],[6.000,1.2294],[6.250,1.2534],[6.500,1.2767],[6.750,1.2987],[7.000,1.3200],[7.250,1.3390],[7.500,1.3580],[7.750,1.3761],[8.000,1.3921],[8.250,1.4065],[8.500,1.4169],[8.750,1.4236],[9.000,1.4243],[9.250,1.4087],[9.500,1.3906],[9.750,1.3760],[10.000,1.3661],[10.250,1.3583],[10.500,1.3553],[10.750,1.3524],[11.000,1.3480],[11.250,1.3467],[11.500,1.3519],[11.750,1.3599],[12.000,1.3681],[12.250,1.3783],[12.500,1.3963],[12.750,1.4125],[13.000,1.4244],[13.250,1.4289],[13.500,1.4264],[13.750,1.4188],[14.000,1.4075],[14.250,1.3936],[14.500,1.3774],[14.750,1.3599],[15.000,1.3415],[15.250,1.3229],[15.500,1.3047],[15.750,1.2882],[16.000,1.2644],],[[-9.000,-0.2939],[-8.750,-0.3144],[-8.500,-0.3377],[-8.250,-0.3446],[-7.750,-0.3085],[-7.500,-0.2876],[-7.250,-0.2612],[-7.000,-0.2262],[-6.750,-0.1866],[-6.500,-0.1738],[-6.250,-0.1465],[-5.750,-0.0661],[-5.500,-0.0388],[-5.250,0.0242],[-5.000,0.0402],[-4.750,0.0667],[-4.500,0.1140],[-4.250,0.1358],[-4.000,0.1601],[-3.750,0.1884],[-3.500,0.2209],[-3.250,0.2460],[-3.000,0.2721],[-2.750,0.3114],[-2.500,0.3386],[-2.250,0.3659],[-2.000,0.3933],[-1.750,0.4205],[-1.500,0.4475],[-1.250,0.4748],[-1.000,0.5021],[-0.750,0.5291],[-0.500,0.5564],[-0.250,0.5840],[0.000,0.6112],[0.250,0.6383],[0.500,0.6656],[0.750,0.6930],[1.000,0.7201],[1.250,0.7430],[1.500,0.7706],[1.750,0.7978],[2.000,0.8247],[2.250,0.8516],[2.500,0.8786],[2.750,0.9055],[3.000,0.9319],[3.250,0.9582],[3.500,0.9845],[3.750,1.0105],[4.000,1.0361],[4.250,1.0615],[4.500,1.0867],[4.750,1.1116],[5.000,1.1362],[5.250,1.1608],[5.500,1.1847],[5.750,1.2080],[6.000,1.2306],[6.250,1.2525],[6.500,1.2750],[6.750,1.2966],[7.000,1.3167],[7.250,1.3363],[7.500,1.3558],[7.750,1.3736],[8.000,1.3852],[8.250,1.3834],[8.500,1.3825],[8.750,1.3842],[9.000,1.3882],[9.250,1.3926],[9.500,1.3980],[9.750,1.4025],[10.000,1.4049],[10.250,1.4039],[10.500,1.4002],[10.750,1.3950],[11.000,1.3942],[11.250,1.3944],[11.500,1.3949],[11.750,1.3963],[12.000,1.3990],[12.250,1.4034],[12.500,1.4091],[12.750,1.4150],[13.000,1.4205],[13.250,1.4253],[13.500,1.4308],[13.750,1.4346],[14.000,1.4342],[14.250,1.4301],[14.500,1.4221],[14.750,1.4106],[15.000,1.3963],[15.250,1.3803],[15.500,1.3633],[15.750,1.3453],[16.000,1.3268],[16.250,1.3081],[16.500,1.2891],[16.750,1.2700],[17.000,1.2589],[17.250,1.2462],[17.500,1.1969],[17.750,0.9012],],[[-9.500,-0.2876],[-9.250,-0.2843],[-9.000,-0.2803],[-8.750,-0.2632],[-8.500,-0.2462],[-8.250,-0.2266],[-8.000,-0.2083],[-7.750,-0.2007],[-7.500,-0.1877],[-7.250,-0.1735],[-7.000,-0.1571],[-6.750,-0.1385],[-6.500,-0.0994],[-6.250,-0.0730],[-6.000,-0.0589],[-5.750,-0.0389],[-5.500,-0.0157],[-5.250,0.0116],[-5.000,0.0501],[-4.750,0.0729],[-4.500,0.0975],[-4.250,0.1256],[-4.000,0.1561],[-3.750,0.1818],[-3.500,0.2129],[-3.250,0.2386],[-3.000,0.2719],[-2.750,0.3007],[-2.500,0.3289],[-2.250,0.3570],[-2.000,0.3850],[-1.750,0.4128],[-1.500,0.4407],[-1.250,0.4686],[-1.000,0.4965],[-0.500,0.5523],[-0.250,0.5804],[0.000,0.6083],[0.250,0.6360],[0.500,0.6640],[0.750,0.6917],[1.000,0.7194],[1.250,0.7473],[1.750,0.8028],[2.000,0.8304],[2.250,0.8523],[2.500,0.8798],[2.750,0.9070],[3.000,0.9341],[3.250,0.9610],[3.500,0.9878],[3.750,1.0144],[4.000,1.0407],[4.250,1.0665],[4.500,1.0918],[4.750,1.1163],[5.000,1.1411],[5.250,1.1657],[5.500,1.1902],[5.750,1.2146],[6.000,1.2387],[6.250,1.2621],[6.500,1.2848],[6.750,1.3000],[7.000,1.3077],[7.250,1.3244],[7.500,1.3361],[7.750,1.3539],[8.000,1.3718],[8.250,1.3881],[8.500,1.4017],[8.750,1.4104],[9.000,1.4159],[9.250,1.4173],[9.500,1.4196],[9.750,1.4266],[10.000,1.4328],[10.250,1.4378],[10.500,1.4421],[10.750,1.4453],[11.000,1.4473],[11.250,1.4487],[11.500,1.4497],[11.750,1.4504],[12.000,1.4507],[12.250,1.4515],[12.500,1.4527],[12.750,1.4560],[13.000,1.4642],[13.250,1.4783],[13.500,1.4891],[13.750,1.4833],[14.000,1.4766],[14.250,1.4705],[14.500,1.4636],[14.750,1.4568],[15.000,1.4492],[15.250,1.4407],[15.500,1.4311],[15.750,1.4205],[16.000,1.4090],[16.250,1.3964],[16.500,1.3827],[16.750,1.3682],[17.000,1.3809],[17.250,1.1174],[17.500,1.0995],],[[-8.750,-0.2597],[-8.500,-0.2522],[-8.250,-0.2446],[-8.000,-0.2370],[-7.750,-0.2204],[-7.500,-0.2031],[-7.250,-0.1844],[-6.250,-0.0714],[-6.000,-0.0482],[-5.750,-0.0282],[-5.500,-0.0059],[-5.250,0.0172],[-5.000,0.0423],[-4.750,0.0751],[-3.750,0.1857],[-3.500,0.2141],[-3.250,0.2422],[-3.000,0.2704],[-2.750,0.2986],[-2.500,0.3267],[-2.250,0.3547],[-2.000,0.3826],[-1.750,0.4107],[-1.500,0.4389],[-1.250,0.4671],[-1.000,0.4954],[-0.750,0.5239],[-0.500,0.5522],[-0.250,0.5806],[0.000,0.6090],[0.250,0.6375],[0.500,0.6658],[0.750,0.6942],[1.000,0.7223],[1.250,0.7506],[1.500,0.7787],[1.750,0.8066],[2.000,0.8346],[2.250,0.8624],[2.750,0.9119],[3.000,0.9390],[3.250,0.9659],[3.500,0.9928],[3.750,1.0189],[4.000,1.0448],[4.250,1.0708],[4.500,1.0970],[4.750,1.1230],[5.000,1.1486],[5.250,1.1742],[5.500,1.1996],[5.750,1.2235],[6.000,1.2407],[6.250,1.2546],[6.500,1.2754],[6.750,1.2923],[7.000,1.3144],[7.250,1.3366],[7.500,1.3584],[7.750,1.3792],[8.000,1.3985],[8.250,1.4144],[8.500,1.4286],[8.750,1.4459],[9.000,1.4611],[9.250,1.4731],[9.500,1.4843],[9.750,1.4941],[10.000,1.5029],[10.250,1.5090],[10.500,1.5099],[10.750,1.5018],[11.000,1.4992],[11.250,1.5081],[11.500,1.5139],[11.750,1.5185],[12.000,1.5217],[12.250,1.5233],[12.500,1.5247],[12.750,1.5252],[13.000,1.5256],[13.250,1.5259],[13.500,1.5264],[13.750,1.5269],[14.000,1.5269],[14.250,1.5263],[14.500,1.5251],[14.750,1.5224],[15.000,1.5184],[15.250,1.5130],[15.500,1.5060],[15.750,1.4953],],],
{"title":"Cl v Alpha","sortData":false,"legend":{"show":false,"placement":"insideGrid","location":"ne"},"series":[{"showLabel":true,"index":0,"showLine":true,"trendline":{"type":"none","show":false},"color":"#4bb2c5"},{"showLabel":true,"index":0,"showLine":true,"trendline":{"type":"none","show":false},"color":"#EAA228"},{"showLabel":true,"index":0,"showLine":true,"trendline":{"type":"none","show":false},"color":"#839557"},{"showLabel":true,"index":0,"showLine":true,"trendline":{"type":"none","show":false},"color":"#953579"},{"showLabel":true,"index":0,"showLine":true,"trendline":{"type":"none","show":false},"color":"#d8b83f"}],"show":"$.jqplot.config.enablePlugins","axes":{"xaxis":{"max":20,"min":-10,"tickInterval":5,"tickOptions":{"formatString":"%.1f"},"forceTickAt0":true,"rendererOptions":{"forceTickAt0":true}},"yaxis":{"max":1.6,"min":-0.4,"tickInterval":0.2,"tickOptions":{"formatString":"%.2f"},"forceTickAt0":true,"rendererOptions":{"forceTickAt0":true}}},"seriesDefaults":{"lineWidth":1,"showLabel":true,"markerOptions":{"size":5,"show":false}}});
jqplots.push(p);

var p = $.jqplot('momentaoa',[[[-9.500,-0.0312],[-9.250,-0.0324],[-9.000,-0.0326],[-8.750,-0.0310],[-8.500,-0.0298],[-8.250,-0.0283],[-8.000,-0.0263],[-7.750,-0.0262],[-7.500,-0.0279],[-7.250,-0.0216],[-7.000,-0.0201],[-6.750,-0.0203],[-6.500,-0.0266],[-6.250,-0.0206],[-6.000,-0.0190],[-5.750,-0.0257],[-5.500,-0.0202],[-5.250,-0.0256],[-5.000,-0.0215],[-4.500,-0.0280],[-4.250,-0.0254],[-4.000,-0.0297],[-3.750,-0.0286],[-3.500,-0.0288],[-3.250,-0.0272],[-2.250,-0.0132],[-2.000,-0.0092],[-1.750,-0.0088],[-1.500,-0.0093],[-1.250,-0.0814],[-1.000,-0.0876],[-0.750,-0.0925],[-0.500,-0.0956],[-0.250,-0.0986],[0.000,-0.1017],[0.250,-0.1055],[0.500,-0.1070],[0.750,-0.1092],[1.000,-0.1082],[1.250,-0.1091],[1.500,-0.1100],[1.750,-0.1109],[2.000,-0.1118],[2.250,-0.1130],[2.500,-0.1140],[2.750,-0.1139],[3.000,-0.1136],[3.250,-0.1132],[3.500,-0.1127],[3.750,-0.1121],[4.000,-0.1114],[4.250,-0.1108],[4.500,-0.1107],[4.750,-0.1108],[5.000,-0.1094],[5.250,-0.1079],[5.500,-0.1067],[5.750,-0.1073],[6.000,-0.1054],[6.250,-0.1039],[6.500,-0.1029],[6.750,-0.1026],[7.000,-0.1011],[7.250,-0.1001],[7.500,-0.0994],[7.750,-0.0985],[8.000,-0.0976],[8.250,-0.0965],[8.500,-0.0923],[8.750,-0.0901],[9.000,-0.0874],[9.250,-0.0829],[9.500,-0.0779],[9.750,-0.0724],[10.000,-0.0668],[10.250,-0.0622],[10.500,-0.0587],[10.750,-0.0559],[11.000,-0.0537],[11.250,-0.0517],[11.500,-0.0497],[11.750,-0.0469],[12.000,-0.0450],[12.250,-0.0436],[12.500,-0.0424],[12.750,-0.0415],[13.000,-0.0407],[13.250,-0.0404],[13.500,-0.0409],[13.750,-0.0427],[14.000,-0.0459],[14.250,-0.0507],[14.500,-0.0565],[14.750,-0.0623],[15.000,-0.0674],],[[-8.500,-0.0300],[-8.250,-0.0276],[-8.000,-0.0279],[-7.750,-0.0300],[-7.500,-0.0250],[-7.250,-0.0200],[-7.000,-0.0179],[-6.750,-0.0168],[-6.500,-0.0165],[-6.250,-0.0171],[-6.000,-0.0399],[-5.750,-0.0368],[-5.500,-0.0419],[-5.250,-0.0606],[-5.000,-0.0602],[-4.750,-0.0655],[-4.500,-0.0740],[-4.250,-0.0785],[-4.000,-0.0854],[-3.750,-0.0922],[-3.250,-0.0988],[-3.000,-0.1050],[-2.750,-0.1061],[-2.500,-0.1100],[-1.750,-0.1188],[-1.500,-0.1204],[-1.250,-0.1205],[-1.000,-0.1217],[-0.750,-0.1211],[-0.500,-0.1209],[-0.250,-0.1206],[0.000,-0.1198],[0.250,-0.1198],[0.500,-0.1193],[0.750,-0.1179],[1.000,-0.1174],[1.250,-0.1166],[1.500,-0.1159],[1.750,-0.1153],[2.000,-0.1147],[2.250,-0.1140],[2.500,-0.1134],[2.750,-0.1128],[3.000,-0.1124],[3.250,-0.1117],[3.500,-0.1112],[3.750,-0.1106],[4.000,-0.1100],[4.250,-0.1095],[4.500,-0.1090],[4.750,-0.1084],[5.000,-0.1078],[5.250,-0.1072],[5.500,-0.1064],[5.750,-0.1056],[6.000,-0.1049],[6.250,-0.1041],[6.500,-0.1032],[6.750,-0.1020],[7.000,-0.1006],[7.250,-0.0990],[7.500,-0.0975],[7.750,-0.0958],[8.000,-0.0939],[8.250,-0.0918],[8.500,-0.0891],[8.750,-0.0860],[9.000,-0.0822],[9.250,-0.0766],[9.500,-0.0716],[9.750,-0.0675],[10.000,-0.0644],[10.250,-0.0620],[10.500,-0.0600],[10.750,-0.0583],[11.000,-0.0567],[11.250,-0.0550],[11.500,-0.0533],[11.750,-0.0516],[12.000,-0.0502],[12.250,-0.0487],[12.500,-0.0469],[12.750,-0.0454],[13.000,-0.0440],[13.250,-0.0429],[13.500,-0.0419],[13.750,-0.0414],[14.000,-0.0412],[14.250,-0.0415],[14.500,-0.0424],[14.750,-0.0438],[15.000,-0.0459],[15.250,-0.0486],[15.500,-0.0518],[15.750,-0.0552],[16.000,-0.0614],],[[-9.000,-0.0344],[-8.750,-0.0305],[-8.500,-0.0257],[-8.250,-0.0281],[-7.750,-0.0341],[-7.500,-0.0367],[-7.250,-0.0428],[-7.000,-0.0565],[-6.750,-0.0704],[-6.500,-0.0685],[-6.250,-0.0721],[-5.750,-0.0906],[-5.500,-0.0930],[-5.250,-0.1065],[-5.000,-0.1061],[-4.750,-0.1074],[-4.500,-0.1135],[-4.250,-0.1141],[-4.000,-0.1145],[-3.750,-0.1153],[-3.500,-0.1167],[-3.250,-0.1168],[-3.000,-0.1167],[-2.750,-0.1172],[-2.500,-0.1167],[-2.250,-0.1161],[-2.000,-0.1154],[-1.750,-0.1148],[-1.500,-0.1142],[-1.250,-0.1137],[-1.000,-0.1132],[-0.750,-0.1129],[-0.500,-0.1126],[-0.250,-0.1122],[0.000,-0.1120],[0.250,-0.1118],[0.500,-0.1117],[0.750,-0.1115],[1.000,-0.1114],[1.250,-0.1103],[1.500,-0.1100],[1.750,-0.1097],[2.000,-0.1095],[2.250,-0.1093],[2.500,-0.1090],[2.750,-0.1088],[3.000,-0.1086],[3.250,-0.1083],[3.500,-0.1081],[3.750,-0.1077],[4.000,-0.1074],[4.250,-0.1069],[4.500,-0.1065],[4.750,-0.1060],[5.000,-0.1055],[5.250,-0.1050],[5.500,-0.1043],[5.750,-0.1037],[6.000,-0.1029],[6.250,-0.1020],[6.500,-0.1012],[6.750,-0.1004],[7.000,-0.0993],[7.250,-0.0981],[7.500,-0.0970],[7.750,-0.0956],[8.000,-0.0933],[8.250,-0.0894],[8.500,-0.0856],[8.750,-0.0819],[9.000,-0.0788],[9.250,-0.0759],[9.500,-0.0735],[9.750,-0.0712],[10.000,-0.0689],[10.250,-0.0667],[10.500,-0.0646],[10.750,-0.0625],[11.000,-0.0609],[11.250,-0.0595],[11.500,-0.0581],[11.750,-0.0568],[12.000,-0.0554],[12.250,-0.0539],[12.500,-0.0525],[12.750,-0.0513],[13.000,-0.0502],[13.250,-0.0491],[13.500,-0.0479],[13.750,-0.0469],[14.000,-0.0461],[14.250,-0.0456],[14.500,-0.0455],[14.750,-0.0459],[15.000,-0.0470],[15.250,-0.0486],[15.500,-0.0509],[15.750,-0.0538],[16.000,-0.0573],[16.250,-0.0616],[16.500,-0.0664],[16.750,-0.0719],[17.000,-0.0750],[17.250,-0.0813],[17.500,-0.0980],[17.750,-0.0680],],[[-9.500,-0.0334],[-9.250,-0.0337],[-9.000,-0.0347],[-8.750,-0.0395],[-8.500,-0.0499],[-8.250,-0.0581],[-8.000,-0.0643],[-7.750,-0.0663],[-7.500,-0.0663],[-7.250,-0.0679],[-7.000,-0.0708],[-6.750,-0.0745],[-6.500,-0.0858],[-6.250,-0.0907],[-6.000,-0.0936],[-5.750,-0.0944],[-5.500,-0.0960],[-5.250,-0.0986],[-5.000,-0.1047],[-4.750,-0.1051],[-4.500,-0.1056],[-4.250,-0.1067],[-4.000,-0.1082],[-3.750,-0.1085],[-3.500,-0.1091],[-3.250,-0.1093],[-3.000,-0.1097],[-2.750,-0.1096],[-2.500,-0.1095],[-2.250,-0.1094],[-2.000,-0.1093],[-1.750,-0.1092],[-1.500,-0.1091],[-1.250,-0.1091],[-1.000,-0.1090],[-0.500,-0.1089],[-0.250,-0.1089],[0.000,-0.1089],[0.250,-0.1089],[0.500,-0.1089],[0.750,-0.1089],[1.000,-0.1089],[1.250,-0.1090],[1.750,-0.1092],[2.000,-0.1092],[2.250,-0.1083],[2.500,-0.1083],[2.750,-0.1083],[3.000,-0.1082],[3.250,-0.1081],[3.500,-0.1080],[3.750,-0.1079],[4.000,-0.1078],[4.250,-0.1075],[4.500,-0.1073],[4.750,-0.1069],[5.000,-0.1066],[5.250,-0.1062],[5.500,-0.1058],[5.750,-0.1055],[6.000,-0.1051],[6.250,-0.1046],[6.500,-0.1040],[6.750,-0.1024],[7.000,-0.0997],[7.250,-0.0982],[7.500,-0.0959],[7.750,-0.0945],[8.000,-0.0931],[8.250,-0.0914],[8.500,-0.0894],[8.750,-0.0865],[9.000,-0.0833],[9.250,-0.0799],[9.500,-0.0770],[9.750,-0.0748],[10.000,-0.0728],[10.250,-0.0709],[10.500,-0.0690],[10.750,-0.0673],[11.000,-0.0657],[11.250,-0.0641],[11.500,-0.0627],[11.750,-0.0614],[12.000,-0.0601],[12.250,-0.0588],[12.500,-0.0573],[12.750,-0.0556],[13.000,-0.0534],[13.250,-0.0512],[13.500,-0.0496],[13.750,-0.0490],[14.000,-0.0488],[14.250,-0.0487],[14.500,-0.0490],[14.750,-0.0495],[15.000,-0.0501],[15.250,-0.0511],[15.500,-0.0522],[15.750,-0.0536],[16.000,-0.0554],[16.250,-0.0574],[16.500,-0.0598],[16.750,-0.0625],[17.000,-0.0614],[17.250,-0.0421],[17.500,-0.0450],],[[-8.750,-0.0431],[-8.500,-0.0442],[-8.250,-0.0457],[-8.000,-0.0479],[-7.750,-0.0574],[-7.500,-0.0634],[-7.250,-0.0690],[-6.250,-0.0813],[-6.000,-0.0862],[-5.750,-0.0932],[-5.500,-0.0942],[-5.250,-0.0949],[-5.000,-0.0964],[-4.750,-0.0985],[-3.750,-0.1078],[-3.500,-0.1078],[-3.250,-0.1080],[-3.000,-0.1080],[-2.750,-0.1081],[-2.500,-0.1081],[-2.250,-0.1081],[-2.000,-0.1081],[-1.750,-0.1081],[-1.500,-0.1081],[-1.250,-0.1082],[-1.000,-0.1083],[-0.750,-0.1084],[-0.500,-0.1085],[-0.250,-0.1087],[0.000,-0.1088],[0.250,-0.1089],[0.500,-0.1090],[0.750,-0.1092],[1.000,-0.1093],[1.250,-0.1095],[1.500,-0.1096],[1.750,-0.1097],[2.000,-0.1098],[2.250,-0.1099],[2.750,-0.1093],[3.000,-0.1093],[3.250,-0.1093],[3.500,-0.1093],[3.750,-0.1092],[4.000,-0.1090],[4.250,-0.1089],[4.500,-0.1088],[4.750,-0.1087],[5.000,-0.1085],[5.250,-0.1084],[5.500,-0.1082],[5.750,-0.1078],[6.000,-0.1064],[6.250,-0.1046],[6.500,-0.1036],[6.750,-0.1021],[7.000,-0.1013],[7.250,-0.1006],[7.500,-0.0998],[7.750,-0.0989],[8.000,-0.0977],[8.250,-0.0960],[8.500,-0.0940],[8.750,-0.0925],[9.000,-0.0907],[9.250,-0.0884],[9.500,-0.0861],[9.750,-0.0837],[10.000,-0.0814],[10.250,-0.0790],[10.500,-0.0762],[10.750,-0.0728],[11.000,-0.0704],[11.250,-0.0691],[11.500,-0.0678],[11.750,-0.0664],[12.000,-0.0652],[12.250,-0.0640],[12.500,-0.0629],[12.750,-0.0619],[13.000,-0.0612],[13.250,-0.0606],[13.500,-0.0602],[13.750,-0.0600],[14.000,-0.0599],[14.250,-0.0600],[14.500,-0.0602],[14.750,-0.0605],[15.000,-0.0607],[15.250,-0.0609],[15.500,-0.0608],[15.750,-0.0599],],],
{"title":"Cm v Alpha","sortData":false,"legend":{"show":false,"placement":"insideGrid","location":"ne"},"series":[{"showLabel":true,"index":0,"showLine":true,"trendline":{"type":"none","show":false},"color":"#4bb2c5"},{"showLabel":true,"index":0,"showLine":true,"trendline":{"type":"none","show":false},"color":"#EAA228"},{"showLabel":true,"index":0,"showLine":true,"trendline":{"type":"none","show":false},"color":"#839557"},{"showLabel":true,"index":0,"showLine":true,"trendline":{"type":"none","show":false},"color":"#953579"},{"showLabel":true,"index":0,"showLine":true,"trendline":{"type":"none","show":false},"color":"#d8b83f"}],"show":"$.jqplot.config.enablePlugins","axes":{"xaxis":{"max":20,"min":-10,"tickInterval":5,"tickOptions":{"formatString":"%.1f"},"forceTickAt0":true,"rendererOptions":{"forceTickAt0":true}},"yaxis":{"max":0,"min":-0.14,"tickInterval":0.02,"tickOptions":{"formatString":"%.2f"},"forceTickAt0":true,"rendererOptions":{"forceTickAt0":true}}},"seriesDefaults":{"lineWidth":1,"showLabel":true,"markerOptions":{"size":5,"show":false}}});
jqplots.push(p);

var p = $.jqplot('dragaoa',[[[-9.500,0.11645],[-9.250,0.11613],[-9.000,0.11672],[-8.750,0.10908],[-8.500,0.10687],[-8.250,0.10580],[-8.000,0.10563],[-7.750,0.10586],[-7.500,0.10607],[-7.250,0.09930],[-7.000,0.09722],[-6.750,0.09584],[-6.500,0.09641],[-6.250,0.09127],[-6.000,0.08868],[-5.750,0.08776],[-5.500,0.08380],[-5.250,0.08213],[-5.000,0.07878],[-4.500,0.07416],[-4.250,0.07118],[-4.000,0.06902],[-3.750,0.06615],[-3.500,0.06391],[-3.250,0.06149],[-2.250,0.05195],[-2.000,0.04934],[-1.750,0.04656],[-1.500,0.04403],[-1.250,0.04376],[-1.000,0.04236],[-0.750,0.04118],[-0.500,0.04063],[-0.250,0.04006],[0.000,0.03940],[0.250,0.03870],[0.500,0.03805],[0.750,0.03727],[1.000,0.03648],[1.250,0.03723],[1.500,0.03795],[1.750,0.03864],[2.000,0.03926],[2.250,0.03974],[2.500,0.04016],[2.750,0.04085],[3.000,0.04160],[3.250,0.04239],[3.500,0.04325],[3.750,0.04423],[4.000,0.04530],[4.250,0.04644],[4.500,0.04709],[4.750,0.04721],[5.000,0.04942],[5.250,0.05195],[5.500,0.05421],[5.750,0.05315],[6.000,0.05703],[6.250,0.06091],[6.500,0.06323],[6.750,0.06262],[7.000,0.06793],[7.250,0.07186],[7.500,0.07256],[7.750,0.07536],[8.000,0.08041],[8.250,0.08286],[8.500,0.04846],[8.750,0.07532],[9.000,0.07438],[9.250,0.03976],[9.500,0.03940],[9.750,0.04003],[10.000,0.04174],[10.250,0.04440],[10.500,0.04791],[10.750,0.05221],[11.000,0.05672],[11.250,0.06064],[11.500,0.06382],[11.750,0.06544],[12.000,0.06727],[12.250,0.07088],[12.500,0.07469],[12.750,0.07864],[13.000,0.08304],[13.250,0.08799],[13.500,0.09368],[13.750,0.10038],[14.000,0.10819],[14.250,0.11731],[14.500,0.12753],[14.750,0.13768],[15.000,0.14722],],[[-8.500,0.10700],[-8.250,0.10727],[-8.000,0.10727],[-7.750,0.10684],[-7.500,0.10106],[-7.250,0.09689],[-7.000,0.09456],[-6.750,0.09252],[-6.500,0.09050],[-6.250,0.08845],[-6.000,0.08375],[-5.750,0.07853],[-5.500,0.07444],[-5.250,0.06983],[-5.000,0.06538],[-4.750,0.06163],[-4.500,0.05759],[-4.250,0.05404],[-4.000,0.05058],[-3.750,0.04759],[-3.250,0.04194],[-3.000,0.03901],[-2.750,0.03720],[-2.500,0.03498],[-1.750,0.02755],[-1.500,0.02589],[-1.250,0.02500],[-1.000,0.02357],[-0.750,0.02285],[-0.500,0.02190],[-0.250,0.02079],[0.000,0.02018],[0.250,0.01950],[0.500,0.01866],[0.750,0.01787],[1.000,0.01772],[1.250,0.01787],[1.500,0.01796],[1.750,0.01787],[2.000,0.01788],[2.250,0.01798],[2.500,0.01804],[2.750,0.01806],[3.000,0.01800],[3.250,0.01813],[3.500,0.01832],[3.750,0.01854],[4.000,0.01880],[4.250,0.01912],[4.500,0.01948],[4.750,0.01987],[5.000,0.02023],[5.250,0.02057],[5.500,0.02086],[5.750,0.02113],[6.000,0.02141],[6.250,0.02168],[6.500,0.02194],[6.750,0.02207],[7.000,0.02207],[7.250,0.02231],[7.500,0.02261],[7.750,0.02295],[8.000,0.02341],[8.250,0.02394],[8.500,0.02460],[8.750,0.02545],[9.000,0.02672],[9.250,0.02911],[9.500,0.03229],[9.750,0.03551],[10.000,0.03852],[10.250,0.04150],[10.500,0.04420],[10.750,0.04698],[11.000,0.04999],[11.250,0.05275],[11.500,0.05499],[11.750,0.05703],[12.000,0.05910],[12.250,0.06114],[12.500,0.06313],[12.750,0.06552],[13.000,0.06850],[13.250,0.07208],[13.500,0.07615],[13.750,0.08060],[14.000,0.08539],[14.250,0.09054],[14.500,0.09603],[14.750,0.10186],[15.000,0.10808],[15.250,0.11468],[15.500,0.12167],[15.750,0.12892],[16.000,0.13733],],[[-9.000,0.10362],[-8.750,0.10374],[-8.500,0.10400],[-8.250,0.10265],[-7.750,0.09174],[-7.500,0.08780],[-7.250,0.08373],[-7.000,0.07942],[-6.750,0.07285],[-6.500,0.06950],[-6.250,0.06602],[-5.750,0.05653],[-5.500,0.05355],[-5.250,0.04902],[-5.000,0.04548],[-4.750,0.04304],[-4.500,0.04060],[-4.250,0.03692],[-4.000,0.03474],[-3.750,0.03273],[-3.500,0.03053],[-3.250,0.02851],[-3.000,0.02695],[-2.750,0.02182],[-2.500,0.02009],[-2.250,0.01872],[-2.000,0.01731],[-1.750,0.01612],[-1.500,0.01524],[-1.250,0.01458],[-1.000,0.01392],[-0.750,0.01367],[-0.500,0.01337],[-0.250,0.01304],[0.000,0.01279],[0.250,0.01268],[0.500,0.01253],[0.750,0.01241],[1.000,0.01230],[1.250,0.01057],[1.500,0.01070],[1.750,0.01084],[2.000,0.01100],[2.250,0.01118],[2.500,0.01138],[2.750,0.01159],[3.000,0.01180],[3.250,0.01202],[3.500,0.01226],[3.750,0.01248],[4.000,0.01269],[4.250,0.01290],[4.500,0.01311],[4.750,0.01332],[5.000,0.01355],[5.250,0.01382],[5.500,0.01410],[5.750,0.01440],[6.000,0.01473],[6.250,0.01513],[6.500,0.01551],[6.750,0.01593],[7.000,0.01645],[7.250,0.01695],[7.500,0.01750],[7.750,0.01813],[8.000,0.01917],[8.250,0.02129],[8.500,0.02326],[8.750,0.02479],[9.000,0.02626],[9.250,0.02778],[9.500,0.02928],[9.750,0.03092],[10.000,0.03279],[10.250,0.03506],[10.500,0.03768],[10.750,0.04058],[11.000,0.04316],[11.250,0.04574],[11.500,0.04833],[11.750,0.05088],[12.000,0.05335],[12.250,0.05568],[12.500,0.05794],[12.750,0.06024],[13.000,0.06261],[13.250,0.06513],[13.500,0.06777],[13.750,0.07073],[14.000,0.07424],[14.250,0.07826],[14.500,0.08286],[14.750,0.08800],[15.000,0.09364],[15.250,0.09973],[15.500,0.10624],[15.750,0.11315],[16.000,0.12049],[16.250,0.12829],[16.500,0.13659],[16.750,0.14540],[17.000,0.15254],[17.250,0.16088],[17.500,0.18337],[17.750,0.16754],],[[-9.500,0.10232],[-9.250,0.09986],[-9.000,0.09730],[-8.750,0.09329],[-8.500,0.08886],[-8.250,0.08417],[-8.000,0.07967],[-7.750,0.07453],[-7.500,0.07198],[-7.250,0.06934],[-7.000,0.06642],[-6.750,0.06318],[-6.500,0.05816],[-6.250,0.05380],[-6.000,0.04826],[-5.750,0.04626],[-5.500,0.04402],[-5.250,0.04121],[-5.000,0.03428],[-4.750,0.03278],[-4.500,0.03135],[-4.250,0.02928],[-4.000,0.02584],[-3.750,0.02487],[-3.500,0.02246],[-3.250,0.02133],[-3.000,0.01481],[-2.750,0.01223],[-2.500,0.01139],[-2.250,0.01080],[-2.000,0.01034],[-1.750,0.01001],[-1.500,0.00972],[-1.250,0.00947],[-1.000,0.00929],[-0.500,0.00911],[-0.250,0.00906],[0.000,0.00903],[0.250,0.00912],[0.500,0.00920],[0.750,0.00930],[1.000,0.00935],[1.250,0.00940],[1.750,0.00947],[2.000,0.00950],[2.250,0.00788],[2.500,0.00801],[2.750,0.00814],[3.000,0.00829],[3.250,0.00844],[3.500,0.00860],[3.750,0.00877],[4.000,0.00897],[4.250,0.00922],[4.500,0.00951],[4.750,0.00987],[5.000,0.01021],[5.250,0.01057],[5.500,0.01092],[5.750,0.01127],[6.000,0.01165],[6.250,0.01207],[6.500,0.01256],[6.750,0.01373],[7.000,0.01558],[7.250,0.01653],[7.500,0.01786],[7.750,0.01860],[8.000,0.01928],[8.250,0.02002],[8.500,0.02087],[8.750,0.02185],[9.000,0.02308],[9.250,0.02466],[9.500,0.02629],[9.750,0.02766],[10.000,0.02917],[10.250,0.03085],[10.500,0.03266],[10.750,0.03463],[11.000,0.03679],[11.250,0.03908],[11.500,0.04147],[11.750,0.04395],[12.000,0.04651],[12.250,0.04907],[12.500,0.05159],[12.750,0.05393],[13.000,0.05596],[13.250,0.05800],[13.500,0.06052],[13.750,0.06369],[14.000,0.06704],[14.250,0.07058],[14.500,0.07438],[14.750,0.07841],[15.000,0.08272],[15.250,0.08732],[15.500,0.09219],[15.750,0.09741],[16.000,0.10293],[16.250,0.10881],[16.500,0.11502],[16.750,0.12159],[17.000,0.12287],[17.250,0.11864],[17.500,0.12396],],[[-8.750,0.08848],[-8.500,0.08603],[-8.250,0.08336],[-8.000,0.08052],[-7.750,0.07510],[-7.500,0.07048],[-7.250,0.06569],[-6.250,0.03532],[-6.000,0.03028],[-5.750,0.02130],[-5.500,0.01969],[-5.250,0.01840],[-5.000,0.01654],[-4.750,0.01384],[-3.750,0.01268],[-3.500,0.01196],[-3.250,0.01085],[-3.000,0.01009],[-2.750,0.00958],[-2.500,0.00920],[-2.250,0.00891],[-2.000,0.00869],[-1.750,0.00850],[-1.500,0.00834],[-1.250,0.00822],[-1.000,0.00812],[-0.750,0.00802],[-0.500,0.00796],[-0.250,0.00792],[0.000,0.00790],[0.250,0.00789],[0.500,0.00789],[0.750,0.00782],[1.000,0.00788],[1.250,0.00791],[1.500,0.00796],[1.750,0.00803],[2.000,0.00806],[2.250,0.00813],[2.750,0.00668],[3.000,0.00686],[3.250,0.00707],[3.500,0.00729],[3.750,0.00758],[4.000,0.00789],[4.250,0.00817],[4.500,0.00843],[4.750,0.00870],[5.000,0.00901],[5.250,0.00930],[5.500,0.00961],[5.750,0.01006],[6.000,0.01119],[6.250,0.01264],[6.500,0.01334],[6.750,0.01440],[7.000,0.01490],[7.250,0.01537],[7.500,0.01584],[7.750,0.01637],[8.000,0.01699],[8.250,0.01786],[8.500,0.01877],[8.750,0.01936],[9.000,0.01998],[9.250,0.02069],[9.500,0.02148],[9.750,0.02242],[10.000,0.02347],[10.250,0.02478],[10.500,0.02655],[10.750,0.02918],[11.000,0.03153],[11.250,0.03296],[11.500,0.03472],[11.750,0.03666],[12.000,0.03878],[12.250,0.04112],[12.500,0.04356],[12.750,0.04614],[13.000,0.04882],[13.250,0.05159],[13.500,0.05442],[13.750,0.05735],[14.000,0.06043],[14.250,0.06365],[14.500,0.06700],[14.750,0.07057],[15.000,0.07433],[15.250,0.07827],[15.500,0.08231],[15.750,0.08651],],],
{"title":"Cd v Alpha","sortData":false,"legend":{"show":false,"placement":"insideGrid","location":"ne"},"series":[{"showLabel":true,"index":0,"showLine":true,"trendline":{"type":"none","show":false},"color":"#4bb2c5"},{"showLabel":true,"index":0,"showLine":true,"trendline":{"type":"none","show":false},"color":"#EAA228"},{"showLabel":true,"index":0,"showLine":true,"trendline":{"type":"none","show":false},"color":"#839557"},{"showLabel":true,"index":0,"showLine":true,"trendline":{"type":"none","show":false},"color":"#953579"},{"showLabel":true,"index":0,"showLine":true,"trendline":{"type":"none","show":false},"color":"#d8b83f"}],"show":"$.jqplot.config.enablePlugins","axes":{"xaxis":{"max":20,"min":-10,"tickInterval":5,"tickOptions":{"formatString":"%.1f"},"forceTickAt0":true,"rendererOptions":{"forceTickAt0":true}},"yaxis":{"max":0.2,"min":0,"tickInterval":0.02,"tickOptions":{"formatString":"%.2f"},"forceTickAt0":true,"rendererOptions":{"forceTickAt0":true}}},"seriesDefaults":{"lineWidth":1,"showLabel":true,"markerOptions":{"size":5,"show":false}}});
jqplots.push(p);

var p = $.jqplot('effaoa',[[[-9.500,-2.5564620008587],[-9.250,-2.6298114182382],[-9.000,-2.7458875942426],[-8.750,-2.7191052438577],[-8.500,-2.7846916814822],[-8.250,-2.9026465028355],[-8.000,-3.0654170216794],[-7.750,-3.2165123748347],[-7.500,-3.3393042330536],[-7.250,-3.429003021148],[-7.000,-3.5373379962971],[-6.750,-3.6529632721202],[-6.500,-3.6936002489368],[-6.250,-3.8796976005259],[-6.000,-3.9772214704556],[-5.750,-3.9573837739289],[-5.500,-4.1479713603819],[-5.250,-4.1056861073907],[-5.000,-4.2663112465093],[-4.500,-4.1774541531823],[-4.250,-4.2821017139646],[-4.000,-4.1379310344828],[-3.750,-4.1798941798942],[-3.500,-4.1308089500861],[-3.250,-4.1535208977069],[-2.250,-4.5466794995188],[-2.000,-4.6412646939603],[-1.750,-4.3127147766323],[-1.500,-3.8360208948444],[-1.250,2.8199268738574],[-1.000,4.3389990557129],[-0.750,5.7309373482273],[-0.500,6.9037656903766],[-0.250,8.0978532201697],[0.000,9.3604060913706],[0.250,10.865633074935],[0.500,12.026281208936],[0.750,13.254628387443],[1.000,14.265350877193],[1.250,14.864356701585],[1.500,15.430830039526],[1.750,15.988612836439],[2.000,16.569026999491],[2.250,17.262204328133],[2.500,17.950697211155],[2.750,18.296205630355],[3.000,18.569711538462],[3.250,18.796886058033],[3.500,18.964161849711],[3.750,19.036852814832],[4.000,19.046357615894],[4.250,19.022394487511],[4.500,19.362922064133],[4.750,20.046600296547],[5.000,19.293808174828],[5.250,18.438883541867],[5.500,17.83434790629],[5.750,19.106302916275],[6.000,17.639838681396],[6.250,16.379904777541],[6.500,15.935473667563],[6.750,16.75183647397],[7.000,15.119976446342],[7.250,14.208182577234],[7.500,14.455622932745],[7.750,13.995488322718],[8.000,12.906354930979],[8.250,12.616461501328],[8.500,27.682624845233],[8.750,15.200477960701],[9.000,15.727346060769],[9.250,36.021126760563],[9.500,36.347715736041],[9.750,35.530851861104],[10.000,33.634403449928],[10.250,31.13963963964],[10.500,28.388645376748],[10.750,25.634935836047],[11.000,23.291607898449],[11.250,21.627638522427],[11.500,20.564086493262],[11.750,20.449266503667],[12.000,20.621376542292],[12.250,19.571106094808],[12.500,18.583478377293],[12.750,17.670396744659],[13.000,16.697976878613],[13.250,15.623366291624],[13.500,14.443851409052],[13.750,13.197848176928],[14.000,11.949348368611],[14.250,10.727133236723],[14.500,9.6118560338744],[14.750,8.7194944799535],[15.000,8.0335552234751],],[[-8.500,-2.9906542056075],[-8.250,-3.1677076535844],[-8.000,-3.3066094900718],[-7.750,-3.4022837888431],[-7.500,-3.5869780328518],[-7.250,-3.7103932294354],[-7.000,-3.8261421319797],[-6.750,-3.9429312581064],[-6.500,-4.0563535911602],[-6.250,-4.1560203504805],[-6.000,-3.6632835820896],[-5.750,-3.7450655800331],[-5.500,-3.5303600214938],[-5.250,-2.8125447515395],[-5.000,-2.7454879167941],[-4.750,-2.3008275190654],[-4.500,-1.6982114950512],[-4.250,-1.1065877128053],[-4.000,-0.31633056544089],[-3.750,0.69972683336835],[-3.250,2.515498330949],[-3.000,4.0143552935145],[-2.750,4.9596774193548],[-2.500,6.5208690680389],[-1.750,13.611615245009],[-1.500,16.048667439166],[-1.250,17.92],[-1.000,20.640644887569],[-0.750,22.494529540481],[-0.500,24.881278538813],[-0.250,27.628667628668],[0.000,29.712586719524],[0.250,32.374358974359],[0.500,35.101822079314],[0.750,38.136541689983],[1.000,40.163656884876],[1.250,41.219921656407],[1.500,42.466592427617],[1.750,44.269725797426],[2.000,45.74384787472],[2.250,46.918798665184],[2.500,48.226164079823],[2.750,49.68438538206],[3.000,51.427777777778],[3.250,52.504136789851],[3.500,53.378820960699],[3.750,54.147788565264],[4.000,54.781914893617],[4.250,55.214435146444],[4.500,55.508213552361],[4.750,55.691997986915],[5.000,55.946613939694],[5.250,56.227515799708],[5.500,56.620325982742],[5.750,57.042120208235],[6.000,57.421765530126],[6.250,57.813653136531],[6.500,58.190519598906],[6.750,58.844585410059],[7.000,59.80969642048],[7.250,60.01792917974],[7.500,60.061919504644],[7.750,59.960784313725],[8.000,59.46604015378],[8.250,58.75104427736],[8.500,57.59756097561],[8.750,55.937131630648],[9.000,53.304640718563],[9.250,48.392305049811],[9.500,43.065964694952],[9.750,38.749647986483],[10.000,35.464693665628],[10.250,32.730120481928],[10.500,30.662895927602],[10.750,28.786717752235],[11.000,26.965393078616],[11.250,25.529857819905],[11.500,24.584469903619],[11.750,23.845344555497],[12.000,23.148900169205],[12.250,22.543343146876],[12.500,22.117852051323],[12.750,21.558302808303],[13.000,20.794160583942],[13.250,19.823806881243],[13.500,18.731451083388],[13.750,17.602977667494],[14.000,16.483194753484],[14.250,15.392091893086],[14.500,14.343434343434],[14.750,13.350677400353],[15.000,12.412102146558],[15.250,11.535577258458],[15.500,10.723267855675],[15.750,9.9922432516289],[16.000,9.2070195878541],],[[-9.000,-2.8363250337773],[-8.750,-3.0306535569693],[-8.500,-3.2471153846154],[-8.250,-3.3570384802728],[-7.750,-3.3627643339874],[-7.500,-3.2756264236902],[-7.250,-3.1195509375373],[-7.000,-2.8481490808361],[-6.750,-2.5614275909403],[-6.500,-2.5007194244604],[-6.250,-2.2190245380188],[-5.750,-1.1692906421369],[-5.500,-0.72455648926237],[-5.250,0.4936760505916],[-5.000,0.88390501319261],[-4.750,1.5497211895911],[-4.500,2.807881773399],[-4.250,3.6782231852654],[-4.000,4.608520437536],[-3.750,5.756186984418],[-3.500,7.2355060596135],[-3.250,8.6285513854788],[-3.000,10.096474953618],[-2.750,14.271310724106],[-2.500,16.854156296665],[-2.250,19.54594017094],[-2.000,22.720970537262],[-1.750,26.085607940447],[-1.500,29.363517060367],[-1.250,32.565157750343],[-1.000,36.070402298851],[-0.750,38.705193855157],[-0.500,41.615557217651],[-0.250,44.78527607362],[0.000,47.787333854574],[0.250,50.339116719243],[0.500,53.120510774142],[0.750,55.842062852538],[1.000,58.544715447154],[1.250,70.293282876064],[1.500,72.018691588785],[1.750,73.59778597786],[2.000,74.972727272727],[2.250,76.171735241503],[2.500,77.205623901582],[2.750,78.127696289905],[3.000,78.974576271186],[3.250,79.717138103161],[3.500,80.301794453507],[3.750,80.969551282051],[4.000,81.646966115051],[4.250,82.286821705426],[4.500,82.890922959573],[4.750,83.453453453453],[5.000,83.852398523985],[5.250,83.994211287988],[5.500,84.021276595745],[5.750,83.888888888889],[6.000,83.543788187373],[6.250,82.782551222736],[6.500,82.20502901354],[6.750,81.393596986817],[7.000,80.042553191489],[7.250,78.837758112094],[7.500,77.474285714286],[7.750,75.763927192499],[8.000,72.25873761085],[8.250,64.978863316111],[8.500,59.436801375752],[8.750,55.837031060912],[9.000,52.863670982483],[9.250,50.129589632829],[9.500,47.745901639344],[9.750,45.358990944373],[10.000,42.84537968893],[10.250,40.042783799201],[10.500,37.160297239915],[10.750,34.37654016757],[11.000,32.303058387396],[11.250,30.485351989506],[11.500,28.861990482102],[11.750,27.443003144654],[12.000,26.22305529522],[12.250,25.20474137931],[12.500,24.319986192613],[12.750,23.489375830013],[13.000,22.688068998563],[13.250,21.883924458775],[13.500,21.112586690276],[13.750,20.282765446062],[14.000,19.318426724138],[14.250,18.273703041145],[14.500,17.162684045378],[14.750,16.029545454545],[15.000,14.911362665528],[15.250,13.84036899629],[15.500,12.832266566265],[15.750,11.889527176315],[16.000,11.011702215952],[16.250,10.196429963364],[16.500,9.4377333626181],[16.750,8.7345254470426],[17.000,8.2529172676019],[17.250,7.7461461959224],[17.500,6.5272400065441],[17.750,5.3790139668139],],[[-9.500,-2.8107896794371],[-9.250,-2.8469857800921],[-9.000,-2.8807810894142],[-8.750,-2.8213098938793],[-8.500,-2.7706504614],[-8.250,-2.6921706071047],[-8.000,-2.6145349566964],[-7.750,-2.6928753522072],[-7.500,-2.607668796888],[-7.250,-2.5021632535333],[-7.000,-2.3652514302921],[-6.750,-2.1921494143716],[-6.500,-1.7090784044017],[-6.250,-1.3568773234201],[-6.000,-1.2204724409449],[-5.750,-0.84089926502378],[-5.500,-0.35665606542481],[-5.250,0.28148507643776],[-5.000,1.4614935822637],[-4.750,2.2239170225747],[-4.500,3.11004784689],[-4.250,4.2896174863388],[-4.000,6.0410216718266],[-3.750,7.3100120627262],[-3.500,9.4790739091719],[-3.250,11.186122831692],[-3.000,18.359216745442],[-2.750,24.587080948487],[-2.500,28.876207199298],[-2.250,33.055555555556],[-2.000,37.234042553191],[-1.750,41.238761238761],[-1.500,45.33950617284],[-1.250,49.48257655755],[-1.000,53.444564047363],[-0.500,60.625686059276],[-0.250,64.061810154525],[0.000,67.364341085271],[0.250,69.736842105263],[0.500,72.173913043478],[0.750,74.376344086022],[1.000,76.941176470588],[1.250,79.5],[1.750,84.772967265048],[2.000,87.410526315789],[2.250,108.15989847716],[2.500,109.83770287141],[2.750,111.42506142506],[3.000,112.6779252111],[3.250,113.86255924171],[3.500,114.86046511628],[3.750,115.66704675029],[4.000,116.02006688963],[4.250,115.67245119306],[4.500,114.8054679285],[4.750,113.10030395137],[5.000,111.76297747307],[5.250,110.28382213813],[5.500,108.99267399267],[5.750,107.77284826974],[6.000,106.32618025751],[6.250,104.56503728252],[6.500,102.29299363057],[6.750,94.683175528041],[7.000,83.934531450578],[7.250,80.120992135511],[7.500,74.809630459127],[7.750,72.790322580645],[8.000,71.151452282158],[8.250,69.335664335664],[8.500,67.163392429324],[8.750,64.549199084668],[9.000,61.347487001733],[9.250,57.473641524736],[9.500,53.997717763408],[9.750,51.576283441793],[10.000,49.11895783339],[10.250,46.606158833063],[10.500,44.154929577465],[10.750,41.735489460006],[11.000,39.339494427834],[11.250,37.07011258956],[11.500,34.95780081987],[11.750,33.001137656428],[12.000,31.191141689959],[12.250,29.580191563073],[12.500,28.15855786005],[12.750,26.997960318932],[13.000,26.165117941387],[13.250,25.487931034483],[13.500,24.605089226702],[13.750,23.289370387816],[14.000,22.025656324582],[14.250,20.834514026636],[14.500,19.677332616295],[14.750,18.579262849126],[15.000,17.519342359768],[15.250,16.499083829592],[15.500,15.523375637271],[15.750,14.58269171543],[16.000,13.688914796464],[16.250,12.833379284992],[16.500,12.021387584768],[16.750,11.252570112674],[17.000,11.238707577114],[17.250,9.4184086311531],[17.500,8.8697967086157],],[[-8.750,-2.9351265822785],[-8.500,-2.9315355108683],[-8.250,-2.9342610364683],[-8.000,-2.9433681073025],[-7.750,-2.9347536617843],[-7.500,-2.8816685584563],[-7.250,-2.8071243720505],[-6.250,-2.0215175537939],[-6.000,-1.5918097754293],[-5.750,-1.3239436619718],[-5.500,-0.29964448958862],[-5.250,0.93478260869565],[-5.000,2.5574365175333],[-4.750,5.4263005780347],[-3.750,14.645110410095],[-3.500,17.901337792642],[-3.250,22.322580645161],[-3.000,26.798810703667],[-2.750,31.169102296451],[-2.500,35.510869565217],[-2.250,39.809203142536],[-2.000,44.027617951669],[-1.750,48.317647058824],[-1.500,52.625899280576],[-1.250,56.824817518248],[-1.000,61.009852216749],[-0.750,65.324189526185],[-0.500,69.371859296482],[-0.250,73.308080808081],[0.000,77.088607594937],[0.250,80.798479087452],[0.500,84.385297845374],[0.750,88.772378516624],[1.000,91.662436548223],[1.250,94.892541087231],[1.500,97.826633165829],[1.750,100.44831880448],[2.000,103.54838709677],[2.250,106.07626076261],[2.750,136.5119760479],[3.000,136.8804664723],[3.250,136.61951909477],[3.500,136.1865569273],[3.750,134.41952506596],[4.000,132.42078580482],[4.250,131.06487148103],[4.500,130.13048635824],[4.750,129.08045977011],[5.000,127.48057713651],[5.250,126.25806451613],[5.500,124.82830385016],[5.750,121.62027833002],[6.000,110.87578194817],[6.250,99.256329113924],[6.500,95.607196401799],[6.750,89.743055555556],[7.000,88.214765100671],[7.250,86.961613532856],[7.500,85.757575757576],[7.750,84.25167990226],[8.000,82.313125367863],[8.250,79.193729003359],[8.500,76.110815130527],[8.750,74.684917355372],[9.000,73.128128128128],[9.250,71.198646689222],[9.500,69.101489757914],[9.750,66.64139161463],[10.000,64.034938219003],[10.250,60.89588377724],[10.500,56.870056497175],[10.750,51.466758053461],[11.000,47.548366634951],[11.250,45.755461165049],[11.500,43.603110599078],[11.750,41.421167484997],[12.000,39.23929860753],[12.250,37.045233463035],[12.500,35.002295684114],[12.750,33.055916775033],[13.000,31.249487914789],[13.250,29.577437487885],[13.500,28.048511576626],[13.750,26.624237140366],[14.000,25.267251365216],[14.250,23.979575805185],[14.500,22.762686567164],[14.750,21.572906334136],[15.000,20.42782187542],[15.250,19.330522550147],[15.500,18.296683270563],[15.750,17.284706970292],],],
{"title":"Cl\/Cd v Alpha","sortData":false,"legend":{"show":false,"placement":"insideGrid","location":"ne"},"series":[{"showLabel":true,"index":0,"showLine":true,"trendline":{"type":"none","show":false},"color":"#4bb2c5"},{"showLabel":true,"index":0,"showLine":true,"trendline":{"type":"none","show":false},"color":"#EAA228"},{"showLabel":true,"index":0,"showLine":true,"trendline":{"type":"none","show":false},"color":"#839557"},{"showLabel":true,"index":0,"showLine":true,"trendline":{"type":"none","show":false},"color":"#953579"},{"showLabel":true,"index":0,"showLine":true,"trendline":{"type":"none","show":false},"color":"#d8b83f"}],"show":"$.jqplot.config.enablePlugins","axes":{"xaxis":{"max":20,"min":-10,"tickInterval":5,"tickOptions":{"formatString":"%.1f"},"forceTickAt0":true,"rendererOptions":{"forceTickAt0":true}},"yaxis":{"max":140,"min":-20,"tickInterval":20,"tickOptions":{"formatString":"%d"},"forceTickAt0":true,"rendererOptions":{"forceTickAt0":true}}},"seriesDefaults":{"lineWidth":1,"showLabel":true,"markerOptions":{"size":5,"show":false}}});
jqplots.push(p);

});
/*]]>*/
</script>
</body>
</html>