<!DOCTYPE html>
<html lang="en">
<head>
<link rel="stylesheet" type="text/css" href="/assets/62ff72f1/jquery.jqplot.min.css" media="screen, projection, print" />
<style type="text/css">
/*<![CDATA[*/
.jqplot-title {font-size:1.8em;padding:3px;}.jqplot-xaxis {font-size:0.8em;padding-top:3px;}.jqplot-yaxis {font-size:0.8em;padding-right:3px;}
/*]]>*/
</style>
<!--[if lt IE 9]><script type="text/javascript" src="/assets/62ff72f1/excanvas.min.js"></script></script><![endif]-->
<script type="text/javascript" src="/assets/780cfc96/jquery.min.js"></script>
<script type="text/javascript" src="/assets/62ff72f1/jquery.min.js"></script>
<script type="text/javascript" src="/assets/62ff72f1/jquery.jqplot.min.js"></script>
<script type="text/javascript">
/*<![CDATA[*/
var jqplots = [];

/*]]>*/
</script>
<title>Airfoil polar plot</title>
<meta http-equiv="Content-Language" content="en-gb"/>
<meta http-equiv="Content-Type" content="text/html; charset=windows-1252"/>
<meta content="none" name="robots" />
<meta name="copyright" content="Copyright 2010-2013. All Rights Reserved" />
</head>
<body>

<table style="width:800px;">
<tr><td>
<div id="liftdrag" style="height:400px;width:398px;margin:auto;display:inline-block;"></div>
</td><td>
<div id="liftaoa" style="height:400px;width:398px;margin:auto;display:inline-block;"></div>
</td></tr>
<tr><td>
<div id="effaoa" style="height:400px;width:398px;margin:auto;display:inline-block;"></div>
</td><td>
<div id="dragaoa" style="height:400px;width:398px;margin:auto;display:inline-block;"></div>
</td></tr>
<tr><td>
<div id="momentaoa" style="height:400px;width:398px;margin:auto;display:inline-block;"></div>
</td><td>
</td></tr>

</table>
<script type="text/javascript">
/*<![CDATA[*/
jQuery(window).load(function() {
var p = $.jqplot('liftdrag',[[[0.07690,-0.6912],[0.06950,-0.7225],[0.06321,-0.7390],[0.05741,-0.7477],[0.05322,-0.7365],[0.04875,-0.7265],[0.04506,-0.7113],[0.04211,-0.6920],[0.03941,-0.6708],[0.03684,-0.6478],[0.03456,-0.6237],[0.03270,-0.5991],[0.03080,-0.5751],[0.02931,-0.5508],[0.02796,-0.5276],[0.02675,-0.5050],[0.02536,-0.4848],[0.02265,-0.4694],[0.02477,-0.4886],[0.03169,-0.3059],[0.02924,-0.1887],[0.02731,-0.1092],[0.02670,-0.0979],[0.02615,-0.0864],[0.02566,-0.0749],[0.02522,-0.0632],[0.02483,-0.0516],[0.02447,-0.0401],[0.02415,-0.0286],[0.02386,-0.0174],[0.02360,-0.0063],[0.02337,0.0046],[0.02316,0.0152],[0.02298,0.0255],[0.02282,0.0355],[0.02268,0.0452],[0.02256,0.0544],[0.02246,0.0632],[0.02238,0.0716],[0.02233,0.0794],[0.02229,0.0868],[0.02228,0.0936],[0.02230,0.0998],[0.02235,0.1055],[0.02245,0.1108],[0.02265,0.1174],[0.02299,0.1267],[0.02414,0.1858],[0.02517,0.5474],[0.02684,0.5748],[0.02870,0.5988],[0.03057,0.6203],[0.03250,0.6403],[0.03464,0.6599],[0.03672,0.6741],[0.03866,0.6879],[0.04128,0.7006],[0.04385,0.7076],[0.04664,0.7133],[0.04953,0.7168],[0.05257,0.7196],[0.05622,0.6998],[0.06039,0.6986],[0.06468,0.7044],[0.09202,0.5745],[0.09589,0.5810],[0.10349,0.5845],[0.10729,0.5856],],[[0.09809,-0.5959],[0.09465,-0.5994],[0.08803,-0.7011],[0.08657,-0.6146],[0.08150,-0.6566],[0.07469,-0.6749],[0.07009,-0.7200],[0.04938,-0.7653],[0.04352,-0.7488],[0.03953,-0.7325],[0.03650,-0.7119],[0.03354,-0.6909],[0.03145,-0.6688],[0.02963,-0.6454],[0.02786,-0.6211],[0.02633,-0.5967],[0.02509,-0.5721],[0.02365,-0.5487],[0.02257,-0.5250],[0.02146,-0.5011],[0.02046,-0.4768],[0.01932,-0.4511],[0.01728,-0.4211],[0.01649,-0.4227],[0.01788,-0.4122],[0.01905,-0.4012],[0.02003,-0.3952],[0.02078,-0.3881],[0.02145,-0.3822],[0.02184,-0.3796],[0.02172,-0.3702],[0.02131,-0.3449],[0.02085,-0.3182],[0.02043,-0.2847],[0.02013,-0.2295],[0.01987,-0.1780],[0.01960,-0.1276],[0.01934,-0.0894],[0.01912,-0.0540],[0.01893,-0.0174],[0.01880,0.0163],[0.01870,0.0493],[0.01866,0.0771],[0.01860,0.0841],[0.01857,0.0903],[0.01857,0.0957],[0.01876,0.1268],[0.01882,0.2499],[0.01725,0.3769],[0.01795,0.5185],[0.01868,0.5362],[0.01937,0.5536],[0.02021,0.5703],[0.02131,0.5874],[0.02253,0.6059],[0.02354,0.6263],[0.02462,0.6470],[0.02581,0.6668],[0.02719,0.6874],[0.02864,0.7068],[0.03043,0.7250],[0.03272,0.7407],[0.03484,0.7518],[0.03700,0.7589],[0.03925,0.7628],[0.04161,0.7637],[0.04409,0.7627],[0.04671,0.7634],[0.05303,0.7389],[0.05663,0.7557],[0.07926,0.6577],[0.08255,0.6802],[0.08904,0.7126],[0.09641,0.6328],[0.10145,0.6306],],[[0.11361,-0.4772],[0.10494,-0.5118],[0.09247,-0.5647],[0.09248,-0.5345],[0.09139,-0.5214],[0.08830,-0.5194],[0.08356,-0.5264],[0.07616,-0.5465],[0.06668,-0.5893],[0.06076,-0.6288],[0.06448,-0.7956],[0.06176,-0.7867],[0.05923,-0.7827],[0.05659,-0.7808],[0.03800,-0.7995],[0.03550,-0.7807],[0.03277,-0.7616],[0.03027,-0.7409],[0.02798,-0.7188],[0.02606,-0.6956],[0.02448,-0.6717],[0.02322,-0.6474],[0.02188,-0.6233],[0.02067,-0.5996],[0.01997,-0.5749],[0.01940,-0.5495],[0.01815,-0.5247],[0.01746,-0.4984],[0.01661,-0.4706],[0.01585,-0.4412],[0.01508,-0.4099],[0.01126,-0.3417],[0.01174,-0.3281],[0.01228,-0.3096],[0.01290,-0.2930],[0.01352,-0.2770],[0.01413,-0.2611],[0.01492,-0.2502],[0.01578,-0.2435],[0.01641,-0.2426],[0.01670,-0.2289],[0.01684,-0.2063],[0.01688,-0.1894],[0.01704,-0.1682],[0.01704,-0.1568],[0.01714,-0.1316],[0.01703,-0.1162],[0.01714,-0.0807],[0.01741,-0.0214],[0.01733,0.0436],[0.01693,0.0904],[0.01654,0.1347],[0.01602,0.1799],[0.01542,0.2210],[0.01486,0.2533],[0.01418,0.2892],[0.01447,0.3757],[0.01541,0.3827],[0.01606,0.3980],[0.01653,0.4192],[0.01693,0.4442],[0.01732,0.4704],[0.01757,0.4918],[0.01818,0.5132],[0.01885,0.5366],[0.01968,0.5614],[0.02048,0.5887],[0.02122,0.6089],[0.02183,0.6328],[0.02300,0.6583],[0.02427,0.6859],[0.02570,0.7139],[0.02723,0.7382],[0.02900,0.7595],[0.03128,0.7802],[0.03398,0.7990],[0.03701,0.8168],[0.04419,0.8152],[0.06754,0.7317],[0.07076,0.7353],[0.07376,0.7433],[0.07707,0.7661],[0.08270,0.7540],[0.08882,0.7065],],[[0.06480,-0.7712],[0.06197,-0.8104],[0.05958,-0.8484],[0.05707,-0.8678],[0.03964,-0.9220],[0.03643,-0.9178],[0.03231,-0.9132],[0.02829,-0.9032],[0.02597,-0.8863],[0.02429,-0.8668],[0.02284,-0.8459],[0.02163,-0.8240],[0.02056,-0.8014],[0.01961,-0.7780],[0.01880,-0.7541],[0.01816,-0.7296],[0.01699,-0.7054],[0.01643,-0.6803],[0.01598,-0.6546],[0.01552,-0.6284],[0.01483,-0.6010],[0.01429,-0.5732],[0.01391,-0.5453],[0.01338,-0.5158],[0.01305,-0.4873],[0.01267,-0.4576],[0.01246,-0.4289],[0.01209,-0.3982],[0.01171,-0.3664],[0.01074,-0.3247],[0.00869,-0.2508],[0.00830,-0.2093],[0.00842,-0.1819],[0.00861,-0.1564],[0.00881,-0.1304],[0.00918,-0.0930],[0.00964,-0.0516],[0.00980,-0.0023],[0.00977,0.0354],[0.00964,0.0797],[0.00944,0.1243],[0.00945,0.1529],[0.00943,0.1841],[0.00927,0.2224],[0.00910,0.2503],[0.00884,0.2831],[0.00849,0.3266],[0.00879,0.3739],[0.00993,0.3830],[0.01082,0.3999],[0.01148,0.4213],[0.01204,0.4448],[0.01240,0.4704],[0.01269,0.4978],[0.01292,0.5272],[0.01316,0.5580],[0.01370,0.5809],[0.01431,0.6042],[0.01478,0.6289],[0.01514,0.6543],[0.01567,0.6790],[0.01616,0.7048],[0.01667,0.7315],[0.01724,0.7588],[0.01813,0.7861],[0.01902,0.8084],[0.01975,0.8320],[0.02062,0.8557],[0.02164,0.8793],[0.02280,0.9027],[0.02409,0.9260],[0.02545,0.9493],[0.02695,0.9722],[0.02870,0.9942],[0.03091,1.0138],[0.03340,1.0269],[0.03610,1.0373],[0.03935,1.0451],[0.07122,0.8819],[0.07889,0.8511],],[[0.05546,-0.9859],[0.05097,-1.0036],[0.04739,-1.0182],[0.04426,-1.0322],[0.04170,-1.0436],[0.03933,-1.0557],[0.03725,-1.0673],[0.03545,-1.0794],[0.03406,-1.0938],[0.03244,-1.1030],[0.03013,-1.1064],[0.02785,-1.1049],[0.02584,-1.0987],[0.02436,-1.0873],[0.02320,-1.0727],[0.02225,-1.0560],[0.02140,-1.0378],[0.02064,-1.0184],[0.01986,-0.9926],[0.01909,-0.9646],[0.01836,-0.9357],[0.01766,-0.9064],[0.01699,-0.8765],[0.01639,-0.8461],[0.01583,-0.8157],[0.01537,-0.7852],[0.01453,-0.7552],[0.01388,-0.7277],[0.01346,-0.6988],[0.01309,-0.6688],[0.01275,-0.6379],[0.01245,-0.6065],[0.01196,-0.5748],[0.01168,-0.5430],[0.01146,-0.5109],[0.01113,-0.4778],[0.01093,-0.4444],[0.01065,-0.4104],[0.01047,-0.3766],[0.01025,-0.3426],[0.01005,-0.3082],[0.00976,-0.2774],[0.00935,-0.2460],[0.00860,-0.2059],[0.00784,-0.1623],[0.00687,-0.1191],[0.00639,-0.0755],[0.00617,-0.0366],[0.00587,0.0087],[0.00567,0.0566],[0.00550,0.0879],[0.00530,0.1280],[0.00521,0.1616],[0.00513,0.1896],[0.00502,0.2202],[0.00496,0.2516],[0.00493,0.2863],[0.00541,0.3116],[0.00643,0.3252],[0.00717,0.3459],[0.00778,0.3692],[0.00829,0.3940],[0.00875,0.4198],[0.00909,0.4467],[0.00931,0.4748],[0.00953,0.5030],[0.00970,0.5304],[0.00994,0.5573],[0.01036,0.5830],[0.01077,0.6091],[0.01110,0.6358],[0.01140,0.6630],[0.01172,0.6900],[0.01214,0.7168],[0.01247,0.7441],[0.01284,0.7712],[0.01322,0.7979],[0.01370,0.8234],[0.01441,0.8474],[0.01520,0.8710],[0.01566,0.8964],[0.01617,0.9216],[0.01674,0.9465],[0.01738,0.9711],[0.01812,0.9952],[0.01895,1.0190],[0.01984,1.0425],[0.02082,1.0655],[0.02185,1.0878],[0.02299,1.1087],[0.02420,1.1288],[0.02562,1.1475],[0.02721,1.1646],[0.02896,1.1800],[0.03107,1.1924],[0.03337,1.2021],[0.03608,1.2071],[0.03931,1.2055],[0.04284,1.1976],[0.04666,1.1756],[0.05074,1.1485],[0.05564,1.1187],[0.06177,1.0889],[0.07260,1.0541],],],
{"title":"Cl v Cd","sortData":false,"legend":{"show":false,"placement":"insideGrid","location":"ne"},"series":[{"showLabel":true,"index":0,"showLine":true,"trendline":{"type":"none","show":false},"color":"#4bb2c5"},{"showLabel":true,"index":0,"showLine":true,"trendline":{"type":"none","show":false},"color":"#EAA228"},{"showLabel":true,"index":0,"showLine":true,"trendline":{"type":"none","show":false},"color":"#839557"},{"showLabel":true,"index":0,"showLine":true,"trendline":{"type":"none","show":false},"color":"#953579"},{"showLabel":true,"index":0,"showLine":true,"trendline":{"type":"none","show":false},"color":"#d8b83f"}],"show":"$.jqplot.config.enablePlugins","axes":{"xaxis":{"max":0.12,"min":0,"tickInterval":0.02,"tickOptions":{"formatString":"%.2f"},"forceTickAt0":true,"rendererOptions":{"forceTickAt0":true}},"yaxis":{"max":1.5,"min":-1.5,"tickInterval":0.5,"tickOptions":{"formatString":"%.2f"},"forceTickAt0":true,"rendererOptions":{"forceTickAt0":true}}},"seriesDefaults":{"lineWidth":1,"showLabel":true,"markerOptions":{"size":5,"show":false}}});
jqplots.push(p);

var p = $.jqplot('liftaoa',[[[-7.250,-0.6912],[-7.000,-0.7225],[-6.750,-0.7390],[-6.500,-0.7477],[-6.250,-0.7365],[-6.000,-0.7265],[-5.750,-0.7113],[-5.500,-0.6920],[-5.250,-0.6708],[-5.000,-0.6478],[-4.750,-0.6237],[-4.500,-0.5991],[-4.250,-0.5751],[-4.000,-0.5508],[-3.750,-0.5276],[-3.500,-0.5050],[-3.250,-0.4848],[-3.000,-0.4694],[-2.750,-0.4886],[-2.500,-0.3059],[-2.250,-0.1887],[-2.000,-0.1092],[-1.750,-0.0979],[-1.500,-0.0864],[-1.250,-0.0749],[-1.000,-0.0632],[-0.750,-0.0516],[-0.500,-0.0401],[-0.250,-0.0286],[0.000,-0.0174],[0.250,-0.0063],[0.500,0.0046],[0.750,0.0152],[1.000,0.0255],[1.250,0.0355],[1.500,0.0452],[1.750,0.0544],[2.000,0.0632],[2.250,0.0716],[2.500,0.0794],[2.750,0.0868],[3.000,0.0936],[3.250,0.0998],[3.500,0.1055],[3.750,0.1108],[4.000,0.1174],[4.250,0.1267],[4.500,0.1858],[4.750,0.5474],[5.000,0.5748],[5.250,0.5988],[5.500,0.6203],[5.750,0.6403],[6.000,0.6599],[6.250,0.6741],[6.500,0.6879],[6.750,0.7006],[7.000,0.7076],[7.250,0.7133],[7.500,0.7168],[7.750,0.7196],[8.000,0.6998],[8.250,0.6986],[8.500,0.7044],[8.750,0.5745],[9.000,0.5810],[9.500,0.5845],[9.750,0.5856],],[[-8.500,-0.5959],[-8.250,-0.5994],[-8.000,-0.7011],[-7.750,-0.6146],[-7.500,-0.6566],[-7.000,-0.6749],[-6.750,-0.7200],[-6.500,-0.7653],[-6.250,-0.7488],[-6.000,-0.7325],[-5.750,-0.7119],[-5.500,-0.6909],[-5.250,-0.6688],[-5.000,-0.6454],[-4.750,-0.6211],[-4.500,-0.5967],[-4.250,-0.5721],[-4.000,-0.5487],[-3.750,-0.5250],[-3.500,-0.5011],[-3.250,-0.4768],[-3.000,-0.4511],[-2.750,-0.4211],[-2.500,-0.4227],[-2.250,-0.4122],[-2.000,-0.4012],[-1.750,-0.3952],[-1.500,-0.3881],[-1.250,-0.3822],[-1.000,-0.3796],[-0.750,-0.3702],[-0.500,-0.3449],[-0.250,-0.3182],[0.000,-0.2847],[0.250,-0.2295],[0.500,-0.1780],[0.750,-0.1276],[1.000,-0.0894],[1.250,-0.0540],[1.500,-0.0174],[1.750,0.0163],[2.000,0.0493],[2.250,0.0771],[2.500,0.0841],[2.750,0.0903],[3.000,0.0957],[3.250,0.1268],[3.500,0.2499],[3.750,0.3769],[4.000,0.5185],[4.250,0.5362],[4.500,0.5536],[4.750,0.5703],[5.000,0.5874],[5.250,0.6059],[5.500,0.6263],[5.750,0.6470],[6.000,0.6668],[6.250,0.6874],[6.500,0.7068],[6.750,0.7250],[7.000,0.7407],[7.250,0.7518],[7.500,0.7589],[7.750,0.7628],[8.000,0.7637],[8.250,0.7627],[8.500,0.7634],[8.750,0.7389],[9.000,0.7557],[9.250,0.6577],[9.500,0.6802],[9.750,0.7126],[10.000,0.6328],[10.250,0.6306],],[[-10.500,-0.4772],[-10.250,-0.5118],[-10.000,-0.5647],[-9.750,-0.5345],[-9.500,-0.5214],[-9.250,-0.5194],[-9.000,-0.5264],[-8.750,-0.5465],[-8.500,-0.5893],[-8.250,-0.6288],[-8.000,-0.7956],[-7.750,-0.7867],[-7.500,-0.7827],[-7.250,-0.7808],[-6.750,-0.7995],[-6.500,-0.7807],[-6.250,-0.7616],[-6.000,-0.7409],[-5.750,-0.7188],[-5.500,-0.6956],[-5.250,-0.6717],[-5.000,-0.6474],[-4.750,-0.6233],[-4.500,-0.5996],[-4.250,-0.5749],[-4.000,-0.5495],[-3.750,-0.5247],[-3.500,-0.4984],[-3.250,-0.4706],[-3.000,-0.4412],[-2.750,-0.4099],[-2.500,-0.3417],[-2.250,-0.3281],[-2.000,-0.3096],[-1.750,-0.2930],[-1.500,-0.2770],[-1.250,-0.2611],[-1.000,-0.2502],[-0.750,-0.2435],[-0.500,-0.2426],[-0.250,-0.2289],[0.000,-0.2063],[0.250,-0.1894],[0.500,-0.1682],[0.750,-0.1568],[1.000,-0.1316],[1.250,-0.1162],[1.500,-0.0807],[1.750,-0.0214],[2.000,0.0436],[2.250,0.0904],[2.500,0.1347],[2.750,0.1799],[3.000,0.2210],[3.250,0.2533],[3.500,0.2892],[3.750,0.3757],[4.000,0.3827],[4.250,0.3980],[4.500,0.4192],[4.750,0.4442],[5.000,0.4704],[5.250,0.4918],[5.500,0.5132],[5.750,0.5366],[6.000,0.5614],[6.250,0.5887],[6.500,0.6089],[6.750,0.6328],[7.000,0.6583],[7.250,0.6859],[7.500,0.7139],[7.750,0.7382],[8.000,0.7595],[8.250,0.7802],[8.500,0.7990],[8.750,0.8168],[9.000,0.8152],[9.250,0.7317],[9.500,0.7353],[9.750,0.7433],[10.000,0.7661],[10.250,0.7540],[10.500,0.7065],],[[-9.500,-0.7712],[-9.250,-0.8104],[-9.000,-0.8484],[-8.750,-0.8678],[-8.500,-0.9220],[-8.250,-0.9178],[-8.000,-0.9132],[-7.750,-0.9032],[-7.500,-0.8863],[-7.250,-0.8668],[-7.000,-0.8459],[-6.750,-0.8240],[-6.500,-0.8014],[-6.250,-0.7780],[-6.000,-0.7541],[-5.750,-0.7296],[-5.500,-0.7054],[-5.250,-0.6803],[-5.000,-0.6546],[-4.750,-0.6284],[-4.500,-0.6010],[-4.250,-0.5732],[-4.000,-0.5453],[-3.750,-0.5158],[-3.500,-0.4873],[-3.250,-0.4576],[-3.000,-0.4289],[-2.750,-0.3982],[-2.500,-0.3664],[-2.250,-0.3247],[-2.000,-0.2508],[-1.750,-0.2093],[-1.500,-0.1819],[-1.250,-0.1564],[-1.000,-0.1304],[-0.750,-0.0930],[-0.500,-0.0516],[-0.250,-0.0023],[0.000,0.0354],[0.250,0.0797],[0.500,0.1243],[0.750,0.1529],[1.000,0.1841],[1.250,0.2224],[1.500,0.2503],[1.750,0.2831],[2.000,0.3266],[2.250,0.3739],[2.500,0.3830],[2.750,0.3999],[3.000,0.4213],[3.250,0.4448],[3.500,0.4704],[3.750,0.4978],[4.000,0.5272],[4.250,0.5580],[4.500,0.5809],[4.750,0.6042],[5.000,0.6289],[5.250,0.6543],[5.500,0.6790],[5.750,0.7048],[6.000,0.7315],[6.250,0.7588],[6.500,0.7861],[6.750,0.8084],[7.000,0.8320],[7.250,0.8557],[7.500,0.8793],[7.750,0.9027],[8.000,0.9260],[8.250,0.9493],[8.500,0.9722],[8.750,0.9942],[9.000,1.0138],[9.250,1.0269],[9.500,1.0373],[9.750,1.0451],[10.000,0.8819],[10.250,0.8511],],[[-13.000,-0.9859],[-12.750,-1.0036],[-12.500,-1.0182],[-12.250,-1.0322],[-12.000,-1.0436],[-11.750,-1.0557],[-11.500,-1.0673],[-11.250,-1.0794],[-11.000,-1.0938],[-10.750,-1.1030],[-10.500,-1.1064],[-10.250,-1.1049],[-10.000,-1.0987],[-9.750,-1.0873],[-9.500,-1.0727],[-9.250,-1.0560],[-9.000,-1.0378],[-8.750,-1.0184],[-8.500,-0.9926],[-8.250,-0.9646],[-8.000,-0.9357],[-7.750,-0.9064],[-7.500,-0.8765],[-7.250,-0.8461],[-7.000,-0.8157],[-6.750,-0.7852],[-6.500,-0.7552],[-6.250,-0.7277],[-6.000,-0.6988],[-5.750,-0.6688],[-5.500,-0.6379],[-5.250,-0.6065],[-5.000,-0.5748],[-4.750,-0.5430],[-4.500,-0.5109],[-4.250,-0.4778],[-4.000,-0.4444],[-3.750,-0.4104],[-3.500,-0.3766],[-3.250,-0.3426],[-3.000,-0.3082],[-2.750,-0.2774],[-2.500,-0.2460],[-2.250,-0.2059],[-2.000,-0.1623],[-1.750,-0.1191],[-1.500,-0.0755],[-1.250,-0.0366],[-1.000,0.0087],[-0.750,0.0566],[-0.500,0.0879],[-0.250,0.1280],[0.000,0.1616],[0.250,0.1896],[0.500,0.2202],[0.750,0.2516],[1.000,0.2863],[1.250,0.3116],[1.500,0.3252],[1.750,0.3459],[2.000,0.3692],[2.250,0.3940],[2.500,0.4198],[2.750,0.4467],[3.000,0.4748],[3.250,0.5030],[3.500,0.5304],[3.750,0.5573],[4.000,0.5830],[4.250,0.6091],[4.500,0.6358],[4.750,0.6630],[5.000,0.6900],[5.250,0.7168],[5.500,0.7441],[5.750,0.7712],[6.000,0.7979],[6.250,0.8234],[6.500,0.8474],[6.750,0.8710],[7.000,0.8964],[7.250,0.9216],[7.500,0.9465],[7.750,0.9711],[8.000,0.9952],[8.250,1.0190],[8.500,1.0425],[8.750,1.0655],[9.000,1.0878],[9.250,1.1087],[9.500,1.1288],[9.750,1.1475],[10.000,1.1646],[10.250,1.1800],[10.500,1.1924],[10.750,1.2021],[11.000,1.2071],[11.250,1.2055],[11.500,1.1976],[11.750,1.1756],[12.000,1.1485],[12.250,1.1187],[12.500,1.0889],[12.750,1.0541],],],
{"title":"Cl v Alpha","sortData":false,"legend":{"show":false,"placement":"insideGrid","location":"ne"},"series":[{"showLabel":true,"index":0,"showLine":true,"trendline":{"type":"none","show":false},"color":"#4bb2c5"},{"showLabel":true,"index":0,"showLine":true,"trendline":{"type":"none","show":false},"color":"#EAA228"},{"showLabel":true,"index":0,"showLine":true,"trendline":{"type":"none","show":false},"color":"#839557"},{"showLabel":true,"index":0,"showLine":true,"trendline":{"type":"none","show":false},"color":"#953579"},{"showLabel":true,"index":0,"showLine":true,"trendline":{"type":"none","show":false},"color":"#d8b83f"}],"show":"$.jqplot.config.enablePlugins","axes":{"xaxis":{"max":15,"min":-15,"tickInterval":5,"tickOptions":{"formatString":"%.1f"},"forceTickAt0":true,"rendererOptions":{"forceTickAt0":true}},"yaxis":{"max":1.5,"min":-1.5,"tickInterval":0.5,"tickOptions":{"formatString":"%.2f"},"forceTickAt0":true,"rendererOptions":{"forceTickAt0":true}}},"seriesDefaults":{"lineWidth":1,"showLabel":true,"markerOptions":{"size":5,"show":false}}});
jqplots.push(p);

var p = $.jqplot('momentaoa',[[[-7.250,-0.0257],[-7.000,-0.0277],[-6.750,-0.0282],[-6.500,-0.0282],[-6.250,-0.0274],[-6.000,-0.0269],[-5.750,-0.0264],[-5.500,-0.0258],[-5.250,-0.0251],[-5.000,-0.0244],[-4.750,-0.0234],[-4.500,-0.0225],[-4.250,-0.0212],[-4.000,-0.0195],[-3.750,-0.0175],[-3.500,-0.0151],[-3.250,-0.0129],[-3.000,-0.0113],[-2.750,0.0080],[-2.500,0.0038],[-2.250,-0.0136],[-2.000,-0.0256],[-1.750,-0.0242],[-1.500,-0.0226],[-1.250,-0.0210],[-1.000,-0.0193],[-0.750,-0.0175],[-0.500,-0.0156],[-0.250,-0.0136],[0.000,-0.0115],[0.250,-0.0094],[0.500,-0.0072],[0.750,-0.0049],[1.000,-0.0026],[1.250,-0.0002],[1.500,0.0023],[1.750,0.0048],[2.000,0.0074],[2.250,0.0100],[2.500,0.0127],[2.750,0.0154],[3.000,0.0181],[3.250,0.0209],[3.500,0.0236],[3.750,0.0261],[4.000,0.0283],[4.250,0.0295],[4.500,0.0218],[4.750,-0.0233],[5.000,-0.0229],[5.250,-0.0220],[5.500,-0.0205],[5.750,-0.0188],[6.000,-0.0175],[6.250,-0.0145],[6.500,-0.0122],[6.750,-0.0100],[7.000,-0.0065],[7.250,-0.0030],[7.500,0.0004],[7.750,0.0037],[8.000,0.0093],[8.250,0.0112],[8.500,0.0120],[8.750,-0.0224],[9.000,-0.0228],[9.500,-0.0248],[9.750,-0.0261],],[[-8.500,-0.0202],[-8.250,-0.0207],[-8.000,-0.0279],[-7.750,-0.0217],[-7.500,-0.0241],[-7.000,-0.0213],[-6.750,-0.0222],[-6.500,-0.0273],[-6.250,-0.0260],[-6.000,-0.0251],[-5.750,-0.0239],[-5.500,-0.0234],[-5.250,-0.0228],[-5.000,-0.0220],[-4.750,-0.0211],[-4.500,-0.0202],[-4.250,-0.0192],[-4.000,-0.0182],[-3.750,-0.0172],[-3.500,-0.0162],[-3.250,-0.0157],[-3.000,-0.0155],[-2.750,-0.0170],[-2.500,-0.0082],[-2.250,-0.0021],[-2.000,0.0035],[-1.750,0.0105],[-1.500,0.0170],[-1.250,0.0237],[-1.000,0.0315],[-0.750,0.0379],[-0.500,0.0396],[-0.250,0.0399],[0.000,0.0387],[0.250,0.0333],[0.500,0.0282],[0.750,0.0232],[1.000,0.0203],[1.250,0.0180],[1.500,0.0153],[1.750,0.0132],[2.000,0.0112],[2.250,0.0102],[2.500,0.0130],[2.750,0.0158],[3.000,0.0187],[3.250,0.0168],[3.500,-0.0012],[3.750,-0.0179],[4.000,-0.0347],[4.250,-0.0331],[4.500,-0.0315],[4.750,-0.0297],[5.000,-0.0278],[5.250,-0.0263],[5.500,-0.0249],[5.750,-0.0234],[6.000,-0.0221],[6.250,-0.0205],[6.500,-0.0190],[6.750,-0.0174],[7.000,-0.0153],[7.250,-0.0122],[7.500,-0.0087],[7.750,-0.0047],[8.000,-0.0005],[8.250,0.0037],[8.500,0.0074],[8.750,0.0137],[9.000,0.0140],[9.250,0.0098],[9.500,0.0106],[9.750,0.0109],[10.000,-0.0050],[10.250,-0.0096],],[[-10.500,-0.0240],[-10.250,-0.0309],[-10.000,-0.0409],[-9.750,-0.0345],[-9.500,-0.0318],[-9.250,-0.0312],[-9.000,-0.0322],[-8.750,-0.0356],[-8.500,-0.0405],[-8.250,-0.0408],[-8.000,-0.0339],[-7.750,-0.0327],[-7.500,-0.0311],[-7.250,-0.0296],[-6.750,-0.0241],[-6.500,-0.0232],[-6.250,-0.0225],[-6.000,-0.0218],[-5.750,-0.0211],[-5.500,-0.0203],[-5.250,-0.0195],[-5.000,-0.0188],[-4.750,-0.0180],[-4.500,-0.0174],[-4.250,-0.0169],[-4.000,-0.0165],[-3.750,-0.0162],[-3.500,-0.0161],[-3.250,-0.0167],[-3.000,-0.0175],[-2.750,-0.0188],[-2.500,-0.0306],[-2.250,-0.0263],[-2.000,-0.0235],[-1.750,-0.0202],[-1.500,-0.0168],[-1.250,-0.0135],[-1.000,-0.0087],[-0.750,-0.0028],[-0.500,0.0045],[-0.250,0.0081],[0.000,0.0092],[0.250,0.0117],[0.500,0.0130],[0.750,0.0169],[1.000,0.0171],[1.250,0.0196],[1.500,0.0176],[1.750,0.0109],[2.000,0.0038],[2.250,0.0006],[2.500,-0.0022],[2.750,-0.0050],[3.000,-0.0069],[3.250,-0.0071],[3.500,-0.0078],[3.750,-0.0168],[4.000,-0.0130],[4.250,-0.0108],[4.500,-0.0099],[4.750,-0.0098],[5.000,-0.0100],[5.250,-0.0089],[5.500,-0.0077],[5.750,-0.0070],[6.000,-0.0067],[6.250,-0.0069],[6.500,-0.0055],[6.750,-0.0048],[7.000,-0.0047],[7.250,-0.0048],[7.500,-0.0049],[7.750,-0.0042],[8.000,-0.0030],[8.250,-0.0019],[8.500,-0.0007],[8.750,0.0001],[9.000,0.0043],[9.250,0.0110],[9.500,0.0110],[9.750,0.0111],[10.000,0.0110],[10.250,0.0110],[10.500,0.0073],],[[-9.500,-0.0456],[-9.250,-0.0414],[-9.000,-0.0365],[-8.750,-0.0331],[-8.500,-0.0281],[-8.250,-0.0263],[-8.000,-0.0244],[-7.750,-0.0228],[-7.500,-0.0217],[-7.250,-0.0208],[-7.000,-0.0201],[-6.750,-0.0194],[-6.500,-0.0187],[-6.250,-0.0182],[-6.000,-0.0177],[-5.750,-0.0173],[-5.500,-0.0171],[-5.250,-0.0170],[-5.000,-0.0170],[-4.750,-0.0170],[-4.500,-0.0173],[-4.250,-0.0178],[-4.000,-0.0182],[-3.750,-0.0189],[-3.500,-0.0195],[-3.250,-0.0202],[-3.000,-0.0207],[-2.750,-0.0217],[-2.500,-0.0229],[-2.250,-0.0269],[-2.000,-0.0389],[-1.750,-0.0420],[-1.500,-0.0419],[-1.250,-0.0413],[-1.000,-0.0408],[-0.750,-0.0424],[-0.500,-0.0445],[-0.250,-0.0484],[0.000,-0.0499],[0.250,-0.0527],[0.500,-0.0558],[0.750,-0.0551],[1.000,-0.0551],[1.250,-0.0568],[1.500,-0.0563],[1.750,-0.0569],[2.000,-0.0598],[2.250,-0.0630],[2.500,-0.0589],[2.750,-0.0567],[3.000,-0.0555],[3.250,-0.0548],[3.500,-0.0544],[3.750,-0.0544],[4.000,-0.0549],[4.250,-0.0557],[4.500,-0.0547],[4.750,-0.0536],[5.000,-0.0529],[5.250,-0.0522],[5.500,-0.0516],[5.750,-0.0511],[6.000,-0.0509],[6.250,-0.0510],[6.500,-0.0512],[6.750,-0.0500],[7.000,-0.0491],[7.250,-0.0482],[7.500,-0.0473],[7.750,-0.0464],[8.000,-0.0456],[8.250,-0.0448],[8.500,-0.0441],[8.750,-0.0433],[9.000,-0.0423],[9.250,-0.0401],[9.500,-0.0377],[9.750,-0.0353],[10.000,-0.0210],[10.250,-0.0226],],[[-13.000,-0.0571],[-12.750,-0.0578],[-12.500,-0.0574],[-12.250,-0.0562],[-12.000,-0.0542],[-11.750,-0.0516],[-11.500,-0.0483],[-11.250,-0.0443],[-11.000,-0.0393],[-10.750,-0.0351],[-10.500,-0.0323],[-10.250,-0.0298],[-10.000,-0.0276],[-9.750,-0.0259],[-9.500,-0.0245],[-9.250,-0.0234],[-9.000,-0.0224],[-8.750,-0.0215],[-8.500,-0.0219],[-8.250,-0.0227],[-8.000,-0.0236],[-7.750,-0.0246],[-7.500,-0.0256],[-7.250,-0.0267],[-7.000,-0.0277],[-6.750,-0.0287],[-6.500,-0.0299],[-6.250,-0.0304],[-6.000,-0.0310],[-5.750,-0.0318],[-5.500,-0.0328],[-5.250,-0.0338],[-5.000,-0.0351],[-4.750,-0.0362],[-4.500,-0.0373],[-4.250,-0.0387],[-4.000,-0.0401],[-3.750,-0.0416],[-3.500,-0.0431],[-3.250,-0.0446],[-3.000,-0.0462],[-2.750,-0.0471],[-2.500,-0.0482],[-2.250,-0.0518],[-2.000,-0.0561],[-1.750,-0.0606],[-1.500,-0.0644],[-1.250,-0.0666],[-1.000,-0.0699],[-0.750,-0.0738],[-0.500,-0.0741],[-0.250,-0.0764],[0.000,-0.0773],[0.250,-0.0771],[0.500,-0.0773],[0.750,-0.0777],[1.000,-0.0786],[1.250,-0.0775],[1.500,-0.0744],[1.750,-0.0729],[2.000,-0.0721],[2.250,-0.0715],[2.500,-0.0712],[2.750,-0.0710],[3.000,-0.0710],[3.250,-0.0711],[3.500,-0.0709],[3.750,-0.0707],[4.000,-0.0702],[4.250,-0.0698],[4.500,-0.0694],[4.750,-0.0692],[5.000,-0.0689],[5.250,-0.0686],[5.500,-0.0684],[5.750,-0.0682],[6.000,-0.0680],[6.250,-0.0674],[6.500,-0.0666],[6.750,-0.0657],[7.000,-0.0652],[7.250,-0.0646],[7.500,-0.0640],[7.750,-0.0634],[8.000,-0.0627],[8.250,-0.0620],[8.500,-0.0612],[8.750,-0.0604],[9.000,-0.0594],[9.250,-0.0583],[9.500,-0.0570],[9.750,-0.0555],[10.000,-0.0539],[10.250,-0.0520],[10.500,-0.0499],[10.750,-0.0474],[11.000,-0.0445],[11.250,-0.0411],[11.500,-0.0372],[11.750,-0.0317],[12.000,-0.0270],[12.250,-0.0243],[12.500,-0.0250],[12.750,-0.0338],],],
{"title":"Cm v Alpha","sortData":false,"legend":{"show":false,"placement":"insideGrid","location":"ne"},"series":[{"showLabel":true,"index":0,"showLine":true,"trendline":{"type":"none","show":false},"color":"#4bb2c5"},{"showLabel":true,"index":0,"showLine":true,"trendline":{"type":"none","show":false},"color":"#EAA228"},{"showLabel":true,"index":0,"showLine":true,"trendline":{"type":"none","show":false},"color":"#839557"},{"showLabel":true,"index":0,"showLine":true,"trendline":{"type":"none","show":false},"color":"#953579"},{"showLabel":true,"index":0,"showLine":true,"trendline":{"type":"none","show":false},"color":"#d8b83f"}],"show":"$.jqplot.config.enablePlugins","axes":{"xaxis":{"max":15,"min":-15,"tickInterval":5,"tickOptions":{"formatString":"%.1f"},"forceTickAt0":true,"rendererOptions":{"forceTickAt0":true}},"yaxis":{"max":0.04,"min":-0.08,"tickInterval":0.02,"tickOptions":{"formatString":"%.2f"},"forceTickAt0":true,"rendererOptions":{"forceTickAt0":true}}},"seriesDefaults":{"lineWidth":1,"showLabel":true,"markerOptions":{"size":5,"show":false}}});
jqplots.push(p);

var p = $.jqplot('dragaoa',[[[-7.250,0.07690],[-7.000,0.06950],[-6.750,0.06321],[-6.500,0.05741],[-6.250,0.05322],[-6.000,0.04875],[-5.750,0.04506],[-5.500,0.04211],[-5.250,0.03941],[-5.000,0.03684],[-4.750,0.03456],[-4.500,0.03270],[-4.250,0.03080],[-4.000,0.02931],[-3.750,0.02796],[-3.500,0.02675],[-3.250,0.02536],[-3.000,0.02265],[-2.750,0.02477],[-2.500,0.03169],[-2.250,0.02924],[-2.000,0.02731],[-1.750,0.02670],[-1.500,0.02615],[-1.250,0.02566],[-1.000,0.02522],[-0.750,0.02483],[-0.500,0.02447],[-0.250,0.02415],[0.000,0.02386],[0.250,0.02360],[0.500,0.02337],[0.750,0.02316],[1.000,0.02298],[1.250,0.02282],[1.500,0.02268],[1.750,0.02256],[2.000,0.02246],[2.250,0.02238],[2.500,0.02233],[2.750,0.02229],[3.000,0.02228],[3.250,0.02230],[3.500,0.02235],[3.750,0.02245],[4.000,0.02265],[4.250,0.02299],[4.500,0.02414],[4.750,0.02517],[5.000,0.02684],[5.250,0.02870],[5.500,0.03057],[5.750,0.03250],[6.000,0.03464],[6.250,0.03672],[6.500,0.03866],[6.750,0.04128],[7.000,0.04385],[7.250,0.04664],[7.500,0.04953],[7.750,0.05257],[8.000,0.05622],[8.250,0.06039],[8.500,0.06468],[8.750,0.09202],[9.000,0.09589],[9.500,0.10349],[9.750,0.10729],],[[-8.500,0.09809],[-8.250,0.09465],[-8.000,0.08803],[-7.750,0.08657],[-7.500,0.08150],[-7.000,0.07469],[-6.750,0.07009],[-6.500,0.04938],[-6.250,0.04352],[-6.000,0.03953],[-5.750,0.03650],[-5.500,0.03354],[-5.250,0.03145],[-5.000,0.02963],[-4.750,0.02786],[-4.500,0.02633],[-4.250,0.02509],[-4.000,0.02365],[-3.750,0.02257],[-3.500,0.02146],[-3.250,0.02046],[-3.000,0.01932],[-2.750,0.01728],[-2.500,0.01649],[-2.250,0.01788],[-2.000,0.01905],[-1.750,0.02003],[-1.500,0.02078],[-1.250,0.02145],[-1.000,0.02184],[-0.750,0.02172],[-0.500,0.02131],[-0.250,0.02085],[0.000,0.02043],[0.250,0.02013],[0.500,0.01987],[0.750,0.01960],[1.000,0.01934],[1.250,0.01912],[1.500,0.01893],[1.750,0.01880],[2.000,0.01870],[2.250,0.01866],[2.500,0.01860],[2.750,0.01857],[3.000,0.01857],[3.250,0.01876],[3.500,0.01882],[3.750,0.01725],[4.000,0.01795],[4.250,0.01868],[4.500,0.01937],[4.750,0.02021],[5.000,0.02131],[5.250,0.02253],[5.500,0.02354],[5.750,0.02462],[6.000,0.02581],[6.250,0.02719],[6.500,0.02864],[6.750,0.03043],[7.000,0.03272],[7.250,0.03484],[7.500,0.03700],[7.750,0.03925],[8.000,0.04161],[8.250,0.04409],[8.500,0.04671],[8.750,0.05303],[9.000,0.05663],[9.250,0.07926],[9.500,0.08255],[9.750,0.08904],[10.000,0.09641],[10.250,0.10145],],[[-10.500,0.11361],[-10.250,0.10494],[-10.000,0.09247],[-9.750,0.09248],[-9.500,0.09139],[-9.250,0.08830],[-9.000,0.08356],[-8.750,0.07616],[-8.500,0.06668],[-8.250,0.06076],[-8.000,0.06448],[-7.750,0.06176],[-7.500,0.05923],[-7.250,0.05659],[-6.750,0.03800],[-6.500,0.03550],[-6.250,0.03277],[-6.000,0.03027],[-5.750,0.02798],[-5.500,0.02606],[-5.250,0.02448],[-5.000,0.02322],[-4.750,0.02188],[-4.500,0.02067],[-4.250,0.01997],[-4.000,0.01940],[-3.750,0.01815],[-3.500,0.01746],[-3.250,0.01661],[-3.000,0.01585],[-2.750,0.01508],[-2.500,0.01126],[-2.250,0.01174],[-2.000,0.01228],[-1.750,0.01290],[-1.500,0.01352],[-1.250,0.01413],[-1.000,0.01492],[-0.750,0.01578],[-0.500,0.01641],[-0.250,0.01670],[0.000,0.01684],[0.250,0.01688],[0.500,0.01704],[0.750,0.01704],[1.000,0.01714],[1.250,0.01703],[1.500,0.01714],[1.750,0.01741],[2.000,0.01733],[2.250,0.01693],[2.500,0.01654],[2.750,0.01602],[3.000,0.01542],[3.250,0.01486],[3.500,0.01418],[3.750,0.01447],[4.000,0.01541],[4.250,0.01606],[4.500,0.01653],[4.750,0.01693],[5.000,0.01732],[5.250,0.01757],[5.500,0.01818],[5.750,0.01885],[6.000,0.01968],[6.250,0.02048],[6.500,0.02122],[6.750,0.02183],[7.000,0.02300],[7.250,0.02427],[7.500,0.02570],[7.750,0.02723],[8.000,0.02900],[8.250,0.03128],[8.500,0.03398],[8.750,0.03701],[9.000,0.04419],[9.250,0.06754],[9.500,0.07076],[9.750,0.07376],[10.000,0.07707],[10.250,0.08270],[10.500,0.08882],],[[-9.500,0.06480],[-9.250,0.06197],[-9.000,0.05958],[-8.750,0.05707],[-8.500,0.03964],[-8.250,0.03643],[-8.000,0.03231],[-7.750,0.02829],[-7.500,0.02597],[-7.250,0.02429],[-7.000,0.02284],[-6.750,0.02163],[-6.500,0.02056],[-6.250,0.01961],[-6.000,0.01880],[-5.750,0.01816],[-5.500,0.01699],[-5.250,0.01643],[-5.000,0.01598],[-4.750,0.01552],[-4.500,0.01483],[-4.250,0.01429],[-4.000,0.01391],[-3.750,0.01338],[-3.500,0.01305],[-3.250,0.01267],[-3.000,0.01246],[-2.750,0.01209],[-2.500,0.01171],[-2.250,0.01074],[-2.000,0.00869],[-1.750,0.00830],[-1.500,0.00842],[-1.250,0.00861],[-1.000,0.00881],[-0.750,0.00918],[-0.500,0.00964],[-0.250,0.00980],[0.000,0.00977],[0.250,0.00964],[0.500,0.00944],[0.750,0.00945],[1.000,0.00943],[1.250,0.00927],[1.500,0.00910],[1.750,0.00884],[2.000,0.00849],[2.250,0.00879],[2.500,0.00993],[2.750,0.01082],[3.000,0.01148],[3.250,0.01204],[3.500,0.01240],[3.750,0.01269],[4.000,0.01292],[4.250,0.01316],[4.500,0.01370],[4.750,0.01431],[5.000,0.01478],[5.250,0.01514],[5.500,0.01567],[5.750,0.01616],[6.000,0.01667],[6.250,0.01724],[6.500,0.01813],[6.750,0.01902],[7.000,0.01975],[7.250,0.02062],[7.500,0.02164],[7.750,0.02280],[8.000,0.02409],[8.250,0.02545],[8.500,0.02695],[8.750,0.02870],[9.000,0.03091],[9.250,0.03340],[9.500,0.03610],[9.750,0.03935],[10.000,0.07122],[10.250,0.07889],],[[-13.000,0.05546],[-12.750,0.05097],[-12.500,0.04739],[-12.250,0.04426],[-12.000,0.04170],[-11.750,0.03933],[-11.500,0.03725],[-11.250,0.03545],[-11.000,0.03406],[-10.750,0.03244],[-10.500,0.03013],[-10.250,0.02785],[-10.000,0.02584],[-9.750,0.02436],[-9.500,0.02320],[-9.250,0.02225],[-9.000,0.02140],[-8.750,0.02064],[-8.500,0.01986],[-8.250,0.01909],[-8.000,0.01836],[-7.750,0.01766],[-7.500,0.01699],[-7.250,0.01639],[-7.000,0.01583],[-6.750,0.01537],[-6.500,0.01453],[-6.250,0.01388],[-6.000,0.01346],[-5.750,0.01309],[-5.500,0.01275],[-5.250,0.01245],[-5.000,0.01196],[-4.750,0.01168],[-4.500,0.01146],[-4.250,0.01113],[-4.000,0.01093],[-3.750,0.01065],[-3.500,0.01047],[-3.250,0.01025],[-3.000,0.01005],[-2.750,0.00976],[-2.500,0.00935],[-2.250,0.00860],[-2.000,0.00784],[-1.750,0.00687],[-1.500,0.00639],[-1.250,0.00617],[-1.000,0.00587],[-0.750,0.00567],[-0.500,0.00550],[-0.250,0.00530],[0.000,0.00521],[0.250,0.00513],[0.500,0.00502],[0.750,0.00496],[1.000,0.00493],[1.250,0.00541],[1.500,0.00643],[1.750,0.00717],[2.000,0.00778],[2.250,0.00829],[2.500,0.00875],[2.750,0.00909],[3.000,0.00931],[3.250,0.00953],[3.500,0.00970],[3.750,0.00994],[4.000,0.01036],[4.250,0.01077],[4.500,0.01110],[4.750,0.01140],[5.000,0.01172],[5.250,0.01214],[5.500,0.01247],[5.750,0.01284],[6.000,0.01322],[6.250,0.01370],[6.500,0.01441],[6.750,0.01520],[7.000,0.01566],[7.250,0.01617],[7.500,0.01674],[7.750,0.01738],[8.000,0.01812],[8.250,0.01895],[8.500,0.01984],[8.750,0.02082],[9.000,0.02185],[9.250,0.02299],[9.500,0.02420],[9.750,0.02562],[10.000,0.02721],[10.250,0.02896],[10.500,0.03107],[10.750,0.03337],[11.000,0.03608],[11.250,0.03931],[11.500,0.04284],[11.750,0.04666],[12.000,0.05074],[12.250,0.05564],[12.500,0.06177],[12.750,0.07260],],],
{"title":"Cd v Alpha","sortData":false,"legend":{"show":false,"placement":"insideGrid","location":"ne"},"series":[{"showLabel":true,"index":0,"showLine":true,"trendline":{"type":"none","show":false},"color":"#4bb2c5"},{"showLabel":true,"index":0,"showLine":true,"trendline":{"type":"none","show":false},"color":"#EAA228"},{"showLabel":true,"index":0,"showLine":true,"trendline":{"type":"none","show":false},"color":"#839557"},{"showLabel":true,"index":0,"showLine":true,"trendline":{"type":"none","show":false},"color":"#953579"},{"showLabel":true,"index":0,"showLine":true,"trendline":{"type":"none","show":false},"color":"#d8b83f"}],"show":"$.jqplot.config.enablePlugins","axes":{"xaxis":{"max":15,"min":-15,"tickInterval":5,"tickOptions":{"formatString":"%.1f"},"forceTickAt0":true,"rendererOptions":{"forceTickAt0":true}},"yaxis":{"max":0.12,"min":0,"tickInterval":0.02,"tickOptions":{"formatString":"%.2f"},"forceTickAt0":true,"rendererOptions":{"forceTickAt0":true}}},"seriesDefaults":{"lineWidth":1,"showLabel":true,"markerOptions":{"size":5,"show":false}}});
jqplots.push(p);

var p = $.jqplot('effaoa',[[[-7.250,-8.9882964889467],[-7.000,-10.395683453237],[-6.750,-11.691188103148],[-6.500,-13.023863438425],[-6.250,-13.838782412627],[-6.000,-14.902564102564],[-5.750,-15.785619174434],[-5.500,-16.433151270482],[-5.250,-17.021060644506],[-5.000,-17.584147665581],[-4.750,-18.046875],[-4.500,-18.321100917431],[-4.250,-18.672077922078],[-4.000,-18.792221084954],[-3.750,-18.869814020029],[-3.500,-18.878504672897],[-3.250,-19.116719242902],[-3.000,-20.724061810155],[-2.750,-19.72547436415],[-2.500,-9.652887346166],[-2.250,-6.453488372093],[-2.000,-3.9985353350421],[-1.750,-3.6666666666667],[-1.500,-3.3040152963671],[-1.250,-2.9189399844115],[-1.000,-2.5059476605868],[-0.750,-2.078131292791],[-0.500,-1.638741315897],[-0.250,-1.184265010352],[0.000,-0.72925398155909],[0.250,-0.26694915254237],[0.500,0.19683354728284],[0.750,0.65630397236615],[1.000,1.1096605744125],[1.250,1.555652936021],[1.500,1.9929453262787],[1.750,2.4113475177305],[2.000,2.8138913624221],[2.250,3.1992850759607],[2.500,3.5557545902373],[2.750,3.8941229250785],[3.000,4.2010771992819],[3.250,4.47533632287],[3.500,4.7203579418345],[3.750,4.9354120267261],[4.000,5.1832229580574],[4.250,5.5110917790344],[4.500,7.6967688483844],[4.750,21.748112832737],[5.000,21.415797317437],[5.250,20.864111498258],[5.500,20.291135099771],[5.750,19.701538461538],[6.000,19.050230946882],[6.250,18.357843137255],[6.500,17.793585100879],[6.750,16.971899224806],[7.000,16.136830102623],[7.250,15.293739279588],[7.500,14.472037149203],[7.750,13.688415446072],[8.000,12.44752757026],[8.250,11.568140420599],[8.500,10.890538033395],[8.750,6.2432079982612],[9.000,6.0590259672541],[9.500,5.6478886848971],[9.750,5.4581042035604],],[[-8.500,-6.0750331328372],[-8.250,-6.3328050713154],[-8.000,-7.9643303419289],[-7.750,-7.0994570867506],[-7.500,-8.0564417177914],[-7.000,-9.0360155308609],[-6.750,-10.272506777001],[-6.500,-15.498177399757],[-6.250,-17.205882352941],[-6.000,-18.530230204908],[-5.750,-19.504109589041],[-5.500,-20.599284436494],[-5.250,-21.265500794913],[-5.000,-21.781977725278],[-4.750,-22.293610911701],[-4.500,-22.662362324345],[-4.250,-22.801913112794],[-4.000,-23.200845665962],[-3.750,-23.260965883917],[-3.500,-23.350419384902],[-3.250,-23.304007820137],[-3.000,-23.348861283644],[-2.750,-24.369212962963],[-2.500,-25.633717404488],[-2.250,-23.053691275168],[-2.000,-21.060367454068],[-1.750,-19.73040439341],[-1.500,-18.676612127045],[-1.250,-17.818181818182],[-1.000,-17.380952380952],[-0.750,-17.044198895028],[-0.500,-16.184889723135],[-0.250,-15.26139088729],[0.000,-13.935389133627],[0.250,-11.400894187779],[0.500,-8.9582284851535],[0.750,-6.5102040816327],[1.000,-4.6225439503619],[1.250,-2.8242677824268],[1.500,-0.91917591125198],[1.750,0.86702127659574],[2.000,2.6363636363636],[2.250,4.1318327974277],[2.500,4.5215053763441],[2.750,4.8626817447496],[3.000,5.1534733441034],[3.250,6.7590618336887],[3.500,13.278427205101],[3.750,21.849275362319],[4.000,28.885793871866],[4.250,28.704496788009],[4.500,28.580278781621],[4.750,28.218703612073],[5.000,27.564523697794],[5.250,26.893031513538],[5.500,26.60577740017],[5.750,26.279447603574],[6.000,25.834947694692],[6.250,25.281353438764],[6.500,24.678770949721],[6.750,23.825172527111],[7.000,22.637530562347],[7.250,21.578645235362],[7.500,20.510810810811],[7.750,19.434394904459],[8.000,18.353761115117],[8.250,17.298707189839],[8.500,16.34339541854],[8.750,13.933622477843],[9.000,13.344517040438],[9.250,8.2980065606863],[9.500,8.2398546335554],[9.750,8.0031446540881],[10.000,6.5636344777513],[10.250,6.2158698866437],],[[-10.500,-4.2003344775988],[-10.250,-4.8770726129217],[-10.000,-6.1068454633935],[-9.750,-5.7796280276817],[-9.500,-5.7052193894299],[-9.250,-5.8822197055493],[-9.000,-6.2996649114409],[-8.750,-7.1756827731092],[-8.500,-8.8377324535093],[-8.250,-10.348913759052],[-8.000,-12.338709677419],[-7.750,-12.738018134715],[-7.500,-13.214587202431],[-7.250,-13.797490722743],[-6.750,-21.039473684211],[-6.500,-21.991549295775],[-6.250,-23.240768996033],[-6.000,-24.476379253386],[-5.750,-25.689778413152],[-5.500,-26.692248656946],[-5.250,-27.438725490196],[-5.000,-27.881136950904],[-4.750,-28.487202925046],[-4.500,-29.008224479923],[-4.250,-28.78818227341],[-4.000,-28.324742268041],[-3.750,-28.909090909091],[-3.500,-28.545246277205],[-3.250,-28.332329921734],[-3.000,-27.83596214511],[-2.750,-27.181697612732],[-2.500,-30.346358792185],[-2.250,-27.947189097104],[-2.000,-25.211726384365],[-1.750,-22.713178294574],[-1.500,-20.488165680473],[-1.250,-18.478414720453],[-1.000,-16.769436997319],[-0.750,-15.4309252218],[-0.500,-14.78366849482],[-0.250,-13.706586826347],[0.000,-12.250593824228],[0.250,-11.220379146919],[0.500,-9.8708920187793],[0.750,-9.2018779342723],[1.000,-7.6779463243874],[1.250,-6.8232530827951],[1.500,-4.708284714119],[1.750,-1.2291786329696],[2.000,2.5158684362377],[2.250,5.3396337861784],[2.500,8.1438935912938],[2.750,11.229712858926],[3.000,14.332036316472],[3.250,17.045760430686],[3.500,20.394922425952],[3.750,25.96406357982],[4.000,24.834523036989],[4.250,24.782067247821],[4.500,25.359951603146],[4.750,26.237448316598],[5.000,27.15935334873],[5.250,27.990893568583],[5.500,28.228822882288],[5.750,28.466843501326],[6.000,28.526422764228],[6.250,28.7451171875],[6.500,28.694627709708],[6.750,28.987631699496],[7.000,28.621739130435],[7.250,28.261227853317],[7.500,27.778210116732],[7.750,27.109805361733],[8.000,26.189655172414],[8.250,24.942455242967],[8.500,23.513831665686],[8.750,22.069710888949],[9.000,18.447612582032],[9.250,10.833580100681],[9.500,10.391464104014],[9.750,10.077277657267],[10.000,9.9403140002595],[10.250,9.1172914147521],[10.500,7.9542895744202],],[[-9.500,-11.901234567901],[-9.250,-13.077295465548],[-9.000,-14.239677744209],[-8.750,-15.205887506571],[-8.500,-23.259334006054],[-8.250,-25.193521822674],[-8.000,-28.263695450325],[-7.750,-31.926475786497],[-7.500,-34.127839815171],[-7.250,-35.685467270482],[-7.000,-37.035901926445],[-6.750,-38.095238095238],[-6.500,-38.97859922179],[-6.250,-39.673635900051],[-6.000,-40.11170212766],[-5.750,-40.176211453745],[-5.500,-41.518540317834],[-5.250,-41.405964698722],[-5.000,-40.963704630788],[-4.750,-40.489690721649],[-4.500,-40.525960890088],[-4.250,-40.111966410077],[-4.000,-39.202012940331],[-3.750,-38.550074738416],[-3.500,-37.340996168582],[-3.250,-36.11681136543],[-3.000,-34.422150882825],[-2.750,-32.936311000827],[-2.500,-31.289496157131],[-2.250,-30.232774674115],[-2.000,-28.860759493671],[-1.750,-25.21686746988],[-1.500,-21.603325415677],[-1.250,-18.164924506388],[-1.000,-14.801362088536],[-0.750,-10.130718954248],[-0.500,-5.3526970954357],[-0.250,-0.23469387755102],[0.000,3.6233367451382],[0.250,8.2676348547718],[0.500,13.167372881356],[0.750,16.179894179894],[1.000,19.522799575822],[1.250,23.991370010787],[1.500,27.505494505495],[1.750,32.024886877828],[2.000,38.468786808009],[2.250,42.536973833902],[2.500,38.569989929507],[2.750,36.959334565619],[3.000,36.698606271777],[3.250,36.943521594684],[3.500,37.935483870968],[3.750,39.227738376675],[4.000,40.804953560372],[4.250,42.401215805471],[4.500,42.401459854015],[4.750,42.222222222222],[5.000,42.550744248985],[5.250,43.216644649934],[5.500,43.331206126356],[5.750,43.613861386139],[6.000,43.881223755249],[6.250,44.013921113689],[6.500,43.359073359073],[6.750,42.502628811777],[7.000,42.126582278481],[7.250,41.498545101843],[7.500,40.633086876155],[7.750,39.592105263158],[8.000,38.439186384392],[8.250,37.300589390963],[8.500,36.074211502783],[8.750,34.641114982578],[9.000,32.798447104497],[9.250,30.745508982036],[9.500,28.734072022161],[9.750,26.559085133418],[10.000,12.382757652345],[10.250,10.788439599442],],[[-13.000,-17.776776054814],[-12.750,-19.690013733569],[-12.500,-21.485545473729],[-12.250,-23.321283325802],[-12.000,-25.026378896882],[-11.750,-26.842105263158],[-11.500,-28.652348993289],[-11.250,-30.448519040903],[-11.000,-32.113916617733],[-10.750,-34.001233045623],[-10.500,-36.72087620312],[-10.250,-39.673249551167],[-10.000,-42.519349845201],[-9.750,-44.634646962233],[-9.500,-46.237068965517],[-9.250,-47.460674157303],[-9.000,-48.495327102804],[-8.750,-49.341085271318],[-8.500,-49.979859013092],[-8.250,-50.529072812991],[-8.000,-50.964052287582],[-7.750,-51.325028312571],[-7.500,-51.589170100059],[-7.250,-51.622940817572],[-7.000,-51.528742893241],[-6.750,-51.086532205595],[-6.500,-51.975223675155],[-6.250,-52.42795389049],[-6.000,-51.916790490342],[-5.750,-51.09243697479],[-5.500,-50.03137254902],[-5.250,-48.714859437751],[-5.000,-48.060200668896],[-4.750,-46.489726027397],[-4.500,-44.581151832461],[-4.250,-42.92902066487],[-4.000,-40.658737419945],[-3.750,-38.535211267606],[-3.500,-35.969436485196],[-3.250,-33.424390243902],[-3.000,-30.666666666667],[-2.750,-28.422131147541],[-2.500,-26.310160427807],[-2.250,-23.941860465116],[-2.000,-20.701530612245],[-1.750,-17.336244541485],[-1.500,-11.815336463224],[-1.250,-5.9319286871961],[-1.000,1.4821124361158],[-0.750,9.9823633156966],[-0.500,15.981818181818],[-0.250,24.150943396226],[0.000,31.017274472169],[0.250,36.959064327485],[0.500,43.864541832669],[0.750,50.725806451613],[1.000,58.073022312373],[1.250,57.597042513863],[1.500,50.575427682737],[1.750,48.242677824268],[2.000,47.45501285347],[2.250,47.527141133896],[2.500,47.977142857143],[2.750,49.141914191419],[3.000,50.998925886144],[3.250,52.780692549843],[3.500,54.680412371134],[3.750,56.066398390342],[4.000,56.274131274131],[4.250,56.555246053853],[4.500,57.279279279279],[4.750,58.157894736842],[5.000,58.873720136519],[5.250,59.044481054366],[5.500,59.671210906175],[5.750,60.06230529595],[6.000,60.35552193646],[6.250,60.102189781022],[6.500,58.806384455239],[6.750,57.302631578947],[7.000,57.241379310345],[7.250,56.994434137291],[7.500,56.541218637993],[7.750,55.874568469505],[8.000,54.922737306843],[8.250,53.77308707124],[8.500,52.545362903226],[8.750,51.176753121998],[9.000,49.784897025172],[9.250,48.225315354502],[9.500,46.644628099174],[9.750,44.789227166276],[10.000,42.800441014333],[10.250,40.745856353591],[10.500,38.37785645317],[10.750,36.023374288283],[11.000,33.456208425721],[11.250,30.666497074536],[11.500,27.955182072829],[11.750,25.195027861123],[12.000,22.635001970832],[12.250,20.106038820992],[12.500,17.628298526793],[12.750,14.519283746556],],],
{"title":"Cl\/Cd v Alpha","sortData":false,"legend":{"show":false,"placement":"insideGrid","location":"ne"},"series":[{"showLabel":true,"index":0,"showLine":true,"trendline":{"type":"none","show":false},"color":"#4bb2c5"},{"showLabel":true,"index":0,"showLine":true,"trendline":{"type":"none","show":false},"color":"#EAA228"},{"showLabel":true,"index":0,"showLine":true,"trendline":{"type":"none","show":false},"color":"#839557"},{"showLabel":true,"index":0,"showLine":true,"trendline":{"type":"none","show":false},"color":"#953579"},{"showLabel":true,"index":0,"showLine":true,"trendline":{"type":"none","show":false},"color":"#d8b83f"}],"show":"$.jqplot.config.enablePlugins","axes":{"xaxis":{"max":15,"min":-15,"tickInterval":5,"tickOptions":{"formatString":"%.1f"},"forceTickAt0":true,"rendererOptions":{"forceTickAt0":true}},"yaxis":{"max":80,"min":-60,"tickInterval":20,"tickOptions":{"formatString":"%d"},"forceTickAt0":true,"rendererOptions":{"forceTickAt0":true}}},"seriesDefaults":{"lineWidth":1,"showLabel":true,"markerOptions":{"size":5,"show":false}}});
jqplots.push(p);

});
/*]]>*/
</script>
</body>
</html>