<!DOCTYPE html>
<html lang="en">
<head>
<link rel="stylesheet" type="text/css" href="/assets/62ff72f1/jquery.jqplot.min.css" media="screen, projection, print" />
<style type="text/css">
/*<![CDATA[*/
.jqplot-title {font-size:1.8em;padding:3px;}.jqplot-xaxis {font-size:0.8em;padding-top:3px;}.jqplot-yaxis {font-size:0.8em;padding-right:3px;}
/*]]>*/
</style>
<!--[if lt IE 9]><script type="text/javascript" src="/assets/62ff72f1/excanvas.min.js"></script></script><![endif]-->
<script type="text/javascript" src="/assets/780cfc96/jquery.min.js"></script>
<script type="text/javascript" src="/assets/62ff72f1/jquery.min.js"></script>
<script type="text/javascript" src="/assets/62ff72f1/jquery.jqplot.min.js"></script>
<script type="text/javascript">
/*<![CDATA[*/
var jqplots = [];

/*]]>*/
</script>
<title>Airfoil polar plot</title>
<meta http-equiv="Content-Language" content="en-gb"/>
<meta http-equiv="Content-Type" content="text/html; charset=windows-1252"/>
<meta content="none" name="robots" />
<meta name="copyright" content="Copyright 2010-2013. All Rights Reserved" />
</head>
<body>

<table style="width:800px;">
<tr><td>
<div id="liftdrag" style="height:400px;width:398px;margin:auto;display:inline-block;"></div>
</td><td>
<div id="liftaoa" style="height:400px;width:398px;margin:auto;display:inline-block;"></div>
</td></tr>
<tr><td>
<div id="effaoa" style="height:400px;width:398px;margin:auto;display:inline-block;"></div>
</td><td>
<div id="dragaoa" style="height:400px;width:398px;margin:auto;display:inline-block;"></div>
</td></tr>
<tr><td>
<div id="momentaoa" style="height:400px;width:398px;margin:auto;display:inline-block;"></div>
</td><td>
</td></tr>

</table>
<script type="text/javascript">
/*<![CDATA[*/
jQuery(window).load(function() {
var p = $.jqplot('liftdrag',[[[0.11576,-0.3336],[0.11056,-0.3099],[0.10970,-0.3299],[0.10454,-0.3073],[0.10115,-0.3007],[0.08253,-0.4345],[0.07949,-0.4212],[0.07479,-0.4942],[0.07228,-0.5143],[0.06752,-0.5862],[0.06450,-0.5886],[0.06140,-0.5969],[0.05793,-0.6057],[0.05436,-0.6110],[0.05087,-0.6110],[0.04765,-0.6058],[0.04487,-0.5958],[0.04222,-0.5826],[0.03989,-0.5667],[0.03792,-0.5492],[0.03617,-0.5307],[0.03474,-0.5113],[0.03343,-0.4936],[0.03227,-0.4752],[0.03111,-0.4550],[0.02905,-0.4167],[0.02791,-0.3951],[0.02935,-0.3756],[0.03050,-0.3575],[0.03141,-0.3395],[0.03221,-0.3169],[0.03249,-0.3028],[0.03299,-0.2782],[0.03405,-0.2149],[0.03539,-0.0980],[0.03613,0.0308],[0.03623,0.1467],[0.03624,0.1997],[0.03653,0.1941],[0.03683,0.1839],[0.03711,0.1788],[0.03738,0.1974],[0.03761,0.1631],[0.03816,0.1653],[0.03883,0.1983],[0.03966,0.2076],[0.04061,0.2233],[0.04146,0.2560],[0.04246,0.2737],[0.04360,0.2873],[0.04457,0.3167],[0.04567,0.3373],[0.04703,0.3477],[0.04810,0.3757],[0.04932,0.3952],[0.05097,0.4025],[0.05203,0.4331],[0.05363,0.4435],[0.05539,0.4533],[0.05626,0.4913],[0.05865,0.4843],[0.06027,0.5027],[0.06181,0.5232],[0.06428,0.5233],[0.06527,0.5604],[0.06845,0.5452],[0.06993,0.5735],[0.07306,0.5645],[0.07469,0.5908],[0.07805,0.5824],[0.07962,0.6112],[0.08327,0.6038],[0.08680,0.6022],[0.09043,0.6087],[0.09971,0.5568],[0.10121,0.5521],[0.10388,0.5603],[0.10769,0.5901],[0.10960,0.5934],[0.11195,0.5940],[0.11556,0.6141],[0.11886,0.6361],[0.12057,0.6280],[0.12374,0.6371],[0.12778,0.6631],[0.12985,0.6638],[0.13257,0.6640],[0.13613,0.6788],[0.14068,0.7071],[0.14207,0.6963],[0.14504,0.7008],[0.14904,0.7158],[0.15338,0.7378],[0.15570,0.7406],[0.15813,0.7343],],[[0.10532,-0.3613],[0.10250,-0.3457],[0.09887,-0.3900],[0.09502,-0.3573],[0.09207,-0.3467],[0.05941,-0.5938],[0.04768,-0.5916],[0.04298,-0.5655],[0.03896,-0.5385],[0.03543,-0.5053],[0.03286,-0.4751],[0.03055,-0.4349],[0.02887,-0.4018],[0.02723,-0.3596],[0.02589,-0.3265],[0.02463,-0.2855],[0.02343,-0.2581],[0.02110,-0.2319],[0.01973,-0.2185],[0.01941,-0.1839],[0.01972,-0.1654],[0.02010,-0.1414],[0.02028,-0.1112],[0.02051,-0.0894],[0.02051,-0.0583],[0.02073,-0.0385],[0.02064,-0.0081],[0.02080,0.0103],[0.02084,0.0335],[0.02078,0.0579],[0.02085,0.0784],[0.02067,0.1045],[0.02075,0.1238],[0.02052,0.1519],[0.02061,0.1725],[0.02034,0.2050],[0.02045,0.2310],[0.02023,0.2700],[0.02026,0.3086],[0.02017,0.3538],[0.01999,0.4027],[0.01994,0.4576],[0.01955,0.5112],[0.01953,0.5601],[0.01940,0.6074],[0.01935,0.6212],[0.01963,0.6285],[0.01953,0.6442],[0.01994,0.6511],[0.02005,0.6703],[0.02029,0.6897],[0.02061,0.7108],[0.02063,0.7382],[0.02108,0.7588],[0.02112,0.7874],[0.02149,0.8098],[0.02186,0.8334],[0.02191,0.8625],[0.02242,0.8833],[0.02261,0.9109],[0.02292,0.9354],[0.02340,0.9576],[0.02340,0.9890],[0.02401,1.0081],[0.02443,1.0319],[0.02453,1.0610],[0.02517,1.0800],[0.02551,1.1049],[0.02571,1.1321],[0.02634,1.1506],[0.02671,1.1748],[0.02684,1.2029],[0.02748,1.2197],[0.02789,1.2402],[0.02808,1.2637],[0.02817,1.2884],[0.02845,1.3073],[0.02888,1.3215],[0.02931,1.3351],[0.02975,1.3474],[0.03025,1.3575],[0.03083,1.3650],[0.03147,1.3681],[0.03227,1.3682],[0.03330,1.3651],[0.03463,1.3593],[0.03633,1.3509],[0.03847,1.3401],[0.04102,1.3284],[0.04400,1.3155],[0.04739,1.3018],[0.05112,1.2878],[0.05509,1.2741],[0.05939,1.2601],[0.06364,1.2486],[0.06809,1.2370],[0.07231,1.2279],[0.07666,1.2197],[0.08077,1.2140],[0.08395,1.2141],[0.08782,1.2117],[0.09040,1.2174],[0.09485,1.2126],[0.09764,1.2175],[0.10013,1.2270],[0.10521,1.2200],[0.11072,1.2111],[0.11678,1.1997],[0.12365,1.1845],[0.13167,1.1648],[0.14119,1.1397],[0.15292,1.1076],[0.16635,1.0726],[0.18062,1.0401],],[[0.11079,-0.3748],[0.10261,-0.4079],[0.09589,-0.4148],[0.09451,-0.3959],[0.09218,-0.3855],[0.08906,-0.3809],[0.08510,-0.3820],[0.05832,-0.5148],[0.04032,-0.5260],[0.03313,-0.5159],[0.03126,-0.4885],[0.02927,-0.4587],[0.02680,-0.4367],[0.02436,-0.4122],[0.02305,-0.3896],[0.02184,-0.3670],[0.02075,-0.3441],[0.01983,-0.3228],[0.01899,-0.3012],[0.01823,-0.2798],[0.01761,-0.2579],[0.01666,-0.2384],[0.01613,-0.2158],[0.01525,-0.1946],[0.01355,-0.1787],[0.01288,-0.1571],[0.01244,-0.1338],[0.01218,-0.1102],[0.01206,-0.0850],[0.01206,-0.0599],[0.01208,-0.0341],[0.01210,-0.0080],[0.01210,0.0184],[0.01209,0.0450],[0.01210,0.0714],[0.01208,0.0983],[0.01208,0.1247],[0.01206,0.1517],[0.01205,0.1779],[0.01204,0.2047],[0.01203,0.2311],[0.01203,0.2577],[0.01201,0.2842],[0.01202,0.3103],[0.01201,0.3364],[0.01202,0.3618],[0.01201,0.3877],[0.01202,0.4122],[0.01203,0.4376],[0.01204,0.4616],[0.01206,0.4871],[0.01207,0.5153],[0.01213,0.5496],[0.01218,0.5900],[0.01226,0.6333],[0.01235,0.6794],[0.01242,0.7254],[0.01255,0.7390],[0.01270,0.7597],[0.01288,0.7823],[0.01307,0.8076],[0.01326,0.8320],[0.01347,0.8574],[0.01367,0.8830],[0.01390,0.9079],[0.01413,0.9342],[0.01435,0.9585],[0.01461,0.9837],[0.01486,1.0090],[0.01513,1.0331],[0.01541,1.0580],[0.01568,1.0820],[0.01599,1.1055],[0.01632,1.1300],[0.01662,1.1524],[0.01697,1.1749],[0.01732,1.1972],[0.01764,1.2178],[0.01799,1.2371],[0.01838,1.2559],[0.01878,1.2735],[0.01924,1.2905],[0.01971,1.3057],[0.02022,1.3195],[0.02076,1.3294],[0.02140,1.3359],[0.02218,1.3410],[0.02312,1.3449],[0.02425,1.3478],[0.02560,1.3495],[0.02716,1.3506],[0.02896,1.3500],[0.03095,1.3491],[0.03338,1.3445],[0.03616,1.3375],[0.03928,1.3289],[0.04263,1.3198],[0.04629,1.3094],[0.05014,1.2991],[0.05425,1.2885],[0.05863,1.2770],[0.06347,1.2637],[0.06809,1.2532],[0.07287,1.2427],[0.07789,1.2308],[0.08206,1.2262],[0.08645,1.2206],[0.09076,1.2138],],[[0.09014,-0.4192],[0.08517,-0.4227],[0.03147,-0.6022],[0.02812,-0.5970],[0.02642,-0.5827],[0.02445,-0.5672],[0.02249,-0.5489],[0.02095,-0.5288],[0.01968,-0.5068],[0.01859,-0.4844],[0.01765,-0.4614],[0.01682,-0.4379],[0.01605,-0.4145],[0.01537,-0.3904],[0.01479,-0.3663],[0.01399,-0.3430],[0.01322,-0.3200],[0.01270,-0.2949],[0.01229,-0.2693],[0.01192,-0.2430],[0.01161,-0.2164],[0.01122,-0.1900],[0.01087,-0.1633],[0.00998,-0.1399],[0.00931,-0.1150],[0.00887,-0.0893],[0.00848,-0.0629],[0.00823,-0.0362],[0.00805,-0.0088],[0.00794,0.0187],[0.00786,0.0462],[0.00783,0.0740],[0.00783,0.1020],[0.00782,0.1303],[0.00785,0.1584],[0.00784,0.1867],[0.00788,0.2148],[0.00789,0.2433],[0.00792,0.2713],[0.00792,0.2994],[0.00796,0.3275],[0.00801,0.3836],[0.00805,0.4114],[0.00808,0.4394],[0.00814,0.4671],[0.00816,0.4947],[0.00822,0.5219],[0.00824,0.5493],[0.00832,0.5761],[0.00833,0.6030],[0.00841,0.6291],[0.00843,0.6551],[0.00849,0.6796],[0.00851,0.7039],[0.00857,0.7309],[0.00867,0.7680],[0.00879,0.8093],[0.00898,0.8360],[0.00910,0.8622],[0.00929,0.8879],[0.00946,0.9139],[0.00964,0.9399],[0.01003,0.9912],[0.01026,1.0164],[0.01049,1.0415],[0.01071,1.0668],[0.01099,1.0909],[0.01122,1.1156],[0.01148,1.1396],[0.01179,1.1628],[0.01212,1.1851],[0.01247,1.2070],[0.01278,1.2293],[0.01315,1.2504],[0.01356,1.2703],[0.01401,1.2890],[0.01451,1.3058],[0.01507,1.3189],[0.01570,1.3294],[0.01645,1.3383],[0.01725,1.3477],[0.01819,1.3551],[0.01933,1.3601],[0.02064,1.3635],[0.02211,1.3661],[0.02379,1.3667],[0.02560,1.3670],[0.02744,1.3685],[0.02960,1.3672],[0.03172,1.3675],[0.03409,1.3663],[0.03692,1.3614],[0.04014,1.3538],[0.04291,1.3522],[0.04659,1.3434],[0.04949,1.3431],[0.05282,1.3399],[0.05656,1.3342],[0.06075,1.3261],[0.06523,1.3170],[0.06888,1.3149],[0.07302,1.3099],[0.07698,1.3068],[0.08133,1.3017],[0.08587,1.2957],[0.09060,1.2893],[0.09567,1.2813],[0.10091,1.2725],[0.10619,1.2640],],[[0.12232,-0.4258],[0.07794,-0.5672],[0.06307,-0.6204],[0.05490,-0.6486],[0.04852,-0.6731],[0.04307,-0.6979],[0.04004,-0.7084],[0.03661,-0.7277],[0.03270,-0.7235],[0.03070,-0.7285],[0.02854,-0.7286],[0.02688,-0.7209],[0.02525,-0.7098],[0.02370,-0.6958],[0.02236,-0.6792],[0.02113,-0.6608],[0.02001,-0.6408],[0.01941,-0.6185],[0.01895,-0.5948],[0.01791,-0.5731],[0.01601,-0.5543],[0.01508,-0.5323],[0.01436,-0.5089],[0.01378,-0.4847],[0.01327,-0.4599],[0.01276,-0.4349],[0.01230,-0.4095],[0.01186,-0.3838],[0.01146,-0.3579],[0.01109,-0.3314],[0.01077,-0.3048],[0.01052,-0.2775],[0.01007,-0.2514],[0.00977,-0.2240],[0.00955,-0.1965],[0.00936,-0.1686],[0.00919,-0.1407],[0.00890,-0.1134],[0.00831,-0.0875],[0.00782,-0.0614],[0.00738,-0.0348],[0.00710,-0.0077],[0.00685,0.0200],[0.00666,0.0475],[0.00653,0.0758],[0.00644,0.1039],[0.00636,0.1322],[0.00633,0.1605],[0.00632,0.1892],[0.00633,0.2179],[0.00635,0.2466],[0.00638,0.2753],[0.00640,0.3039],[0.00642,0.3326],[0.00647,0.3611],[0.00650,0.3898],[0.00654,0.4181],[0.00658,0.4468],[0.00663,0.4750],[0.00666,0.5035],[0.00673,0.5316],[0.00677,0.5600],[0.00683,0.5879],[0.00687,0.6161],[0.00699,0.6716],[0.00707,0.6989],[0.00711,0.7264],[0.00718,0.7532],[0.00730,0.8057],[0.00737,0.8303],[0.00741,0.8543],[0.00754,0.8871],[0.00767,0.9242],[0.00784,0.9507],[0.00803,0.9769],[0.00819,1.0035],[0.00840,1.0294],[0.00859,1.0556],[0.00880,1.0813],[0.00905,1.1065],[0.00933,1.1311],[0.00963,1.1552],[0.00994,1.1792],[0.01022,1.2033],[0.01058,1.2260],[0.01096,1.2483],[0.01136,1.2698],[0.01182,1.2899],[0.01233,1.3087],[0.01293,1.3252],[0.01356,1.3398],[0.01429,1.3482],[0.01502,1.3554],[0.01592,1.3604],[0.01690,1.3654],[0.01792,1.3712],[0.01897,1.3778],[0.02016,1.3831],[0.02144,1.3882],[0.02286,1.3925],[0.02428,1.3978],[0.02625,1.3969],[0.02981,1.4038],[0.03203,1.4036],[0.03401,1.4072],[0.03595,1.4118],[0.03832,1.4127],[0.04063,1.4151],[0.04355,1.4127],[0.04704,1.4062],[0.04978,1.4074],[0.05273,1.4076],[0.05593,1.4062],[0.05935,1.4039],[0.06265,1.4032],[0.06655,1.3987],[0.07036,1.3953],[0.07454,1.3901],[0.07901,1.3837],[0.08369,1.3764],[0.08850,1.3690],[0.09366,1.3601],[0.09924,1.3492],[0.10468,1.3397],[0.11127,1.3243],[0.11710,1.3137],],],
{"title":"Cl v Cd","sortData":false,"legend":{"show":false,"placement":"insideGrid","location":"ne"},"series":[{"showLabel":true,"index":0,"showLine":true,"trendline":{"type":"none","show":false},"color":"#4bb2c5"},{"showLabel":true,"index":0,"showLine":true,"trendline":{"type":"none","show":false},"color":"#EAA228"},{"showLabel":true,"index":0,"showLine":true,"trendline":{"type":"none","show":false},"color":"#839557"},{"showLabel":true,"index":0,"showLine":true,"trendline":{"type":"none","show":false},"color":"#953579"},{"showLabel":true,"index":0,"showLine":true,"trendline":{"type":"none","show":false},"color":"#d8b83f"}],"show":"$.jqplot.config.enablePlugins","axes":{"xaxis":{"max":0.2,"min":0,"tickInterval":0.02,"tickOptions":{"formatString":"%.2f"},"forceTickAt0":true,"rendererOptions":{"forceTickAt0":true}},"yaxis":{"max":1.5,"min":-1,"tickInterval":0.5,"tickOptions":{"formatString":"%.2f"},"forceTickAt0":true,"rendererOptions":{"forceTickAt0":true}}},"seriesDefaults":{"lineWidth":1,"showLabel":true,"markerOptions":{"size":5,"show":false}}});
jqplots.push(p);

var p = $.jqplot('liftaoa',[[[-10.000,-0.3336],[-9.750,-0.3099],[-9.500,-0.3299],[-9.250,-0.3073],[-9.000,-0.3007],[-8.750,-0.4345],[-8.500,-0.4212],[-8.250,-0.4942],[-8.000,-0.5143],[-7.750,-0.5862],[-7.500,-0.5886],[-7.250,-0.5969],[-7.000,-0.6057],[-6.750,-0.6110],[-6.500,-0.6110],[-6.250,-0.6058],[-6.000,-0.5958],[-5.750,-0.5826],[-5.500,-0.5667],[-5.250,-0.5492],[-5.000,-0.5307],[-4.750,-0.5113],[-4.500,-0.4936],[-4.250,-0.4752],[-4.000,-0.4550],[-3.750,-0.4167],[-3.500,-0.3951],[-3.250,-0.3756],[-3.000,-0.3575],[-2.750,-0.3395],[-2.500,-0.3169],[-2.250,-0.3028],[-2.000,-0.2782],[-1.750,-0.2149],[-1.500,-0.0980],[-1.250,0.0308],[-1.000,0.1467],[-0.750,0.1997],[-0.500,0.1941],[-0.250,0.1839],[0.000,0.1788],[0.250,0.1974],[0.500,0.1631],[0.750,0.1653],[1.000,0.1983],[1.250,0.2076],[1.500,0.2233],[1.750,0.2560],[2.000,0.2737],[2.250,0.2873],[2.500,0.3167],[2.750,0.3373],[3.000,0.3477],[3.250,0.3757],[3.500,0.3952],[3.750,0.4025],[4.000,0.4331],[4.250,0.4435],[4.500,0.4533],[4.750,0.4913],[5.000,0.4843],[5.250,0.5027],[5.500,0.5232],[5.750,0.5233],[6.000,0.5604],[6.250,0.5452],[6.500,0.5735],[6.750,0.5645],[7.000,0.5908],[7.250,0.5824],[7.500,0.6112],[7.750,0.6038],[8.000,0.6022],[8.250,0.6087],[8.500,0.5568],[8.750,0.5521],[9.000,0.5603],[9.250,0.5901],[9.500,0.5934],[9.750,0.5940],[10.000,0.6141],[10.250,0.6361],[10.500,0.6280],[10.750,0.6371],[11.000,0.6631],[11.250,0.6638],[11.500,0.6640],[11.750,0.6788],[12.000,0.7071],[12.250,0.6963],[12.500,0.7008],[12.750,0.7158],[13.000,0.7378],[13.250,0.7406],[13.500,0.7343],],[[-10.250,-0.3613],[-10.000,-0.3457],[-9.750,-0.3900],[-9.500,-0.3573],[-9.250,-0.3467],[-7.750,-0.5938],[-7.500,-0.5916],[-7.250,-0.5655],[-7.000,-0.5385],[-6.750,-0.5053],[-6.500,-0.4751],[-6.250,-0.4349],[-6.000,-0.4018],[-5.750,-0.3596],[-5.500,-0.3265],[-5.250,-0.2855],[-5.000,-0.2581],[-4.750,-0.2319],[-4.500,-0.2185],[-4.250,-0.1839],[-4.000,-0.1654],[-3.750,-0.1414],[-3.500,-0.1112],[-3.250,-0.0894],[-3.000,-0.0583],[-2.750,-0.0385],[-2.500,-0.0081],[-2.250,0.0103],[-2.000,0.0335],[-1.750,0.0579],[-1.500,0.0784],[-1.250,0.1045],[-1.000,0.1238],[-0.750,0.1519],[-0.500,0.1725],[-0.250,0.2050],[0.000,0.2310],[0.250,0.2700],[0.500,0.3086],[0.750,0.3538],[1.000,0.4027],[1.250,0.4576],[1.500,0.5112],[1.750,0.5601],[2.000,0.6074],[2.250,0.6212],[2.500,0.6285],[2.750,0.6442],[3.000,0.6511],[3.250,0.6703],[3.500,0.6897],[3.750,0.7108],[4.000,0.7382],[4.250,0.7588],[4.500,0.7874],[4.750,0.8098],[5.000,0.8334],[5.250,0.8625],[5.500,0.8833],[5.750,0.9109],[6.000,0.9354],[6.250,0.9576],[6.500,0.9890],[6.750,1.0081],[7.000,1.0319],[7.250,1.0610],[7.500,1.0800],[7.750,1.1049],[8.000,1.1321],[8.250,1.1506],[8.500,1.1748],[8.750,1.2029],[9.000,1.2197],[9.250,1.2402],[9.500,1.2637],[9.750,1.2884],[10.000,1.3073],[10.250,1.3215],[10.500,1.3351],[10.750,1.3474],[11.000,1.3575],[11.250,1.3650],[11.500,1.3681],[11.750,1.3682],[12.000,1.3651],[12.250,1.3593],[12.500,1.3509],[12.750,1.3401],[13.000,1.3284],[13.250,1.3155],[13.500,1.3018],[13.750,1.2878],[14.000,1.2741],[14.250,1.2601],[14.500,1.2486],[14.750,1.2370],[15.000,1.2279],[15.250,1.2197],[15.500,1.2140],[15.750,1.2141],[16.000,1.2117],[16.250,1.2174],[16.500,1.2126],[16.750,1.2175],[17.000,1.2270],[17.250,1.2200],[17.500,1.2111],[17.750,1.1997],[18.000,1.1845],[18.250,1.1648],[18.500,1.1397],[18.750,1.1076],[19.000,1.0726],[19.250,1.0401],],[[-11.250,-0.3748],[-11.000,-0.4079],[-10.750,-0.4148],[-10.500,-0.3959],[-10.250,-0.3855],[-10.000,-0.3809],[-9.750,-0.3820],[-8.750,-0.5148],[-8.500,-0.5260],[-8.250,-0.5159],[-8.000,-0.4885],[-7.750,-0.4587],[-7.500,-0.4367],[-7.250,-0.4122],[-7.000,-0.3896],[-6.750,-0.3670],[-6.500,-0.3441],[-6.250,-0.3228],[-6.000,-0.3012],[-5.750,-0.2798],[-5.500,-0.2579],[-5.250,-0.2384],[-5.000,-0.2158],[-4.750,-0.1946],[-4.500,-0.1787],[-4.250,-0.1571],[-4.000,-0.1338],[-3.750,-0.1102],[-3.500,-0.0850],[-3.250,-0.0599],[-3.000,-0.0341],[-2.750,-0.0080],[-2.500,0.0184],[-2.250,0.0450],[-2.000,0.0714],[-1.750,0.0983],[-1.500,0.1247],[-1.250,0.1517],[-1.000,0.1779],[-0.750,0.2047],[-0.500,0.2311],[-0.250,0.2577],[0.000,0.2842],[0.250,0.3103],[0.500,0.3364],[0.750,0.3618],[1.000,0.3877],[1.250,0.4122],[1.500,0.4376],[1.750,0.4616],[2.000,0.4871],[2.250,0.5153],[2.500,0.5496],[2.750,0.5900],[3.000,0.6333],[3.250,0.6794],[3.500,0.7254],[3.750,0.7390],[4.000,0.7597],[4.250,0.7823],[4.500,0.8076],[4.750,0.8320],[5.000,0.8574],[5.250,0.8830],[5.500,0.9079],[5.750,0.9342],[6.000,0.9585],[6.250,0.9837],[6.500,1.0090],[6.750,1.0331],[7.000,1.0580],[7.250,1.0820],[7.500,1.1055],[7.750,1.1300],[8.000,1.1524],[8.250,1.1749],[8.500,1.1972],[8.750,1.2178],[9.000,1.2371],[9.250,1.2559],[9.500,1.2735],[9.750,1.2905],[10.000,1.3057],[10.250,1.3195],[10.500,1.3294],[10.750,1.3359],[11.000,1.3410],[11.250,1.3449],[11.500,1.3478],[11.750,1.3495],[12.000,1.3506],[12.250,1.3500],[12.500,1.3491],[12.750,1.3445],[13.000,1.3375],[13.250,1.3289],[13.500,1.3198],[13.750,1.3094],[14.000,1.2991],[14.250,1.2885],[14.500,1.2770],[14.750,1.2637],[15.000,1.2532],[15.250,1.2427],[15.500,1.2308],[15.750,1.2262],[16.000,1.2206],[16.250,1.2138],],[[-11.000,-0.4192],[-10.750,-0.4227],[-9.250,-0.6022],[-9.000,-0.5970],[-8.750,-0.5827],[-8.500,-0.5672],[-8.250,-0.5489],[-8.000,-0.5288],[-7.750,-0.5068],[-7.500,-0.4844],[-7.250,-0.4614],[-7.000,-0.4379],[-6.750,-0.4145],[-6.500,-0.3904],[-6.250,-0.3663],[-6.000,-0.3430],[-5.750,-0.3200],[-5.500,-0.2949],[-5.250,-0.2693],[-5.000,-0.2430],[-4.750,-0.2164],[-4.500,-0.1900],[-4.250,-0.1633],[-4.000,-0.1399],[-3.750,-0.1150],[-3.500,-0.0893],[-3.250,-0.0629],[-3.000,-0.0362],[-2.750,-0.0088],[-2.500,0.0187],[-2.250,0.0462],[-2.000,0.0740],[-1.750,0.1020],[-1.500,0.1303],[-1.250,0.1584],[-1.000,0.1867],[-0.750,0.2148],[-0.500,0.2433],[-0.250,0.2713],[0.000,0.2994],[0.250,0.3275],[0.750,0.3836],[1.000,0.4114],[1.250,0.4394],[1.500,0.4671],[1.750,0.4947],[2.000,0.5219],[2.250,0.5493],[2.500,0.5761],[2.750,0.6030],[3.000,0.6291],[3.250,0.6551],[3.500,0.6796],[3.750,0.7039],[4.000,0.7309],[4.250,0.7680],[4.500,0.8093],[4.750,0.8360],[5.000,0.8622],[5.250,0.8879],[5.500,0.9139],[5.750,0.9399],[6.250,0.9912],[6.500,1.0164],[6.750,1.0415],[7.000,1.0668],[7.250,1.0909],[7.500,1.1156],[7.750,1.1396],[8.000,1.1628],[8.250,1.1851],[8.500,1.2070],[8.750,1.2293],[9.000,1.2504],[9.250,1.2703],[9.500,1.2890],[9.750,1.3058],[10.000,1.3189],[10.250,1.3294],[10.500,1.3383],[10.750,1.3477],[11.000,1.3551],[11.250,1.3601],[11.500,1.3635],[11.750,1.3661],[12.000,1.3667],[12.250,1.3670],[12.500,1.3685],[12.750,1.3672],[13.000,1.3675],[13.250,1.3663],[13.500,1.3614],[13.750,1.3538],[14.000,1.3522],[14.250,1.3434],[14.500,1.3431],[14.750,1.3399],[15.000,1.3342],[15.250,1.3261],[15.500,1.3170],[15.750,1.3149],[16.000,1.3099],[16.250,1.3068],[16.500,1.3017],[16.750,1.2957],[17.000,1.2893],[17.250,1.2813],[17.500,1.2725],[17.750,1.2640],],[[-13.000,-0.4258],[-12.750,-0.5672],[-12.500,-0.6204],[-12.250,-0.6486],[-12.000,-0.6731],[-11.750,-0.6979],[-11.500,-0.7084],[-11.250,-0.7277],[-11.000,-0.7235],[-10.750,-0.7285],[-10.500,-0.7286],[-10.250,-0.7209],[-10.000,-0.7098],[-9.750,-0.6958],[-9.500,-0.6792],[-9.250,-0.6608],[-9.000,-0.6408],[-8.750,-0.6185],[-8.500,-0.5948],[-8.250,-0.5731],[-8.000,-0.5543],[-7.750,-0.5323],[-7.500,-0.5089],[-7.250,-0.4847],[-7.000,-0.4599],[-6.750,-0.4349],[-6.500,-0.4095],[-6.250,-0.3838],[-6.000,-0.3579],[-5.750,-0.3314],[-5.500,-0.3048],[-5.250,-0.2775],[-5.000,-0.2514],[-4.750,-0.2240],[-4.500,-0.1965],[-4.250,-0.1686],[-4.000,-0.1407],[-3.750,-0.1134],[-3.500,-0.0875],[-3.250,-0.0614],[-3.000,-0.0348],[-2.750,-0.0077],[-2.500,0.0200],[-2.250,0.0475],[-2.000,0.0758],[-1.750,0.1039],[-1.500,0.1322],[-1.250,0.1605],[-1.000,0.1892],[-0.750,0.2179],[-0.500,0.2466],[-0.250,0.2753],[0.000,0.3039],[0.250,0.3326],[0.500,0.3611],[0.750,0.3898],[1.000,0.4181],[1.250,0.4468],[1.500,0.4750],[1.750,0.5035],[2.000,0.5316],[2.250,0.5600],[2.500,0.5879],[2.750,0.6161],[3.250,0.6716],[3.500,0.6989],[3.750,0.7264],[4.000,0.7532],[4.500,0.8057],[4.750,0.8303],[5.000,0.8543],[5.250,0.8871],[5.500,0.9242],[5.750,0.9507],[6.000,0.9769],[6.250,1.0035],[6.500,1.0294],[6.750,1.0556],[7.000,1.0813],[7.250,1.1065],[7.500,1.1311],[7.750,1.1552],[8.000,1.1792],[8.250,1.2033],[8.500,1.2260],[8.750,1.2483],[9.000,1.2698],[9.250,1.2899],[9.500,1.3087],[9.750,1.3252],[10.000,1.3398],[10.250,1.3482],[10.500,1.3554],[10.750,1.3604],[11.000,1.3654],[11.250,1.3712],[11.500,1.3778],[11.750,1.3831],[12.000,1.3882],[12.250,1.3925],[12.500,1.3978],[12.750,1.3969],[13.250,1.4038],[13.500,1.4036],[13.750,1.4072],[14.000,1.4118],[14.250,1.4127],[14.500,1.4151],[14.750,1.4127],[15.000,1.4062],[15.250,1.4074],[15.500,1.4076],[15.750,1.4062],[16.000,1.4039],[16.250,1.4032],[16.500,1.3987],[16.750,1.3953],[17.000,1.3901],[17.250,1.3837],[17.500,1.3764],[17.750,1.3690],[18.000,1.3601],[18.250,1.3492],[18.500,1.3397],[18.750,1.3243],[19.000,1.3137],],],
{"title":"Cl v Alpha","sortData":false,"legend":{"show":false,"placement":"insideGrid","location":"ne"},"series":[{"showLabel":true,"index":0,"showLine":true,"trendline":{"type":"none","show":false},"color":"#4bb2c5"},{"showLabel":true,"index":0,"showLine":true,"trendline":{"type":"none","show":false},"color":"#EAA228"},{"showLabel":true,"index":0,"showLine":true,"trendline":{"type":"none","show":false},"color":"#839557"},{"showLabel":true,"index":0,"showLine":true,"trendline":{"type":"none","show":false},"color":"#953579"},{"showLabel":true,"index":0,"showLine":true,"trendline":{"type":"none","show":false},"color":"#d8b83f"}],"show":"$.jqplot.config.enablePlugins","axes":{"xaxis":{"max":20,"min":-15,"tickInterval":5,"tickOptions":{"formatString":"%.1f"},"forceTickAt0":true,"rendererOptions":{"forceTickAt0":true}},"yaxis":{"max":1.5,"min":-1,"tickInterval":0.5,"tickOptions":{"formatString":"%.2f"},"forceTickAt0":true,"rendererOptions":{"forceTickAt0":true}}},"seriesDefaults":{"lineWidth":1,"showLabel":true,"markerOptions":{"size":5,"show":false}}});
jqplots.push(p);

var p = $.jqplot('momentaoa',[[[-10.000,-0.0252],[-9.750,-0.0249],[-9.500,-0.0259],[-9.250,-0.0258],[-9.000,-0.0260],[-8.750,-0.0499],[-8.500,-0.0477],[-8.250,-0.0473],[-8.000,-0.0445],[-7.750,-0.0427],[-7.500,-0.0405],[-7.250,-0.0386],[-7.000,-0.0369],[-6.750,-0.0355],[-6.500,-0.0343],[-6.250,-0.0332],[-6.000,-0.0321],[-5.750,-0.0311],[-5.500,-0.0302],[-5.250,-0.0292],[-5.000,-0.0282],[-4.750,-0.0272],[-4.500,-0.0262],[-4.250,-0.0251],[-4.000,-0.0241],[-3.750,-0.0264],[-3.500,-0.0245],[-3.250,-0.0208],[-3.000,-0.0169],[-2.750,-0.0129],[-2.500,-0.0099],[-2.250,-0.0063],[-2.000,-0.0042],[-1.750,-0.0091],[-1.500,-0.0250],[-1.250,-0.0445],[-1.000,-0.0625],[-0.750,-0.0693],[-0.500,-0.0664],[-0.250,-0.0628],[0.000,-0.0598],[0.250,-0.0600],[0.500,-0.0527],[0.750,-0.0505],[1.000,-0.0523],[1.250,-0.0511],[1.500,-0.0508],[1.750,-0.0523],[2.000,-0.0521],[2.250,-0.0514],[2.500,-0.0524],[2.750,-0.0524],[3.000,-0.0515],[3.250,-0.0522],[3.500,-0.0521],[3.750,-0.0512],[4.000,-0.0520],[4.250,-0.0513],[4.500,-0.0507],[4.750,-0.0518],[5.000,-0.0503],[5.250,-0.0503],[5.500,-0.0504],[5.750,-0.0497],[6.000,-0.0505],[6.250,-0.0494],[6.500,-0.0498],[6.750,-0.0493],[7.000,-0.0496],[7.250,-0.0494],[7.500,-0.0497],[7.750,-0.0499],[8.000,-0.0504],[8.250,-0.0514],[8.500,-0.0559],[8.750,-0.0549],[9.000,-0.0551],[9.250,-0.0567],[9.500,-0.0563],[9.750,-0.0561],[10.000,-0.0572],[10.250,-0.0580],[10.500,-0.0575],[10.750,-0.0580],[11.000,-0.0591],[11.250,-0.0591],[11.500,-0.0595],[11.750,-0.0602],[12.000,-0.0612],[12.250,-0.0612],[12.500,-0.0618],[12.750,-0.0627],[13.000,-0.0634],[13.250,-0.0638],[13.500,-0.0649],],[[-10.250,-0.0370],[-10.000,-0.0361],[-9.750,-0.0439],[-9.500,-0.0401],[-9.250,-0.0397],[-7.750,-0.0476],[-7.500,-0.0514],[-7.250,-0.0539],[-7.000,-0.0558],[-6.750,-0.0580],[-6.500,-0.0591],[-6.250,-0.0616],[-6.000,-0.0625],[-5.750,-0.0651],[-5.500,-0.0664],[-5.250,-0.0685],[-5.000,-0.0687],[-4.750,-0.0691],[-4.500,-0.0675],[-4.250,-0.0682],[-4.000,-0.0658],[-3.750,-0.0641],[-3.500,-0.0633],[-3.250,-0.0614],[-3.000,-0.0608],[-2.750,-0.0585],[-2.500,-0.0576],[-2.250,-0.0553],[-2.000,-0.0535],[-1.750,-0.0519],[-1.500,-0.0500],[-1.250,-0.0486],[-1.000,-0.0467],[-0.750,-0.0455],[-0.500,-0.0439],[-0.250,-0.0435],[0.000,-0.0431],[0.250,-0.0444],[0.500,-0.0464],[0.750,-0.0495],[1.000,-0.0533],[1.250,-0.0588],[1.500,-0.0634],[1.750,-0.0683],[2.000,-0.0726],[2.250,-0.0708],[2.500,-0.0683],[2.750,-0.0664],[3.000,-0.0637],[3.250,-0.0623],[3.500,-0.0610],[3.750,-0.0601],[4.000,-0.0598],[4.250,-0.0589],[4.500,-0.0587],[4.750,-0.0580],[5.000,-0.0575],[5.250,-0.0574],[5.500,-0.0566],[5.750,-0.0563],[6.000,-0.0558],[6.250,-0.0551],[6.500,-0.0553],[6.750,-0.0543],[7.000,-0.0537],[7.250,-0.0536],[7.500,-0.0526],[7.750,-0.0521],[8.000,-0.0518],[8.250,-0.0507],[8.500,-0.0501],[8.750,-0.0499],[9.000,-0.0485],[9.250,-0.0475],[9.500,-0.0467],[9.750,-0.0461],[10.000,-0.0448],[10.250,-0.0429],[10.500,-0.0410],[10.750,-0.0389],[11.000,-0.0367],[11.250,-0.0341],[11.500,-0.0310],[11.750,-0.0277],[12.000,-0.0245],[12.250,-0.0216],[12.500,-0.0190],[12.750,-0.0169],[13.000,-0.0152],[13.250,-0.0140],[13.500,-0.0133],[13.750,-0.0130],[14.000,-0.0130],[14.250,-0.0134],[14.500,-0.0138],[14.750,-0.0145],[15.000,-0.0152],[15.250,-0.0161],[15.500,-0.0167],[15.750,-0.0166],[16.000,-0.0174],[16.250,-0.0170],[16.500,-0.0184],[16.750,-0.0187],[17.000,-0.0180],[17.250,-0.0198],[17.500,-0.0221],[17.750,-0.0248],[18.000,-0.0284],[18.250,-0.0330],[18.500,-0.0389],[18.750,-0.0465],[19.000,-0.0553],[19.250,-0.0640],],[[-11.250,-0.0344],[-11.000,-0.0451],[-10.750,-0.0477],[-10.500,-0.0447],[-10.250,-0.0443],[-10.000,-0.0451],[-9.750,-0.0470],[-8.750,-0.0712],[-8.500,-0.0759],[-8.250,-0.0765],[-8.000,-0.0772],[-7.750,-0.0782],[-7.500,-0.0777],[-7.250,-0.0776],[-7.000,-0.0768],[-6.750,-0.0757],[-6.500,-0.0745],[-6.250,-0.0731],[-6.000,-0.0718],[-5.750,-0.0704],[-5.500,-0.0692],[-5.250,-0.0677],[-5.000,-0.0668],[-4.750,-0.0656],[-4.500,-0.0642],[-4.250,-0.0634],[-4.000,-0.0625],[-3.750,-0.0616],[-3.500,-0.0607],[-3.250,-0.0599],[-3.000,-0.0590],[-2.750,-0.0584],[-2.500,-0.0577],[-2.250,-0.0571],[-2.000,-0.0565],[-1.750,-0.0559],[-1.500,-0.0554],[-1.250,-0.0548],[-1.000,-0.0544],[-0.750,-0.0538],[-0.500,-0.0534],[-0.250,-0.0529],[0.000,-0.0524],[0.250,-0.0519],[0.500,-0.0512],[0.750,-0.0506],[1.000,-0.0499],[1.250,-0.0490],[1.500,-0.0482],[1.750,-0.0472],[2.000,-0.0465],[2.250,-0.0463],[2.500,-0.0475],[2.750,-0.0501],[3.000,-0.0534],[3.250,-0.0574],[3.500,-0.0615],[3.750,-0.0595],[4.000,-0.0585],[4.250,-0.0578],[4.500,-0.0575],[4.750,-0.0570],[5.000,-0.0567],[5.250,-0.0565],[5.500,-0.0561],[5.750,-0.0559],[6.000,-0.0555],[6.250,-0.0552],[6.500,-0.0549],[6.750,-0.0544],[7.000,-0.0541],[7.250,-0.0536],[7.500,-0.0530],[7.750,-0.0526],[8.000,-0.0519],[8.250,-0.0512],[8.500,-0.0505],[8.750,-0.0495],[9.000,-0.0484],[9.250,-0.0472],[9.500,-0.0458],[9.750,-0.0444],[10.000,-0.0427],[10.250,-0.0409],[10.500,-0.0384],[10.750,-0.0356],[11.000,-0.0330],[11.250,-0.0304],[11.500,-0.0281],[11.750,-0.0260],[12.000,-0.0241],[12.250,-0.0224],[12.500,-0.0209],[12.750,-0.0196],[13.000,-0.0184],[13.250,-0.0176],[13.500,-0.0170],[13.750,-0.0168],[14.000,-0.0168],[14.250,-0.0171],[14.500,-0.0176],[14.750,-0.0185],[15.000,-0.0194],[15.250,-0.0206],[15.500,-0.0219],[15.750,-0.0230],[16.000,-0.0243],[16.250,-0.0253],],[[-11.000,-0.0434],[-10.750,-0.0461],[-9.250,-0.0725],[-9.000,-0.0704],[-8.750,-0.0689],[-8.500,-0.0674],[-8.250,-0.0662],[-8.000,-0.0651],[-7.750,-0.0643],[-7.500,-0.0635],[-7.250,-0.0627],[-7.000,-0.0621],[-6.750,-0.0613],[-6.500,-0.0608],[-6.250,-0.0601],[-6.000,-0.0595],[-5.750,-0.0588],[-5.500,-0.0584],[-5.250,-0.0581],[-5.000,-0.0578],[-4.750,-0.0575],[-4.500,-0.0572],[-4.250,-0.0570],[-4.000,-0.0567],[-3.750,-0.0566],[-3.500,-0.0564],[-3.250,-0.0564],[-3.000,-0.0562],[-2.750,-0.0562],[-2.500,-0.0561],[-2.250,-0.0560],[-2.000,-0.0559],[-1.750,-0.0558],[-1.500,-0.0558],[-1.250,-0.0558],[-1.000,-0.0558],[-0.750,-0.0558],[-0.500,-0.0558],[-0.250,-0.0558],[0.000,-0.0558],[0.250,-0.0558],[0.750,-0.0558],[1.000,-0.0558],[1.250,-0.0558],[1.500,-0.0557],[1.750,-0.0557],[2.000,-0.0555],[2.250,-0.0554],[2.500,-0.0552],[2.750,-0.0550],[3.000,-0.0546],[3.250,-0.0542],[3.500,-0.0534],[3.750,-0.0525],[4.000,-0.0522],[4.250,-0.0542],[4.500,-0.0573],[4.750,-0.0574],[5.000,-0.0572],[5.250,-0.0570],[5.500,-0.0569],[5.750,-0.0567],[6.250,-0.0562],[6.500,-0.0560],[6.750,-0.0557],[7.000,-0.0554],[7.250,-0.0550],[7.500,-0.0546],[7.750,-0.0542],[8.000,-0.0536],[8.250,-0.0529],[8.500,-0.0522],[8.750,-0.0515],[9.000,-0.0507],[9.250,-0.0497],[9.500,-0.0485],[9.750,-0.0470],[10.000,-0.0450],[10.250,-0.0425],[10.500,-0.0401],[10.750,-0.0379],[11.000,-0.0356],[11.250,-0.0332],[11.500,-0.0310],[11.750,-0.0288],[12.000,-0.0268],[12.250,-0.0250],[12.500,-0.0235],[12.750,-0.0221],[13.000,-0.0210],[13.250,-0.0200],[13.500,-0.0192],[13.750,-0.0185],[14.000,-0.0182],[14.250,-0.0181],[14.500,-0.0182],[14.750,-0.0184],[15.000,-0.0189],[15.250,-0.0197],[15.500,-0.0207],[15.750,-0.0216],[16.000,-0.0227],[16.250,-0.0239],[16.500,-0.0253],[16.750,-0.0268],[17.000,-0.0285],[17.250,-0.0305],[17.500,-0.0325],[17.750,-0.0347],],[[-13.000,-0.0262],[-12.750,-0.0473],[-12.500,-0.0584],[-12.250,-0.0648],[-12.000,-0.0693],[-11.750,-0.0722],[-11.500,-0.0731],[-11.250,-0.0727],[-11.000,-0.0758],[-10.750,-0.0729],[-10.500,-0.0703],[-10.250,-0.0684],[-10.000,-0.0668],[-9.750,-0.0655],[-9.500,-0.0643],[-9.250,-0.0633],[-9.000,-0.0625],[-8.750,-0.0618],[-8.500,-0.0614],[-8.250,-0.0607],[-8.000,-0.0597],[-7.750,-0.0590],[-7.500,-0.0585],[-7.250,-0.0581],[-7.000,-0.0577],[-6.750,-0.0573],[-6.500,-0.0570],[-6.250,-0.0567],[-6.000,-0.0564],[-5.750,-0.0563],[-5.500,-0.0561],[-5.250,-0.0560],[-5.000,-0.0557],[-4.750,-0.0557],[-4.500,-0.0556],[-4.250,-0.0556],[-4.000,-0.0556],[-3.750,-0.0556],[-3.500,-0.0555],[-3.250,-0.0555],[-3.000,-0.0555],[-2.750,-0.0556],[-2.500,-0.0557],[-2.250,-0.0557],[-2.000,-0.0558],[-1.750,-0.0559],[-1.500,-0.0560],[-1.250,-0.0561],[-1.000,-0.0562],[-0.750,-0.0563],[-0.500,-0.0565],[-0.250,-0.0566],[0.000,-0.0568],[0.250,-0.0569],[0.500,-0.0570],[0.750,-0.0572],[1.000,-0.0573],[1.250,-0.0574],[1.500,-0.0575],[1.750,-0.0577],[2.000,-0.0578],[2.250,-0.0579],[2.500,-0.0579],[2.750,-0.0580],[3.250,-0.0581],[3.500,-0.0580],[3.750,-0.0580],[4.000,-0.0578],[4.500,-0.0572],[4.750,-0.0565],[5.000,-0.0556],[5.250,-0.0568],[5.500,-0.0590],[5.750,-0.0589],[6.000,-0.0588],[6.250,-0.0587],[6.500,-0.0585],[6.750,-0.0584],[7.000,-0.0582],[7.250,-0.0580],[7.500,-0.0576],[7.750,-0.0572],[8.000,-0.0568],[8.250,-0.0564],[8.500,-0.0558],[8.750,-0.0551],[9.000,-0.0543],[9.250,-0.0534],[9.500,-0.0522],[9.750,-0.0507],[10.000,-0.0489],[10.250,-0.0461],[10.500,-0.0431],[10.750,-0.0401],[11.000,-0.0373],[11.250,-0.0348],[11.500,-0.0327],[11.750,-0.0306],[12.000,-0.0286],[12.250,-0.0268],[12.500,-0.0253],[12.750,-0.0235],[13.250,-0.0212],[13.500,-0.0201],[13.750,-0.0194],[14.000,-0.0188],[14.250,-0.0183],[14.500,-0.0180],[14.750,-0.0178],[15.000,-0.0177],[15.250,-0.0179],[15.500,-0.0182],[15.750,-0.0186],[16.000,-0.0192],[16.250,-0.0199],[16.500,-0.0209],[16.750,-0.0219],[17.000,-0.0231],[17.250,-0.0246],[17.500,-0.0262],[17.750,-0.0279],[18.000,-0.0299],[18.250,-0.0322],[18.500,-0.0345],[18.750,-0.0374],[19.000,-0.0401],],],
{"title":"Cm v Alpha","sortData":false,"legend":{"show":false,"placement":"insideGrid","location":"ne"},"series":[{"showLabel":true,"index":0,"showLine":true,"trendline":{"type":"none","show":false},"color":"#4bb2c5"},{"showLabel":true,"index":0,"showLine":true,"trendline":{"type":"none","show":false},"color":"#EAA228"},{"showLabel":true,"index":0,"showLine":true,"trendline":{"type":"none","show":false},"color":"#839557"},{"showLabel":true,"index":0,"showLine":true,"trendline":{"type":"none","show":false},"color":"#953579"},{"showLabel":true,"index":0,"showLine":true,"trendline":{"type":"none","show":false},"color":"#d8b83f"}],"show":"$.jqplot.config.enablePlugins","axes":{"xaxis":{"max":20,"min":-15,"tickInterval":5,"tickOptions":{"formatString":"%.1f"},"forceTickAt0":true,"rendererOptions":{"forceTickAt0":true}},"yaxis":{"max":0,"min":-0.08,"tickInterval":0.01,"tickOptions":{"formatString":"%.2f"},"forceTickAt0":true,"rendererOptions":{"forceTickAt0":true}}},"seriesDefaults":{"lineWidth":1,"showLabel":true,"markerOptions":{"size":5,"show":false}}});
jqplots.push(p);

var p = $.jqplot('dragaoa',[[[-10.000,0.11576],[-9.750,0.11056],[-9.500,0.10970],[-9.250,0.10454],[-9.000,0.10115],[-8.750,0.08253],[-8.500,0.07949],[-8.250,0.07479],[-8.000,0.07228],[-7.750,0.06752],[-7.500,0.06450],[-7.250,0.06140],[-7.000,0.05793],[-6.750,0.05436],[-6.500,0.05087],[-6.250,0.04765],[-6.000,0.04487],[-5.750,0.04222],[-5.500,0.03989],[-5.250,0.03792],[-5.000,0.03617],[-4.750,0.03474],[-4.500,0.03343],[-4.250,0.03227],[-4.000,0.03111],[-3.750,0.02905],[-3.500,0.02791],[-3.250,0.02935],[-3.000,0.03050],[-2.750,0.03141],[-2.500,0.03221],[-2.250,0.03249],[-2.000,0.03299],[-1.750,0.03405],[-1.500,0.03539],[-1.250,0.03613],[-1.000,0.03623],[-0.750,0.03624],[-0.500,0.03653],[-0.250,0.03683],[0.000,0.03711],[0.250,0.03738],[0.500,0.03761],[0.750,0.03816],[1.000,0.03883],[1.250,0.03966],[1.500,0.04061],[1.750,0.04146],[2.000,0.04246],[2.250,0.04360],[2.500,0.04457],[2.750,0.04567],[3.000,0.04703],[3.250,0.04810],[3.500,0.04932],[3.750,0.05097],[4.000,0.05203],[4.250,0.05363],[4.500,0.05539],[4.750,0.05626],[5.000,0.05865],[5.250,0.06027],[5.500,0.06181],[5.750,0.06428],[6.000,0.06527],[6.250,0.06845],[6.500,0.06993],[6.750,0.07306],[7.000,0.07469],[7.250,0.07805],[7.500,0.07962],[7.750,0.08327],[8.000,0.08680],[8.250,0.09043],[8.500,0.09971],[8.750,0.10121],[9.000,0.10388],[9.250,0.10769],[9.500,0.10960],[9.750,0.11195],[10.000,0.11556],[10.250,0.11886],[10.500,0.12057],[10.750,0.12374],[11.000,0.12778],[11.250,0.12985],[11.500,0.13257],[11.750,0.13613],[12.000,0.14068],[12.250,0.14207],[12.500,0.14504],[12.750,0.14904],[13.000,0.15338],[13.250,0.15570],[13.500,0.15813],],[[-10.250,0.10532],[-10.000,0.10250],[-9.750,0.09887],[-9.500,0.09502],[-9.250,0.09207],[-7.750,0.05941],[-7.500,0.04768],[-7.250,0.04298],[-7.000,0.03896],[-6.750,0.03543],[-6.500,0.03286],[-6.250,0.03055],[-6.000,0.02887],[-5.750,0.02723],[-5.500,0.02589],[-5.250,0.02463],[-5.000,0.02343],[-4.750,0.02110],[-4.500,0.01973],[-4.250,0.01941],[-4.000,0.01972],[-3.750,0.02010],[-3.500,0.02028],[-3.250,0.02051],[-3.000,0.02051],[-2.750,0.02073],[-2.500,0.02064],[-2.250,0.02080],[-2.000,0.02084],[-1.750,0.02078],[-1.500,0.02085],[-1.250,0.02067],[-1.000,0.02075],[-0.750,0.02052],[-0.500,0.02061],[-0.250,0.02034],[0.000,0.02045],[0.250,0.02023],[0.500,0.02026],[0.750,0.02017],[1.000,0.01999],[1.250,0.01994],[1.500,0.01955],[1.750,0.01953],[2.000,0.01940],[2.250,0.01935],[2.500,0.01963],[2.750,0.01953],[3.000,0.01994],[3.250,0.02005],[3.500,0.02029],[3.750,0.02061],[4.000,0.02063],[4.250,0.02108],[4.500,0.02112],[4.750,0.02149],[5.000,0.02186],[5.250,0.02191],[5.500,0.02242],[5.750,0.02261],[6.000,0.02292],[6.250,0.02340],[6.500,0.02340],[6.750,0.02401],[7.000,0.02443],[7.250,0.02453],[7.500,0.02517],[7.750,0.02551],[8.000,0.02571],[8.250,0.02634],[8.500,0.02671],[8.750,0.02684],[9.000,0.02748],[9.250,0.02789],[9.500,0.02808],[9.750,0.02817],[10.000,0.02845],[10.250,0.02888],[10.500,0.02931],[10.750,0.02975],[11.000,0.03025],[11.250,0.03083],[11.500,0.03147],[11.750,0.03227],[12.000,0.03330],[12.250,0.03463],[12.500,0.03633],[12.750,0.03847],[13.000,0.04102],[13.250,0.04400],[13.500,0.04739],[13.750,0.05112],[14.000,0.05509],[14.250,0.05939],[14.500,0.06364],[14.750,0.06809],[15.000,0.07231],[15.250,0.07666],[15.500,0.08077],[15.750,0.08395],[16.000,0.08782],[16.250,0.09040],[16.500,0.09485],[16.750,0.09764],[17.000,0.10013],[17.250,0.10521],[17.500,0.11072],[17.750,0.11678],[18.000,0.12365],[18.250,0.13167],[18.500,0.14119],[18.750,0.15292],[19.000,0.16635],[19.250,0.18062],],[[-11.250,0.11079],[-11.000,0.10261],[-10.750,0.09589],[-10.500,0.09451],[-10.250,0.09218],[-10.000,0.08906],[-9.750,0.08510],[-8.750,0.05832],[-8.500,0.04032],[-8.250,0.03313],[-8.000,0.03126],[-7.750,0.02927],[-7.500,0.02680],[-7.250,0.02436],[-7.000,0.02305],[-6.750,0.02184],[-6.500,0.02075],[-6.250,0.01983],[-6.000,0.01899],[-5.750,0.01823],[-5.500,0.01761],[-5.250,0.01666],[-5.000,0.01613],[-4.750,0.01525],[-4.500,0.01355],[-4.250,0.01288],[-4.000,0.01244],[-3.750,0.01218],[-3.500,0.01206],[-3.250,0.01206],[-3.000,0.01208],[-2.750,0.01210],[-2.500,0.01210],[-2.250,0.01209],[-2.000,0.01210],[-1.750,0.01208],[-1.500,0.01208],[-1.250,0.01206],[-1.000,0.01205],[-0.750,0.01204],[-0.500,0.01203],[-0.250,0.01203],[0.000,0.01201],[0.250,0.01202],[0.500,0.01201],[0.750,0.01202],[1.000,0.01201],[1.250,0.01202],[1.500,0.01203],[1.750,0.01204],[2.000,0.01206],[2.250,0.01207],[2.500,0.01213],[2.750,0.01218],[3.000,0.01226],[3.250,0.01235],[3.500,0.01242],[3.750,0.01255],[4.000,0.01270],[4.250,0.01288],[4.500,0.01307],[4.750,0.01326],[5.000,0.01347],[5.250,0.01367],[5.500,0.01390],[5.750,0.01413],[6.000,0.01435],[6.250,0.01461],[6.500,0.01486],[6.750,0.01513],[7.000,0.01541],[7.250,0.01568],[7.500,0.01599],[7.750,0.01632],[8.000,0.01662],[8.250,0.01697],[8.500,0.01732],[8.750,0.01764],[9.000,0.01799],[9.250,0.01838],[9.500,0.01878],[9.750,0.01924],[10.000,0.01971],[10.250,0.02022],[10.500,0.02076],[10.750,0.02140],[11.000,0.02218],[11.250,0.02312],[11.500,0.02425],[11.750,0.02560],[12.000,0.02716],[12.250,0.02896],[12.500,0.03095],[12.750,0.03338],[13.000,0.03616],[13.250,0.03928],[13.500,0.04263],[13.750,0.04629],[14.000,0.05014],[14.250,0.05425],[14.500,0.05863],[14.750,0.06347],[15.000,0.06809],[15.250,0.07287],[15.500,0.07789],[15.750,0.08206],[16.000,0.08645],[16.250,0.09076],],[[-11.000,0.09014],[-10.750,0.08517],[-9.250,0.03147],[-9.000,0.02812],[-8.750,0.02642],[-8.500,0.02445],[-8.250,0.02249],[-8.000,0.02095],[-7.750,0.01968],[-7.500,0.01859],[-7.250,0.01765],[-7.000,0.01682],[-6.750,0.01605],[-6.500,0.01537],[-6.250,0.01479],[-6.000,0.01399],[-5.750,0.01322],[-5.500,0.01270],[-5.250,0.01229],[-5.000,0.01192],[-4.750,0.01161],[-4.500,0.01122],[-4.250,0.01087],[-4.000,0.00998],[-3.750,0.00931],[-3.500,0.00887],[-3.250,0.00848],[-3.000,0.00823],[-2.750,0.00805],[-2.500,0.00794],[-2.250,0.00786],[-2.000,0.00783],[-1.750,0.00783],[-1.500,0.00782],[-1.250,0.00785],[-1.000,0.00784],[-0.750,0.00788],[-0.500,0.00789],[-0.250,0.00792],[0.000,0.00792],[0.250,0.00796],[0.750,0.00801],[1.000,0.00805],[1.250,0.00808],[1.500,0.00814],[1.750,0.00816],[2.000,0.00822],[2.250,0.00824],[2.500,0.00832],[2.750,0.00833],[3.000,0.00841],[3.250,0.00843],[3.500,0.00849],[3.750,0.00851],[4.000,0.00857],[4.250,0.00867],[4.500,0.00879],[4.750,0.00898],[5.000,0.00910],[5.250,0.00929],[5.500,0.00946],[5.750,0.00964],[6.250,0.01003],[6.500,0.01026],[6.750,0.01049],[7.000,0.01071],[7.250,0.01099],[7.500,0.01122],[7.750,0.01148],[8.000,0.01179],[8.250,0.01212],[8.500,0.01247],[8.750,0.01278],[9.000,0.01315],[9.250,0.01356],[9.500,0.01401],[9.750,0.01451],[10.000,0.01507],[10.250,0.01570],[10.500,0.01645],[10.750,0.01725],[11.000,0.01819],[11.250,0.01933],[11.500,0.02064],[11.750,0.02211],[12.000,0.02379],[12.250,0.02560],[12.500,0.02744],[12.750,0.02960],[13.000,0.03172],[13.250,0.03409],[13.500,0.03692],[13.750,0.04014],[14.000,0.04291],[14.250,0.04659],[14.500,0.04949],[14.750,0.05282],[15.000,0.05656],[15.250,0.06075],[15.500,0.06523],[15.750,0.06888],[16.000,0.07302],[16.250,0.07698],[16.500,0.08133],[16.750,0.08587],[17.000,0.09060],[17.250,0.09567],[17.500,0.10091],[17.750,0.10619],],[[-13.000,0.12232],[-12.750,0.07794],[-12.500,0.06307],[-12.250,0.05490],[-12.000,0.04852],[-11.750,0.04307],[-11.500,0.04004],[-11.250,0.03661],[-11.000,0.03270],[-10.750,0.03070],[-10.500,0.02854],[-10.250,0.02688],[-10.000,0.02525],[-9.750,0.02370],[-9.500,0.02236],[-9.250,0.02113],[-9.000,0.02001],[-8.750,0.01941],[-8.500,0.01895],[-8.250,0.01791],[-8.000,0.01601],[-7.750,0.01508],[-7.500,0.01436],[-7.250,0.01378],[-7.000,0.01327],[-6.750,0.01276],[-6.500,0.01230],[-6.250,0.01186],[-6.000,0.01146],[-5.750,0.01109],[-5.500,0.01077],[-5.250,0.01052],[-5.000,0.01007],[-4.750,0.00977],[-4.500,0.00955],[-4.250,0.00936],[-4.000,0.00919],[-3.750,0.00890],[-3.500,0.00831],[-3.250,0.00782],[-3.000,0.00738],[-2.750,0.00710],[-2.500,0.00685],[-2.250,0.00666],[-2.000,0.00653],[-1.750,0.00644],[-1.500,0.00636],[-1.250,0.00633],[-1.000,0.00632],[-0.750,0.00633],[-0.500,0.00635],[-0.250,0.00638],[0.000,0.00640],[0.250,0.00642],[0.500,0.00647],[0.750,0.00650],[1.000,0.00654],[1.250,0.00658],[1.500,0.00663],[1.750,0.00666],[2.000,0.00673],[2.250,0.00677],[2.500,0.00683],[2.750,0.00687],[3.250,0.00699],[3.500,0.00707],[3.750,0.00711],[4.000,0.00718],[4.500,0.00730],[4.750,0.00737],[5.000,0.00741],[5.250,0.00754],[5.500,0.00767],[5.750,0.00784],[6.000,0.00803],[6.250,0.00819],[6.500,0.00840],[6.750,0.00859],[7.000,0.00880],[7.250,0.00905],[7.500,0.00933],[7.750,0.00963],[8.000,0.00994],[8.250,0.01022],[8.500,0.01058],[8.750,0.01096],[9.000,0.01136],[9.250,0.01182],[9.500,0.01233],[9.750,0.01293],[10.000,0.01356],[10.250,0.01429],[10.500,0.01502],[10.750,0.01592],[11.000,0.01690],[11.250,0.01792],[11.500,0.01897],[11.750,0.02016],[12.000,0.02144],[12.250,0.02286],[12.500,0.02428],[12.750,0.02625],[13.250,0.02981],[13.500,0.03203],[13.750,0.03401],[14.000,0.03595],[14.250,0.03832],[14.500,0.04063],[14.750,0.04355],[15.000,0.04704],[15.250,0.04978],[15.500,0.05273],[15.750,0.05593],[16.000,0.05935],[16.250,0.06265],[16.500,0.06655],[16.750,0.07036],[17.000,0.07454],[17.250,0.07901],[17.500,0.08369],[17.750,0.08850],[18.000,0.09366],[18.250,0.09924],[18.500,0.10468],[18.750,0.11127],[19.000,0.11710],],],
{"title":"Cd v Alpha","sortData":false,"legend":{"show":false,"placement":"insideGrid","location":"ne"},"series":[{"showLabel":true,"index":0,"showLine":true,"trendline":{"type":"none","show":false},"color":"#4bb2c5"},{"showLabel":true,"index":0,"showLine":true,"trendline":{"type":"none","show":false},"color":"#EAA228"},{"showLabel":true,"index":0,"showLine":true,"trendline":{"type":"none","show":false},"color":"#839557"},{"showLabel":true,"index":0,"showLine":true,"trendline":{"type":"none","show":false},"color":"#953579"},{"showLabel":true,"index":0,"showLine":true,"trendline":{"type":"none","show":false},"color":"#d8b83f"}],"show":"$.jqplot.config.enablePlugins","axes":{"xaxis":{"max":20,"min":-15,"tickInterval":5,"tickOptions":{"formatString":"%.1f"},"forceTickAt0":true,"rendererOptions":{"forceTickAt0":true}},"yaxis":{"max":0.2,"min":0,"tickInterval":0.02,"tickOptions":{"formatString":"%.2f"},"forceTickAt0":true,"rendererOptions":{"forceTickAt0":true}}},"seriesDefaults":{"lineWidth":1,"showLabel":true,"markerOptions":{"size":5,"show":false}}});
jqplots.push(p);

var p = $.jqplot('effaoa',[[[-10.000,-2.8818244644091],[-9.750,-2.803002894356],[-9.500,-3.0072926162261],[-9.250,-2.9395446718959],[-9.000,-2.9728126544736],[-8.750,-5.2647522113171],[-8.500,-5.2987797207196],[-8.250,-6.6078352720952],[-8.000,-7.1153846153846],[-7.750,-8.6818720379147],[-7.500,-9.1255813953488],[-7.250,-9.7214983713355],[-7.000,-10.455722423615],[-6.750,-11.239882266372],[-6.500,-12.011008452919],[-6.250,-12.713536201469],[-6.000,-13.278359705817],[-5.750,-13.799147323543],[-5.500,-14.206568062171],[-5.250,-14.483122362869],[-5.000,-14.672380425767],[-4.750,-14.71790443293],[-4.500,-14.765180975172],[-4.250,-14.725751471955],[-4.000,-14.625522340084],[-3.750,-14.344234079174],[-3.500,-14.156216409889],[-3.250,-12.79727427598],[-3.000,-11.72131147541],[-2.750,-10.808659662528],[-2.500,-9.8385594535858],[-2.250,-9.3197907048323],[-2.000,-8.4328584419521],[-1.750,-6.3113069016153],[-1.500,-2.7691438259395],[-1.250,0.8524771657902],[-1.000,4.0491305547888],[-0.750,5.5104856512141],[-0.500,5.3134410073912],[-0.250,4.9932120553896],[0.000,4.8181083265966],[0.250,5.2808988764045],[0.500,4.3366126030311],[0.750,4.3317610062893],[1.000,5.1068761267062],[1.250,5.2344931921331],[1.500,5.4986456537799],[1.750,6.1746261456826],[2.000,6.4460668864814],[2.250,6.5894495412844],[2.500,7.1056764639892],[2.750,7.3855922925334],[3.000,7.3931533064002],[3.250,7.8108108108108],[3.500,8.0129764801298],[3.750,7.8968020404159],[4.000,8.3240438208726],[4.250,8.2696252097707],[4.500,8.1837876873082],[4.750,8.7326697476004],[5.000,8.2574595055413],[5.250,8.340799734528],[5.500,8.4646497330529],[5.750,8.1409458618544],[6.000,8.5858740615903],[6.250,7.9649379108839],[6.500,8.2010582010582],[6.750,7.7265261428962],[7.000,7.9100281162137],[7.250,7.4618834080717],[7.500,7.676463200201],[7.750,7.2511108442416],[8.000,6.9377880184332],[8.250,6.7311732832025],[8.500,5.5841941630729],[8.750,5.4549945657544],[9.000,5.3937235271467],[9.250,5.4796174203733],[9.500,5.4142335766423],[9.750,5.3059401518535],[10.000,5.3141225337487],[10.250,5.3516742386],[10.500,5.2085925188687],[10.750,5.1486988847584],[11.000,5.1893880106433],[11.250,5.1120523681171],[11.500,5.0086746624425],[11.750,4.9864100492177],[12.000,5.0263008245664],[12.250,4.9011050890406],[12.500,4.8317705460563],[12.750,4.8027375201288],[13.000,4.810275133655],[13.250,4.7565831727681],[13.500,4.6436476316954],],[[-10.250,-3.4304975313331],[-10.000,-3.3726829268293],[-9.750,-3.9445736826135],[-9.500,-3.7602609976847],[-9.250,-3.7656131204518],[-7.750,-9.9949503450598],[-7.500,-12.407718120805],[-7.250,-13.157282456957],[-7.000,-13.821868583162],[-6.750,-14.261924922382],[-6.500,-14.45830797322],[-6.250,-14.235679214403],[-6.000,-13.917561482508],[-5.750,-13.206022769005],[-5.500,-12.611046736192],[-5.250,-11.59155501421],[-5.000,-11.015791720017],[-4.750,-10.990521327014],[-4.500,-11.074505828687],[-4.250,-9.4744976816074],[-4.000,-8.3874239350913],[-3.750,-7.0348258706468],[-3.500,-5.4832347140039],[-3.250,-4.3588493417845],[-3.000,-2.8425158459288],[-2.750,-1.8572117703811],[-2.500,-0.39244186046512],[-2.250,0.49519230769231],[-2.000,1.6074856046065],[-1.750,2.786333012512],[-1.500,3.7601918465228],[-1.250,5.0556361877117],[-1.000,5.966265060241],[-0.750,7.4025341130604],[-0.500,8.3697234352256],[-0.250,10.07866273353],[0.000,11.295843520782],[0.250,13.346515076619],[0.500,15.231984205331],[0.750,17.540902330193],[1.000,20.145072536268],[1.250,22.948846539619],[1.500,26.148337595908],[1.750,28.678955453149],[2.000,31.309278350515],[2.250,32.103359173127],[2.500,32.017320427916],[2.750,32.985151049667],[3.000,32.65295887663],[3.250,33.431421446384],[3.500,33.99211434204],[3.750,34.488112566715],[4.000,35.782840523509],[4.250,35.996204933586],[4.500,37.282196969697],[4.750,37.682643089809],[5.000,38.124428179323],[5.250,39.365586490187],[5.500,39.397859054416],[5.750,40.287483414418],[6.000,40.811518324607],[6.250,40.923076923077],[6.500,42.264957264957],[6.750,41.986672219908],[7.000,42.239050347933],[7.250,43.253159396657],[7.500,42.908224076281],[7.750,43.312426499412],[8.000,44.033450019448],[8.250,43.682611996963],[8.500,43.983526769],[8.750,44.817436661699],[9.000,44.38500727802],[9.250,44.467551093582],[9.500,45.003561253561],[9.750,45.736599219027],[10.000,45.95079086116],[10.250,45.758310249307],[10.500,45.551006482429],[10.750,45.290756302521],[11.000,44.876033057851],[11.250,44.275056762893],[11.500,43.473149030823],[11.750,42.398512550356],[12.000,40.993993993994],[12.250,39.252093560497],[12.500,37.184145334434],[12.750,34.834936314011],[13.000,32.384202827889],[13.250,29.897727272727],[13.500,27.469930365056],[13.750,25.191705790297],[14.000,23.127609366491],[14.250,21.217376662738],[14.500,19.619736015085],[14.750,18.167131737406],[15.000,16.981053796155],[15.250,15.910513957735],[15.500,15.030333044447],[15.750,14.46217986897],[16.000,13.797540423594],[16.250,13.466814159292],[16.500,12.784396415393],[16.750,12.469274887341],[17.000,12.254069709378],[17.250,11.595855907233],[17.500,10.938403179191],[17.750,10.273163212879],[18.000,9.5794581479984],[18.250,8.8463583200425],[18.500,8.0721014236136],[18.750,7.2430028773215],[19.000,6.4478509167418],[19.250,5.7584985051489],],[[-11.250,-3.3829768029606],[-11.000,-3.9752460773804],[-10.750,-4.3257899676713],[-10.500,-4.1889747116707],[-10.250,-4.1820351486223],[-10.000,-4.2768919829329],[-9.750,-4.4888366627497],[-8.750,-8.8271604938272],[-8.500,-13.045634920635],[-8.250,-15.571989133716],[-8.000,-15.626999360205],[-7.750,-15.671335838743],[-7.500,-16.294776119403],[-7.250,-16.92118226601],[-7.000,-16.902386117137],[-6.750,-16.804029304029],[-6.500,-16.58313253012],[-6.250,-16.278366111952],[-6.000,-15.860979462875],[-5.750,-15.348326933626],[-5.500,-14.645088018171],[-5.250,-14.309723889556],[-5.000,-13.378797272164],[-4.750,-12.760655737705],[-4.500,-13.188191881919],[-4.250,-12.197204968944],[-4.000,-10.755627009646],[-3.750,-9.047619047619],[-3.500,-7.0480928689884],[-3.250,-4.9668325041459],[-3.000,-2.8228476821192],[-2.750,-0.66115702479339],[-2.500,1.5206611570248],[-2.250,3.7220843672457],[-2.000,5.900826446281],[-1.750,8.137417218543],[-1.500,10.322847682119],[-1.250,12.578772802653],[-1.000,14.763485477178],[-0.750,17.001661129568],[-0.500,19.210307564422],[-0.250,21.42144638404],[0.000,23.663613655287],[0.250,25.8153078203],[0.500,28.009991673605],[0.750,30.099833610649],[1.000,32.281432139883],[1.250,34.292845257903],[1.500,36.375727348296],[1.750,38.338870431894],[2.000,40.389718076285],[2.250,42.692626346313],[2.500,45.309150865622],[2.750,48.440065681445],[3.000,51.655791190865],[3.250,55.012145748988],[3.500,58.405797101449],[3.750,58.884462151394],[4.000,59.818897637795],[4.250,60.737577639752],[4.500,61.790359602142],[4.750,62.745098039216],[5.000,63.652561247216],[5.250,64.594001463058],[5.500,65.31654676259],[5.750,66.114649681529],[6.000,66.794425087108],[6.250,67.330595482546],[6.500,67.900403768506],[6.750,68.281559814937],[7.000,68.65671641791],[7.250,69.005102040816],[7.500,69.136960600375],[7.750,69.240196078431],[8.000,69.338146811071],[8.250,69.233942251031],[8.500,69.122401847575],[8.750,69.036281179138],[9.000,68.765981100611],[9.250,68.329706202394],[9.500,67.811501597444],[9.750,67.073804573805],[10.000,66.245560629122],[10.250,65.257171117705],[10.500,64.036608863198],[10.750,62.42523364486],[11.000,60.459873760144],[11.250,58.170415224913],[11.500,55.579381443299],[11.750,52.71484375],[12.000,49.727540500736],[12.250,46.616022099448],[12.500,43.589660743134],[12.750,40.278609946075],[13.000,36.988384955752],[13.250,33.831466395112],[13.500,30.959418250059],[13.750,28.286887016634],[14.000,25.909453530116],[14.250,23.751152073733],[14.500,21.780658366024],[14.750,19.910193792343],[15.000,18.405052136878],[15.250,17.053657197749],[15.500,15.801771729362],[15.750,14.942724835486],[16.000,14.119144013881],[16.250,13.373732921992],],[[-11.000,-4.6505435988462],[-10.750,-4.9630151461782],[-9.250,-19.135684779155],[-9.000,-21.230440967283],[-8.750,-22.055261165783],[-8.500,-23.19836400818],[-8.250,-24.406402845709],[-8.000,-25.241050119332],[-7.750,-25.752032520325],[-7.500,-26.057019903174],[-7.250,-26.14164305949],[-7.000,-26.034482758621],[-6.750,-25.82554517134],[-6.500,-25.400130123617],[-6.250,-24.766734279919],[-6.000,-24.517512508935],[-5.750,-24.205748865356],[-5.500,-23.220472440945],[-5.250,-21.912123677787],[-5.000,-20.385906040268],[-4.750,-18.6391042205],[-4.500,-16.934046345811],[-4.250,-15.022999080037],[-4.000,-14.018036072144],[-3.750,-12.352309344791],[-3.500,-10.067643742954],[-3.250,-7.4174528301887],[-3.000,-4.3985419198056],[-2.750,-1.0931677018634],[-2.500,2.3551637279597],[-2.250,5.8778625954198],[-2.000,9.4508301404853],[-1.750,13.026819923372],[-1.500,16.662404092072],[-1.250,20.178343949045],[-1.000,23.813775510204],[-0.750,27.258883248731],[-0.500,30.836501901141],[-0.250,34.255050505051],[0.000,37.80303030303],[0.250,41.143216080402],[0.750,47.89013732834],[1.000,51.105590062112],[1.250,54.381188118812],[1.500,57.383292383292],[1.750,60.625],[2.000,63.491484184915],[2.250,66.662621359223],[2.500,69.242788461538],[2.750,72.388955582233],[3.000,74.803804994055],[3.250,77.710557532622],[3.500,80.047114252061],[3.750,82.714453584019],[4.000,85.285880980163],[4.250,88.581314878893],[4.500,92.070534698521],[4.750,93.095768374165],[5.000,94.747252747253],[5.250,95.575888051668],[5.500,96.606765327696],[5.750,97.5],[6.250,98.823529411765],[6.500,99.06432748538],[6.750,99.28503336511],[7.000,99.607843137255],[7.250,99.26296633303],[7.500,99.429590017825],[7.750,99.268292682927],[8.000,98.625954198473],[8.250,97.780528052805],[8.500,96.792301523657],[8.750,96.189358372457],[9.000,95.087452471483],[9.250,93.67994100295],[9.500,92.005710206995],[9.750,89.993108201241],[10.000,87.518248175182],[10.250,84.675159235669],[10.500,81.355623100304],[10.750,78.127536231884],[11.000,74.496976360638],[11.250,70.362131401966],[11.500,66.061046511628],[11.750,61.786521935776],[12.000,57.448507776377],[12.250,53.3984375],[12.500,49.872448979592],[12.750,46.189189189189],[13.000,43.111601513241],[13.250,40.079202112056],[13.500,36.874322860238],[13.750,33.726955655207],[14.000,31.512467956187],[14.250,28.834513844173],[14.500,27.138815922409],[14.750,25.367285119273],[15.000,23.589108910891],[15.250,21.828806584362],[15.500,20.190096581328],[15.750,19.089721254355],[16.000,17.938920843604],[16.250,16.975837879969],[16.500,16.005164146072],[16.750,15.089088156516],[17.000,14.230684326711],[17.250,13.392913138915],[17.500,12.610246754534],[17.750,11.903192390997],],[[-13.000,-3.4810333551341],[-12.750,-7.2773928663074],[-12.500,-9.8366893927382],[-12.250,-11.814207650273],[-12.000,-13.872629843364],[-11.750,-16.203854190852],[-11.500,-17.692307692308],[-11.250,-19.877082764272],[-11.000,-22.125382262997],[-10.750,-23.729641693811],[-10.500,-25.529081990189],[-10.250,-26.819196428571],[-10.000,-28.110891089109],[-9.750,-29.35864978903],[-9.500,-30.375670840787],[-9.250,-31.273071462376],[-9.000,-32.023988005997],[-8.750,-31.865018031942],[-8.500,-31.387862796834],[-8.250,-31.998883305416],[-8.000,-34.622111180512],[-7.750,-35.298408488064],[-7.500,-35.438718662953],[-7.250,-35.174165457184],[-7.000,-34.6571213263],[-6.750,-34.083072100313],[-6.500,-33.292682926829],[-6.250,-32.360876897133],[-6.000,-31.230366492147],[-5.750,-29.882777276826],[-5.500,-28.300835654596],[-5.250,-26.378326996198],[-5.000,-24.965243296922],[-4.750,-22.927328556807],[-4.500,-20.575916230366],[-4.250,-18.012820512821],[-4.000,-15.310119695321],[-3.750,-12.741573033708],[-3.500,-10.529482551143],[-3.250,-7.8516624040921],[-3.000,-4.7154471544715],[-2.750,-1.0845070422535],[-2.500,2.9197080291971],[-2.250,7.1321321321321],[-2.000,11.607963246554],[-1.750,16.133540372671],[-1.500,20.786163522013],[-1.250,25.355450236967],[-1.000,29.936708860759],[-0.750,34.423380726698],[-0.500,38.834645669291],[-0.250,43.150470219436],[0.000,47.484375],[0.250,51.806853582555],[0.500,55.8114374034],[0.750,59.969230769231],[1.000,63.929663608563],[1.250,67.90273556231],[1.500,71.644042232278],[1.750,75.600600600601],[2.000,78.989598811293],[2.250,82.717872968981],[2.500,86.076134699854],[2.750,89.679767103348],[3.250,96.080114449213],[3.500,98.854314002829],[3.750,102.16596343179],[4.000,104.90250696379],[4.500,110.3698630137],[4.750,112.65943012212],[5.000,115.29014844804],[5.250,117.6525198939],[5.500,120.49543676662],[5.750,121.26275510204],[6.000,121.65628891656],[6.250,122.52747252747],[6.500,122.54761904762],[6.750,122.88707799767],[7.000,122.875],[7.250,122.26519337017],[7.500,121.23258306538],[7.750,119.95846313603],[8.000,118.63179074447],[8.250,117.7397260274],[8.500,115.87901701323],[8.750,113.89598540146],[9.000,111.77816901408],[9.250,109.12859560068],[9.500,106.13949716139],[9.750,102.49033255994],[10.000,98.805309734513],[10.250,94.345696291113],[10.500,90.239680426099],[10.750,85.452261306533],[11.000,80.792899408284],[11.250,76.517857142857],[11.500,72.630469161834],[11.750,68.606150793651],[12.000,64.748134328358],[12.250,60.91426071741],[12.500,57.570016474465],[12.750,53.215238095238],[13.250,47.091580006709],[13.500,43.821417421168],[13.750,41.376065862981],[14.000,39.271210013908],[14.250,36.865866388309],[14.500,34.828944129953],[14.750,32.438576349024],[15.000,29.893707482993],[15.250,28.272398553636],[15.500,26.694481319932],[15.750,25.142141963168],[16.000,23.654591406908],[16.250,22.39744612929],[16.500,21.017280240421],[16.750,19.830869812393],[17.000,18.64904749128],[17.250,17.512973041387],[17.500,16.446409367905],[17.750,15.468926553672],[18.000,14.521674140508],[18.250,13.595324465941],[18.500,12.798051203668],[18.750,11.901680596747],[19.000,11.218616567037],],],
{"title":"Cl\/Cd v Alpha","sortData":false,"legend":{"show":false,"placement":"insideGrid","location":"ne"},"series":[{"showLabel":true,"index":0,"showLine":true,"trendline":{"type":"none","show":false},"color":"#4bb2c5"},{"showLabel":true,"index":0,"showLine":true,"trendline":{"type":"none","show":false},"color":"#EAA228"},{"showLabel":true,"index":0,"showLine":true,"trendline":{"type":"none","show":false},"color":"#839557"},{"showLabel":true,"index":0,"showLine":true,"trendline":{"type":"none","show":false},"color":"#953579"},{"showLabel":true,"index":0,"showLine":true,"trendline":{"type":"none","show":false},"color":"#d8b83f"}],"show":"$.jqplot.config.enablePlugins","axes":{"xaxis":{"max":20,"min":-15,"tickInterval":5,"tickOptions":{"formatString":"%.1f"},"forceTickAt0":true,"rendererOptions":{"forceTickAt0":true}},"yaxis":{"max":140,"min":-40,"tickInterval":20,"tickOptions":{"formatString":"%d"},"forceTickAt0":true,"rendererOptions":{"forceTickAt0":true}}},"seriesDefaults":{"lineWidth":1,"showLabel":true,"markerOptions":{"size":5,"show":false}}});
jqplots.push(p);

});
/*]]>*/
</script>
</body>
</html>