<!DOCTYPE html>
<html lang="en">
<head>
<link rel="stylesheet" type="text/css" href="/assets/62ff72f1/jquery.jqplot.min.css" media="screen, projection, print" />
<style type="text/css">
/*<![CDATA[*/
.jqplot-title {font-size:1.8em;padding:3px;}.jqplot-xaxis {font-size:0.8em;padding-top:3px;}.jqplot-yaxis {font-size:0.8em;padding-right:3px;}
/*]]>*/
</style>
<!--[if lt IE 9]><script type="text/javascript" src="/assets/62ff72f1/excanvas.min.js"></script></script><![endif]-->
<script type="text/javascript" src="/assets/780cfc96/jquery.min.js"></script>
<script type="text/javascript" src="/assets/62ff72f1/jquery.min.js"></script>
<script type="text/javascript" src="/assets/62ff72f1/jquery.jqplot.min.js"></script>
<script type="text/javascript">
/*<![CDATA[*/
var jqplots = [];

/*]]>*/
</script>
<title>Airfoil polar plot</title>
<meta http-equiv="Content-Language" content="en-gb"/>
<meta http-equiv="Content-Type" content="text/html; charset=windows-1252"/>
<meta content="none" name="robots" />
<meta name="copyright" content="Copyright 2010-2013. All Rights Reserved" />
</head>
<body>

<table style="width:800px;">
<tr><td>
<div id="liftdrag" style="height:400px;width:398px;margin:auto;display:inline-block;"></div>
</td><td>
<div id="liftaoa" style="height:400px;width:398px;margin:auto;display:inline-block;"></div>
</td></tr>
<tr><td>
<div id="effaoa" style="height:400px;width:398px;margin:auto;display:inline-block;"></div>
</td><td>
<div id="dragaoa" style="height:400px;width:398px;margin:auto;display:inline-block;"></div>
</td></tr>
<tr><td>
<div id="momentaoa" style="height:400px;width:398px;margin:auto;display:inline-block;"></div>
</td><td>
</td></tr>

</table>
<script type="text/javascript">
/*<![CDATA[*/
jQuery(window).load(function() {
var p = $.jqplot('liftdrag',[[[0.10733,-0.4289],[0.10571,-0.4346],[0.10487,-0.4485],[0.09888,-0.4332],[0.09566,-0.4300],[0.09357,-0.4351],[0.09256,-0.4439],[0.08728,-0.4320],[0.08405,-0.4312],[0.08132,-0.4276],[0.04497,-0.0793],[0.04299,-0.0693],[0.04113,-0.0592],[0.03935,-0.0490],[0.03802,-0.0454],[0.04000,-0.1131],[0.04099,-0.1756],[0.04102,-0.2291],[0.04087,-0.2835],[0.03439,-0.2773],[0.03233,-0.2451],[0.03063,-0.2222],[0.02952,-0.1982],[0.02826,-0.1743],[0.02734,-0.1497],[0.02646,-0.1249],[0.02593,-0.0999],[0.02520,-0.0751],[0.02463,-0.0503],[0.02421,-0.0243],[0.02390,0.0050],[0.02355,0.0376],[0.02336,0.0684],[0.02328,0.0968],[0.02333,0.1224],[0.02358,0.1452],[0.02391,0.1668],[0.02456,0.1893],[0.02463,0.2886],[0.02395,0.4104],[0.02375,0.4934],[0.02296,0.5687],[0.02193,0.6321],[0.02110,0.6827],[0.02070,0.7222],[0.02074,0.7549],[0.02106,0.7829],[0.02138,0.8023],[0.02193,0.8229],[0.02241,0.8409],[0.02305,0.8616],[0.02348,0.8786],[0.02411,0.8992],[0.02469,0.9191],[0.02478,0.9282],[0.02504,0.9367],[0.02663,0.9452],[0.02919,0.9579],[0.03121,0.9725],[0.03313,0.9882],[0.03533,1.0052],[0.03762,1.0270],[0.04007,1.0474],[0.04315,1.0689],[0.04686,1.0891],[0.05051,1.1032],[0.05438,1.1102],[0.05889,1.1067],[0.06371,1.0956],[0.06840,1.0809],[0.07302,1.0620],[0.07732,1.0394],[0.08230,1.0158],[0.08840,0.9913],[0.09556,0.9683],[0.10306,0.9524],[0.11981,0.9066],[0.12825,0.8936],[0.13386,0.8930],[0.13818,0.9004],],[[0.10150,-0.4267],[0.09981,-0.4355],[0.09788,-0.4411],[0.09535,-0.4419],[0.09238,-0.4396],[0.08568,-0.4325],[0.08198,-0.4264],[0.07872,-0.4227],[0.07546,-0.4184],[0.07205,-0.4134],[0.06865,-0.4069],[0.06517,-0.3989],[0.06157,-0.3895],[0.05317,-0.3734],[0.04968,-0.3654],[0.04587,-0.3545],[0.04167,-0.3418],[0.03725,-0.3280],[0.03645,-0.3123],[0.02980,-0.2824],[0.02920,-0.2684],[0.03077,-0.2956],[0.02945,-0.3008],[0.02800,-0.2954],[0.02549,-0.1864],[0.02428,-0.1621],[0.02376,-0.1391],[0.02279,-0.1180],[0.02251,-0.0956],[0.02169,-0.0747],[0.02118,-0.0541],[0.02087,-0.0168],[0.02062,0.0387],[0.02027,0.0931],[0.01987,0.1476],[0.01935,0.2027],[0.01869,0.2545],[0.01787,0.3114],[0.01700,0.3725],[0.01604,0.4359],[0.01511,0.4907],[0.01270,0.6326],[0.01271,0.6680],[0.01308,0.6960],[0.01361,0.7163],[0.01410,0.7358],[0.01453,0.7558],[0.01495,0.7777],[0.01538,0.7998],[0.01583,0.8182],[0.01627,0.8386],[0.01670,0.8608],[0.01728,0.8817],[0.01823,0.9003],[0.02018,0.9135],[0.02154,0.9314],[0.02287,0.9489],[0.02412,0.9661],[0.02544,0.9822],[0.02693,0.9975],[0.02864,1.0142],[0.03070,1.0338],[0.03335,1.0567],[0.03706,1.0808],[0.03844,1.1015],[0.04128,1.1181],[0.04489,1.1264],[0.04855,1.1304],[0.05275,1.1290],[0.05724,1.1243],[0.06216,1.1199],[0.06578,1.1132],[0.06979,1.0795],[0.07430,1.0485],[0.07964,1.0212],[0.08852,0.9855],[0.09947,0.9531],[0.10976,0.9326],],[[0.09760,-0.4287],[0.09602,-0.4410],[0.09357,-0.4455],[0.09034,-0.4444],[0.08545,-0.4436],[0.08127,-0.4402],[0.07776,-0.4364],[0.07445,-0.4327],[0.07112,-0.4285],[0.06744,-0.4237],[0.05987,-0.4203],[0.05100,-0.4179],[0.04683,-0.4129],[0.04176,-0.4054],[0.03437,-0.4010],[0.02100,-0.4093],[0.01890,-0.3919],[0.01767,-0.3725],[0.01653,-0.3517],[0.01581,-0.3302],[0.01567,-0.3084],[0.01689,-0.2861],[0.01942,-0.2660],[0.02067,-0.2459],[0.02161,-0.2051],[0.02024,-0.0499],[0.01922,-0.0141],[0.01787,0.0294],[0.01697,0.0667],[0.01626,0.1125],[0.01562,0.1500],[0.01490,0.1986],[0.01426,0.2367],[0.01356,0.2797],[0.01287,0.3274],[0.01231,0.3645],[0.01175,0.4062],[0.01135,0.4418],[0.01109,0.4771],[0.01104,0.5061],[0.01128,0.5289],[0.01156,0.5508],[0.01183,0.5718],[0.01211,0.5905],[0.01153,0.7390],[0.01194,0.7605],[0.01248,0.7812],[0.01308,0.8023],[0.01371,0.8239],[0.01522,0.8390],[0.01599,0.8601],[0.01657,0.8827],[0.01720,0.9050],[0.01792,0.9266],[0.01878,0.9467],[0.01974,0.9657],[0.02091,0.9831],[0.02234,1.0002],[0.02393,1.0185],[0.02557,1.0380],[0.02788,1.0599],[0.03205,1.0834],[0.03393,1.1059],[0.03848,1.1243],[0.18048,0.8998],[0.18577,0.8953],],[[0.09931,-0.4375],[0.09620,-0.4360],[0.09303,-0.4356],[0.07548,-0.3653],[0.07373,-0.3591],[0.07108,-0.3602],[0.06836,-0.3647],[0.06578,-0.3746],[0.06370,-0.3887],[0.06098,-0.3970],[0.05797,-0.4043],[0.05463,-0.4097],[0.02190,-0.4304],[0.01980,-0.4002],[0.01849,-0.3646],[0.01622,-0.3315],[0.01426,-0.3079],[0.01278,-0.2753],[0.01217,-0.2380],[0.01161,-0.2005],[0.01114,-0.1748],[0.01084,-0.1419],[0.01257,-0.1005],[0.01354,-0.0604],[0.01294,-0.0344],[0.01344,0.0004],[0.01362,0.0369],[0.01255,0.0753],[0.01208,0.1027],[0.01141,0.1410],[0.01091,0.1735],[0.01044,0.2114],[0.01007,0.2438],[0.00973,0.2778],[0.00945,0.3084],[0.00923,0.3376],[0.00910,0.3640],[0.00916,0.3855],[0.00940,0.4029],[0.00958,0.4229],[0.00972,0.4443],[0.00980,0.4663],[0.00989,0.4888],[0.00995,0.5084],[0.01015,0.5293],[0.01028,0.5523],[0.01049,0.5747],[0.01089,0.5954],[0.01158,0.6137],[0.01210,0.6344],[0.01296,0.6519],[0.01318,0.6758],[0.01348,0.6993],[0.01405,0.8810],[0.01459,0.9033],[0.01505,0.9265],[0.01595,0.9458],[0.01683,0.9660],[0.01804,0.9851],[0.01966,1.0034],[0.02101,1.0236],[0.02256,1.0429],[0.02438,1.0619],[0.02674,1.0798],[0.03374,1.0871],[0.03573,1.0995],[0.03704,1.1115],[0.03683,1.1272],[0.03832,1.1391],[0.04046,1.1466],[0.04290,1.1506],[0.04550,1.1511],[0.04815,1.1486],[0.05095,1.1418],[0.05319,1.1271],[0.05582,1.1110],[0.05907,1.0938],[0.06288,1.0769],[0.06773,1.0580],[0.07381,1.0388],[0.08118,1.0196],[0.08976,0.9999],[0.09981,0.9779],[0.11141,0.9533],],[[0.09932,-0.4446],[0.09277,-0.4598],[0.08938,-0.4612],[0.08737,-0.4595],[0.08327,-0.4682],[0.08289,-0.4637],[0.07950,-0.4807],[0.07820,-0.4759],[0.07523,-0.4775],[0.07185,-0.4800],[0.06652,-0.4682],[0.02546,-0.4408],[0.02264,-0.4109],[0.01882,-0.3858],[0.01666,-0.3679],[0.01520,-0.3404],[0.01383,-0.3108],[0.01232,-0.2797],[0.01054,-0.2493],[0.00992,-0.2273],[0.00938,-0.1964],[0.00889,-0.1639],[0.00846,-0.1295],[0.00805,-0.0940],[0.00770,-0.0704],[0.00778,-0.0357],[0.00843,0.0041],[0.00865,0.0327],[0.00867,0.0692],[0.00929,0.0996],[0.00851,0.1299],[0.00834,0.1599],[0.00816,0.1880],[0.00801,0.2148],[0.00789,0.2402],[0.00783,0.2632],[0.00792,0.2818],[0.00815,0.2978],[0.00826,0.3183],[0.00833,0.3401],[0.00839,0.3625],[0.00842,0.3857],[0.00846,0.4092],[0.00869,0.4556],[0.00881,0.4788],[0.00898,0.5019],[0.00924,0.5244],[0.00971,0.5432],[0.01073,0.5571],[0.01108,0.5795],[0.01118,0.6045],[0.01131,0.6292],[0.01148,0.6536],[0.01170,0.6775],[0.01201,0.7007],[0.01246,0.7226],[0.01297,0.7436],[0.01340,0.7654],[0.03163,1.1031],[0.03196,1.1192],[0.03193,1.1374],[0.03319,1.1514],[0.03505,1.1617],[0.03708,1.1698],[0.03936,1.1751],[0.04170,1.1780],[0.04415,1.1776],[0.04672,1.1747],[0.04912,1.1651],[0.05101,1.1515],[0.05358,1.1355],[0.05677,1.1182],[0.06077,1.1000],[0.06544,1.0828],[0.07195,1.0616],[0.07858,1.0459],[0.08810,1.0225],[0.09864,0.9986],[0.10998,0.9747],],],
{"title":"Cl v Cd","sortData":false,"legend":{"show":false,"placement":"insideGrid","location":"ne"},"series":[{"showLabel":true,"index":0,"showLine":true,"trendline":{"type":"none","show":false},"color":"#4bb2c5"},{"showLabel":true,"index":0,"showLine":true,"trendline":{"type":"none","show":false},"color":"#EAA228"},{"showLabel":true,"index":0,"showLine":true,"trendline":{"type":"none","show":false},"color":"#839557"},{"showLabel":true,"index":0,"showLine":true,"trendline":{"type":"none","show":false},"color":"#953579"},{"showLabel":true,"index":0,"showLine":true,"trendline":{"type":"none","show":false},"color":"#d8b83f"}],"show":"$.jqplot.config.enablePlugins","axes":{"xaxis":{"max":0.2,"min":0,"tickInterval":0.02,"tickOptions":{"formatString":"%.2f"},"forceTickAt0":true,"rendererOptions":{"forceTickAt0":true}},"yaxis":{"max":1.2,"min":-0.6,"tickInterval":0.2,"tickOptions":{"formatString":"%.2f"},"forceTickAt0":true,"rendererOptions":{"forceTickAt0":true}}},"seriesDefaults":{"lineWidth":1,"showLabel":true,"markerOptions":{"size":5,"show":false}}});
jqplots.push(p);

var p = $.jqplot('liftaoa',[[[-9.000,-0.4289],[-8.750,-0.4346],[-8.500,-0.4485],[-8.250,-0.4332],[-8.000,-0.4300],[-7.750,-0.4351],[-7.500,-0.4439],[-7.250,-0.4320],[-7.000,-0.4312],[-6.750,-0.4276],[-6.000,-0.0793],[-5.750,-0.0693],[-5.500,-0.0592],[-5.250,-0.0490],[-5.000,-0.0454],[-4.750,-0.1131],[-4.500,-0.1756],[-4.250,-0.2291],[-4.000,-0.2835],[-3.250,-0.2773],[-3.000,-0.2451],[-2.750,-0.2222],[-2.500,-0.1982],[-2.250,-0.1743],[-2.000,-0.1497],[-1.750,-0.1249],[-1.500,-0.0999],[-1.250,-0.0751],[-1.000,-0.0503],[-0.750,-0.0243],[-0.500,0.0050],[-0.250,0.0376],[0.000,0.0684],[0.250,0.0968],[0.500,0.1224],[0.750,0.1452],[1.000,0.1668],[1.250,0.1893],[1.500,0.2886],[1.750,0.4104],[2.000,0.4934],[2.250,0.5687],[2.500,0.6321],[2.750,0.6827],[3.000,0.7222],[3.250,0.7549],[3.500,0.7829],[3.750,0.8023],[4.000,0.8229],[4.250,0.8409],[4.500,0.8616],[4.750,0.8786],[5.000,0.8992],[5.250,0.9191],[5.500,0.9282],[5.750,0.9367],[6.000,0.9452],[6.250,0.9579],[6.500,0.9725],[6.750,0.9882],[7.000,1.0052],[7.250,1.0270],[7.500,1.0474],[7.750,1.0689],[8.000,1.0891],[8.250,1.1032],[8.500,1.1102],[8.750,1.1067],[9.000,1.0956],[9.250,1.0809],[9.500,1.0620],[9.750,1.0394],[10.000,1.0158],[10.250,0.9913],[10.500,0.9683],[10.750,0.9524],[11.000,0.9066],[11.250,0.8936],[11.500,0.8930],[11.750,0.9004],],[[-8.750,-0.4267],[-8.500,-0.4355],[-8.250,-0.4411],[-8.000,-0.4419],[-7.750,-0.4396],[-7.500,-0.4325],[-7.250,-0.4264],[-7.000,-0.4227],[-6.750,-0.4184],[-6.500,-0.4134],[-6.250,-0.4069],[-6.000,-0.3989],[-5.750,-0.3895],[-5.500,-0.3734],[-5.250,-0.3654],[-5.000,-0.3545],[-4.750,-0.3418],[-4.500,-0.3280],[-4.250,-0.3123],[-3.750,-0.2824],[-3.500,-0.2684],[-3.000,-0.2956],[-2.750,-0.3008],[-2.500,-0.2954],[-2.250,-0.1864],[-2.000,-0.1621],[-1.750,-0.1391],[-1.500,-0.1180],[-1.250,-0.0956],[-1.000,-0.0747],[-0.750,-0.0541],[-0.500,-0.0168],[-0.250,0.0387],[0.000,0.0931],[0.250,0.1476],[0.500,0.2027],[0.750,0.2545],[1.000,0.3114],[1.250,0.3725],[1.500,0.4359],[1.750,0.4907],[2.000,0.6326],[2.250,0.6680],[2.500,0.6960],[2.750,0.7163],[3.000,0.7358],[3.250,0.7558],[3.500,0.7777],[3.750,0.7998],[4.000,0.8182],[4.250,0.8386],[4.500,0.8608],[4.750,0.8817],[5.000,0.9003],[5.250,0.9135],[5.500,0.9314],[5.750,0.9489],[6.000,0.9661],[6.250,0.9822],[6.500,0.9975],[6.750,1.0142],[7.000,1.0338],[7.250,1.0567],[7.500,1.0808],[7.750,1.1015],[8.000,1.1181],[8.250,1.1264],[8.500,1.1304],[8.750,1.1290],[9.000,1.1243],[9.250,1.1199],[9.500,1.1132],[9.750,1.0795],[10.000,1.0485],[10.250,1.0212],[10.500,0.9855],[10.750,0.9531],[11.000,0.9326],],[[-8.750,-0.4287],[-8.500,-0.4410],[-8.250,-0.4455],[-8.000,-0.4444],[-7.750,-0.4436],[-7.500,-0.4402],[-7.250,-0.4364],[-7.000,-0.4327],[-6.750,-0.4285],[-6.500,-0.4237],[-6.250,-0.4203],[-6.000,-0.4179],[-5.750,-0.4129],[-5.500,-0.4054],[-5.250,-0.4010],[-5.000,-0.4093],[-4.750,-0.3919],[-4.500,-0.3725],[-4.250,-0.3517],[-4.000,-0.3302],[-3.750,-0.3084],[-3.500,-0.2861],[-3.250,-0.2660],[-3.000,-0.2459],[-2.750,-0.2051],[-1.750,-0.0499],[-1.500,-0.0141],[-1.250,0.0294],[-1.000,0.0667],[-0.750,0.1125],[-0.500,0.1500],[-0.250,0.1986],[0.000,0.2367],[0.250,0.2797],[0.500,0.3274],[0.750,0.3645],[1.000,0.4062],[1.250,0.4418],[1.500,0.4771],[1.750,0.5061],[2.000,0.5289],[2.250,0.5508],[2.500,0.5718],[2.750,0.5905],[3.000,0.7390],[3.250,0.7605],[3.500,0.7812],[3.750,0.8023],[4.000,0.8239],[4.250,0.8390],[4.500,0.8601],[4.750,0.8827],[5.000,0.9050],[5.250,0.9266],[5.500,0.9467],[5.750,0.9657],[6.000,0.9831],[6.250,1.0002],[6.500,1.0185],[6.750,1.0380],[7.000,1.0599],[7.250,1.0834],[7.500,1.1059],[7.750,1.1243],[14.000,0.8998],[14.250,0.8953],],[[-9.500,-0.4375],[-9.250,-0.4360],[-9.000,-0.4356],[-8.750,-0.3653],[-8.500,-0.3591],[-8.250,-0.3602],[-8.000,-0.3647],[-7.750,-0.3746],[-7.500,-0.3887],[-7.250,-0.3970],[-7.000,-0.4043],[-6.750,-0.4097],[-5.750,-0.4304],[-5.500,-0.4002],[-5.250,-0.3646],[-5.000,-0.3315],[-4.750,-0.3079],[-4.500,-0.2753],[-4.250,-0.2380],[-4.000,-0.2005],[-3.750,-0.1748],[-3.500,-0.1419],[-3.250,-0.1005],[-3.000,-0.0604],[-2.750,-0.0344],[-2.500,0.0004],[-2.250,0.0369],[-2.000,0.0753],[-1.750,0.1027],[-1.500,0.1410],[-1.250,0.1735],[-1.000,0.2114],[-0.750,0.2438],[-0.500,0.2778],[-0.250,0.3084],[0.000,0.3376],[0.250,0.3640],[0.500,0.3855],[0.750,0.4029],[1.000,0.4229],[1.250,0.4443],[1.500,0.4663],[1.750,0.4888],[2.000,0.5084],[2.250,0.5293],[2.500,0.5523],[2.750,0.5747],[3.000,0.5954],[3.250,0.6137],[3.500,0.6344],[3.750,0.6519],[4.000,0.6758],[4.250,0.6993],[4.500,0.8810],[4.750,0.9033],[5.000,0.9265],[5.250,0.9458],[5.500,0.9660],[5.750,0.9851],[6.000,1.0034],[6.250,1.0236],[6.500,1.0429],[6.750,1.0619],[7.000,1.0798],[7.250,1.0871],[7.500,1.0995],[7.750,1.1115],[8.000,1.1272],[8.250,1.1391],[8.500,1.1466],[8.750,1.1506],[9.000,1.1511],[9.250,1.1486],[9.500,1.1418],[9.750,1.1271],[10.000,1.1110],[10.250,1.0938],[10.500,1.0769],[10.750,1.0580],[11.000,1.0388],[11.250,1.0196],[11.500,0.9999],[11.750,0.9779],[12.000,0.9533],],[[-9.750,-0.4446],[-9.500,-0.4598],[-9.250,-0.4612],[-9.000,-0.4595],[-8.750,-0.4682],[-8.500,-0.4637],[-8.250,-0.4807],[-8.000,-0.4759],[-7.750,-0.4775],[-7.500,-0.4800],[-7.250,-0.4682],[-6.750,-0.4408],[-6.500,-0.4109],[-6.250,-0.3858],[-6.000,-0.3679],[-5.750,-0.3404],[-5.500,-0.3108],[-5.250,-0.2797],[-5.000,-0.2493],[-4.750,-0.2273],[-4.500,-0.1964],[-4.250,-0.1639],[-4.000,-0.1295],[-3.750,-0.0940],[-3.500,-0.0704],[-3.250,-0.0357],[-3.000,0.0041],[-2.750,0.0327],[-2.500,0.0692],[-2.250,0.0996],[-2.000,0.1299],[-1.750,0.1599],[-1.500,0.1880],[-1.250,0.2148],[-1.000,0.2402],[-0.750,0.2632],[-0.500,0.2818],[-0.250,0.2978],[0.000,0.3183],[0.250,0.3401],[0.500,0.3625],[0.750,0.3857],[1.000,0.4092],[1.500,0.4556],[1.750,0.4788],[2.000,0.5019],[2.250,0.5244],[2.500,0.5432],[2.750,0.5571],[3.000,0.5795],[3.250,0.6045],[3.500,0.6292],[3.750,0.6536],[4.000,0.6775],[4.250,0.7007],[4.500,0.7226],[4.750,0.7436],[5.000,0.7654],[7.250,1.1031],[7.500,1.1192],[7.750,1.1374],[8.000,1.1514],[8.250,1.1617],[8.500,1.1698],[8.750,1.1751],[9.000,1.1780],[9.250,1.1776],[9.500,1.1747],[9.750,1.1651],[10.000,1.1515],[10.250,1.1355],[10.500,1.1182],[10.750,1.1000],[11.000,1.0828],[11.250,1.0616],[11.500,1.0459],[11.750,1.0225],[12.000,0.9986],[12.250,0.9747],],],
{"title":"Cl v Alpha","sortData":false,"legend":{"show":false,"placement":"insideGrid","location":"ne"},"series":[{"showLabel":true,"index":0,"showLine":true,"trendline":{"type":"none","show":false},"color":"#4bb2c5"},{"showLabel":true,"index":0,"showLine":true,"trendline":{"type":"none","show":false},"color":"#EAA228"},{"showLabel":true,"index":0,"showLine":true,"trendline":{"type":"none","show":false},"color":"#839557"},{"showLabel":true,"index":0,"showLine":true,"trendline":{"type":"none","show":false},"color":"#953579"},{"showLabel":true,"index":0,"showLine":true,"trendline":{"type":"none","show":false},"color":"#d8b83f"}],"show":"$.jqplot.config.enablePlugins","axes":{"xaxis":{"max":15,"min":-10,"tickInterval":5,"tickOptions":{"formatString":"%.1f"},"forceTickAt0":true,"rendererOptions":{"forceTickAt0":true}},"yaxis":{"max":1.2,"min":-0.6,"tickInterval":0.2,"tickOptions":{"formatString":"%.2f"},"forceTickAt0":true,"rendererOptions":{"forceTickAt0":true}}},"seriesDefaults":{"lineWidth":1,"showLabel":true,"markerOptions":{"size":5,"show":false}}});
jqplots.push(p);

var p = $.jqplot('momentaoa',[[[-9.000,-0.0142],[-8.750,-0.0155],[-8.500,-0.0170],[-8.250,-0.0153],[-8.000,-0.0144],[-7.750,-0.0157],[-7.500,-0.0207],[-7.250,-0.0161],[-7.000,-0.0171],[-6.750,-0.0175],[-6.000,-0.0209],[-5.750,-0.0215],[-5.500,-0.0220],[-5.250,-0.0224],[-5.000,-0.0211],[-4.750,-0.0036],[-4.500,0.0105],[-4.250,0.0209],[-4.000,0.0312],[-3.250,-0.0107],[-3.000,-0.0123],[-2.750,-0.0116],[-2.500,-0.0109],[-2.250,-0.0101],[-2.000,-0.0094],[-1.750,-0.0088],[-1.500,-0.0082],[-1.250,-0.0077],[-1.000,-0.0072],[-0.750,-0.0071],[-0.500,-0.0077],[-0.250,-0.0091],[0.000,-0.0102],[0.250,-0.0111],[0.500,-0.0117],[0.750,-0.0120],[1.000,-0.0126],[1.250,-0.0140],[1.500,-0.0298],[1.750,-0.0484],[2.000,-0.0584],[2.250,-0.0661],[2.500,-0.0706],[2.750,-0.0724],[3.000,-0.0723],[3.250,-0.0714],[3.500,-0.0698],[3.750,-0.0663],[4.000,-0.0638],[4.250,-0.0610],[4.500,-0.0591],[4.750,-0.0564],[5.000,-0.0546],[5.250,-0.0526],[5.500,-0.0487],[5.750,-0.0449],[6.000,-0.0417],[6.250,-0.0393],[6.500,-0.0369],[6.750,-0.0346],[7.000,-0.0325],[7.250,-0.0308],[7.500,-0.0293],[7.750,-0.0283],[8.000,-0.0270],[8.250,-0.0249],[8.500,-0.0222],[8.750,-0.0192],[9.000,-0.0163],[9.250,-0.0138],[9.500,-0.0116],[9.750,-0.0098],[10.000,-0.0099],[10.250,-0.0123],[10.500,-0.0166],[10.750,-0.0206],[11.000,-0.0337],[11.250,-0.0379],[11.500,-0.0392],[11.750,-0.0387],],[[-8.750,-0.0179],[-8.500,-0.0192],[-8.250,-0.0214],[-8.000,-0.0247],[-7.750,-0.0275],[-7.500,-0.0216],[-7.250,-0.0191],[-7.000,-0.0194],[-6.750,-0.0200],[-6.500,-0.0207],[-6.250,-0.0215],[-6.000,-0.0223],[-5.750,-0.0232],[-5.500,-0.0281],[-5.250,-0.0262],[-5.000,-0.0251],[-4.750,-0.0239],[-4.500,-0.0224],[-4.250,-0.0206],[-3.750,-0.0157],[-3.500,-0.0135],[-3.000,0.0004],[-2.750,0.0091],[-2.500,0.0146],[-2.250,-0.0057],[-2.000,-0.0046],[-1.750,-0.0033],[-1.500,-0.0022],[-1.250,-0.0007],[-1.000,0.0002],[-0.750,0.0013],[-0.500,-0.0010],[-0.250,-0.0067],[0.000,-0.0121],[0.250,-0.0176],[0.500,-0.0229],[0.750,-0.0273],[1.000,-0.0327],[1.250,-0.0386],[1.500,-0.0448],[1.750,-0.0491],[2.000,-0.0722],[2.250,-0.0726],[2.500,-0.0718],[2.750,-0.0695],[3.000,-0.0674],[3.250,-0.0656],[3.500,-0.0642],[3.750,-0.0629],[4.000,-0.0609],[4.250,-0.0594],[4.500,-0.0581],[4.750,-0.0567],[5.000,-0.0550],[5.250,-0.0528],[5.500,-0.0508],[5.750,-0.0488],[6.000,-0.0466],[6.250,-0.0443],[6.500,-0.0419],[6.750,-0.0397],[7.000,-0.0380],[7.250,-0.0367],[7.500,-0.0359],[7.750,-0.0339],[8.000,-0.0313],[8.250,-0.0283],[8.500,-0.0251],[8.750,-0.0218],[9.000,-0.0187],[9.250,-0.0164],[9.500,-0.0132],[9.750,-0.0091],[10.000,-0.0074],[10.250,-0.0086],[10.500,-0.0144],[10.750,-0.0231],[11.000,-0.0291],],[[-8.750,-0.0187],[-8.500,-0.0203],[-8.250,-0.0230],[-8.000,-0.0259],[-7.750,-0.0258],[-7.500,-0.0234],[-7.250,-0.0222],[-7.000,-0.0218],[-6.750,-0.0219],[-6.500,-0.0226],[-6.250,-0.0257],[-6.000,-0.0270],[-5.750,-0.0259],[-5.500,-0.0250],[-5.250,-0.0232],[-5.000,-0.0177],[-4.750,-0.0153],[-4.500,-0.0135],[-4.250,-0.0116],[-4.000,-0.0099],[-3.750,-0.0083],[-3.500,-0.0068],[-3.250,-0.0054],[-3.000,-0.0041],[-2.750,-0.0082],[-1.750,-0.0185],[-1.500,-0.0195],[-1.250,-0.0226],[-1.000,-0.0241],[-0.750,-0.0274],[-0.500,-0.0290],[-0.250,-0.0330],[0.000,-0.0346],[0.250,-0.0373],[0.500,-0.0410],[0.750,-0.0424],[1.000,-0.0447],[1.250,-0.0457],[1.500,-0.0466],[1.750,-0.0463],[2.000,-0.0449],[2.250,-0.0435],[2.500,-0.0419],[2.750,-0.0399],[3.000,-0.0684],[3.250,-0.0672],[3.500,-0.0659],[3.750,-0.0647],[4.000,-0.0635],[4.250,-0.0614],[4.500,-0.0600],[4.750,-0.0588],[5.000,-0.0575],[5.250,-0.0561],[5.500,-0.0544],[5.750,-0.0525],[6.000,-0.0503],[6.250,-0.0480],[6.500,-0.0460],[6.750,-0.0444],[7.000,-0.0428],[7.250,-0.0417],[7.500,-0.0388],[7.750,-0.0355],[14.000,-0.0572],[14.250,-0.0624],],[[-9.500,-0.0141],[-9.250,-0.0148],[-9.000,-0.0155],[-8.750,-0.0225],[-8.500,-0.0210],[-8.250,-0.0206],[-8.000,-0.0199],[-7.750,-0.0188],[-7.500,-0.0166],[-7.250,-0.0159],[-7.000,-0.0157],[-6.750,-0.0161],[-5.750,-0.0294],[-5.500,-0.0298],[-5.250,-0.0313],[-5.000,-0.0322],[-4.750,-0.0310],[-4.500,-0.0315],[-4.250,-0.0332],[-4.000,-0.0350],[-3.750,-0.0342],[-3.500,-0.0349],[-3.250,-0.0374],[-3.000,-0.0398],[-2.750,-0.0395],[-2.500,-0.0410],[-2.250,-0.0431],[-2.000,-0.0450],[-1.750,-0.0447],[-1.500,-0.0468],[-1.250,-0.0475],[-1.000,-0.0495],[-0.750,-0.0503],[-0.500,-0.0514],[-0.250,-0.0518],[0.000,-0.0518],[0.250,-0.0512],[0.500,-0.0495],[0.750,-0.0470],[1.000,-0.0453],[1.250,-0.0438],[1.500,-0.0425],[1.750,-0.0414],[2.000,-0.0397],[2.250,-0.0383],[2.500,-0.0374],[2.750,-0.0363],[3.000,-0.0350],[3.250,-0.0334],[3.500,-0.0321],[3.750,-0.0303],[4.000,-0.0294],[4.250,-0.0284],[4.500,-0.0645],[4.750,-0.0633],[5.000,-0.0621],[5.250,-0.0603],[5.500,-0.0585],[5.750,-0.0563],[6.000,-0.0541],[6.250,-0.0525],[6.500,-0.0509],[6.750,-0.0494],[7.000,-0.0479],[7.250,-0.0452],[7.500,-0.0427],[7.750,-0.0401],[8.000,-0.0379],[8.250,-0.0354],[8.500,-0.0326],[8.750,-0.0296],[9.000,-0.0264],[9.250,-0.0231],[9.500,-0.0196],[9.750,-0.0148],[10.000,-0.0112],[10.250,-0.0090],[10.500,-0.0085],[10.750,-0.0098],[11.000,-0.0133],[11.250,-0.0184],[11.500,-0.0246],[11.750,-0.0314],[12.000,-0.0384],],[[-9.750,-0.0132],[-9.500,-0.0150],[-9.250,-0.0157],[-9.000,-0.0158],[-8.750,-0.0164],[-8.500,-0.0155],[-8.250,-0.0141],[-8.000,-0.0139],[-7.750,-0.0144],[-7.500,-0.0150],[-7.250,-0.0201],[-6.750,-0.0467],[-6.500,-0.0480],[-6.250,-0.0486],[-6.000,-0.0468],[-5.750,-0.0467],[-5.500,-0.0470],[-5.250,-0.0476],[-5.000,-0.0480],[-4.750,-0.0464],[-4.500,-0.0468],[-4.250,-0.0476],[-4.000,-0.0488],[-3.750,-0.0503],[-3.500,-0.0491],[-3.250,-0.0504],[-3.000,-0.0529],[-2.750,-0.0528],[-2.500,-0.0546],[-2.250,-0.0549],[-2.000,-0.0555],[-1.750,-0.0559],[-1.500,-0.0558],[-1.250,-0.0554],[-1.000,-0.0547],[-0.750,-0.0534],[-0.500,-0.0512],[-0.250,-0.0484],[0.000,-0.0468],[0.250,-0.0454],[0.500,-0.0442],[0.750,-0.0432],[1.000,-0.0422],[1.500,-0.0403],[1.750,-0.0393],[2.000,-0.0384],[2.250,-0.0373],[2.500,-0.0357],[2.750,-0.0332],[3.000,-0.0321],[3.250,-0.0315],[3.500,-0.0308],[3.750,-0.0301],[4.000,-0.0292],[4.250,-0.0282],[4.500,-0.0270],[4.750,-0.0255],[5.000,-0.0243],[7.250,-0.0491],[7.500,-0.0469],[7.750,-0.0451],[8.000,-0.0428],[8.250,-0.0401],[8.500,-0.0374],[8.750,-0.0344],[9.000,-0.0314],[9.250,-0.0281],[9.500,-0.0247],[9.750,-0.0204],[10.000,-0.0158],[10.250,-0.0123],[10.500,-0.0102],[10.750,-0.0097],[11.000,-0.0110],[11.250,-0.0148],[11.500,-0.0194],[11.750,-0.0263],[12.000,-0.0334],[12.250,-0.0403],],],
{"title":"Cm v Alpha","sortData":false,"legend":{"show":false,"placement":"insideGrid","location":"ne"},"series":[{"showLabel":true,"index":0,"showLine":true,"trendline":{"type":"none","show":false},"color":"#4bb2c5"},{"showLabel":true,"index":0,"showLine":true,"trendline":{"type":"none","show":false},"color":"#EAA228"},{"showLabel":true,"index":0,"showLine":true,"trendline":{"type":"none","show":false},"color":"#839557"},{"showLabel":true,"index":0,"showLine":true,"trendline":{"type":"none","show":false},"color":"#953579"},{"showLabel":true,"index":0,"showLine":true,"trendline":{"type":"none","show":false},"color":"#d8b83f"}],"show":"$.jqplot.config.enablePlugins","axes":{"xaxis":{"max":15,"min":-10,"tickInterval":5,"tickOptions":{"formatString":"%.1f"},"forceTickAt0":true,"rendererOptions":{"forceTickAt0":true}},"yaxis":{"max":0.04,"min":-0.08,"tickInterval":0.02,"tickOptions":{"formatString":"%.2f"},"forceTickAt0":true,"rendererOptions":{"forceTickAt0":true}}},"seriesDefaults":{"lineWidth":1,"showLabel":true,"markerOptions":{"size":5,"show":false}}});
jqplots.push(p);

var p = $.jqplot('dragaoa',[[[-9.000,0.10733],[-8.750,0.10571],[-8.500,0.10487],[-8.250,0.09888],[-8.000,0.09566],[-7.750,0.09357],[-7.500,0.09256],[-7.250,0.08728],[-7.000,0.08405],[-6.750,0.08132],[-6.000,0.04497],[-5.750,0.04299],[-5.500,0.04113],[-5.250,0.03935],[-5.000,0.03802],[-4.750,0.04000],[-4.500,0.04099],[-4.250,0.04102],[-4.000,0.04087],[-3.250,0.03439],[-3.000,0.03233],[-2.750,0.03063],[-2.500,0.02952],[-2.250,0.02826],[-2.000,0.02734],[-1.750,0.02646],[-1.500,0.02593],[-1.250,0.02520],[-1.000,0.02463],[-0.750,0.02421],[-0.500,0.02390],[-0.250,0.02355],[0.000,0.02336],[0.250,0.02328],[0.500,0.02333],[0.750,0.02358],[1.000,0.02391],[1.250,0.02456],[1.500,0.02463],[1.750,0.02395],[2.000,0.02375],[2.250,0.02296],[2.500,0.02193],[2.750,0.02110],[3.000,0.02070],[3.250,0.02074],[3.500,0.02106],[3.750,0.02138],[4.000,0.02193],[4.250,0.02241],[4.500,0.02305],[4.750,0.02348],[5.000,0.02411],[5.250,0.02469],[5.500,0.02478],[5.750,0.02504],[6.000,0.02663],[6.250,0.02919],[6.500,0.03121],[6.750,0.03313],[7.000,0.03533],[7.250,0.03762],[7.500,0.04007],[7.750,0.04315],[8.000,0.04686],[8.250,0.05051],[8.500,0.05438],[8.750,0.05889],[9.000,0.06371],[9.250,0.06840],[9.500,0.07302],[9.750,0.07732],[10.000,0.08230],[10.250,0.08840],[10.500,0.09556],[10.750,0.10306],[11.000,0.11981],[11.250,0.12825],[11.500,0.13386],[11.750,0.13818],],[[-8.750,0.10150],[-8.500,0.09981],[-8.250,0.09788],[-8.000,0.09535],[-7.750,0.09238],[-7.500,0.08568],[-7.250,0.08198],[-7.000,0.07872],[-6.750,0.07546],[-6.500,0.07205],[-6.250,0.06865],[-6.000,0.06517],[-5.750,0.06157],[-5.500,0.05317],[-5.250,0.04968],[-5.000,0.04587],[-4.750,0.04167],[-4.500,0.03725],[-4.250,0.03645],[-3.750,0.02980],[-3.500,0.02920],[-3.000,0.03077],[-2.750,0.02945],[-2.500,0.02800],[-2.250,0.02549],[-2.000,0.02428],[-1.750,0.02376],[-1.500,0.02279],[-1.250,0.02251],[-1.000,0.02169],[-0.750,0.02118],[-0.500,0.02087],[-0.250,0.02062],[0.000,0.02027],[0.250,0.01987],[0.500,0.01935],[0.750,0.01869],[1.000,0.01787],[1.250,0.01700],[1.500,0.01604],[1.750,0.01511],[2.000,0.01270],[2.250,0.01271],[2.500,0.01308],[2.750,0.01361],[3.000,0.01410],[3.250,0.01453],[3.500,0.01495],[3.750,0.01538],[4.000,0.01583],[4.250,0.01627],[4.500,0.01670],[4.750,0.01728],[5.000,0.01823],[5.250,0.02018],[5.500,0.02154],[5.750,0.02287],[6.000,0.02412],[6.250,0.02544],[6.500,0.02693],[6.750,0.02864],[7.000,0.03070],[7.250,0.03335],[7.500,0.03706],[7.750,0.03844],[8.000,0.04128],[8.250,0.04489],[8.500,0.04855],[8.750,0.05275],[9.000,0.05724],[9.250,0.06216],[9.500,0.06578],[9.750,0.06979],[10.000,0.07430],[10.250,0.07964],[10.500,0.08852],[10.750,0.09947],[11.000,0.10976],],[[-8.750,0.09760],[-8.500,0.09602],[-8.250,0.09357],[-8.000,0.09034],[-7.750,0.08545],[-7.500,0.08127],[-7.250,0.07776],[-7.000,0.07445],[-6.750,0.07112],[-6.500,0.06744],[-6.250,0.05987],[-6.000,0.05100],[-5.750,0.04683],[-5.500,0.04176],[-5.250,0.03437],[-5.000,0.02100],[-4.750,0.01890],[-4.500,0.01767],[-4.250,0.01653],[-4.000,0.01581],[-3.750,0.01567],[-3.500,0.01689],[-3.250,0.01942],[-3.000,0.02067],[-2.750,0.02161],[-1.750,0.02024],[-1.500,0.01922],[-1.250,0.01787],[-1.000,0.01697],[-0.750,0.01626],[-0.500,0.01562],[-0.250,0.01490],[0.000,0.01426],[0.250,0.01356],[0.500,0.01287],[0.750,0.01231],[1.000,0.01175],[1.250,0.01135],[1.500,0.01109],[1.750,0.01104],[2.000,0.01128],[2.250,0.01156],[2.500,0.01183],[2.750,0.01211],[3.000,0.01153],[3.250,0.01194],[3.500,0.01248],[3.750,0.01308],[4.000,0.01371],[4.250,0.01522],[4.500,0.01599],[4.750,0.01657],[5.000,0.01720],[5.250,0.01792],[5.500,0.01878],[5.750,0.01974],[6.000,0.02091],[6.250,0.02234],[6.500,0.02393],[6.750,0.02557],[7.000,0.02788],[7.250,0.03205],[7.500,0.03393],[7.750,0.03848],[14.000,0.18048],[14.250,0.18577],],[[-9.500,0.09931],[-9.250,0.09620],[-9.000,0.09303],[-8.750,0.07548],[-8.500,0.07373],[-8.250,0.07108],[-8.000,0.06836],[-7.750,0.06578],[-7.500,0.06370],[-7.250,0.06098],[-7.000,0.05797],[-6.750,0.05463],[-5.750,0.02190],[-5.500,0.01980],[-5.250,0.01849],[-5.000,0.01622],[-4.750,0.01426],[-4.500,0.01278],[-4.250,0.01217],[-4.000,0.01161],[-3.750,0.01114],[-3.500,0.01084],[-3.250,0.01257],[-3.000,0.01354],[-2.750,0.01294],[-2.500,0.01344],[-2.250,0.01362],[-2.000,0.01255],[-1.750,0.01208],[-1.500,0.01141],[-1.250,0.01091],[-1.000,0.01044],[-0.750,0.01007],[-0.500,0.00973],[-0.250,0.00945],[0.000,0.00923],[0.250,0.00910],[0.500,0.00916],[0.750,0.00940],[1.000,0.00958],[1.250,0.00972],[1.500,0.00980],[1.750,0.00989],[2.000,0.00995],[2.250,0.01015],[2.500,0.01028],[2.750,0.01049],[3.000,0.01089],[3.250,0.01158],[3.500,0.01210],[3.750,0.01296],[4.000,0.01318],[4.250,0.01348],[4.500,0.01405],[4.750,0.01459],[5.000,0.01505],[5.250,0.01595],[5.500,0.01683],[5.750,0.01804],[6.000,0.01966],[6.250,0.02101],[6.500,0.02256],[6.750,0.02438],[7.000,0.02674],[7.250,0.03374],[7.500,0.03573],[7.750,0.03704],[8.000,0.03683],[8.250,0.03832],[8.500,0.04046],[8.750,0.04290],[9.000,0.04550],[9.250,0.04815],[9.500,0.05095],[9.750,0.05319],[10.000,0.05582],[10.250,0.05907],[10.500,0.06288],[10.750,0.06773],[11.000,0.07381],[11.250,0.08118],[11.500,0.08976],[11.750,0.09981],[12.000,0.11141],],[[-9.750,0.09932],[-9.500,0.09277],[-9.250,0.08938],[-9.000,0.08737],[-8.750,0.08327],[-8.500,0.08289],[-8.250,0.07950],[-8.000,0.07820],[-7.750,0.07523],[-7.500,0.07185],[-7.250,0.06652],[-6.750,0.02546],[-6.500,0.02264],[-6.250,0.01882],[-6.000,0.01666],[-5.750,0.01520],[-5.500,0.01383],[-5.250,0.01232],[-5.000,0.01054],[-4.750,0.00992],[-4.500,0.00938],[-4.250,0.00889],[-4.000,0.00846],[-3.750,0.00805],[-3.500,0.00770],[-3.250,0.00778],[-3.000,0.00843],[-2.750,0.00865],[-2.500,0.00867],[-2.250,0.00929],[-2.000,0.00851],[-1.750,0.00834],[-1.500,0.00816],[-1.250,0.00801],[-1.000,0.00789],[-0.750,0.00783],[-0.500,0.00792],[-0.250,0.00815],[0.000,0.00826],[0.250,0.00833],[0.500,0.00839],[0.750,0.00842],[1.000,0.00846],[1.500,0.00869],[1.750,0.00881],[2.000,0.00898],[2.250,0.00924],[2.500,0.00971],[2.750,0.01073],[3.000,0.01108],[3.250,0.01118],[3.500,0.01131],[3.750,0.01148],[4.000,0.01170],[4.250,0.01201],[4.500,0.01246],[4.750,0.01297],[5.000,0.01340],[7.250,0.03163],[7.500,0.03196],[7.750,0.03193],[8.000,0.03319],[8.250,0.03505],[8.500,0.03708],[8.750,0.03936],[9.000,0.04170],[9.250,0.04415],[9.500,0.04672],[9.750,0.04912],[10.000,0.05101],[10.250,0.05358],[10.500,0.05677],[10.750,0.06077],[11.000,0.06544],[11.250,0.07195],[11.500,0.07858],[11.750,0.08810],[12.000,0.09864],[12.250,0.10998],],],
{"title":"Cd v Alpha","sortData":false,"legend":{"show":false,"placement":"insideGrid","location":"ne"},"series":[{"showLabel":true,"index":0,"showLine":true,"trendline":{"type":"none","show":false},"color":"#4bb2c5"},{"showLabel":true,"index":0,"showLine":true,"trendline":{"type":"none","show":false},"color":"#EAA228"},{"showLabel":true,"index":0,"showLine":true,"trendline":{"type":"none","show":false},"color":"#839557"},{"showLabel":true,"index":0,"showLine":true,"trendline":{"type":"none","show":false},"color":"#953579"},{"showLabel":true,"index":0,"showLine":true,"trendline":{"type":"none","show":false},"color":"#d8b83f"}],"show":"$.jqplot.config.enablePlugins","axes":{"xaxis":{"max":15,"min":-10,"tickInterval":5,"tickOptions":{"formatString":"%.1f"},"forceTickAt0":true,"rendererOptions":{"forceTickAt0":true}},"yaxis":{"max":0.2,"min":0,"tickInterval":0.02,"tickOptions":{"formatString":"%.2f"},"forceTickAt0":true,"rendererOptions":{"forceTickAt0":true}}},"seriesDefaults":{"lineWidth":1,"showLabel":true,"markerOptions":{"size":5,"show":false}}});
jqplots.push(p);

var p = $.jqplot('effaoa',[[[-9.000,-3.9960868349949],[-8.750,-4.1112477532873],[-8.500,-4.276723562506],[-8.250,-4.381067961165],[-8.000,-4.4950867656283],[-7.750,-4.649994656407],[-7.500,-4.7958081244598],[-7.250,-4.9495875343721],[-7.000,-5.1302795954789],[-6.750,-5.2582390555829],[-6.000,-1.7633978207694],[-5.750,-1.6120027913468],[-5.500,-1.4393386822271],[-5.250,-1.2452350698856],[-5.000,-1.1941083640189],[-4.750,-2.8275],[-4.500,-4.2839717004147],[-4.250,-5.5850804485617],[-4.000,-6.9366283337411],[-3.250,-8.0633905205001],[-3.000,-7.5811939375193],[-2.750,-7.2543258243552],[-2.500,-6.7140921409214],[-2.250,-6.1677282377919],[-2.000,-5.4754937820044],[-1.750,-4.7203325774754],[-1.500,-3.8526802930968],[-1.250,-2.9801587301587],[-1.000,-2.0422249289484],[-0.750,-1.003717472119],[-0.500,0.2092050209205],[-0.250,1.5966029723992],[0.000,2.9280821917808],[0.250,4.1580756013746],[0.500,5.2464637805401],[0.750,6.1577608142494],[1.000,6.9761606022585],[1.250,7.707654723127],[1.500,11.717417783191],[1.750,17.135699373695],[2.000,20.774736842105],[2.250,24.769163763066],[2.500,28.823529411765],[2.750,32.355450236967],[3.000,34.888888888889],[3.250,36.398264223722],[3.500,37.174738841406],[3.750,37.525724976614],[4.000,37.523939808482],[4.250,37.523427041499],[4.500,37.379609544469],[4.750,37.419080068143],[5.000,37.295727913729],[5.250,37.225597407857],[5.500,37.457627118644],[5.750,37.408146964856],[6.000,35.493803980473],[6.250,32.816032887975],[6.500,31.159884652355],[6.750,29.827950498038],[7.000,28.451740730258],[7.250,27.299308878256],[7.500,26.139256301472],[7.750,24.771726535342],[8.000,23.241570635937],[8.250,21.841219560483],[8.500,20.415593968371],[8.750,18.792664289353],[9.000,17.196672421912],[9.250,15.802631578947],[9.500,14.543960558751],[9.750,13.442834971547],[10.000,12.342648845687],[10.250,11.213800904977],[10.500,10.132900795312],[10.750,9.241218707549],[11.000,7.5669810533344],[11.250,6.9676413255361],[11.500,6.6711489616017],[11.750,6.5161383702417],],[[-8.750,-4.2039408866995],[-8.500,-4.3632902514778],[-8.250,-4.5065386187168],[-8.000,-4.6345044572627],[-7.750,-4.7586057588223],[-7.500,-5.0478524743231],[-7.250,-5.2012686020981],[-7.000,-5.3696646341463],[-6.750,-5.5446594222104],[-6.500,-5.7376821651631],[-6.250,-5.9271667880554],[-6.000,-6.120914531226],[-5.750,-6.3261328569108],[-5.500,-7.0227571939063],[-5.250,-7.3550724637681],[-5.000,-7.728362764334],[-4.750,-8.2025437964963],[-4.500,-8.8053691275168],[-4.250,-8.5679012345679],[-3.750,-9.4765100671141],[-3.500,-9.1917808219178],[-3.000,-9.6067598310042],[-2.750,-10.213921901528],[-2.500,-10.55],[-2.250,-7.3126716359357],[-2.000,-6.6762767710049],[-1.750,-5.8543771043771],[-1.500,-5.1777095217201],[-1.250,-4.247001332741],[-1.000,-3.4439834024896],[-0.750,-2.5542965061379],[-0.500,-0.80498322951605],[-0.250,1.8768186226964],[0.000,4.592994573261],[0.250,7.4282838449925],[0.500,10.475452196382],[0.750,13.616907437132],[1.000,17.425853385562],[1.250,21.911764705882],[1.500,27.175810473815],[1.750,32.475181998676],[2.000,49.811023622047],[2.250,52.557041699449],[2.500,53.211009174312],[2.750,52.630418809699],[3.000,52.184397163121],[3.250,52.016517549897],[3.500,52.020066889632],[3.750,52.002600780234],[4.000,51.68667087808],[4.250,51.542716656423],[4.500,51.544910179641],[4.750,51.024305555556],[5.000,49.385628085573],[5.250,45.267591674926],[5.500,43.240482822656],[5.750,41.491036292086],[6.000,40.053897180763],[6.250,38.608490566038],[6.500,37.04047530635],[6.750,35.412011173184],[7.000,33.674267100977],[7.250,31.685157421289],[7.500,29.163518618457],[7.750,28.655046826223],[8.000,27.085755813953],[8.250,25.092448206728],[8.500,23.283213182286],[8.750,21.402843601896],[9.000,19.641858839972],[9.250,18.016409266409],[9.500,16.923076923077],[9.750,15.467832067631],[10.000,14.111709286676],[10.250,12.822702159719],[10.500,11.133077270673],[10.750,9.5817834522972],[11.000,8.4967201166181],],[[-8.750,-4.3924180327869],[-8.500,-4.59279316809],[-8.250,-4.7611413914716],[-8.000,-4.9191941554129],[-7.750,-5.1913399648917],[-7.500,-5.4165128583733],[-7.250,-5.6121399176955],[-7.000,-5.8119543317663],[-6.750,-6.0250281214848],[-6.500,-6.2826215895611],[-6.250,-7.020210455988],[-6.000,-8.1941176470588],[-5.750,-8.8169976510784],[-5.500,-9.7078544061303],[-5.250,-11.667151585685],[-5.000,-19.490476190476],[-4.750,-20.73544973545],[-4.500,-21.080928126769],[-4.250,-21.276467029643],[-4.000,-20.885515496521],[-3.750,-19.680918953414],[-3.500,-16.939017169923],[-3.250,-13.697219361483],[-3.000,-11.896468311563],[-2.750,-9.4909763998149],[-1.750,-2.4654150197628],[-1.500,-0.73361082206035],[-1.250,1.6452154448797],[-1.000,3.9304655274013],[-0.750,6.9188191881919],[-0.500,9.6030729833547],[-0.250,13.328859060403],[0.000,16.598877980365],[0.250,20.626843657817],[0.500,25.439005439005],[0.750,29.610073111292],[1.000,34.570212765957],[1.250,38.925110132159],[1.500,43.020739404869],[1.750,45.842391304348],[2.000,46.88829787234],[2.250,47.647058823529],[2.500,48.334742180896],[2.750,48.761354252684],[3.000,64.093668690373],[3.250,63.693467336683],[3.500,62.596153846154],[3.750,61.337920489297],[4.000,60.094821298322],[4.250,55.124835742444],[4.500,53.789868667917],[4.750,53.270971635486],[5.000,52.616279069767],[5.250,51.707589285714],[5.500,50.410010649627],[5.750,48.920972644377],[6.000,47.015781922525],[6.250,44.771709937332],[6.500,42.561638111158],[6.750,40.594446617129],[7.000,38.01649928264],[7.250,33.803432137285],[7.500,32.593575007368],[7.750,29.217775467775],[14.000,4.9855939716312],[14.250,4.819400333746],],[[-9.500,-4.4053972409626],[-9.250,-4.5322245322245],[-9.000,-4.6823605288617],[-8.750,-4.8396926338103],[-8.500,-4.8704733487047],[-8.250,-5.0675295441756],[-8.000,-5.3349912229374],[-7.750,-5.6947400425661],[-7.500,-6.1020408163265],[-7.250,-6.5103312561496],[-7.000,-6.9742970501984],[-6.750,-7.4995423759839],[-5.750,-19.65296803653],[-5.500,-20.212121212121],[-5.250,-19.718766901028],[-5.000,-20.437731196054],[-4.750,-21.591865357644],[-4.500,-21.541471048513],[-4.250,-19.556285949055],[-4.000,-17.269595176572],[-3.750,-15.691202872531],[-3.500,-13.090405904059],[-3.250,-7.9952267303103],[-3.000,-4.4608567208272],[-2.750,-2.6584234930448],[-2.500,0.029761904761905],[-2.250,2.7092511013216],[-2.000,6],[-1.750,8.5016556291391],[-1.500,12.357581069238],[-1.250,15.902841429881],[-1.000,20.249042145594],[-0.750,24.210526315789],[-0.500,28.550873586845],[-0.250,32.634920634921],[0.000,36.576381365114],[0.250,40],[0.500,42.085152838428],[0.750,42.86170212766],[1.000,44.144050104384],[1.250,45.70987654321],[1.500,47.581632653061],[1.750,49.423660262892],[2.000,51.095477386935],[2.250,52.147783251232],[2.500,53.725680933852],[2.750,54.785510009533],[3.000,54.674012855831],[3.250,52.996545768566],[3.500,52.429752066116],[3.750,50.300925925926],[4.000,51.274658573596],[4.250,51.876854599407],[4.500,62.70462633452],[4.750,61.912268677176],[5.000,61.56146179402],[5.250,59.297805642633],[5.500,57.397504456328],[5.750,54.606430155211],[6.000,51.037639877925],[6.250,48.719657306045],[6.500,46.227836879433],[6.750,43.556193601313],[7.000,40.381451009723],[7.250,32.219917012448],[7.500,30.772460117548],[7.750,30.008099352052],[8.000,30.605484659245],[8.250,29.725991649269],[8.500,28.339100346021],[8.750,26.820512820513],[9.000,25.298901098901],[9.250,23.854620976116],[9.500,22.410206084396],[9.750,21.190073322053],[10.000,19.903260480115],[10.250,18.517013712544],[10.500,17.126272264631],[10.750,15.620847482652],[11.000,14.073973716299],[11.250,12.559743779256],[11.500,11.139705882353],[11.750,9.7976154693918],[12.000,8.5566825240104],],[[-9.750,-4.4764397905759],[-9.500,-4.9563436455751],[-9.250,-5.1599910494518],[-9.000,-5.2592423028499],[-8.750,-5.6226732316561],[-8.500,-5.5941609361805],[-8.250,-6.0465408805031],[-8.000,-6.0856777493606],[-7.750,-6.34720191413],[-7.500,-6.6805845511482],[-7.250,-7.0384846662658],[-6.750,-17.313432835821],[-6.500,-18.149293286219],[-6.250,-20.499468650372],[-6.000,-22.082833133253],[-5.750,-22.394736842105],[-5.500,-22.472885032538],[-5.250,-22.702922077922],[-5.000,-23.65275142315],[-4.750,-22.913306451613],[-4.500,-20.938166311301],[-4.250,-18.436445444319],[-4.000,-15.307328605201],[-3.750,-11.67701863354],[-3.500,-9.1428571428571],[-3.250,-4.5886889460154],[-3.000,0.48635824436536],[-2.750,3.7803468208092],[-2.500,7.9815455594002],[-2.250,10.721205597417],[-2.000,15.264394829612],[-1.750,19.172661870504],[-1.500,23.039215686275],[-1.250,26.816479400749],[-1.000,30.443599493029],[-0.750,33.614303959132],[-0.500,35.580808080808],[-0.250,36.539877300614],[0.000,38.535108958838],[0.250,40.828331332533],[0.500,43.206197854589],[0.750,45.807600950119],[1.000,48.368794326241],[1.500,52.428078250863],[1.750,54.347332576617],[2.000,55.890868596882],[2.250,56.753246753247],[2.500,55.942327497425],[2.750,51.919850885368],[3.000,52.301444043321],[3.250,54.06976744186],[3.500,55.632183908046],[3.750,56.933797909408],[4.000,57.905982905983],[4.250,58.34304746045],[4.500,57.993579454254],[4.750,57.332305319969],[5.000,57.119402985075],[7.250,34.875118558331],[7.500,35.018773466834],[7.750,35.621672408393],[8.000,34.691172039771],[8.250,33.144079885877],[8.500,31.548004314995],[8.750,29.855182926829],[9.000,28.249400479616],[9.250,26.672706681767],[9.500,25.143407534247],[9.750,23.719462540717],[10.000,22.57400509704],[10.250,21.192609182531],[10.500,19.697023075568],[10.750,18.101036695738],[11.000,16.546454767726],[11.250,14.75469075747],[11.500,13.310002545177],[11.750,11.606129398411],[12.000,10.123682076237],[12.250,8.8625204582651],],],
{"title":"Cl\/Cd v Alpha","sortData":false,"legend":{"show":false,"placement":"insideGrid","location":"ne"},"series":[{"showLabel":true,"index":0,"showLine":true,"trendline":{"type":"none","show":false},"color":"#4bb2c5"},{"showLabel":true,"index":0,"showLine":true,"trendline":{"type":"none","show":false},"color":"#EAA228"},{"showLabel":true,"index":0,"showLine":true,"trendline":{"type":"none","show":false},"color":"#839557"},{"showLabel":true,"index":0,"showLine":true,"trendline":{"type":"none","show":false},"color":"#953579"},{"showLabel":true,"index":0,"showLine":true,"trendline":{"type":"none","show":false},"color":"#d8b83f"}],"show":"$.jqplot.config.enablePlugins","axes":{"xaxis":{"max":15,"min":-10,"tickInterval":5,"tickOptions":{"formatString":"%.1f"},"forceTickAt0":true,"rendererOptions":{"forceTickAt0":true}},"yaxis":{"max":70,"min":-30,"tickInterval":10,"tickOptions":{"formatString":"%.1f"},"forceTickAt0":true,"rendererOptions":{"forceTickAt0":true}}},"seriesDefaults":{"lineWidth":1,"showLabel":true,"markerOptions":{"size":5,"show":false}}});
jqplots.push(p);

});
/*]]>*/
</script>
</body>
</html>