<!DOCTYPE html>
<html lang="en">
<head>
<link rel="stylesheet" type="text/css" href="/assets/62ff72f1/jquery.jqplot.min.css" media="screen, projection, print" />
<style type="text/css">
/*<![CDATA[*/
.jqplot-title {font-size:1.8em;padding:3px;}.jqplot-xaxis {font-size:0.8em;padding-top:3px;}.jqplot-yaxis {font-size:0.8em;padding-right:3px;}
/*]]>*/
</style>
<!--[if lt IE 9]><script type="text/javascript" src="/assets/62ff72f1/excanvas.min.js"></script></script><![endif]-->
<script type="text/javascript" src="/assets/780cfc96/jquery.min.js"></script>
<script type="text/javascript" src="/assets/62ff72f1/jquery.min.js"></script>
<script type="text/javascript" src="/assets/62ff72f1/jquery.jqplot.min.js"></script>
<script type="text/javascript">
/*<![CDATA[*/
var jqplots = [];

/*]]>*/
</script>
<title>Airfoil polar plot</title>
<meta http-equiv="Content-Language" content="en-gb"/>
<meta http-equiv="Content-Type" content="text/html; charset=windows-1252"/>
<meta content="none" name="robots" />
<meta name="copyright" content="Copyright 2010-2013. All Rights Reserved" />
</head>
<body>

<table style="width:800px;">
<tr><td>
<div id="liftdrag" style="height:400px;width:398px;margin:auto;display:inline-block;"></div>
</td><td>
<div id="liftaoa" style="height:400px;width:398px;margin:auto;display:inline-block;"></div>
</td></tr>
<tr><td>
<div id="effaoa" style="height:400px;width:398px;margin:auto;display:inline-block;"></div>
</td><td>
<div id="dragaoa" style="height:400px;width:398px;margin:auto;display:inline-block;"></div>
</td></tr>
<tr><td>
<div id="momentaoa" style="height:400px;width:398px;margin:auto;display:inline-block;"></div>
</td><td>
</td></tr>

</table>
<script type="text/javascript">
/*<![CDATA[*/
jQuery(window).load(function() {
var p = $.jqplot('liftdrag',[[[0.10544,-0.4492],[0.08488,-0.6164],[0.07624,-0.7228],[0.07194,-0.7144],[0.06593,-0.7718],[0.06197,-0.7715],[0.05823,-0.7744],[0.05464,-0.7755],[0.05117,-0.7733],[0.04795,-0.7679],[0.04522,-0.7516],[0.04277,-0.7388],[0.04024,-0.7250],[0.03791,-0.7086],[0.03606,-0.6886],[0.03416,-0.6685],[0.03263,-0.6467],[0.03109,-0.6235],[0.02968,-0.5993],[0.02838,-0.5748],[0.02709,-0.5501],[0.02562,-0.5260],[0.02360,-0.5096],[0.02307,-0.5064],[0.02460,-0.4830],[0.02895,-0.3085],[0.02912,-0.1050],[0.02858,-0.1044],[0.02810,-0.1038],[0.02766,-0.1033],[0.02726,-0.1029],[0.02689,-0.1028],[0.02656,-0.1029],[0.02626,-0.1030],[0.02600,-0.1029],[0.02579,-0.1020],[0.02565,-0.0997],[0.02558,-0.0953],[0.02560,-0.0888],[0.02570,-0.0806],[0.02587,-0.0705],[0.02612,-0.0588],[0.02644,-0.0458],[0.02682,-0.0318],[0.02726,-0.0171],[0.02776,-0.0019],[0.02832,0.0137],[0.02894,0.0294],[0.02962,0.0452],[0.03036,0.0610],[0.03117,0.0766],[0.03205,0.0921],[0.03434,0.1612],[0.03622,0.2345],[0.03717,0.2971],[0.03744,0.3561],[0.03694,0.4210],[0.03477,0.5076],[0.03189,0.5697],[0.02589,0.6627],[0.02437,0.7145],[0.02647,0.7295],[0.02845,0.7615],[0.03039,0.7973],[0.03227,0.8277],[0.03419,0.8548],[0.03626,0.8800],[0.03831,0.9035],[0.04058,0.9184],[0.04287,0.9395],[0.04551,0.9491],[0.04827,0.9556],[0.05100,0.9631],[0.05429,0.9842],[0.05754,0.9815],[0.06112,0.9760],[0.06487,0.9674],[0.06880,0.9565],[0.07294,0.9447],[0.07719,0.9307],[0.08430,0.8291],[0.08986,0.8212],],[[0.09402,-0.5422],[0.09123,-0.5391],[0.06109,-0.8253],[0.05726,-0.8275],[0.05361,-0.8331],[0.05011,-0.8384],[0.04688,-0.8405],[0.04394,-0.8392],[0.04141,-0.8339],[0.03804,-0.8221],[0.03649,-0.8050],[0.03486,-0.7896],[0.03302,-0.7734],[0.03111,-0.7549],[0.02992,-0.7345],[0.02873,-0.7136],[0.02735,-0.6918],[0.02641,-0.6701],[0.02535,-0.6478],[0.02453,-0.6260],[0.02360,-0.6040],[0.02283,-0.5823],[0.02207,-0.5611],[0.02128,-0.5405],[0.02044,-0.5202],[0.01930,-0.5007],[0.01754,-0.4866],[0.01744,-0.4716],[0.01763,-0.4552],[0.01795,-0.4383],[0.01839,-0.4190],[0.01898,-0.3926],[0.01986,-0.3477],[0.02102,-0.2738],[0.02206,-0.1856],[0.02267,-0.1002],[0.02233,-0.1046],[0.02201,-0.1094],[0.02174,-0.1135],[0.02164,-0.1086],[0.02212,-0.0663],[0.02264,-0.0249],[0.02300,0.0113],[0.02336,0.0454],[0.02380,0.0834],[0.02416,0.1204],[0.02444,0.1519],[0.02475,0.1909],[0.02495,0.2403],[0.02484,0.2850],[0.02436,0.3422],[0.02372,0.3954],[0.02298,0.4459],[0.02194,0.5012],[0.02054,0.5597],[0.01903,0.6100],[0.01799,0.6400],[0.01685,0.6761],[0.01592,0.7186],[0.01639,0.7369],[0.01789,0.7303],[0.01925,0.7310],[0.02038,0.7388],[0.02143,0.7508],[0.02246,0.7672],[0.02349,0.7860],[0.02465,0.8079],[0.02569,0.8298],[0.02689,0.8534],[0.02842,0.8803],[0.02957,0.9015],[0.03142,0.9286],[0.03278,0.9469],[0.03415,0.9669],[0.03649,0.9887],[0.03838,1.0007],[0.04036,1.0128],[0.04206,1.0296],[0.04479,1.0462],[0.04821,1.0514],[0.05107,1.0498],[0.05414,1.0441],[0.05739,1.0346],[0.06077,1.0215],[0.06412,1.0045],[0.06762,0.9852],[0.07152,0.9664],[0.07597,0.9522],],[[0.07736,-0.6924],[0.07239,-0.7054],[0.06756,-0.7283],[0.06346,-0.7552],[0.06025,-0.7840],[0.05787,-0.8146],[0.05618,-0.8463],[0.05387,-0.8745],[0.05105,-0.8986],[0.04801,-0.9183],[0.04485,-0.9325],[0.04177,-0.9412],[0.03893,-0.9445],[0.03640,-0.9427],[0.03443,-0.9374],[0.03213,-0.9256],[0.03121,-0.9101],[0.03017,-0.8942],[0.02885,-0.8783],[0.02781,-0.8617],[0.02613,-0.8422],[0.02549,-0.8234],[0.02479,-0.8039],[0.02365,-0.7837],[0.02296,-0.7638],[0.02244,-0.7435],[0.02164,-0.7228],[0.02102,-0.7026],[0.02061,-0.6810],[0.01989,-0.6482],[0.01964,-0.6134],[0.01902,-0.5820],[0.01856,-0.5503],[0.01817,-0.5166],[0.01782,-0.4830],[0.01726,-0.4549],[0.01652,-0.4239],[0.01541,-0.3936],[0.01490,-0.3698],[0.01483,-0.3411],[0.01494,-0.3066],[0.01503,-0.2774],[0.01509,-0.2511],[0.01525,-0.2174],[0.01548,-0.1819],[0.01555,-0.1629],[0.01577,-0.1281],[0.01606,-0.0882],[0.01637,-0.0610],[0.01685,-0.0106],[0.01707,0.0415],[0.01718,0.0978],[0.01720,0.1532],[0.01724,0.1938],[0.01715,0.2457],[0.01668,0.3072],[0.01567,0.3686],[0.01483,0.4230],[0.01426,0.4676],[0.01358,0.5140],[0.01303,0.5566],[0.01252,0.5968],[0.01200,0.6384],[0.01161,0.6700],[0.01136,0.6908],[0.01130,0.7127],[0.01160,0.7275],[0.01226,0.7332],[0.01321,0.7318],[0.01415,0.7319],[0.01495,0.7359],[0.01560,0.7433],[0.01624,0.7511],[0.01678,0.7613],[0.01736,0.7716],[0.01795,0.7825],[0.01844,0.7961],[0.01914,0.8083],[0.01965,0.8230],[0.02046,0.8378],[0.02100,0.8542],[0.02205,0.8727],[0.02259,0.8905],[0.02331,0.9088],[0.02449,0.9320],[0.02521,0.9509],[0.02608,0.9711],[0.02767,0.9971],[0.02865,1.0161],[0.02958,1.0342],[0.03106,1.0582],[0.03278,1.0755],[0.03437,1.0897],[0.03608,1.1033],[0.03759,1.1167],[0.03896,1.1295],[0.04124,1.1459],[0.04366,1.1434],[0.04578,1.1352],[0.04840,1.1253],[0.05134,1.1117],[0.05459,1.0948],[0.05822,1.0747],[0.06229,1.0521],[0.06690,1.0274],[0.07211,1.0015],[0.07810,0.9743],[0.08482,0.9476],[0.09212,0.9237],],[[0.07366,-0.9264],[0.06574,-0.9529],[0.05934,-0.9742],[0.05415,-0.9916],[0.04967,-1.0075],[0.04531,-1.0251],[0.04209,-1.0353],[0.03975,-1.0398],[0.03792,-1.0425],[0.03640,-1.0454],[0.03505,-1.0496],[0.03390,-1.0561],[0.03290,-1.0658],[0.03208,-1.0787],[0.03144,-1.0952],[0.03075,-1.1074],[0.02988,-1.1107],[0.02877,-1.1003],[0.02755,-1.0788],[0.02657,-1.0551],[0.02482,-1.0344],[0.02398,-1.0116],[0.02326,-0.9875],[0.02258,-0.9621],[0.02199,-0.9353],[0.02089,-0.9106],[0.02031,-0.8823],[0.01980,-0.8584],[0.01933,-0.8357],[0.01850,-0.8123],[0.01805,-0.7848],[0.01770,-0.7551],[0.01706,-0.7262],[0.01664,-0.6950],[0.01636,-0.6762],[0.01585,-0.6520],[0.01545,-0.6225],[0.01518,-0.5906],[0.01464,-0.5605],[0.01437,-0.5273],[0.01393,-0.4948],[0.01377,-0.4802],[0.01344,-0.4544],[0.01317,-0.4236],[0.01280,-0.3922],[0.01245,-0.3591],[0.01207,-0.3257],[0.01169,-0.2932],[0.01141,-0.2741],[0.01103,-0.2527],[0.01044,-0.2265],[0.00974,-0.2003],[0.00918,-0.1730],[0.00883,-0.1437],[0.00876,-0.1282],[0.00859,-0.1010],[0.00844,-0.0708],[0.00828,-0.0395],[0.00814,-0.0077],[0.00812,0.0134],[0.00801,0.0413],[0.00786,0.0715],[0.00772,0.1028],[0.00767,0.1287],[0.00760,0.1540],[0.00747,0.1838],[0.00730,0.2117],[0.00702,0.2433],[0.00691,0.2682],[0.00685,0.2973],[0.00680,0.3249],[0.00680,0.3505],[0.00682,0.3796],[0.00684,0.4060],[0.00691,0.4370],[0.00704,0.4661],[0.00727,0.4935],[0.00760,0.5248],[0.00801,0.5483],[0.00868,0.5791],[0.00960,0.6052],[0.01046,0.6309],[0.01117,0.6638],[0.01171,0.6968],[0.01220,0.7297],[0.01262,0.7650],[0.01303,0.7999],[0.01335,0.8196],[0.01368,0.8317],[0.01390,0.8457],[0.01427,0.8572],[0.01450,0.8712],[0.01482,0.8839],[0.01520,0.8957],[0.01547,0.9099],[0.01588,0.9218],[0.01630,0.9319],[0.01660,0.9455],[0.01699,0.9595],[0.01763,0.9715],[0.01802,0.9889],[0.01848,1.0058],[0.01917,1.0201],[0.01989,1.0350],[0.02042,1.0525],[0.02098,1.0695],[0.02169,1.0846],[0.02273,1.0971],[0.02340,1.1135],[0.02416,1.1288],[0.02494,1.1435],[0.02579,1.1573],[0.02688,1.1693],[0.02839,1.1794],[0.02937,1.1920],[0.03046,1.2036],[0.03160,1.2141],[0.03279,1.2240],[0.03403,1.2330],[0.03535,1.2412],[0.03684,1.2484],[0.03860,1.2537],[0.04114,1.2543],[0.04335,1.2547],[0.04560,1.2544],[0.04814,1.2521],[0.05102,1.2479],[0.05426,1.2414],[0.05791,1.2330],[0.06208,1.2225],[0.06680,1.2096],[0.07227,1.1939],[0.07865,1.1751],[0.08625,1.1516],[0.09561,1.1220],[0.10797,1.0817],[0.14057,0.9621],],[[0.18167,-0.4135],[0.17961,-0.4092],[0.14094,-0.8677],[0.11477,-0.9536],[0.10353,-0.9922],[0.09313,-1.0275],[0.08362,-1.0590],[0.07503,-1.0856],[0.06749,-1.1077],[0.06106,-1.1247],[0.05561,-1.1379],[0.05100,-1.1475],[0.04687,-1.1557],[0.04224,-1.1716],[0.03854,-1.1823],[0.03555,-1.1888],[0.03318,-1.1913],[0.03125,-1.1911],[0.02966,-1.1894],[0.02833,-1.1875],[0.02721,-1.1869],[0.02627,-1.1883],[0.02550,-1.1940],[0.02491,-1.2044],[0.02424,-1.2047],[0.02337,-1.1843],[0.02260,-1.1623],[0.02191,-1.1379],[0.02129,-1.1111],[0.01994,-1.0952],[0.01917,-1.0713],[0.01857,-1.0449],[0.01800,-1.0171],[0.01746,-0.9883],[0.01697,-0.9585],[0.01616,-0.9308],[0.01567,-0.9075],[0.01526,-0.8814],[0.01489,-0.8529],[0.01436,-0.8255],[0.01393,-0.7971],[0.01360,-0.7674],[0.01323,-0.7381],[0.01283,-0.7145],[0.01258,-0.6912],[0.01236,-0.6646],[0.01193,-0.6392],[0.01168,-0.6117],[0.01149,-0.5838],[0.01114,-0.5618],[0.01093,-0.5375],[0.01071,-0.5117],[0.01039,-0.4860],[0.01020,-0.4591],[0.00995,-0.4345],[0.00978,-0.4095],[0.00953,-0.3844],[0.00933,-0.3580],[0.00910,-0.3315],[0.00889,-0.3050],[0.00869,-0.2799],[0.00823,-0.2295],[0.00796,-0.2036],[0.00767,-0.1780],[0.00735,-0.1532],[0.00695,-0.1310],[0.00651,-0.1084],[0.00612,-0.0849],[0.00583,-0.0599],[0.00566,-0.0351],[0.00551,-0.0101],[0.00540,0.0164],[0.00532,0.0440],[0.00527,0.0715],[0.00521,0.0979],[0.00515,0.1252],[0.00508,0.1527],[0.00498,0.1781],[0.00490,0.2035],[0.00485,0.2297],[0.00480,0.2554],[0.00478,0.2813],[0.00479,0.3073],[0.00482,0.3323],[0.00491,0.3563],[0.00505,0.3794],[0.00545,0.4235],[0.00574,0.4443],[0.00608,0.4643],[0.00656,0.4817],[0.00716,0.4997],[0.00776,0.5201],[0.00827,0.5402],[0.00875,0.5695],[0.00950,0.6276],[0.00987,0.6627],[0.01020,0.6976],[0.01053,0.7314],[0.01085,0.7643],[0.01118,0.7956],[0.01151,0.8283],[0.01179,0.8622],[0.01216,0.8949],[0.01244,0.9281],[0.01280,0.9513],[0.01297,0.9660],[0.01320,0.9797],[0.01354,0.9913],[0.01375,1.0058],[0.01399,1.0202],[0.01426,1.0322],[0.01464,1.0424],[0.01488,1.0584],[0.01519,1.0754],[0.01561,1.0920],[0.01613,1.1081],[0.01650,1.1268],[0.01691,1.1453],[0.01739,1.1630],[0.01811,1.1773],[0.01870,1.1936],[0.01920,1.2112],[0.01975,1.2282],[0.02032,1.2448],[0.02094,1.2608],[0.02174,1.2741],[0.02298,1.2810],[0.02370,1.2956],[0.02447,1.3095],[0.02533,1.3223],[0.02627,1.3342],[0.02726,1.3454],[0.02833,1.3557],[0.02946,1.3655],[0.03069,1.3741],[0.03208,1.3811],[0.03369,1.3858],[0.03564,1.3871],[0.03812,1.3833],[0.04106,1.3761],[0.04317,1.3790],[0.04550,1.3808],[0.04816,1.3806],[0.05107,1.3795],[0.05432,1.3764],[0.05790,1.3722],[0.06184,1.3665],[0.06631,1.3583],[0.07128,1.3478],[0.07677,1.3354],[0.08298,1.3200],[0.08981,1.3018],[0.09734,1.2808],],],
{"title":"Cl v Cd","sortData":false,"legend":{"show":false,"placement":"insideGrid","location":"ne"},"series":[{"showLabel":true,"index":0,"showLine":true,"trendline":{"type":"none","show":false},"color":"#4bb2c5"},{"showLabel":true,"index":0,"showLine":true,"trendline":{"type":"none","show":false},"color":"#EAA228"},{"showLabel":true,"index":0,"showLine":true,"trendline":{"type":"none","show":false},"color":"#839557"},{"showLabel":true,"index":0,"showLine":true,"trendline":{"type":"none","show":false},"color":"#953579"},{"showLabel":true,"index":0,"showLine":true,"trendline":{"type":"none","show":false},"color":"#d8b83f"}],"show":"$.jqplot.config.enablePlugins","axes":{"xaxis":{"max":0.2,"min":0,"tickInterval":0.02,"tickOptions":{"formatString":"%.2f"},"forceTickAt0":true,"rendererOptions":{"forceTickAt0":true}},"yaxis":{"max":1.5,"min":-1.5,"tickInterval":0.5,"tickOptions":{"formatString":"%.2f"},"forceTickAt0":true,"rendererOptions":{"forceTickAt0":true}}},"seriesDefaults":{"lineWidth":1,"showLabel":true,"markerOptions":{"size":5,"show":false}}});
jqplots.push(p);

var p = $.jqplot('liftaoa',[[[-9.250,-0.4492],[-9.000,-0.6164],[-8.750,-0.7228],[-8.500,-0.7144],[-8.250,-0.7718],[-8.000,-0.7715],[-7.750,-0.7744],[-7.500,-0.7755],[-7.250,-0.7733],[-7.000,-0.7679],[-6.750,-0.7516],[-6.500,-0.7388],[-6.250,-0.7250],[-6.000,-0.7086],[-5.750,-0.6886],[-5.500,-0.6685],[-5.250,-0.6467],[-5.000,-0.6235],[-4.750,-0.5993],[-4.500,-0.5748],[-4.250,-0.5501],[-4.000,-0.5260],[-3.750,-0.5096],[-3.500,-0.5064],[-3.250,-0.4830],[-3.000,-0.3085],[-2.750,-0.1050],[-2.500,-0.1044],[-2.250,-0.1038],[-2.000,-0.1033],[-1.750,-0.1029],[-1.500,-0.1028],[-1.250,-0.1029],[-1.000,-0.1030],[-0.750,-0.1029],[-0.500,-0.1020],[-0.250,-0.0997],[0.000,-0.0953],[0.250,-0.0888],[0.500,-0.0806],[0.750,-0.0705],[1.000,-0.0588],[1.250,-0.0458],[1.500,-0.0318],[1.750,-0.0171],[2.000,-0.0019],[2.250,0.0137],[2.500,0.0294],[2.750,0.0452],[3.000,0.0610],[3.250,0.0766],[3.500,0.0921],[3.750,0.1612],[4.000,0.2345],[4.250,0.2971],[4.500,0.3561],[4.750,0.4210],[5.000,0.5076],[5.250,0.5697],[5.500,0.6627],[5.750,0.7145],[6.000,0.7295],[6.250,0.7615],[6.500,0.7973],[6.750,0.8277],[7.000,0.8548],[7.250,0.8800],[7.500,0.9035],[7.750,0.9184],[8.000,0.9395],[8.250,0.9491],[8.500,0.9556],[8.750,0.9631],[9.000,0.9842],[9.250,0.9815],[9.500,0.9760],[9.750,0.9674],[10.000,0.9565],[10.250,0.9447],[10.500,0.9307],[10.750,0.8291],[11.000,0.8212],],[[-9.750,-0.5422],[-9.500,-0.5391],[-9.250,-0.8253],[-9.000,-0.8275],[-8.750,-0.8331],[-8.500,-0.8384],[-8.250,-0.8405],[-8.000,-0.8392],[-7.750,-0.8339],[-7.500,-0.8221],[-7.250,-0.8050],[-7.000,-0.7896],[-6.750,-0.7734],[-6.500,-0.7549],[-6.250,-0.7345],[-6.000,-0.7136],[-5.750,-0.6918],[-5.500,-0.6701],[-5.250,-0.6478],[-5.000,-0.6260],[-4.750,-0.6040],[-4.500,-0.5823],[-4.250,-0.5611],[-4.000,-0.5405],[-3.750,-0.5202],[-3.500,-0.5007],[-3.250,-0.4866],[-3.000,-0.4716],[-2.750,-0.4552],[-2.500,-0.4383],[-2.250,-0.4190],[-2.000,-0.3926],[-1.750,-0.3477],[-1.500,-0.2738],[-1.250,-0.1856],[-1.000,-0.1002],[-0.750,-0.1046],[-0.500,-0.1094],[-0.250,-0.1135],[0.000,-0.1086],[0.250,-0.0663],[0.500,-0.0249],[0.750,0.0113],[1.000,0.0454],[1.250,0.0834],[1.500,0.1204],[1.750,0.1519],[2.000,0.1909],[2.250,0.2403],[2.500,0.2850],[2.750,0.3422],[3.000,0.3954],[3.250,0.4459],[3.500,0.5012],[3.750,0.5597],[4.000,0.6100],[4.250,0.6400],[4.500,0.6761],[4.750,0.7186],[5.000,0.7369],[5.250,0.7303],[5.500,0.7310],[5.750,0.7388],[6.000,0.7508],[6.250,0.7672],[6.500,0.7860],[6.750,0.8079],[7.000,0.8298],[7.250,0.8534],[7.500,0.8803],[7.750,0.9015],[8.000,0.9286],[8.250,0.9469],[8.500,0.9669],[8.750,0.9887],[9.000,1.0007],[9.250,1.0128],[9.500,1.0296],[9.750,1.0462],[10.000,1.0514],[10.250,1.0498],[10.500,1.0441],[10.750,1.0346],[11.000,1.0215],[11.250,1.0045],[11.500,0.9852],[11.750,0.9664],[12.000,0.9522],],[[-12.500,-0.6924],[-12.250,-0.7054],[-12.000,-0.7283],[-11.750,-0.7552],[-11.500,-0.7840],[-11.250,-0.8146],[-11.000,-0.8463],[-10.750,-0.8745],[-10.500,-0.8986],[-10.250,-0.9183],[-10.000,-0.9325],[-9.750,-0.9412],[-9.500,-0.9445],[-9.250,-0.9427],[-9.000,-0.9374],[-8.750,-0.9256],[-8.500,-0.9101],[-8.250,-0.8942],[-8.000,-0.8783],[-7.750,-0.8617],[-7.500,-0.8422],[-7.250,-0.8234],[-7.000,-0.8039],[-6.750,-0.7837],[-6.500,-0.7638],[-6.250,-0.7435],[-6.000,-0.7228],[-5.750,-0.7026],[-5.500,-0.6810],[-5.250,-0.6482],[-5.000,-0.6134],[-4.750,-0.5820],[-4.500,-0.5503],[-4.250,-0.5166],[-4.000,-0.4830],[-3.750,-0.4549],[-3.500,-0.4239],[-3.250,-0.3936],[-3.000,-0.3698],[-2.750,-0.3411],[-2.500,-0.3066],[-2.250,-0.2774],[-2.000,-0.2511],[-1.750,-0.2174],[-1.500,-0.1819],[-1.250,-0.1629],[-1.000,-0.1281],[-0.750,-0.0882],[-0.500,-0.0610],[-0.250,-0.0106],[0.000,0.0415],[0.250,0.0978],[0.500,0.1532],[0.750,0.1938],[1.000,0.2457],[1.250,0.3072],[1.500,0.3686],[1.750,0.4230],[2.000,0.4676],[2.250,0.5140],[2.500,0.5566],[2.750,0.5968],[3.000,0.6384],[3.250,0.6700],[3.500,0.6908],[3.750,0.7127],[4.000,0.7275],[4.250,0.7332],[4.500,0.7318],[4.750,0.7319],[5.000,0.7359],[5.250,0.7433],[5.500,0.7511],[5.750,0.7613],[6.000,0.7716],[6.250,0.7825],[6.500,0.7961],[6.750,0.8083],[7.000,0.8230],[7.250,0.8378],[7.500,0.8542],[7.750,0.8727],[8.000,0.8905],[8.250,0.9088],[8.500,0.9320],[8.750,0.9509],[9.000,0.9711],[9.250,0.9971],[9.500,1.0161],[9.750,1.0342],[10.000,1.0582],[10.250,1.0755],[10.500,1.0897],[10.750,1.1033],[11.000,1.1167],[11.250,1.1295],[11.500,1.1459],[11.750,1.1434],[12.000,1.1352],[12.250,1.1253],[12.500,1.1117],[12.750,1.0948],[13.000,1.0747],[13.250,1.0521],[13.500,1.0274],[13.750,1.0015],[14.000,0.9743],[14.250,0.9476],[14.500,0.9237],],[[-16.000,-0.9264],[-15.750,-0.9529],[-15.500,-0.9742],[-15.250,-0.9916],[-15.000,-1.0075],[-14.750,-1.0251],[-14.500,-1.0353],[-14.250,-1.0398],[-14.000,-1.0425],[-13.750,-1.0454],[-13.500,-1.0496],[-13.250,-1.0561],[-13.000,-1.0658],[-12.750,-1.0787],[-12.500,-1.0952],[-12.250,-1.1074],[-12.000,-1.1107],[-11.750,-1.1003],[-11.500,-1.0788],[-11.250,-1.0551],[-11.000,-1.0344],[-10.750,-1.0116],[-10.500,-0.9875],[-10.250,-0.9621],[-10.000,-0.9353],[-9.750,-0.9106],[-9.500,-0.8823],[-9.250,-0.8584],[-9.000,-0.8357],[-8.750,-0.8123],[-8.500,-0.7848],[-8.250,-0.7551],[-8.000,-0.7262],[-7.750,-0.6950],[-7.500,-0.6762],[-7.250,-0.6520],[-7.000,-0.6225],[-6.750,-0.5906],[-6.500,-0.5605],[-6.250,-0.5273],[-6.000,-0.4948],[-5.750,-0.4802],[-5.500,-0.4544],[-5.250,-0.4236],[-5.000,-0.3922],[-4.750,-0.3591],[-4.500,-0.3257],[-4.250,-0.2932],[-4.000,-0.2741],[-3.750,-0.2527],[-3.500,-0.2265],[-3.250,-0.2003],[-3.000,-0.1730],[-2.750,-0.1437],[-2.500,-0.1282],[-2.250,-0.1010],[-2.000,-0.0708],[-1.750,-0.0395],[-1.500,-0.0077],[-1.250,0.0134],[-1.000,0.0413],[-0.750,0.0715],[-0.500,0.1028],[-0.250,0.1287],[0.000,0.1540],[0.250,0.1838],[0.500,0.2117],[0.750,0.2433],[1.000,0.2682],[1.250,0.2973],[1.500,0.3249],[1.750,0.3505],[2.000,0.3796],[2.250,0.4060],[2.500,0.4370],[2.750,0.4661],[3.000,0.4935],[3.250,0.5248],[3.500,0.5483],[3.750,0.5791],[4.000,0.6052],[4.250,0.6309],[4.500,0.6638],[4.750,0.6968],[5.000,0.7297],[5.250,0.7650],[5.500,0.7999],[5.750,0.8196],[6.000,0.8317],[6.250,0.8457],[6.500,0.8572],[6.750,0.8712],[7.000,0.8839],[7.250,0.8957],[7.500,0.9099],[7.750,0.9218],[8.000,0.9319],[8.250,0.9455],[8.500,0.9595],[8.750,0.9715],[9.000,0.9889],[9.250,1.0058],[9.500,1.0201],[9.750,1.0350],[10.000,1.0525],[10.250,1.0695],[10.500,1.0846],[10.750,1.0971],[11.000,1.1135],[11.250,1.1288],[11.500,1.1435],[11.750,1.1573],[12.000,1.1693],[12.250,1.1794],[12.500,1.1920],[12.750,1.2036],[13.000,1.2141],[13.250,1.2240],[13.500,1.2330],[13.750,1.2412],[14.000,1.2484],[14.250,1.2537],[14.500,1.2543],[14.750,1.2547],[15.000,1.2544],[15.250,1.2521],[15.500,1.2479],[15.750,1.2414],[16.000,1.2330],[16.250,1.2225],[16.500,1.2096],[16.750,1.1939],[17.000,1.1751],[17.250,1.1516],[17.500,1.1220],[17.750,1.0817],[18.000,0.9621],],[[-19.750,-0.4135],[-19.500,-0.4092],[-19.250,-0.8677],[-18.750,-0.9536],[-18.500,-0.9922],[-18.250,-1.0275],[-18.000,-1.0590],[-17.750,-1.0856],[-17.500,-1.1077],[-17.250,-1.1247],[-17.000,-1.1379],[-16.750,-1.1475],[-16.500,-1.1557],[-16.250,-1.1716],[-16.000,-1.1823],[-15.750,-1.1888],[-15.500,-1.1913],[-15.250,-1.1911],[-15.000,-1.1894],[-14.750,-1.1875],[-14.500,-1.1869],[-14.250,-1.1883],[-14.000,-1.1940],[-13.750,-1.2044],[-13.500,-1.2047],[-13.250,-1.1843],[-13.000,-1.1623],[-12.750,-1.1379],[-12.500,-1.1111],[-12.250,-1.0952],[-12.000,-1.0713],[-11.750,-1.0449],[-11.500,-1.0171],[-11.250,-0.9883],[-11.000,-0.9585],[-10.750,-0.9308],[-10.500,-0.9075],[-10.250,-0.8814],[-10.000,-0.8529],[-9.750,-0.8255],[-9.500,-0.7971],[-9.250,-0.7674],[-9.000,-0.7381],[-8.750,-0.7145],[-8.500,-0.6912],[-8.250,-0.6646],[-8.000,-0.6392],[-7.750,-0.6117],[-7.500,-0.5838],[-7.250,-0.5618],[-7.000,-0.5375],[-6.750,-0.5117],[-6.500,-0.4860],[-6.250,-0.4591],[-6.000,-0.4345],[-5.750,-0.4095],[-5.500,-0.3844],[-5.250,-0.3580],[-5.000,-0.3315],[-4.750,-0.3050],[-4.500,-0.2799],[-4.000,-0.2295],[-3.750,-0.2036],[-3.500,-0.1780],[-3.250,-0.1532],[-3.000,-0.1310],[-2.750,-0.1084],[-2.500,-0.0849],[-2.250,-0.0599],[-2.000,-0.0351],[-1.750,-0.0101],[-1.500,0.0164],[-1.250,0.0440],[-1.000,0.0715],[-0.750,0.0979],[-0.500,0.1252],[-0.250,0.1527],[0.000,0.1781],[0.250,0.2035],[0.500,0.2297],[0.750,0.2554],[1.000,0.2813],[1.250,0.3073],[1.500,0.3323],[1.750,0.3563],[2.000,0.3794],[2.500,0.4235],[2.750,0.4443],[3.000,0.4643],[3.250,0.4817],[3.500,0.4997],[3.750,0.5201],[4.000,0.5402],[4.250,0.5695],[4.750,0.6276],[5.000,0.6627],[5.250,0.6976],[5.500,0.7314],[5.750,0.7643],[6.000,0.7956],[6.250,0.8283],[6.500,0.8622],[6.750,0.8949],[7.000,0.9281],[7.250,0.9513],[7.500,0.9660],[7.750,0.9797],[8.000,0.9913],[8.250,1.0058],[8.500,1.0202],[8.750,1.0322],[9.000,1.0424],[9.250,1.0584],[9.500,1.0754],[9.750,1.0920],[10.000,1.1081],[10.250,1.1268],[10.500,1.1453],[10.750,1.1630],[11.000,1.1773],[11.250,1.1936],[11.500,1.2112],[11.750,1.2282],[12.000,1.2448],[12.250,1.2608],[12.500,1.2741],[12.750,1.2810],[13.000,1.2956],[13.250,1.3095],[13.500,1.3223],[13.750,1.3342],[14.000,1.3454],[14.250,1.3557],[14.500,1.3655],[14.750,1.3741],[15.000,1.3811],[15.250,1.3858],[15.500,1.3871],[15.750,1.3833],[16.000,1.3761],[16.250,1.3790],[16.500,1.3808],[16.750,1.3806],[17.000,1.3795],[17.250,1.3764],[17.500,1.3722],[17.750,1.3665],[18.000,1.3583],[18.250,1.3478],[18.500,1.3354],[18.750,1.3200],[19.000,1.3018],[19.250,1.2808],],],
{"title":"Cl v Alpha","sortData":false,"legend":{"show":false,"placement":"insideGrid","location":"ne"},"series":[{"showLabel":true,"index":0,"showLine":true,"trendline":{"type":"none","show":false},"color":"#4bb2c5"},{"showLabel":true,"index":0,"showLine":true,"trendline":{"type":"none","show":false},"color":"#EAA228"},{"showLabel":true,"index":0,"showLine":true,"trendline":{"type":"none","show":false},"color":"#839557"},{"showLabel":true,"index":0,"showLine":true,"trendline":{"type":"none","show":false},"color":"#953579"},{"showLabel":true,"index":0,"showLine":true,"trendline":{"type":"none","show":false},"color":"#d8b83f"}],"show":"$.jqplot.config.enablePlugins","axes":{"xaxis":{"max":20,"min":-20,"tickInterval":5,"tickOptions":{"formatString":"%.1f"},"forceTickAt0":true,"rendererOptions":{"forceTickAt0":true}},"yaxis":{"max":1.5,"min":-1.5,"tickInterval":0.5,"tickOptions":{"formatString":"%.2f"},"forceTickAt0":true,"rendererOptions":{"forceTickAt0":true}}},"seriesDefaults":{"lineWidth":1,"showLabel":true,"markerOptions":{"size":5,"show":false}}});
jqplots.push(p);

var p = $.jqplot('momentaoa',[[[-9.250,-0.0145],[-9.000,-0.0358],[-8.750,-0.0334],[-8.500,-0.0320],[-8.250,-0.0271],[-8.000,-0.0247],[-7.750,-0.0219],[-7.500,-0.0190],[-7.250,-0.0162],[-7.000,-0.0135],[-6.750,-0.0123],[-6.500,-0.0102],[-6.250,-0.0082],[-6.000,-0.0065],[-5.750,-0.0053],[-5.500,-0.0040],[-5.250,-0.0028],[-5.000,-0.0020],[-4.750,-0.0012],[-4.500,-0.0003],[-4.250,0.0005],[-4.000,0.0013],[-3.750,0.0038],[-3.500,0.0132],[-3.250,0.0201],[-3.000,0.0012],[-2.750,-0.0318],[-2.500,-0.0290],[-2.250,-0.0262],[-2.000,-0.0231],[-1.750,-0.0200],[-1.500,-0.0167],[-1.250,-0.0134],[-1.000,-0.0099],[-0.750,-0.0065],[-0.500,-0.0031],[-0.250,0.0002],[0.000,0.0031],[0.250,0.0057],[0.500,0.0080],[0.750,0.0100],[1.000,0.0117],[1.250,0.0131],[1.500,0.0144],[1.750,0.0154],[2.000,0.0163],[2.250,0.0171],[2.500,0.0177],[2.750,0.0182],[3.000,0.0187],[3.250,0.0190],[3.500,0.0193],[3.750,0.0094],[4.000,-0.0004],[4.250,-0.0072],[4.500,-0.0123],[4.750,-0.0172],[5.000,-0.0231],[5.250,-0.0240],[5.500,-0.0252],[5.750,-0.0215],[6.000,-0.0187],[6.250,-0.0192],[6.500,-0.0204],[6.750,-0.0206],[7.000,-0.0203],[7.250,-0.0197],[7.500,-0.0189],[7.750,-0.0166],[8.000,-0.0155],[8.250,-0.0127],[8.500,-0.0094],[8.750,-0.0066],[9.000,-0.0062],[9.250,-0.0023],[9.500,0.0014],[9.750,0.0051],[10.000,0.0085],[10.250,0.0115],[10.500,0.0143],[10.750,0.0192],[11.000,0.0190],],[[-9.750,-0.0368],[-9.500,-0.0352],[-9.250,-0.0335],[-9.000,-0.0307],[-8.750,-0.0273],[-8.500,-0.0235],[-8.250,-0.0198],[-8.000,-0.0163],[-7.750,-0.0130],[-7.500,-0.0112],[-7.250,-0.0099],[-7.000,-0.0080],[-6.750,-0.0060],[-6.500,-0.0046],[-6.250,-0.0036],[-6.000,-0.0023],[-5.750,-0.0014],[-5.500,-0.0004],[-5.250,0.0005],[-5.000,0.0015],[-4.750,0.0024],[-4.500,0.0034],[-4.250,0.0044],[-4.000,0.0054],[-3.750,0.0064],[-3.500,0.0075],[-3.250,0.0100],[-3.000,0.0138],[-2.750,0.0172],[-2.500,0.0205],[-2.250,0.0234],[-2.000,0.0247],[-1.750,0.0222],[-1.500,0.0136],[-1.250,0.0017],[-1.000,-0.0103],[-0.750,-0.0064],[-0.500,-0.0024],[-0.250,0.0016],[0.000,0.0041],[0.250,-0.0001],[0.500,-0.0040],[0.750,-0.0068],[1.000,-0.0091],[1.250,-0.0121],[1.500,-0.0147],[1.750,-0.0161],[2.000,-0.0188],[2.250,-0.0231],[2.500,-0.0262],[2.750,-0.0309],[3.000,-0.0347],[3.250,-0.0379],[3.500,-0.0415],[3.750,-0.0453],[4.000,-0.0473],[4.250,-0.0458],[4.500,-0.0453],[4.750,-0.0457],[5.000,-0.0422],[5.250,-0.0356],[5.500,-0.0307],[5.750,-0.0271],[6.000,-0.0243],[6.250,-0.0223],[6.500,-0.0207],[6.750,-0.0197],[7.000,-0.0187],[7.250,-0.0179],[7.500,-0.0180],[7.750,-0.0167],[8.000,-0.0170],[8.250,-0.0150],[8.500,-0.0138],[8.750,-0.0132],[9.000,-0.0104],[9.250,-0.0079],[9.500,-0.0065],[9.750,-0.0054],[10.000,-0.0025],[10.250,0.0015],[10.500,0.0056],[10.750,0.0099],[11.000,0.0141],[11.250,0.0184],[11.500,0.0224],[11.750,0.0253],[12.000,0.0271],],[[-12.500,-0.0686],[-12.250,-0.0694],[-12.000,-0.0701],[-11.750,-0.0692],[-11.500,-0.0663],[-11.250,-0.0613],[-11.000,-0.0544],[-10.750,-0.0480],[-10.500,-0.0421],[-10.250,-0.0366],[-10.000,-0.0315],[-9.750,-0.0269],[-9.500,-0.0227],[-9.250,-0.0191],[-9.000,-0.0157],[-8.750,-0.0138],[-8.500,-0.0122],[-8.250,-0.0104],[-8.000,-0.0085],[-7.750,-0.0066],[-7.500,-0.0056],[-7.250,-0.0043],[-7.000,-0.0029],[-6.750,-0.0018],[-6.500,-0.0007],[-6.250,0.0005],[-6.000,0.0016],[-5.750,0.0026],[-5.500,0.0036],[-5.250,0.0021],[-5.000,0.0004],[-4.750,-0.0009],[-4.500,-0.0021],[-4.250,-0.0037],[-4.000,-0.0054],[-3.750,-0.0059],[-3.500,-0.0074],[-3.250,-0.0089],[-3.000,-0.0081],[-2.750,-0.0081],[-2.500,-0.0092],[-2.250,-0.0092],[-2.000,-0.0085],[-1.750,-0.0093],[-1.500,-0.0104],[-1.250,-0.0083],[-1.000,-0.0091],[-0.750,-0.0109],[-0.500,-0.0103],[-0.250,-0.0142],[0.000,-0.0191],[0.250,-0.0251],[0.500,-0.0308],[0.750,-0.0338],[1.000,-0.0388],[1.250,-0.0453],[1.500,-0.0509],[1.750,-0.0554],[2.000,-0.0582],[2.250,-0.0613],[2.500,-0.0639],[2.750,-0.0660],[3.000,-0.0683],[3.250,-0.0688],[3.500,-0.0670],[3.750,-0.0653],[4.000,-0.0625],[4.250,-0.0581],[4.500,-0.0527],[4.750,-0.0478],[5.000,-0.0436],[5.250,-0.0399],[5.500,-0.0363],[5.750,-0.0330],[6.000,-0.0298],[6.250,-0.0267],[6.500,-0.0240],[6.750,-0.0212],[7.000,-0.0188],[7.250,-0.0165],[7.500,-0.0145],[7.750,-0.0131],[8.000,-0.0113],[8.250,-0.0098],[8.500,-0.0093],[8.750,-0.0078],[9.000,-0.0068],[9.250,-0.0068],[9.500,-0.0054],[9.750,-0.0041],[10.000,-0.0040],[10.250,-0.0026],[10.500,-0.0006],[10.750,0.0014],[11.000,0.0032],[11.250,0.0049],[11.500,0.0056],[11.750,0.0095],[12.000,0.0141],[12.250,0.0183],[12.500,0.0223],[12.750,0.0259],[13.000,0.0290],[13.250,0.0313],[13.500,0.0326],[13.750,0.0326],[14.000,0.0314],[14.250,0.0289],[14.500,0.0256],],[[-16.000,-0.0672],[-15.750,-0.0723],[-15.500,-0.0759],[-15.250,-0.0784],[-15.000,-0.0797],[-14.750,-0.0800],[-14.500,-0.0794],[-14.250,-0.0782],[-14.000,-0.0765],[-13.750,-0.0742],[-13.500,-0.0713],[-13.250,-0.0674],[-13.000,-0.0625],[-12.750,-0.0567],[-12.500,-0.0497],[-12.250,-0.0434],[-12.000,-0.0387],[-11.750,-0.0367],[-11.500,-0.0367],[-11.250,-0.0370],[-11.000,-0.0371],[-10.750,-0.0371],[-10.500,-0.0372],[-10.250,-0.0374],[-10.000,-0.0378],[-9.750,-0.0381],[-9.500,-0.0389],[-9.250,-0.0387],[-9.000,-0.0380],[-8.750,-0.0377],[-8.500,-0.0382],[-8.250,-0.0390],[-8.000,-0.0397],[-7.750,-0.0409],[-7.500,-0.0392],[-7.250,-0.0388],[-7.000,-0.0395],[-6.750,-0.0406],[-6.500,-0.0415],[-6.250,-0.0429],[-6.000,-0.0442],[-5.750,-0.0415],[-5.500,-0.0413],[-5.250,-0.0421],[-5.000,-0.0431],[-4.750,-0.0445],[-4.500,-0.0459],[-4.250,-0.0471],[-4.000,-0.0455],[-3.750,-0.0444],[-3.500,-0.0444],[-3.250,-0.0444],[-3.000,-0.0445],[-2.750,-0.0447],[-2.500,-0.0421],[-2.250,-0.0418],[-2.000,-0.0421],[-1.750,-0.0426],[-1.500,-0.0432],[-1.250,-0.0416],[-1.000,-0.0414],[-0.750,-0.0416],[-0.500,-0.0421],[-0.250,-0.0414],[0.000,-0.0405],[0.250,-0.0404],[0.500,-0.0400],[0.750,-0.0401],[1.000,-0.0391],[1.250,-0.0389],[1.500,-0.0385],[1.750,-0.0377],[2.000,-0.0377],[2.250,-0.0370],[2.500,-0.0374],[2.750,-0.0374],[3.000,-0.0371],[3.250,-0.0377],[3.500,-0.0368],[3.750,-0.0377],[4.000,-0.0380],[4.250,-0.0382],[4.500,-0.0399],[4.750,-0.0415],[5.000,-0.0430],[5.250,-0.0451],[5.500,-0.0470],[5.750,-0.0457],[6.000,-0.0428],[6.250,-0.0401],[6.500,-0.0370],[6.750,-0.0343],[7.000,-0.0315],[7.250,-0.0284],[7.500,-0.0258],[7.750,-0.0228],[8.000,-0.0194],[8.250,-0.0167],[8.500,-0.0142],[8.750,-0.0115],[9.000,-0.0097],[9.250,-0.0079],[9.500,-0.0059],[9.750,-0.0039],[10.000,-0.0024],[10.250,-0.0009],[10.500,0.0008],[10.750,0.0028],[11.000,0.0044],[11.250,0.0059],[11.500,0.0075],[11.750,0.0091],[12.000,0.0108],[12.250,0.0127],[12.500,0.0143],[12.750,0.0160],[13.000,0.0176],[13.250,0.0192],[13.500,0.0207],[13.750,0.0222],[14.000,0.0237],[14.250,0.0252],[14.500,0.0269],[14.750,0.0283],[15.000,0.0296],[15.250,0.0306],[15.500,0.0313],[15.750,0.0317],[16.000,0.0317],[16.250,0.0311],[16.500,0.0300],[16.750,0.0281],[17.000,0.0253],[17.250,0.0214],[17.500,0.0160],[17.750,0.0084],[18.000,-0.0118],],[[-19.750,-0.0194],[-19.500,-0.0205],[-19.250,-0.0250],[-18.750,-0.0391],[-18.500,-0.0452],[-18.250,-0.0509],[-18.000,-0.0563],[-17.750,-0.0613],[-17.500,-0.0657],[-17.250,-0.0695],[-17.000,-0.0725],[-16.750,-0.0748],[-16.500,-0.0765],[-16.250,-0.0778],[-16.000,-0.0782],[-15.750,-0.0780],[-15.500,-0.0774],[-15.250,-0.0763],[-15.000,-0.0748],[-14.750,-0.0728],[-14.500,-0.0701],[-14.250,-0.0666],[-14.000,-0.0620],[-13.750,-0.0561],[-13.500,-0.0522],[-13.250,-0.0522],[-13.000,-0.0523],[-12.750,-0.0527],[-12.500,-0.0535],[-12.250,-0.0526],[-12.000,-0.0528],[-11.750,-0.0534],[-11.500,-0.0541],[-11.250,-0.0550],[-11.000,-0.0560],[-10.750,-0.0569],[-10.500,-0.0565],[-10.250,-0.0566],[-10.000,-0.0572],[-9.750,-0.0576],[-9.500,-0.0582],[-9.250,-0.0590],[-9.000,-0.0596],[-8.750,-0.0591],[-8.500,-0.0584],[-8.250,-0.0583],[-8.000,-0.0581],[-7.750,-0.0583],[-7.500,-0.0584],[-7.250,-0.0574],[-7.000,-0.0568],[-6.750,-0.0565],[-6.500,-0.0561],[-6.250,-0.0560],[-6.000,-0.0555],[-5.750,-0.0549],[-5.500,-0.0545],[-5.250,-0.0542],[-5.000,-0.0540],[-4.750,-0.0538],[-4.500,-0.0534],[-4.000,-0.0525],[-3.750,-0.0521],[-3.500,-0.0518],[-3.250,-0.0513],[-3.000,-0.0503],[-2.750,-0.0494],[-2.500,-0.0486],[-2.250,-0.0480],[-2.000,-0.0474],[-1.750,-0.0467],[-1.500,-0.0464],[-1.250,-0.0462],[-1.000,-0.0460],[-0.750,-0.0456],[-0.500,-0.0454],[-0.250,-0.0451],[0.000,-0.0443],[0.250,-0.0436],[0.500,-0.0430],[0.750,-0.0424],[1.000,-0.0418],[1.250,-0.0413],[1.500,-0.0405],[1.750,-0.0395],[2.000,-0.0383],[2.500,-0.0356],[2.750,-0.0340],[3.000,-0.0323],[3.250,-0.0301],[3.500,-0.0281],[3.750,-0.0268],[4.000,-0.0253],[4.250,-0.0259],[4.750,-0.0269],[5.000,-0.0288],[5.250,-0.0307],[5.500,-0.0323],[5.750,-0.0336],[6.000,-0.0346],[6.250,-0.0360],[6.500,-0.0376],[6.750,-0.0390],[7.000,-0.0405],[7.250,-0.0398],[7.500,-0.0373],[7.750,-0.0345],[8.000,-0.0314],[8.250,-0.0288],[8.500,-0.0262],[8.750,-0.0231],[9.000,-0.0197],[9.250,-0.0175],[9.500,-0.0156],[9.750,-0.0137],[10.000,-0.0118],[10.250,-0.0103],[10.500,-0.0089],[10.750,-0.0074],[11.000,-0.0055],[11.250,-0.0038],[11.500,-0.0024],[11.750,-0.0010],[12.000,0.0004],[12.250,0.0019],[12.500,0.0036],[12.750,0.0062],[13.000,0.0076],[13.250,0.0091],[13.500,0.0107],[13.750,0.0123],[14.000,0.0138],[14.250,0.0154],[14.500,0.0169],[14.750,0.0184],[15.000,0.0199],[15.250,0.0214],[15.500,0.0230],[15.750,0.0246],[16.000,0.0260],[16.250,0.0267],[16.500,0.0272],[16.750,0.0274],[17.000,0.0274],[17.250,0.0271],[17.500,0.0264],[17.750,0.0254],[18.000,0.0240],[18.250,0.0221],[18.500,0.0198],[18.750,0.0169],[19.000,0.0135],[19.250,0.0097],],],
{"title":"Cm v Alpha","sortData":false,"legend":{"show":false,"placement":"insideGrid","location":"ne"},"series":[{"showLabel":true,"index":0,"showLine":true,"trendline":{"type":"none","show":false},"color":"#4bb2c5"},{"showLabel":true,"index":0,"showLine":true,"trendline":{"type":"none","show":false},"color":"#EAA228"},{"showLabel":true,"index":0,"showLine":true,"trendline":{"type":"none","show":false},"color":"#839557"},{"showLabel":true,"index":0,"showLine":true,"trendline":{"type":"none","show":false},"color":"#953579"},{"showLabel":true,"index":0,"showLine":true,"trendline":{"type":"none","show":false},"color":"#d8b83f"}],"show":"$.jqplot.config.enablePlugins","axes":{"xaxis":{"max":20,"min":-20,"tickInterval":5,"tickOptions":{"formatString":"%.1f"},"forceTickAt0":true,"rendererOptions":{"forceTickAt0":true}},"yaxis":{"max":0.04,"min":-0.08,"tickInterval":0.02,"tickOptions":{"formatString":"%.2f"},"forceTickAt0":true,"rendererOptions":{"forceTickAt0":true}}},"seriesDefaults":{"lineWidth":1,"showLabel":true,"markerOptions":{"size":5,"show":false}}});
jqplots.push(p);

var p = $.jqplot('dragaoa',[[[-9.250,0.10544],[-9.000,0.08488],[-8.750,0.07624],[-8.500,0.07194],[-8.250,0.06593],[-8.000,0.06197],[-7.750,0.05823],[-7.500,0.05464],[-7.250,0.05117],[-7.000,0.04795],[-6.750,0.04522],[-6.500,0.04277],[-6.250,0.04024],[-6.000,0.03791],[-5.750,0.03606],[-5.500,0.03416],[-5.250,0.03263],[-5.000,0.03109],[-4.750,0.02968],[-4.500,0.02838],[-4.250,0.02709],[-4.000,0.02562],[-3.750,0.02360],[-3.500,0.02307],[-3.250,0.02460],[-3.000,0.02895],[-2.750,0.02912],[-2.500,0.02858],[-2.250,0.02810],[-2.000,0.02766],[-1.750,0.02726],[-1.500,0.02689],[-1.250,0.02656],[-1.000,0.02626],[-0.750,0.02600],[-0.500,0.02579],[-0.250,0.02565],[0.000,0.02558],[0.250,0.02560],[0.500,0.02570],[0.750,0.02587],[1.000,0.02612],[1.250,0.02644],[1.500,0.02682],[1.750,0.02726],[2.000,0.02776],[2.250,0.02832],[2.500,0.02894],[2.750,0.02962],[3.000,0.03036],[3.250,0.03117],[3.500,0.03205],[3.750,0.03434],[4.000,0.03622],[4.250,0.03717],[4.500,0.03744],[4.750,0.03694],[5.000,0.03477],[5.250,0.03189],[5.500,0.02589],[5.750,0.02437],[6.000,0.02647],[6.250,0.02845],[6.500,0.03039],[6.750,0.03227],[7.000,0.03419],[7.250,0.03626],[7.500,0.03831],[7.750,0.04058],[8.000,0.04287],[8.250,0.04551],[8.500,0.04827],[8.750,0.05100],[9.000,0.05429],[9.250,0.05754],[9.500,0.06112],[9.750,0.06487],[10.000,0.06880],[10.250,0.07294],[10.500,0.07719],[10.750,0.08430],[11.000,0.08986],],[[-9.750,0.09402],[-9.500,0.09123],[-9.250,0.06109],[-9.000,0.05726],[-8.750,0.05361],[-8.500,0.05011],[-8.250,0.04688],[-8.000,0.04394],[-7.750,0.04141],[-7.500,0.03804],[-7.250,0.03649],[-7.000,0.03486],[-6.750,0.03302],[-6.500,0.03111],[-6.250,0.02992],[-6.000,0.02873],[-5.750,0.02735],[-5.500,0.02641],[-5.250,0.02535],[-5.000,0.02453],[-4.750,0.02360],[-4.500,0.02283],[-4.250,0.02207],[-4.000,0.02128],[-3.750,0.02044],[-3.500,0.01930],[-3.250,0.01754],[-3.000,0.01744],[-2.750,0.01763],[-2.500,0.01795],[-2.250,0.01839],[-2.000,0.01898],[-1.750,0.01986],[-1.500,0.02102],[-1.250,0.02206],[-1.000,0.02267],[-0.750,0.02233],[-0.500,0.02201],[-0.250,0.02174],[0.000,0.02164],[0.250,0.02212],[0.500,0.02264],[0.750,0.02300],[1.000,0.02336],[1.250,0.02380],[1.500,0.02416],[1.750,0.02444],[2.000,0.02475],[2.250,0.02495],[2.500,0.02484],[2.750,0.02436],[3.000,0.02372],[3.250,0.02298],[3.500,0.02194],[3.750,0.02054],[4.000,0.01903],[4.250,0.01799],[4.500,0.01685],[4.750,0.01592],[5.000,0.01639],[5.250,0.01789],[5.500,0.01925],[5.750,0.02038],[6.000,0.02143],[6.250,0.02246],[6.500,0.02349],[6.750,0.02465],[7.000,0.02569],[7.250,0.02689],[7.500,0.02842],[7.750,0.02957],[8.000,0.03142],[8.250,0.03278],[8.500,0.03415],[8.750,0.03649],[9.000,0.03838],[9.250,0.04036],[9.500,0.04206],[9.750,0.04479],[10.000,0.04821],[10.250,0.05107],[10.500,0.05414],[10.750,0.05739],[11.000,0.06077],[11.250,0.06412],[11.500,0.06762],[11.750,0.07152],[12.000,0.07597],],[[-12.500,0.07736],[-12.250,0.07239],[-12.000,0.06756],[-11.750,0.06346],[-11.500,0.06025],[-11.250,0.05787],[-11.000,0.05618],[-10.750,0.05387],[-10.500,0.05105],[-10.250,0.04801],[-10.000,0.04485],[-9.750,0.04177],[-9.500,0.03893],[-9.250,0.03640],[-9.000,0.03443],[-8.750,0.03213],[-8.500,0.03121],[-8.250,0.03017],[-8.000,0.02885],[-7.750,0.02781],[-7.500,0.02613],[-7.250,0.02549],[-7.000,0.02479],[-6.750,0.02365],[-6.500,0.02296],[-6.250,0.02244],[-6.000,0.02164],[-5.750,0.02102],[-5.500,0.02061],[-5.250,0.01989],[-5.000,0.01964],[-4.750,0.01902],[-4.500,0.01856],[-4.250,0.01817],[-4.000,0.01782],[-3.750,0.01726],[-3.500,0.01652],[-3.250,0.01541],[-3.000,0.01490],[-2.750,0.01483],[-2.500,0.01494],[-2.250,0.01503],[-2.000,0.01509],[-1.750,0.01525],[-1.500,0.01548],[-1.250,0.01555],[-1.000,0.01577],[-0.750,0.01606],[-0.500,0.01637],[-0.250,0.01685],[0.000,0.01707],[0.250,0.01718],[0.500,0.01720],[0.750,0.01724],[1.000,0.01715],[1.250,0.01668],[1.500,0.01567],[1.750,0.01483],[2.000,0.01426],[2.250,0.01358],[2.500,0.01303],[2.750,0.01252],[3.000,0.01200],[3.250,0.01161],[3.500,0.01136],[3.750,0.01130],[4.000,0.01160],[4.250,0.01226],[4.500,0.01321],[4.750,0.01415],[5.000,0.01495],[5.250,0.01560],[5.500,0.01624],[5.750,0.01678],[6.000,0.01736],[6.250,0.01795],[6.500,0.01844],[6.750,0.01914],[7.000,0.01965],[7.250,0.02046],[7.500,0.02100],[7.750,0.02205],[8.000,0.02259],[8.250,0.02331],[8.500,0.02449],[8.750,0.02521],[9.000,0.02608],[9.250,0.02767],[9.500,0.02865],[9.750,0.02958],[10.000,0.03106],[10.250,0.03278],[10.500,0.03437],[10.750,0.03608],[11.000,0.03759],[11.250,0.03896],[11.500,0.04124],[11.750,0.04366],[12.000,0.04578],[12.250,0.04840],[12.500,0.05134],[12.750,0.05459],[13.000,0.05822],[13.250,0.06229],[13.500,0.06690],[13.750,0.07211],[14.000,0.07810],[14.250,0.08482],[14.500,0.09212],],[[-16.000,0.07366],[-15.750,0.06574],[-15.500,0.05934],[-15.250,0.05415],[-15.000,0.04967],[-14.750,0.04531],[-14.500,0.04209],[-14.250,0.03975],[-14.000,0.03792],[-13.750,0.03640],[-13.500,0.03505],[-13.250,0.03390],[-13.000,0.03290],[-12.750,0.03208],[-12.500,0.03144],[-12.250,0.03075],[-12.000,0.02988],[-11.750,0.02877],[-11.500,0.02755],[-11.250,0.02657],[-11.000,0.02482],[-10.750,0.02398],[-10.500,0.02326],[-10.250,0.02258],[-10.000,0.02199],[-9.750,0.02089],[-9.500,0.02031],[-9.250,0.01980],[-9.000,0.01933],[-8.750,0.01850],[-8.500,0.01805],[-8.250,0.01770],[-8.000,0.01706],[-7.750,0.01664],[-7.500,0.01636],[-7.250,0.01585],[-7.000,0.01545],[-6.750,0.01518],[-6.500,0.01464],[-6.250,0.01437],[-6.000,0.01393],[-5.750,0.01377],[-5.500,0.01344],[-5.250,0.01317],[-5.000,0.01280],[-4.750,0.01245],[-4.500,0.01207],[-4.250,0.01169],[-4.000,0.01141],[-3.750,0.01103],[-3.500,0.01044],[-3.250,0.00974],[-3.000,0.00918],[-2.750,0.00883],[-2.500,0.00876],[-2.250,0.00859],[-2.000,0.00844],[-1.750,0.00828],[-1.500,0.00814],[-1.250,0.00812],[-1.000,0.00801],[-0.750,0.00786],[-0.500,0.00772],[-0.250,0.00767],[0.000,0.00760],[0.250,0.00747],[0.500,0.00730],[0.750,0.00702],[1.000,0.00691],[1.250,0.00685],[1.500,0.00680],[1.750,0.00680],[2.000,0.00682],[2.250,0.00684],[2.500,0.00691],[2.750,0.00704],[3.000,0.00727],[3.250,0.00760],[3.500,0.00801],[3.750,0.00868],[4.000,0.00960],[4.250,0.01046],[4.500,0.01117],[4.750,0.01171],[5.000,0.01220],[5.250,0.01262],[5.500,0.01303],[5.750,0.01335],[6.000,0.01368],[6.250,0.01390],[6.500,0.01427],[6.750,0.01450],[7.000,0.01482],[7.250,0.01520],[7.500,0.01547],[7.750,0.01588],[8.000,0.01630],[8.250,0.01660],[8.500,0.01699],[8.750,0.01763],[9.000,0.01802],[9.250,0.01848],[9.500,0.01917],[9.750,0.01989],[10.000,0.02042],[10.250,0.02098],[10.500,0.02169],[10.750,0.02273],[11.000,0.02340],[11.250,0.02416],[11.500,0.02494],[11.750,0.02579],[12.000,0.02688],[12.250,0.02839],[12.500,0.02937],[12.750,0.03046],[13.000,0.03160],[13.250,0.03279],[13.500,0.03403],[13.750,0.03535],[14.000,0.03684],[14.250,0.03860],[14.500,0.04114],[14.750,0.04335],[15.000,0.04560],[15.250,0.04814],[15.500,0.05102],[15.750,0.05426],[16.000,0.05791],[16.250,0.06208],[16.500,0.06680],[16.750,0.07227],[17.000,0.07865],[17.250,0.08625],[17.500,0.09561],[17.750,0.10797],[18.000,0.14057],],[[-19.750,0.18167],[-19.500,0.17961],[-19.250,0.14094],[-18.750,0.11477],[-18.500,0.10353],[-18.250,0.09313],[-18.000,0.08362],[-17.750,0.07503],[-17.500,0.06749],[-17.250,0.06106],[-17.000,0.05561],[-16.750,0.05100],[-16.500,0.04687],[-16.250,0.04224],[-16.000,0.03854],[-15.750,0.03555],[-15.500,0.03318],[-15.250,0.03125],[-15.000,0.02966],[-14.750,0.02833],[-14.500,0.02721],[-14.250,0.02627],[-14.000,0.02550],[-13.750,0.02491],[-13.500,0.02424],[-13.250,0.02337],[-13.000,0.02260],[-12.750,0.02191],[-12.500,0.02129],[-12.250,0.01994],[-12.000,0.01917],[-11.750,0.01857],[-11.500,0.01800],[-11.250,0.01746],[-11.000,0.01697],[-10.750,0.01616],[-10.500,0.01567],[-10.250,0.01526],[-10.000,0.01489],[-9.750,0.01436],[-9.500,0.01393],[-9.250,0.01360],[-9.000,0.01323],[-8.750,0.01283],[-8.500,0.01258],[-8.250,0.01236],[-8.000,0.01193],[-7.750,0.01168],[-7.500,0.01149],[-7.250,0.01114],[-7.000,0.01093],[-6.750,0.01071],[-6.500,0.01039],[-6.250,0.01020],[-6.000,0.00995],[-5.750,0.00978],[-5.500,0.00953],[-5.250,0.00933],[-5.000,0.00910],[-4.750,0.00889],[-4.500,0.00869],[-4.000,0.00823],[-3.750,0.00796],[-3.500,0.00767],[-3.250,0.00735],[-3.000,0.00695],[-2.750,0.00651],[-2.500,0.00612],[-2.250,0.00583],[-2.000,0.00566],[-1.750,0.00551],[-1.500,0.00540],[-1.250,0.00532],[-1.000,0.00527],[-0.750,0.00521],[-0.500,0.00515],[-0.250,0.00508],[0.000,0.00498],[0.250,0.00490],[0.500,0.00485],[0.750,0.00480],[1.000,0.00478],[1.250,0.00479],[1.500,0.00482],[1.750,0.00491],[2.000,0.00505],[2.500,0.00545],[2.750,0.00574],[3.000,0.00608],[3.250,0.00656],[3.500,0.00716],[3.750,0.00776],[4.000,0.00827],[4.250,0.00875],[4.750,0.00950],[5.000,0.00987],[5.250,0.01020],[5.500,0.01053],[5.750,0.01085],[6.000,0.01118],[6.250,0.01151],[6.500,0.01179],[6.750,0.01216],[7.000,0.01244],[7.250,0.01280],[7.500,0.01297],[7.750,0.01320],[8.000,0.01354],[8.250,0.01375],[8.500,0.01399],[8.750,0.01426],[9.000,0.01464],[9.250,0.01488],[9.500,0.01519],[9.750,0.01561],[10.000,0.01613],[10.250,0.01650],[10.500,0.01691],[10.750,0.01739],[11.000,0.01811],[11.250,0.01870],[11.500,0.01920],[11.750,0.01975],[12.000,0.02032],[12.250,0.02094],[12.500,0.02174],[12.750,0.02298],[13.000,0.02370],[13.250,0.02447],[13.500,0.02533],[13.750,0.02627],[14.000,0.02726],[14.250,0.02833],[14.500,0.02946],[14.750,0.03069],[15.000,0.03208],[15.250,0.03369],[15.500,0.03564],[15.750,0.03812],[16.000,0.04106],[16.250,0.04317],[16.500,0.04550],[16.750,0.04816],[17.000,0.05107],[17.250,0.05432],[17.500,0.05790],[17.750,0.06184],[18.000,0.06631],[18.250,0.07128],[18.500,0.07677],[18.750,0.08298],[19.000,0.08981],[19.250,0.09734],],],
{"title":"Cd v Alpha","sortData":false,"legend":{"show":false,"placement":"insideGrid","location":"ne"},"series":[{"showLabel":true,"index":0,"showLine":true,"trendline":{"type":"none","show":false},"color":"#4bb2c5"},{"showLabel":true,"index":0,"showLine":true,"trendline":{"type":"none","show":false},"color":"#EAA228"},{"showLabel":true,"index":0,"showLine":true,"trendline":{"type":"none","show":false},"color":"#839557"},{"showLabel":true,"index":0,"showLine":true,"trendline":{"type":"none","show":false},"color":"#953579"},{"showLabel":true,"index":0,"showLine":true,"trendline":{"type":"none","show":false},"color":"#d8b83f"}],"show":"$.jqplot.config.enablePlugins","axes":{"xaxis":{"max":20,"min":-20,"tickInterval":5,"tickOptions":{"formatString":"%.1f"},"forceTickAt0":true,"rendererOptions":{"forceTickAt0":true}},"yaxis":{"max":0.2,"min":0,"tickInterval":0.02,"tickOptions":{"formatString":"%.2f"},"forceTickAt0":true,"rendererOptions":{"forceTickAt0":true}}},"seriesDefaults":{"lineWidth":1,"showLabel":true,"markerOptions":{"size":5,"show":false}}});
jqplots.push(p);

var p = $.jqplot('effaoa',[[[-9.250,-4.2602427921093],[-9.000,-7.2620169651272],[-8.750,-9.4805876180483],[-8.500,-9.9304976369197],[-8.250,-11.706355225239],[-8.000,-12.449572373729],[-7.750,-13.298986776576],[-7.500,-14.19289897511],[-7.250,-15.112370529607],[-7.000,-16.014598540146],[-6.750,-16.620964175144],[-6.500,-17.273790039747],[-6.250,-18.01689860835],[-6.000,-18.691638090214],[-5.750,-19.095951192457],[-5.500,-19.569672131148],[-5.250,-19.819184799264],[-5.000,-20.054679961402],[-4.750,-20.19204851752],[-4.500,-20.253699788584],[-4.250,-20.30638612034],[-4.000,-20.530835284934],[-3.750,-21.593220338983],[-3.500,-21.950585175553],[-3.250,-19.634146341463],[-3.000,-10.656303972366],[-2.750,-3.6057692307692],[-2.500,-3.6529041287614],[-2.250,-3.6939501779359],[-2.000,-3.7346348517715],[-1.750,-3.7747615553925],[-1.500,-3.8229825213834],[-1.250,-3.8742469879518],[-1.000,-3.9223153084539],[-0.750,-3.9576923076923],[-0.500,-3.9550213260954],[-0.250,-3.8869395711501],[0.000,-3.7255668491009],[0.250,-3.46875],[0.500,-3.136186770428],[0.750,-2.7251642829532],[1.000,-2.2511485451761],[1.250,-1.732223903177],[1.500,-1.1856823266219],[1.750,-0.62729273661042],[2.000,-0.068443804034582],[2.250,0.48375706214689],[2.500,1.0158949550795],[2.750,1.5259959486833],[3.000,2.0092226613966],[3.250,2.4574911774142],[3.500,2.8736349453978],[3.750,4.6942341292953],[4.000,6.4743235781336],[4.250,7.9930051116492],[4.500,9.5112179487179],[4.750,11.396859772604],[5.000,14.598792062123],[5.250,17.864534336783],[5.500,25.596755504056],[5.750,29.318834632745],[6.000,27.559501322252],[6.250,26.76625659051],[6.500,26.235603817045],[6.750,25.649209792377],[7.000,25.001462415911],[7.250,24.26916712631],[7.500,23.583920647351],[7.750,22.631838344012],[8.000,21.915092139025],[8.250,20.854757196221],[8.500,19.796975347006],[8.750,18.88431372549],[9.000,18.1285687972],[9.250,17.057698992006],[9.500,15.968586387435],[9.750,14.912902728534],[10.000,13.90261627907],[10.250,12.951741157115],[10.500,12.057261303278],[10.750,9.8351126927639],[11.000,9.1386601379924],],[[-9.750,-5.7668581152946],[-9.500,-5.9092403814535],[-9.250,-13.509576035358],[-9.000,-14.451624170451],[-8.750,-15.540011191942],[-8.500,-16.731191378966],[-8.250,-17.928754266212],[-8.000,-19.098771051434],[-7.750,-20.137647911133],[-7.500,-21.611461619348],[-7.250,-22.060838585914],[-7.000,-22.650602409639],[-6.750,-23.422168382798],[-6.500,-24.265509482482],[-6.250,-24.548796791444],[-6.000,-24.838148277062],[-5.750,-25.294332723949],[-5.500,-25.372964786066],[-5.250,-25.554240631164],[-5.000,-25.519771708113],[-4.750,-25.593220338983],[-4.500,-25.505913272011],[-4.250,-25.423652016312],[-4.000,-25.399436090226],[-3.750,-25.450097847358],[-3.500,-25.943005181347],[-3.250,-27.742303306727],[-3.000,-27.04128440367],[-2.750,-25.819625638117],[-2.500,-24.41782729805],[-2.250,-22.784121805329],[-2.000,-20.684931506849],[-1.750,-17.507552870091],[-1.500,-13.02568981922],[-1.250,-8.4134179510426],[-1.000,-4.4199382443758],[-0.750,-4.6842812360054],[-0.500,-4.970467969105],[-0.250,-5.2207911683533],[0.000,-5.0184842883549],[0.250,-2.997287522604],[0.500,-1.0998233215548],[0.750,0.49130434782609],[1.000,1.9434931506849],[1.250,3.5042016806723],[1.500,4.9834437086093],[1.750,6.2152209492635],[2.000,7.7131313131313],[2.250,9.6312625250501],[2.500,11.473429951691],[2.750,14.047619047619],[3.000,16.669477234401],[3.250,19.403829416884],[3.500,22.844120328168],[3.750,27.249269717624],[4.000,32.05465055176],[4.250,35.575319622012],[4.500,40.124629080119],[4.750,45.138190954774],[5.000,44.960341671751],[5.250,40.821688093907],[5.500,37.974025974026],[5.750,36.251226692836],[6.000,35.034997666822],[6.250,34.158504007124],[6.500,33.461047254151],[6.750,32.774847870183],[7.000,32.300506033476],[7.250,31.736705094831],[7.500,30.97466572836],[7.750,30.486980047345],[8.000,29.5544239338],[8.250,28.886516168395],[8.500,28.313323572474],[8.750,27.095094546451],[9.000,26.073475768629],[9.250,25.094152626363],[9.500,24.479315263909],[9.750,23.357892386693],[10.000,21.80875337067],[10.250,20.556099471314],[10.500,19.28518655338],[10.750,18.027530928733],[11.000,16.809280895179],[11.250,15.665938864629],[11.500,14.569653948536],[11.750,13.512304250559],[12.000,12.533894958536],],[[-12.500,-8.9503619441572],[-12.250,-9.7444398397569],[-12.000,-10.780047365305],[-11.750,-11.900409706902],[-11.500,-13.01244813278],[-11.250,-14.07637808882],[-11.000,-15.064079743681],[-10.750,-16.233525153146],[-10.500,-17.602350636631],[-10.250,-19.127265153093],[-10.000,-20.791527313266],[-9.750,-22.532918362461],[-9.500,-24.26149499101],[-9.250,-25.898351648352],[-9.000,-27.226256171943],[-8.750,-28.807967631497],[-8.500,-29.160525472605],[-8.250,-29.638713954259],[-8.000,-30.443674176776],[-7.750,-30.985257101762],[-7.500,-32.231151932644],[-7.250,-32.302863868184],[-7.000,-32.428398547802],[-6.750,-33.137420718816],[-6.500,-33.266550522648],[-6.250,-33.132798573975],[-6.000,-33.401109057301],[-5.750,-33.425309229305],[-5.500,-33.042212518195],[-5.250,-32.589240824535],[-5.000,-31.232179226069],[-4.750,-30.599369085174],[-4.500,-29.649784482759],[-4.250,-28.4314804623],[-4.000,-27.104377104377],[-3.750,-26.35573580533],[-3.500,-25.6598062954],[-3.250,-25.541855937703],[-3.000,-24.818791946309],[-2.750,-23.000674308833],[-2.500,-20.522088353414],[-2.250,-18.456420492349],[-2.000,-16.640159045726],[-1.750,-14.255737704918],[-1.500,-11.750645994832],[-1.250,-10.475884244373],[-1.000,-8.1230183893469],[-0.750,-5.4919053549191],[-0.500,-3.7263286499695],[-0.250,-0.62908011869436],[0.000,2.431165787932],[0.250,5.6926658905704],[0.500,8.906976744186],[0.750,11.241299303944],[1.000,14.326530612245],[1.250,18.41726618705],[1.500,23.522654754308],[1.750,28.523263654754],[2.000,32.791023842917],[2.250,37.849779086892],[2.500,42.716807367613],[2.750,47.667731629393],[3.000,53.2],[3.250,57.70887166236],[3.500,60.80985915493],[3.750,63.070796460177],[4.000,62.715517241379],[4.250,59.804241435563],[4.500,55.397426192279],[4.750,51.724381625442],[5.000,49.224080267559],[5.250,47.647435897436],[5.500,46.25],[5.750,45.369487485101],[6.000,44.447004608295],[6.250,43.593314763231],[6.500,43.172451193059],[6.750,42.230929989551],[7.000,41.882951653944],[7.250,40.948191593353],[7.500,40.67619047619],[7.750,39.578231292517],[8.000,39.420097388225],[8.250,38.987558987559],[8.500,38.056349530421],[8.750,37.719159063864],[9.000,37.235429447853],[9.250,36.035417419588],[9.500,35.465968586387],[9.750,34.962812711291],[10.000,34.069542820348],[10.250,32.809640024405],[10.500,31.70497526913],[10.750,30.579268292683],[11.000,29.707368981112],[11.250,28.991273100616],[11.500,27.786129970902],[11.750,26.188731103985],[12.000,24.796854521625],[12.250,23.25],[12.500,21.653681340086],[12.750,20.054955119985],[13.000,18.459292339402],[13.250,16.890351581313],[13.500,15.357249626308],[13.750,13.888503674941],[14.000,12.475032010243],[14.250,11.171893421363],[14.500,10.02713851498],],[[-16.000,-12.576703774097],[-15.750,-14.494980225129],[-15.500,-16.417256488035],[-15.250,-18.312096029548],[-15.000,-20.283873565533],[-14.750,-22.624144780402],[-14.500,-24.597291518175],[-14.250,-26.158490566038],[-14.000,-27.492088607595],[-13.750,-28.71978021978],[-13.500,-29.945791726106],[-13.250,-31.153392330383],[-13.000,-32.395136778116],[-12.750,-33.625311720698],[-12.500,-34.834605597964],[-12.250,-36.013008130081],[-12.000,-37.172021419009],[-11.750,-38.24469933959],[-11.500,-39.157894736842],[-11.250,-39.71019947309],[-11.000,-41.676067687349],[-10.750,-42.185154295246],[-10.500,-42.454858125537],[-10.250,-42.608503100089],[-10.000,-42.532969531605],[-9.750,-43.590234561991],[-9.500,-43.441654357459],[-9.250,-43.353535353535],[-9.000,-43.233316088981],[-8.750,-43.908108108108],[-8.500,-43.479224376731],[-8.250,-42.661016949153],[-8.000,-42.567409144197],[-7.750,-41.766826923077],[-7.500,-41.332518337408],[-7.250,-41.135646687697],[-7.000,-40.291262135922],[-6.750,-38.906455862978],[-6.500,-38.285519125683],[-6.250,-36.69450243563],[-6.000,-35.520459440057],[-5.750,-34.872912127814],[-5.500,-33.809523809524],[-5.250,-32.164009111617],[-5.000,-30.640625],[-4.750,-28.843373493976],[-4.500,-26.984258492129],[-4.250,-25.08126603935],[-4.000,-24.022787028922],[-3.750,-22.910244786945],[-3.500,-21.695402298851],[-3.250,-20.564681724846],[-3.000,-18.845315904139],[-2.750,-16.274065685164],[-2.500,-14.634703196347],[-2.250,-11.757857974389],[-2.000,-8.3886255924171],[-1.750,-4.7705314009662],[-1.500,-0.94594594594595],[-1.250,1.6502463054187],[-1.000,5.1560549313358],[-0.750,9.0966921119593],[-0.500,13.316062176166],[-0.250,16.779661016949],[0.000,20.263157894737],[0.250,24.605087014726],[0.500,29],[0.750,34.65811965812],[1.000,38.813314037627],[1.250,43.401459854015],[1.500,47.779411764706],[1.750,51.544117647059],[2.000,55.659824046921],[2.250,59.356725146199],[2.500,63.241678726483],[2.750,66.207386363636],[3.000,67.881705639615],[3.250,69.052631578947],[3.500,68.451935081149],[3.750,66.716589861751],[4.000,63.041666666667],[4.250,60.315487571702],[4.500,59.427036705461],[4.750,59.504696840307],[5.000,59.811475409836],[5.250,60.618066561014],[5.500,61.389102072141],[5.750,61.393258426966],[6.000,60.796783625731],[6.250,60.841726618705],[6.500,60.070077084793],[6.750,60.08275862069],[7.000,59.642375168691],[7.250,58.927631578947],[7.500,58.817065287654],[7.750,58.047858942065],[8.000,57.171779141104],[8.250,56.957831325301],[8.500,56.474396703943],[8.750,55.104934770278],[9.000,54.877913429523],[9.250,54.426406926407],[9.500,53.21335419927],[9.750,52.036199095023],[10.000,51.542605288932],[10.250,50.977121067684],[10.500,50.004610419548],[10.750,48.266608007039],[11.000,47.58547008547],[11.250,46.721854304636],[11.500,45.850040096231],[11.750,44.873982163629],[12.000,43.500744047619],[12.250,41.542796759422],[12.500,40.585631596868],[12.750,39.51411687459],[13.000,38.420886075949],[13.250,37.328453796889],[13.500,36.232735821334],[13.750,35.111739745403],[14.000,33.887079261672],[14.250,32.479274611399],[14.500,30.488575595527],[14.750,28.943483275663],[15.000,27.508771929825],[15.250,26.009555463232],[15.500,24.459035672285],[15.750,22.878732030962],[16.000,21.291659471594],[16.250,19.692332474227],[16.500,18.107784431138],[16.750,16.5199944652],[17.000,14.940877304514],[17.250,13.351884057971],[17.500,11.735174144964],[17.750,10.018523663981],[18.000,6.8442768727324],],[[-19.750,-2.2761050255959],[-19.500,-2.2782695840989],[-19.250,-6.1565205051795],[-18.750,-8.3087914960355],[-18.500,-9.5836955471844],[-18.250,-11.032964673038],[-18.000,-12.66443434585],[-17.750,-14.468879115021],[-17.500,-16.412801896577],[-17.250,-18.419587291189],[-17.000,-20.462147095846],[-16.750,-22.5],[-16.500,-24.657563473437],[-16.250,-27.736742424242],[-16.000,-30.677218474312],[-15.750,-33.440225035162],[-15.500,-35.904159132007],[-15.250,-38.1152],[-15.000,-40.101146325017],[-14.750,-41.916696081892],[-14.500,-43.619992649761],[-14.250,-45.234107346783],[-14.000,-46.823529411765],[-13.750,-48.35006021678],[-13.500,-49.698844884488],[-13.250,-50.676080445015],[-13.000,-51.429203539823],[-12.750,-51.935189411228],[-12.500,-52.188821042743],[-12.250,-54.924774322969],[-12.000,-55.884194053208],[-11.750,-56.26817447496],[-11.500,-56.505555555556],[-11.250,-56.603665521191],[-11.000,-56.482027106659],[-10.750,-57.59900990099],[-10.500,-57.913209955329],[-10.250,-57.758846657929],[-10.000,-57.280053727334],[-9.750,-57.486072423398],[-9.500,-57.221823402728],[-9.250,-56.426470588235],[-9.000,-55.789871504157],[-8.750,-55.689789555729],[-8.500,-54.944356120827],[-8.250,-53.770226537217],[-8.000,-53.579212070411],[-7.750,-52.371575342466],[-7.500,-50.809399477807],[-7.250,-50.430879712747],[-7.000,-49.176578225069],[-6.750,-47.777777777778],[-6.500,-46.775745909528],[-6.250,-45.009803921569],[-6.000,-43.668341708543],[-5.750,-41.871165644172],[-5.500,-40.335781741868],[-5.250,-38.370846730975],[-5.000,-36.428571428571],[-4.750,-34.308211473566],[-4.500,-32.209436133487],[-4.000,-27.885783718104],[-3.750,-25.577889447236],[-3.500,-23.207301173403],[-3.250,-20.843537414966],[-3.000,-18.848920863309],[-2.750,-16.651305683564],[-2.500,-13.872549019608],[-2.250,-10.274442538593],[-2.000,-6.2014134275618],[-1.750,-1.8330308529946],[-1.500,3.037037037037],[-1.250,8.2706766917293],[-1.000,13.567362428843],[-0.750,18.790786948177],[-0.500,24.31067961165],[-0.250,30.05905511811],[0.000,35.763052208835],[0.250,41.530612244898],[0.500,47.360824742268],[0.750,53.208333333333],[1.000,58.849372384937],[1.250,64.154488517745],[1.500,68.941908713693],[1.750,72.566191446029],[2.000,75.128712871287],[2.500,77.706422018349],[2.750,77.404181184669],[3.000,76.365131578947],[3.250,73.42987804878],[3.500,69.790502793296],[3.750,67.023195876289],[4.000,65.320435308343],[4.250,65.085714285714],[4.750,66.063157894737],[5.000,67.142857142857],[5.250,68.392156862745],[5.500,69.458689458689],[5.750,70.442396313364],[6.000,71.162790697674],[6.250,71.963509991312],[6.500,73.129770992366],[6.750,73.59375],[7.000,74.606109324759],[7.250,74.3203125],[7.500,74.479568234387],[7.750,74.219696969697],[8.000,73.21270310192],[8.250,73.149090909091],[8.500,72.923516797713],[8.750,72.384291725105],[9.000,71.20218579235],[9.250,71.129032258065],[9.500,70.796576695194],[9.750,69.955156950673],[10.000,68.698078115313],[10.250,68.290909090909],[10.500,67.72915434654],[10.750,66.877515813686],[11.000,65.008282716731],[11.250,63.828877005348],[11.500,63.083333333333],[11.750,62.187341772152],[12.000,61.259842519685],[12.250,60.210124164279],[12.500,58.60625574977],[12.750,55.744125326371],[13.000,54.666666666667],[13.250,53.514507560278],[13.500,52.202921437031],[13.750,50.787971069661],[14.000,49.354365370506],[14.250,47.853865160607],[14.500,46.350984385608],[14.750,44.773541870316],[15.000,43.05174563591],[15.250,41.133867616503],[15.500,38.91975308642],[15.750,36.288037775446],[16.000,33.514369215782],[16.250,31.94347926801],[16.500,30.347252747253],[16.750,28.666943521595],[17.000,27.011944390053],[17.250,25.338733431517],[17.500,23.699481865285],[17.750,22.097347994825],[18.000,20.484089880863],[18.250,18.908529741863],[18.500,17.39481568321],[18.750,15.90744757773],[19.000,14.495045095201],[19.250,13.158002876515],],],
{"title":"Cl\/Cd v Alpha","sortData":false,"legend":{"show":false,"placement":"insideGrid","location":"ne"},"series":[{"showLabel":true,"index":0,"showLine":true,"trendline":{"type":"none","show":false},"color":"#4bb2c5"},{"showLabel":true,"index":0,"showLine":true,"trendline":{"type":"none","show":false},"color":"#EAA228"},{"showLabel":true,"index":0,"showLine":true,"trendline":{"type":"none","show":false},"color":"#839557"},{"showLabel":true,"index":0,"showLine":true,"trendline":{"type":"none","show":false},"color":"#953579"},{"showLabel":true,"index":0,"showLine":true,"trendline":{"type":"none","show":false},"color":"#d8b83f"}],"show":"$.jqplot.config.enablePlugins","axes":{"xaxis":{"max":20,"min":-20,"tickInterval":5,"tickOptions":{"formatString":"%.1f"},"forceTickAt0":true,"rendererOptions":{"forceTickAt0":true}},"yaxis":{"max":80,"min":-60,"tickInterval":20,"tickOptions":{"formatString":"%d"},"forceTickAt0":true,"rendererOptions":{"forceTickAt0":true}}},"seriesDefaults":{"lineWidth":1,"showLabel":true,"markerOptions":{"size":5,"show":false}}});
jqplots.push(p);

});
/*]]>*/
</script>
</body>
</html>