<!DOCTYPE html>
<html lang="en">
<head>
<link rel="stylesheet" type="text/css" href="/assets/62ff72f1/jquery.jqplot.min.css" media="screen, projection, print" />
<style type="text/css">
/*<![CDATA[*/
.jqplot-title {font-size:1.8em;padding:3px;}.jqplot-xaxis {font-size:0.8em;padding-top:3px;}.jqplot-yaxis {font-size:0.8em;padding-right:3px;}
/*]]>*/
</style>
<!--[if lt IE 9]><script type="text/javascript" src="/assets/62ff72f1/excanvas.min.js"></script></script><![endif]-->
<script type="text/javascript" src="/assets/780cfc96/jquery.min.js"></script>
<script type="text/javascript" src="/assets/62ff72f1/jquery.min.js"></script>
<script type="text/javascript" src="/assets/62ff72f1/jquery.jqplot.min.js"></script>
<script type="text/javascript">
/*<![CDATA[*/
var jqplots = [];

/*]]>*/
</script>
<title>Airfoil polar plot</title>
<meta http-equiv="Content-Language" content="en-gb"/>
<meta http-equiv="Content-Type" content="text/html; charset=windows-1252"/>
<meta content="none" name="robots" />
<meta name="copyright" content="Copyright 2010-2013. All Rights Reserved" />
</head>
<body>

<table style="width:800px;">
<tr><td>
<div id="liftdrag" style="height:400px;width:398px;margin:auto;display:inline-block;"></div>
</td><td>
<div id="liftaoa" style="height:400px;width:398px;margin:auto;display:inline-block;"></div>
</td></tr>
<tr><td>
<div id="effaoa" style="height:400px;width:398px;margin:auto;display:inline-block;"></div>
</td><td>
<div id="dragaoa" style="height:400px;width:398px;margin:auto;display:inline-block;"></div>
</td></tr>
<tr><td>
<div id="momentaoa" style="height:400px;width:398px;margin:auto;display:inline-block;"></div>
</td><td>
</td></tr>

</table>
<script type="text/javascript">
/*<![CDATA[*/
jQuery(window).load(function() {
var p = $.jqplot('liftdrag',[[[0.14546,-0.2395],[0.14022,-0.2035],[0.13858,-0.1961],[0.13866,-0.2181],[0.13404,-0.1836],[0.13328,-0.1852],[0.13194,-0.1962],[0.12834,-0.1670],[0.12934,-0.1902],[0.12576,-0.1758],[0.12338,-0.1561],[0.12572,-0.2021],[0.12080,-0.1636],[0.11960,-0.1570],[0.12119,-0.2033],[0.11741,-0.1666],[0.11719,-0.1732],[0.10846,-0.3069],[0.10642,-0.3114],[0.10423,-0.3269],[0.10178,-0.3520],[0.09889,-0.3844],[0.09501,-0.4290],[0.08823,-0.5096],[0.09340,-0.4326],[0.09008,-0.4518],[0.08322,-0.4910],[0.08541,-0.3890],[0.07622,-0.4913],[0.08165,-0.3359],[0.07026,-0.4964],[0.07815,-0.2837],[0.06593,-0.4993],[0.07505,-0.2277],[0.06248,-0.5033],[0.07238,-0.1641],[0.06968,-0.2442],[0.06948,-0.1887],[0.06877,-0.1647],[0.06648,-0.2209],[0.06767,-0.0941],[0.06452,-0.2277],[0.06664,-0.0291],[0.06391,-0.1999],[0.06567,0.0344],[0.06384,-0.1607],[0.06495,0.0881],[0.06420,-0.1104],[0.06474,0.1272],[0.06498,-0.0424],[0.06500,0.1557],[0.06585,0.0396],[0.06614,0.1586],[0.06634,0.1364],[0.06807,0.1511],[0.06201,0.3780],[0.07009,0.1638],[0.06329,0.4109],[0.07235,0.1855],[0.06555,0.4310],[0.07461,0.2158],[0.07081,0.3885],[0.07735,0.2838],[0.07724,0.3440],[0.08044,0.3459],[0.08187,0.3741],[0.08364,0.4064],[0.08696,0.4174],[0.08801,0.4694],[0.09300,0.4332],[0.09405,0.4264],[0.09290,0.4525],[0.09756,0.3971],[0.10071,0.3612],[0.10325,0.3337],[0.10549,0.3157],[0.10754,0.3087],[0.11819,0.1962],[0.11681,0.1612],[0.11870,0.1794],[0.12048,0.1745],[0.11995,0.1559],[0.12325,0.1855],[0.12328,0.1591],[0.12450,0.1649],[0.12983,0.2065],[0.12783,0.1648],[0.13017,0.1827],[0.13531,0.2129],[0.13335,0.1799],[0.13648,0.2037],[0.14014,0.2159],[0.13947,0.1996],[0.14312,0.2259],],[[0.14311,-0.4013],[0.05841,-0.9512],[0.04984,-1.0704],[0.05154,-1.0027],[0.05061,-0.9967],[0.04727,-1.0447],[0.04467,-1.0963],[0.04290,-1.1501],[0.04344,-1.0782],[0.04254,-1.0948],[0.04146,-1.1323],[0.04056,-1.1772],[0.03968,-1.1904],[0.03969,-1.1615],[0.03910,-1.1735],[0.03820,-1.1970],[0.03747,-1.1998],[0.03740,-1.1819],[0.03687,-1.1861],[0.03599,-1.2024],[0.03580,-1.1824],[0.03557,-1.1571],[0.03494,-1.1242],[0.03496,-1.0784],[0.03427,-1.0532],[0.03432,-1.0037],[0.03378,-0.9791],[0.03363,-0.9330],[0.03328,-0.9025],[0.03292,-0.8658],[0.03268,-0.8169],[0.03224,-0.8025],[0.03208,-0.7490],[0.03162,-0.7405],[0.03148,-0.6846],[0.03101,-0.6680],[0.03085,-0.6207],[0.03019,-0.5785],[0.03012,-0.5462],[0.02968,-0.5116],[0.02908,-0.4589],[0.02905,-0.4433],[0.02842,-0.4053],[0.02790,-0.3530],[0.02779,-0.3509],[0.02736,-0.2973],[0.02717,-0.2933],[0.02685,-0.2425],[0.02653,-0.2206],[0.02640,-0.1883],[0.02593,-0.1489],[0.02603,-0.1343],[0.02574,-0.0924],[0.02575,-0.0801],[0.02564,-0.0375],[0.02559,-0.0254],[0.02564,0.0165],[0.02554,0.0301],[0.02577,0.0703],[0.02559,0.0872],[0.02600,0.1239],[0.02597,0.1564],[0.02634,0.1781],[0.02650,0.2229],[0.02675,0.2331],[0.02710,0.2814],[0.02721,0.2892],[0.02771,0.3374],[0.02805,0.3632],[0.02835,0.3921],[0.02889,0.4409],[0.02900,0.4468],[0.02943,0.5099],[0.03009,0.5383],[0.03004,0.5655],[0.03077,0.6108],[0.03094,0.6586],[0.03135,0.6766],[0.03160,0.7273],[0.03190,0.7433],[0.03226,0.7904],[0.03253,0.8279],[0.03293,0.8554],[0.03302,0.9062],[0.03360,0.9244],[0.03359,0.9741],[0.03423,0.9974],[0.03428,1.0412],[0.03479,1.0745],[0.03500,1.1135],[0.03530,1.1558],[0.03580,1.1774],[0.03585,1.1950],[0.03655,1.1926],[0.03728,1.1815],[0.03757,1.1866],[0.03777,1.2110],[0.03878,1.1825],[0.03955,1.1627],[0.03989,1.1629],[0.04011,1.1959],[0.04107,1.1514],[0.04212,1.1080],[0.04327,1.0784],[0.04361,1.0875],[0.04385,1.1203],[0.04619,1.0664],[0.04945,1.0138],[0.05260,0.9795],[0.04826,1.1021],[0.05359,1.0181],[0.15053,0.3230],],[[0.09093,-1.1498],[0.08825,-1.1478],[0.08271,-1.1685],[0.07573,-1.2032],[0.07540,-1.1825],[0.07408,-1.1703],[0.07095,-1.1738],[0.06649,-1.1901],[0.06353,-1.1935],[0.06276,-1.1763],[0.06077,-1.1714],[0.05779,-1.1767],[0.05412,-1.1911],[0.05369,-1.1693],[0.05221,-1.1606],[0.05009,-1.1596],[0.04745,-1.1664],[0.04637,-1.1527],[0.04515,-1.1425],[0.04354,-1.1385],[0.04155,-1.1414],[0.04043,-1.1303],[0.03940,-1.1203],[0.03812,-1.1161],[0.03662,-1.1184],[0.03570,-1.1078],[0.03483,-1.1011],[0.03385,-1.0999],[0.03276,-1.1051],[0.03208,-1.0963],[0.03141,-1.0951],[0.03072,-1.0993],[0.03003,-1.1095],[0.02951,-1.1066],[0.02907,-1.1112],[0.02864,-1.1204],[0.02823,-1.1338],[0.02783,-1.1403],[0.02729,-1.1170],[0.02672,-1.0880],[0.02611,-1.0557],[0.02561,-1.0260],[0.02507,-0.9909],[0.02459,-0.9643],[0.02412,-0.9340],[0.02354,-0.8904],[0.02316,-0.8713],[0.02257,-0.8312],[0.02200,-0.7870],[0.02166,-0.7714],[0.02106,-0.7291],[0.02065,-0.7009],[0.02020,-0.6753],[0.01974,-0.6423],[0.01952,-0.6282],[0.01901,-0.5950],[0.01877,-0.5745],[0.01840,-0.5503],[0.01810,-0.5241],[0.01790,-0.5049],[0.01753,-0.4758],[0.01737,-0.4553],[0.01712,-0.4298],[0.01693,-0.4067],[0.01675,-0.3813],[0.01657,-0.3587],[0.01641,-0.3319],[0.01632,-0.3117],[0.01614,-0.2831],[0.01608,-0.2620],[0.01592,-0.2347],[0.01588,-0.2118],[0.01578,-0.1866],[0.01573,-0.1620],[0.01569,-0.1389],[0.01562,-0.1124],[0.01560,-0.0894],[0.01556,-0.0630],[0.01555,-0.0397],[0.01554,-0.0135],[0.01554,0.0098],[0.01556,0.0361],[0.01556,0.0593],[0.01560,0.0851],[0.01562,0.1089],[0.01565,0.1330],[0.01572,0.1586],[0.01575,0.1811],[0.01586,0.2086],[0.01607,0.2592],[0.01612,0.2790],[0.01625,0.3065],[0.01639,0.3288],[0.01652,0.3543],[0.01674,0.3797],[0.01688,0.4029],[0.01705,0.4260],[0.01732,0.4521],[0.01751,0.4734],[0.01782,0.5015],[0.01807,0.5223],[0.01830,0.5449],[0.01873,0.5733],[0.01893,0.5907],[0.01937,0.6216],[0.01965,0.6383],[0.02010,0.6701],[0.02061,0.7031],[0.02095,0.7240],[0.02148,0.7627],[0.02188,0.7819],[0.02243,0.8245],[0.02305,0.8683],[0.02347,0.8923],[0.02396,0.9285],[0.02447,0.9616],[0.02492,0.9853],[0.02547,1.0238],[0.02596,1.0530],[0.02654,1.0857],[0.02711,1.1146],[0.02767,1.1397],[0.02805,1.1406],[0.02844,1.1246],[0.02887,1.1139],[0.02932,1.1068],[0.02978,1.1095],[0.03043,1.1035],[0.03115,1.0972],[0.03184,1.0964],[0.03244,1.1057],[0.03345,1.1040],[0.03450,1.1029],[0.03546,1.1070],[0.03604,1.1250],[0.03763,1.1200],[0.03902,1.1220],[0.04019,1.1293],[0.04083,1.1487],[0.04295,1.1429],[0.04471,1.1446],[0.04610,1.1523],[0.04654,1.1747],[0.04936,1.1650],[0.05167,1.1637],[0.05338,1.1698],[0.05414,1.1872],[0.05684,1.1838],[0.06004,1.1762],[0.06231,1.1784],[0.06347,1.1917],[0.06522,1.1998],[0.06989,1.1813],[0.07331,1.1752],[0.07510,1.1834],[0.07426,1.2143],],[[0.08721,-1.2029],[0.08398,-1.2042],[0.08112,-1.2032],[0.07809,-1.2047],[0.07516,-1.2047],[0.07226,-1.2043],[0.06965,-1.2013],[0.06692,-1.2008],[0.06416,-1.2008],[0.06145,-1.1998],[0.05913,-1.1954],[0.05685,-1.1904],[0.05435,-1.1899],[0.05187,-1.1883],[0.04973,-1.1835],[0.04781,-1.1766],[0.04579,-1.1719],[0.04358,-1.1697],[0.04162,-1.1648],[0.04003,-1.1562],[0.03842,-1.1485],[0.03652,-1.1456],[0.03490,-1.1398],[0.03358,-1.1310],[0.03230,-1.1231],[0.03076,-1.1214],[0.02957,-1.1172],[0.02861,-1.1116],[0.02763,-1.1098],[0.02659,-1.1137],[0.02578,-1.1177],[0.02515,-1.1217],[0.02441,-1.1159],[0.02330,-1.0910],[0.02256,-1.0606],[0.02161,-1.0327],[0.02083,-1.0042],[0.02015,-0.9751],[0.01932,-0.9463],[0.01876,-0.9114],[0.01798,-0.8796],[0.01741,-0.8541],[0.01688,-0.8255],[0.01627,-0.8025],[0.01585,-0.7820],[0.01541,-0.7630],[0.01496,-0.7462],[0.01466,-0.7268],[0.01428,-0.7083],[0.01395,-0.6905],[0.01372,-0.6689],[0.01340,-0.6501],[0.01314,-0.6299],[0.01297,-0.6072],[0.01269,-0.5876],[0.01250,-0.5665],[0.01238,-0.5432],[0.01216,-0.5242],[0.01203,-0.5038],[0.01196,-0.4821],[0.01180,-0.4634],[0.01173,-0.4410],[0.01163,-0.4182],[0.01152,-0.3963],[0.01146,-0.3722],[0.01137,-0.3494],[0.01127,-0.3263],[0.01127,-0.3016],[0.01113,-0.2787],[0.01111,-0.2551],[0.01104,-0.2303],[0.01098,-0.2073],[0.01095,-0.1823],[0.01089,-0.1588],[0.01086,-0.1347],[0.01083,-0.1101],[0.01081,-0.0868],[0.01079,-0.0615],[0.01078,-0.0388],[0.01077,-0.0134],[0.01077,0.0096],[0.01077,0.0346],[0.01078,0.0580],[0.01080,0.0826],[0.01081,0.1066],[0.01086,0.1304],[0.01088,0.1552],[0.01095,0.1780],[0.01098,0.2035],[0.01101,0.2268],[0.01110,0.2509],[0.01111,0.2751],[0.01123,0.2979],[0.01126,0.3224],[0.01133,0.3460],[0.01146,0.3680],[0.01149,0.3925],[0.01159,0.4152],[0.01172,0.4369],[0.01177,0.4604],[0.01190,0.4802],[0.01201,0.5004],[0.01212,0.5216],[0.01229,0.5411],[0.01263,0.5851],[0.01290,0.6046],[0.01309,0.6268],[0.01332,0.6479],[0.01366,0.6659],[0.01389,0.6878],[0.01418,0.7067],[0.01462,0.7235],[0.01487,0.7437],[0.01528,0.7621],[0.01579,0.7783],[0.01616,0.8009],[0.01670,0.8230],[0.01731,0.8502],[0.01781,0.8758],[0.01859,0.9074],[0.01916,0.9424],[0.01990,0.9730],[0.02068,1.0007],[0.02137,1.0303],[0.02238,1.0572],[0.02307,1.0885],[0.02405,1.1154],[0.02500,1.1204],[0.02554,1.1179],[0.02626,1.1155],[0.02720,1.1131],[0.02840,1.1101],[0.02923,1.1178],[0.03034,1.1233],[0.03174,1.1270],[0.03325,1.1312],[0.03447,1.1415],[0.03595,1.1490],[0.03775,1.1533],[0.03961,1.1575],[0.04109,1.1675],[0.04295,1.1736],[0.04502,1.1774],[0.04732,1.1789],[0.04912,1.1871],[0.05122,1.1925],[0.05359,1.1951],[0.05617,1.1954],[0.05849,1.1993],[0.06078,1.2041],[0.06342,1.2057],[0.06617,1.2061],[0.06898,1.2057],[0.07156,1.2089],[0.07444,1.2096],[0.07733,1.2100],],[[0.07811,-1.2945],[0.07549,-1.2920],[0.07166,-1.3006],[0.06803,-1.3073],[0.06515,-1.3079],[0.06237,-1.3075],[0.06018,-1.3020],[0.05684,-1.3078],[0.05385,-1.3104],[0.05140,-1.3082],[0.04916,-1.3042],[0.04733,-1.2963],[0.04470,-1.2972],[0.04233,-1.2956],[0.04038,-1.2900],[0.03866,-1.2821],[0.03712,-1.2727],[0.03509,-1.2696],[0.03333,-1.2638],[0.03189,-1.2547],[0.03066,-1.2438],[0.02920,-1.2369],[0.02783,-1.2304],[0.02665,-1.2232],[0.02574,-1.2150],[0.02477,-1.2116],[0.02378,-1.2140],[0.02303,-1.2178],[0.02215,-1.1929],[0.02119,-1.1686],[0.02027,-1.1437],[0.01960,-1.1146],[0.01870,-1.0884],[0.01799,-1.0609],[0.01737,-1.0349],[0.01664,-1.0106],[0.01611,-0.9831],[0.01555,-0.9666],[0.01501,-0.9486],[0.01465,-0.9304],[0.01414,-0.9151],[0.01374,-0.8978],[0.01344,-0.8772],[0.01302,-0.8603],[0.01271,-0.8400],[0.01246,-0.8187],[0.01212,-0.7991],[0.01188,-0.7774],[0.01165,-0.7554],[0.01139,-0.7345],[0.01122,-0.7116],[0.01100,-0.6894],[0.01081,-0.6674],[0.01067,-0.6432],[0.01048,-0.6216],[0.01032,-0.5987],[0.01024,-0.5744],[0.01009,-0.5540],[0.00999,-0.5326],[0.00995,-0.5096],[0.00982,-0.4889],[0.00974,-0.4649],[0.00969,-0.4402],[0.00957,-0.4170],[0.00953,-0.3923],[0.00944,-0.3675],[0.00939,-0.3438],[0.00934,-0.3172],[0.00927,-0.2933],[0.00921,-0.2680],[0.00920,-0.2417],[0.00914,-0.2178],[0.00910,-0.1918],[0.00910,-0.1668],[0.00903,-0.1414],[0.00906,-0.1160],[0.00899,-0.0906],[0.00901,-0.0657],[0.00899,-0.0397],[0.00898,-0.0150],[0.00900,0.0111],[0.00897,0.0357],[0.00902,0.0615],[0.00899,0.0866],[0.00905,0.1115],[0.00903,0.1372],[0.00907,0.1627],[0.00910,0.1874],[0.00912,0.2135],[0.00918,0.2382],[0.00921,0.2635],[0.00926,0.2896],[0.00932,0.3130],[0.00937,0.3394],[0.00941,0.3639],[0.00952,0.3876],[0.00955,0.4132],[0.00964,0.4369],[0.00973,0.4609],[0.00979,0.4852],[0.00990,0.5073],[0.00997,0.5288],[0.01005,0.5511],[0.01019,0.5715],[0.01030,0.5950],[0.01043,0.6185],[0.01063,0.6399],[0.01077,0.6638],[0.01093,0.6866],[0.01134,0.7314],[0.01158,0.7531],[0.01184,0.7739],[0.01205,0.7966],[0.01236,0.8168],[0.01266,0.8370],[0.01294,0.8582],[0.01332,0.8760],[0.01367,0.8954],[0.01403,0.9137],[0.01452,0.9293],[0.01492,0.9471],[0.01540,0.9654],[0.01602,0.9808],[0.01650,1.0080],[0.01715,1.0333],[0.01786,1.0579],[0.01849,1.0862],[0.01934,1.1132],[0.02007,1.1414],[0.02090,1.1679],[0.02194,1.1909],[0.02277,1.2176],[0.02347,1.2153],[0.02438,1.2140],[0.02550,1.2143],[0.02636,1.2234],[0.02743,1.2322],[0.02870,1.2401],[0.03031,1.2448],[0.03148,1.2566],[0.03288,1.2661],[0.03449,1.2736],[0.03638,1.2782],[0.03821,1.2845],[0.03978,1.2939],[0.04173,1.2995],[0.04396,1.3025],[0.04651,1.3024],[0.04856,1.3082],[0.05062,1.3139],[0.05314,1.3154],[0.05604,1.3137],[0.05929,1.3085],[0.06163,1.3127],[0.06423,1.3147],[0.06725,1.3131],],],
{"title":"Cl v Cd","sortData":false,"legend":{"show":false,"placement":"insideGrid","location":"ne"},"series":[{"showLabel":true,"index":0,"showLine":true,"trendline":{"type":"none","show":false},"color":"#4bb2c5"},{"showLabel":true,"index":0,"showLine":true,"trendline":{"type":"none","show":false},"color":"#EAA228"},{"showLabel":true,"index":0,"showLine":true,"trendline":{"type":"none","show":false},"color":"#839557"},{"showLabel":true,"index":0,"showLine":true,"trendline":{"type":"none","show":false},"color":"#953579"},{"showLabel":true,"index":0,"showLine":true,"trendline":{"type":"none","show":false},"color":"#d8b83f"}],"show":"$.jqplot.config.enablePlugins","axes":{"xaxis":{"max":0.16,"min":0,"tickInterval":0.02,"tickOptions":{"formatString":"%.2f"},"forceTickAt0":true,"rendererOptions":{"forceTickAt0":true}},"yaxis":{"max":1.5,"min":-1.5,"tickInterval":0.5,"tickOptions":{"formatString":"%.2f"},"forceTickAt0":true,"rendererOptions":{"forceTickAt0":true}}},"seriesDefaults":{"lineWidth":1,"showLabel":true,"markerOptions":{"size":5,"show":false}}});
jqplots.push(p);

var p = $.jqplot('liftaoa',[[[-11.500,-0.2395],[-11.250,-0.2035],[-11.000,-0.1961],[-10.750,-0.2181],[-10.500,-0.1836],[-10.250,-0.1852],[-10.000,-0.1962],[-9.750,-0.1670],[-9.500,-0.1902],[-9.250,-0.1758],[-9.000,-0.1561],[-8.750,-0.2021],[-8.500,-0.1636],[-8.250,-0.1570],[-8.000,-0.2033],[-7.750,-0.1666],[-7.500,-0.1732],[-7.250,-0.3069],[-7.000,-0.3114],[-6.750,-0.3269],[-6.500,-0.3520],[-6.250,-0.3844],[-6.000,-0.4290],[-5.750,-0.5096],[-5.500,-0.4326],[-5.250,-0.4518],[-5.000,-0.4910],[-4.750,-0.3890],[-4.500,-0.4913],[-4.250,-0.3359],[-4.000,-0.4964],[-3.750,-0.2837],[-3.500,-0.4993],[-3.250,-0.2277],[-3.000,-0.5033],[-2.750,-0.1641],[-2.500,-0.2442],[-2.250,-0.1887],[-2.000,-0.1647],[-1.750,-0.2209],[-1.500,-0.0941],[-1.250,-0.2277],[-1.000,-0.0291],[-0.750,-0.1999],[-0.500,0.0344],[-0.250,-0.1607],[0.000,0.0881],[0.250,-0.1104],[0.500,0.1272],[0.750,-0.0424],[1.000,0.1557],[1.250,0.0396],[1.500,0.1586],[1.750,0.1364],[2.000,0.1511],[2.250,0.3780],[2.500,0.1638],[2.750,0.4109],[3.000,0.1855],[3.250,0.4310],[3.500,0.2158],[3.750,0.3885],[4.000,0.2838],[4.250,0.3440],[4.500,0.3459],[4.750,0.3741],[5.000,0.4064],[5.250,0.4174],[5.500,0.4694],[5.750,0.4332],[6.000,0.4264],[6.250,0.4525],[6.500,0.3971],[6.750,0.3612],[7.000,0.3337],[7.250,0.3157],[7.500,0.3087],[7.750,0.1962],[8.000,0.1612],[8.250,0.1794],[8.500,0.1745],[8.750,0.1559],[9.000,0.1855],[9.250,0.1591],[9.500,0.1649],[9.750,0.2065],[10.000,0.1648],[10.250,0.1827],[10.500,0.2129],[10.750,0.1799],[11.000,0.2037],[11.250,0.2159],[11.500,0.1996],[11.750,0.2259],],[[-13.750,-0.4013],[-13.500,-0.9512],[-13.250,-1.0704],[-13.000,-1.0027],[-12.750,-0.9967],[-12.500,-1.0447],[-12.250,-1.0963],[-12.000,-1.1501],[-11.750,-1.0782],[-11.500,-1.0948],[-11.250,-1.1323],[-11.000,-1.1772],[-10.750,-1.1904],[-10.500,-1.1615],[-10.250,-1.1735],[-10.000,-1.1970],[-9.750,-1.1998],[-9.500,-1.1819],[-9.250,-1.1861],[-9.000,-1.2024],[-8.750,-1.1824],[-8.500,-1.1571],[-8.250,-1.1242],[-8.000,-1.0784],[-7.750,-1.0532],[-7.500,-1.0037],[-7.250,-0.9791],[-7.000,-0.9330],[-6.750,-0.9025],[-6.500,-0.8658],[-6.250,-0.8169],[-6.000,-0.8025],[-5.750,-0.7490],[-5.500,-0.7405],[-5.250,-0.6846],[-5.000,-0.6680],[-4.750,-0.6207],[-4.500,-0.5785],[-4.250,-0.5462],[-4.000,-0.5116],[-3.750,-0.4589],[-3.500,-0.4433],[-3.250,-0.4053],[-3.000,-0.3530],[-2.750,-0.3509],[-2.500,-0.2973],[-2.250,-0.2933],[-2.000,-0.2425],[-1.750,-0.2206],[-1.500,-0.1883],[-1.250,-0.1489],[-1.000,-0.1343],[-0.750,-0.0924],[-0.500,-0.0801],[-0.250,-0.0375],[0.000,-0.0254],[0.250,0.0165],[0.500,0.0301],[0.750,0.0703],[1.000,0.0872],[1.250,0.1239],[1.500,0.1564],[1.750,0.1781],[2.000,0.2229],[2.250,0.2331],[2.500,0.2814],[2.750,0.2892],[3.000,0.3374],[3.250,0.3632],[3.500,0.3921],[3.750,0.4409],[4.000,0.4468],[4.250,0.5099],[4.500,0.5383],[4.750,0.5655],[5.000,0.6108],[5.250,0.6586],[5.500,0.6766],[5.750,0.7273],[6.000,0.7433],[6.250,0.7904],[6.500,0.8279],[6.750,0.8554],[7.000,0.9062],[7.250,0.9244],[7.500,0.9741],[7.750,0.9974],[8.000,1.0412],[8.250,1.0745],[8.500,1.1135],[8.750,1.1558],[9.000,1.1774],[9.250,1.1950],[9.500,1.1926],[9.750,1.1815],[10.000,1.1866],[10.250,1.2110],[10.500,1.1825],[10.750,1.1627],[11.000,1.1629],[11.250,1.1959],[11.500,1.1514],[11.750,1.1080],[12.000,1.0784],[12.250,1.0875],[12.500,1.1203],[12.750,1.0664],[13.000,1.0138],[13.250,0.9795],[13.500,1.1021],[13.750,1.0181],[14.000,0.3230],],[[-19.750,-1.1498],[-19.500,-1.1478],[-19.250,-1.1685],[-19.000,-1.2032],[-18.750,-1.1825],[-18.500,-1.1703],[-18.250,-1.1738],[-18.000,-1.1901],[-17.750,-1.1935],[-17.500,-1.1763],[-17.250,-1.1714],[-17.000,-1.1767],[-16.750,-1.1911],[-16.500,-1.1693],[-16.250,-1.1606],[-16.000,-1.1596],[-15.750,-1.1664],[-15.500,-1.1527],[-15.250,-1.1425],[-15.000,-1.1385],[-14.750,-1.1414],[-14.500,-1.1303],[-14.250,-1.1203],[-14.000,-1.1161],[-13.750,-1.1184],[-13.500,-1.1078],[-13.250,-1.1011],[-13.000,-1.0999],[-12.750,-1.1051],[-12.500,-1.0963],[-12.250,-1.0951],[-12.000,-1.0993],[-11.750,-1.1095],[-11.500,-1.1066],[-11.250,-1.1112],[-11.000,-1.1204],[-10.750,-1.1338],[-10.500,-1.1403],[-10.250,-1.1170],[-10.000,-1.0880],[-9.750,-1.0557],[-9.500,-1.0260],[-9.250,-0.9909],[-9.000,-0.9643],[-8.750,-0.9340],[-8.500,-0.8904],[-8.250,-0.8713],[-8.000,-0.8312],[-7.750,-0.7870],[-7.500,-0.7714],[-7.250,-0.7291],[-7.000,-0.7009],[-6.750,-0.6753],[-6.500,-0.6423],[-6.250,-0.6282],[-6.000,-0.5950],[-5.750,-0.5745],[-5.500,-0.5503],[-5.250,-0.5241],[-5.000,-0.5049],[-4.750,-0.4758],[-4.500,-0.4553],[-4.250,-0.4298],[-4.000,-0.4067],[-3.750,-0.3813],[-3.500,-0.3587],[-3.250,-0.3319],[-3.000,-0.3117],[-2.750,-0.2831],[-2.500,-0.2620],[-2.250,-0.2347],[-2.000,-0.2118],[-1.750,-0.1866],[-1.500,-0.1620],[-1.250,-0.1389],[-1.000,-0.1124],[-0.750,-0.0894],[-0.500,-0.0630],[-0.250,-0.0397],[0.000,-0.0135],[0.250,0.0098],[0.500,0.0361],[0.750,0.0593],[1.000,0.0851],[1.250,0.1089],[1.500,0.1330],[1.750,0.1586],[2.000,0.1811],[2.250,0.2086],[2.750,0.2592],[3.000,0.2790],[3.250,0.3065],[3.500,0.3288],[3.750,0.3543],[4.000,0.3797],[4.250,0.4029],[4.500,0.4260],[4.750,0.4521],[5.000,0.4734],[5.250,0.5015],[5.500,0.5223],[5.750,0.5449],[6.000,0.5733],[6.250,0.5907],[6.500,0.6216],[6.750,0.6383],[7.000,0.6701],[7.250,0.7031],[7.500,0.7240],[7.750,0.7627],[8.000,0.7819],[8.250,0.8245],[8.500,0.8683],[8.750,0.8923],[9.000,0.9285],[9.250,0.9616],[9.500,0.9853],[9.750,1.0238],[10.000,1.0530],[10.250,1.0857],[10.500,1.1146],[10.750,1.1397],[11.000,1.1406],[11.250,1.1246],[11.500,1.1139],[11.750,1.1068],[12.000,1.1095],[12.250,1.1035],[12.500,1.0972],[12.750,1.0964],[13.000,1.1057],[13.250,1.1040],[13.500,1.1029],[13.750,1.1070],[14.000,1.1250],[14.250,1.1200],[14.500,1.1220],[14.750,1.1293],[15.000,1.1487],[15.250,1.1429],[15.500,1.1446],[15.750,1.1523],[16.000,1.1747],[16.250,1.1650],[16.500,1.1637],[16.750,1.1698],[17.000,1.1872],[17.250,1.1838],[17.500,1.1762],[17.750,1.1784],[18.000,1.1917],[18.250,1.1998],[18.500,1.1813],[18.750,1.1752],[19.000,1.1834],[19.250,1.2143],],[[-19.750,-1.2029],[-19.500,-1.2042],[-19.250,-1.2032],[-19.000,-1.2047],[-18.750,-1.2047],[-18.500,-1.2043],[-18.250,-1.2013],[-18.000,-1.2008],[-17.750,-1.2008],[-17.500,-1.1998],[-17.250,-1.1954],[-17.000,-1.1904],[-16.750,-1.1899],[-16.500,-1.1883],[-16.250,-1.1835],[-16.000,-1.1766],[-15.750,-1.1719],[-15.500,-1.1697],[-15.250,-1.1648],[-15.000,-1.1562],[-14.750,-1.1485],[-14.500,-1.1456],[-14.250,-1.1398],[-14.000,-1.1310],[-13.750,-1.1231],[-13.500,-1.1214],[-13.250,-1.1172],[-13.000,-1.1116],[-12.750,-1.1098],[-12.500,-1.1137],[-12.250,-1.1177],[-12.000,-1.1217],[-11.750,-1.1159],[-11.500,-1.0910],[-11.250,-1.0606],[-11.000,-1.0327],[-10.750,-1.0042],[-10.500,-0.9751],[-10.250,-0.9463],[-10.000,-0.9114],[-9.750,-0.8796],[-9.500,-0.8541],[-9.250,-0.8255],[-9.000,-0.8025],[-8.750,-0.7820],[-8.500,-0.7630],[-8.250,-0.7462],[-8.000,-0.7268],[-7.750,-0.7083],[-7.500,-0.6905],[-7.250,-0.6689],[-7.000,-0.6501],[-6.750,-0.6299],[-6.500,-0.6072],[-6.250,-0.5876],[-6.000,-0.5665],[-5.750,-0.5432],[-5.500,-0.5242],[-5.250,-0.5038],[-5.000,-0.4821],[-4.750,-0.4634],[-4.500,-0.4410],[-4.250,-0.4182],[-4.000,-0.3963],[-3.750,-0.3722],[-3.500,-0.3494],[-3.250,-0.3263],[-3.000,-0.3016],[-2.750,-0.2787],[-2.500,-0.2551],[-2.250,-0.2303],[-2.000,-0.2073],[-1.750,-0.1823],[-1.500,-0.1588],[-1.250,-0.1347],[-1.000,-0.1101],[-0.750,-0.0868],[-0.500,-0.0615],[-0.250,-0.0388],[0.000,-0.0134],[0.250,0.0096],[0.500,0.0346],[0.750,0.0580],[1.000,0.0826],[1.250,0.1066],[1.500,0.1304],[1.750,0.1552],[2.000,0.1780],[2.250,0.2035],[2.500,0.2268],[2.750,0.2509],[3.000,0.2751],[3.250,0.2979],[3.500,0.3224],[3.750,0.3460],[4.000,0.3680],[4.250,0.3925],[4.500,0.4152],[4.750,0.4369],[5.000,0.4604],[5.250,0.4802],[5.500,0.5004],[5.750,0.5216],[6.000,0.5411],[6.500,0.5851],[6.750,0.6046],[7.000,0.6268],[7.250,0.6479],[7.500,0.6659],[7.750,0.6878],[8.000,0.7067],[8.250,0.7235],[8.500,0.7437],[8.750,0.7621],[9.000,0.7783],[9.250,0.8009],[9.500,0.8230],[9.750,0.8502],[10.000,0.8758],[10.250,0.9074],[10.500,0.9424],[10.750,0.9730],[11.000,1.0007],[11.250,1.0303],[11.500,1.0572],[11.750,1.0885],[12.000,1.1154],[12.250,1.1204],[12.500,1.1179],[12.750,1.1155],[13.000,1.1131],[13.250,1.1101],[13.500,1.1178],[13.750,1.1233],[14.000,1.1270],[14.250,1.1312],[14.500,1.1415],[14.750,1.1490],[15.000,1.1533],[15.250,1.1575],[15.500,1.1675],[15.750,1.1736],[16.000,1.1774],[16.250,1.1789],[16.500,1.1871],[16.750,1.1925],[17.000,1.1951],[17.250,1.1954],[17.500,1.1993],[17.750,1.2041],[18.000,1.2057],[18.250,1.2061],[18.500,1.2057],[18.750,1.2089],[19.000,1.2096],[19.250,1.2100],],[[-19.750,-1.2945],[-19.500,-1.2920],[-19.250,-1.3006],[-19.000,-1.3073],[-18.750,-1.3079],[-18.500,-1.3075],[-18.250,-1.3020],[-18.000,-1.3078],[-17.750,-1.3104],[-17.500,-1.3082],[-17.250,-1.3042],[-17.000,-1.2963],[-16.750,-1.2972],[-16.500,-1.2956],[-16.250,-1.2900],[-16.000,-1.2821],[-15.750,-1.2727],[-15.500,-1.2696],[-15.250,-1.2638],[-15.000,-1.2547],[-14.750,-1.2438],[-14.500,-1.2369],[-14.250,-1.2304],[-14.000,-1.2232],[-13.750,-1.2150],[-13.500,-1.2116],[-13.250,-1.2140],[-13.000,-1.2178],[-12.750,-1.1929],[-12.500,-1.1686],[-12.250,-1.1437],[-12.000,-1.1146],[-11.750,-1.0884],[-11.500,-1.0609],[-11.250,-1.0349],[-11.000,-1.0106],[-10.750,-0.9831],[-10.500,-0.9666],[-10.250,-0.9486],[-10.000,-0.9304],[-9.750,-0.9151],[-9.500,-0.8978],[-9.250,-0.8772],[-9.000,-0.8603],[-8.750,-0.8400],[-8.500,-0.8187],[-8.250,-0.7991],[-8.000,-0.7774],[-7.750,-0.7554],[-7.500,-0.7345],[-7.250,-0.7116],[-7.000,-0.6894],[-6.750,-0.6674],[-6.500,-0.6432],[-6.250,-0.6216],[-6.000,-0.5987],[-5.750,-0.5744],[-5.500,-0.5540],[-5.250,-0.5326],[-5.000,-0.5096],[-4.750,-0.4889],[-4.500,-0.4649],[-4.250,-0.4402],[-4.000,-0.4170],[-3.750,-0.3923],[-3.500,-0.3675],[-3.250,-0.3438],[-3.000,-0.3172],[-2.750,-0.2933],[-2.500,-0.2680],[-2.250,-0.2417],[-2.000,-0.2178],[-1.750,-0.1918],[-1.500,-0.1668],[-1.250,-0.1414],[-1.000,-0.1160],[-0.750,-0.0906],[-0.500,-0.0657],[-0.250,-0.0397],[0.000,-0.0150],[0.250,0.0111],[0.500,0.0357],[0.750,0.0615],[1.000,0.0866],[1.250,0.1115],[1.500,0.1372],[1.750,0.1627],[2.000,0.1874],[2.250,0.2135],[2.500,0.2382],[2.750,0.2635],[3.000,0.2896],[3.250,0.3130],[3.500,0.3394],[3.750,0.3639],[4.000,0.3876],[4.250,0.4132],[4.500,0.4369],[4.750,0.4609],[5.000,0.4852],[5.250,0.5073],[5.500,0.5288],[5.750,0.5511],[6.000,0.5715],[6.250,0.5950],[6.500,0.6185],[6.750,0.6399],[7.000,0.6638],[7.250,0.6866],[7.750,0.7314],[8.000,0.7531],[8.250,0.7739],[8.500,0.7966],[8.750,0.8168],[9.000,0.8370],[9.250,0.8582],[9.500,0.8760],[9.750,0.8954],[10.000,0.9137],[10.250,0.9293],[10.500,0.9471],[10.750,0.9654],[11.000,0.9808],[11.250,1.0080],[11.500,1.0333],[11.750,1.0579],[12.000,1.0862],[12.250,1.1132],[12.500,1.1414],[12.750,1.1679],[13.000,1.1909],[13.250,1.2176],[13.500,1.2153],[13.750,1.2140],[14.000,1.2143],[14.250,1.2234],[14.500,1.2322],[14.750,1.2401],[15.000,1.2448],[15.250,1.2566],[15.500,1.2661],[15.750,1.2736],[16.000,1.2782],[16.250,1.2845],[16.500,1.2939],[16.750,1.2995],[17.000,1.3025],[17.250,1.3024],[17.500,1.3082],[17.750,1.3139],[18.000,1.3154],[18.250,1.3137],[18.500,1.3085],[18.750,1.3127],[19.000,1.3147],[19.250,1.3131],],],
{"title":"Cl v Alpha","sortData":false,"legend":{"show":false,"placement":"insideGrid","location":"ne"},"series":[{"showLabel":true,"index":0,"showLine":true,"trendline":{"type":"none","show":false},"color":"#4bb2c5"},{"showLabel":true,"index":0,"showLine":true,"trendline":{"type":"none","show":false},"color":"#EAA228"},{"showLabel":true,"index":0,"showLine":true,"trendline":{"type":"none","show":false},"color":"#839557"},{"showLabel":true,"index":0,"showLine":true,"trendline":{"type":"none","show":false},"color":"#953579"},{"showLabel":true,"index":0,"showLine":true,"trendline":{"type":"none","show":false},"color":"#d8b83f"}],"show":"$.jqplot.config.enablePlugins","axes":{"xaxis":{"max":20,"min":-20,"tickInterval":5,"tickOptions":{"formatString":"%.1f"},"forceTickAt0":true,"rendererOptions":{"forceTickAt0":true}},"yaxis":{"max":1.5,"min":-1.5,"tickInterval":0.5,"tickOptions":{"formatString":"%.2f"},"forceTickAt0":true,"rendererOptions":{"forceTickAt0":true}}},"seriesDefaults":{"lineWidth":1,"showLabel":true,"markerOptions":{"size":5,"show":false}}});
jqplots.push(p);

var p = $.jqplot('momentaoa',[[[-11.500,-0.0190],[-11.250,-0.0200],[-11.000,-0.0195],[-10.750,-0.0180],[-10.500,-0.0187],[-10.250,-0.0175],[-10.000,-0.0161],[-9.750,-0.0164],[-9.500,-0.0136],[-9.250,-0.0133],[-9.000,-0.0128],[-8.750,-0.0079],[-8.500,-0.0089],[-8.250,-0.0072],[-8.000,-0.0017],[-7.750,-0.0024],[-7.500,0.0006],[-7.250,0.0035],[-7.000,0.0053],[-6.750,0.0076],[-6.500,0.0103],[-6.250,0.0133],[-6.000,0.0168],[-5.750,0.0219],[-5.500,0.0212],[-5.250,0.0222],[-5.000,0.0217],[-4.750,0.0124],[-4.500,0.0187],[-4.250,0.0059],[-4.000,0.0187],[-3.750,0.0002],[-3.500,0.0214],[-3.250,-0.0052],[-3.000,0.0258],[-2.750,-0.0105],[-2.500,0.0011],[-2.250,-0.0034],[-2.000,-0.0040],[-1.750,0.0053],[-1.500,-0.0079],[-1.250,0.0118],[-1.000,-0.0107],[-0.750,0.0145],[-0.500,-0.0131],[-0.250,0.0158],[0.000,-0.0139],[0.250,0.0158],[0.500,-0.0126],[0.750,0.0133],[1.000,-0.0100],[1.250,0.0087],[1.500,-0.0043],[1.750,0.0020],[2.000,0.0021],[2.250,-0.0222],[2.500,0.0051],[2.750,-0.0209],[3.000,0.0064],[3.250,-0.0189],[3.500,0.0063],[3.750,-0.0110],[4.000,-0.0002],[4.250,-0.0055],[4.500,-0.0068],[4.750,-0.0098],[5.000,-0.0137],[5.250,-0.0171],[5.500,-0.0231],[5.750,-0.0219],[6.000,-0.0196],[6.250,-0.0182],[6.500,-0.0143],[6.750,-0.0111],[7.000,-0.0083],[7.250,-0.0058],[7.500,-0.0039],[7.750,-0.0030],[8.000,0.0023],[8.250,0.0032],[8.500,0.0054],[8.750,0.0090],[9.000,0.0088],[9.250,0.0122],[9.500,0.0136],[9.750,0.0123],[10.000,0.0161],[10.250,0.0165],[10.500,0.0157],[10.750,0.0185],[11.000,0.0184],[11.250,0.0183],[11.500,0.0197],[11.750,0.0193],],[[-13.750,-0.0308],[-13.500,-0.0541],[-13.250,-0.0464],[-13.000,-0.0487],[-12.750,-0.0469],[-12.500,-0.0407],[-12.250,-0.0326],[-12.000,-0.0225],[-11.750,-0.0279],[-11.500,-0.0222],[-11.250,-0.0133],[-11.000,-0.0028],[-10.750,0.0030],[-10.500,0.0029],[-10.250,0.0086],[-10.000,0.0159],[-9.750,0.0201],[-9.500,0.0215],[-9.250,0.0259],[-9.000,0.0321],[-8.750,0.0329],[-8.500,0.0324],[-8.250,0.0301],[-8.000,0.0264],[-7.750,0.0254],[-7.500,0.0213],[-7.250,0.0208],[-7.000,0.0172],[-6.750,0.0160],[-6.500,0.0141],[-6.250,0.0099],[-6.000,0.0119],[-5.750,0.0073],[-5.500,0.0102],[-5.250,0.0055],[-5.000,0.0071],[-4.750,0.0039],[-4.500,0.0013],[-4.250,0.0008],[-4.000,-0.0002],[-3.750,-0.0040],[-3.500,-0.0017],[-3.250,-0.0030],[-3.000,-0.0065],[-2.750,-0.0020],[-2.500,-0.0055],[-2.250,-0.0014],[-2.000,-0.0044],[-1.750,-0.0030],[-1.500,-0.0032],[-1.250,-0.0043],[-1.000,-0.0018],[-0.750,-0.0033],[-0.500,-0.0005],[-0.250,-0.0021],[0.000,0.0007],[0.250,-0.0008],[0.500,0.0018],[0.750,0.0006],[1.000,0.0027],[1.250,0.0020],[1.500,0.0018],[1.750,0.0032],[2.000,0.0012],[2.250,0.0044],[2.500,0.0018],[2.750,0.0053],[3.000,0.0027],[3.250,0.0034],[3.500,0.0037],[3.750,0.0006],[4.000,0.0045],[4.250,-0.0009],[4.500,-0.0010],[4.750,-0.0006],[5.000,-0.0037],[5.250,-0.0070],[5.500,-0.0055],[5.750,-0.0095],[6.000,-0.0077],[6.250,-0.0114],[6.500,-0.0132],[6.750,-0.0138],[7.000,-0.0180],[7.250,-0.0172],[7.500,-0.0213],[7.750,-0.0216],[8.000,-0.0250],[8.250,-0.0270],[8.500,-0.0299],[8.750,-0.0334],[9.000,-0.0336],[9.250,-0.0324],[9.500,-0.0283],[9.750,-0.0229],[10.000,-0.0197],[10.250,-0.0194],[10.500,-0.0113],[10.750,-0.0045],[11.000,-0.0005],[11.250,-0.0014],[11.500,0.0092],[11.750,0.0191],[12.000,0.0265],[12.250,0.0290],[12.500,0.0285],[12.750,0.0376],[13.000,0.0446],[13.250,0.0489],[13.500,0.0427],[13.750,0.0506],[14.000,0.0250],],[[-19.750,-0.0532],[-19.500,-0.0541],[-19.250,-0.0560],[-19.000,-0.0582],[-18.750,-0.0579],[-18.500,-0.0581],[-18.250,-0.0588],[-18.000,-0.0597],[-17.750,-0.0601],[-17.500,-0.0599],[-17.250,-0.0600],[-17.000,-0.0602],[-16.750,-0.0602],[-16.500,-0.0599],[-16.250,-0.0597],[-16.000,-0.0593],[-15.750,-0.0588],[-15.500,-0.0583],[-15.250,-0.0577],[-15.000,-0.0569],[-14.750,-0.0558],[-14.500,-0.0549],[-14.250,-0.0539],[-14.000,-0.0526],[-13.750,-0.0506],[-13.500,-0.0492],[-13.250,-0.0473],[-13.000,-0.0449],[-12.750,-0.0416],[-12.500,-0.0395],[-12.250,-0.0364],[-12.000,-0.0325],[-11.750,-0.0276],[-11.500,-0.0243],[-11.250,-0.0199],[-11.000,-0.0148],[-10.750,-0.0089],[-10.500,-0.0041],[-10.250,-0.0046],[-10.000,-0.0063],[-9.750,-0.0081],[-9.500,-0.0096],[-9.250,-0.0119],[-9.000,-0.0124],[-8.750,-0.0137],[-8.500,-0.0173],[-8.250,-0.0162],[-8.000,-0.0190],[-7.750,-0.0226],[-7.500,-0.0205],[-7.250,-0.0234],[-7.000,-0.0236],[-6.750,-0.0232],[-6.500,-0.0241],[-6.250,-0.0214],[-6.000,-0.0222],[-5.750,-0.0207],[-5.500,-0.0198],[-5.250,-0.0193],[-5.000,-0.0175],[-4.750,-0.0174],[-4.500,-0.0159],[-4.250,-0.0152],[-4.000,-0.0141],[-3.750,-0.0134],[-3.500,-0.0123],[-3.250,-0.0118],[-3.000,-0.0102],[-2.750,-0.0101],[-2.500,-0.0087],[-2.250,-0.0083],[-2.000,-0.0072],[-1.750,-0.0065],[-1.500,-0.0057],[-1.250,-0.0046],[-1.000,-0.0041],[-0.750,-0.0030],[-0.500,-0.0025],[-0.250,-0.0015],[0.000,-0.0009],[0.250,0.0001],[0.500,0.0006],[0.750,0.0017],[1.000,0.0023],[1.250,0.0033],[1.500,0.0042],[1.750,0.0048],[2.000,0.0060],[2.250,0.0063],[2.750,0.0077],[3.000,0.0093],[3.250,0.0097],[3.500,0.0108],[3.750,0.0115],[4.000,0.0122],[4.250,0.0133],[4.500,0.0144],[4.750,0.0149],[5.000,0.0164],[5.250,0.0165],[5.500,0.0181],[5.750,0.0193],[6.000,0.0194],[6.250,0.0215],[6.500,0.0211],[6.750,0.0233],[7.000,0.0226],[7.250,0.0216],[7.500,0.0229],[7.750,0.0206],[8.000,0.0221],[8.250,0.0188],[8.500,0.0153],[8.750,0.0155],[9.000,0.0133],[9.250,0.0115],[9.500,0.0115],[9.750,0.0086],[10.000,0.0072],[10.250,0.0054],[10.500,0.0037],[10.750,0.0028],[11.000,0.0065],[11.250,0.0128],[11.500,0.0181],[11.750,0.0229],[12.000,0.0263],[12.250,0.0307],[12.500,0.0349],[12.750,0.0382],[13.000,0.0403],[13.250,0.0433],[13.500,0.0460],[13.750,0.0481],[14.000,0.0490],[14.250,0.0512],[14.500,0.0527],[14.750,0.0538],[15.000,0.0543],[15.250,0.0557],[15.500,0.0565],[15.750,0.0571],[16.000,0.0575],[16.250,0.0581],[16.500,0.0585],[16.750,0.0587],[17.000,0.0590],[17.250,0.0591],[17.500,0.0589],[17.750,0.0587],[18.000,0.0588],[18.250,0.0588],[18.500,0.0578],[18.750,0.0571],[19.000,0.0567],[19.250,0.0574],],[[-19.750,-0.0458],[-19.500,-0.0468],[-19.250,-0.0476],[-19.000,-0.0483],[-18.750,-0.0490],[-18.500,-0.0497],[-18.250,-0.0503],[-18.000,-0.0508],[-17.750,-0.0512],[-17.500,-0.0516],[-17.250,-0.0520],[-17.000,-0.0523],[-16.750,-0.0523],[-16.500,-0.0524],[-16.250,-0.0525],[-16.000,-0.0525],[-15.750,-0.0523],[-15.500,-0.0520],[-15.250,-0.0518],[-15.000,-0.0514],[-14.750,-0.0510],[-14.500,-0.0503],[-14.250,-0.0495],[-14.000,-0.0487],[-13.750,-0.0477],[-13.500,-0.0461],[-13.250,-0.0443],[-13.000,-0.0424],[-12.750,-0.0398],[-12.500,-0.0364],[-12.250,-0.0326],[-12.000,-0.0286],[-11.750,-0.0263],[-11.500,-0.0279],[-11.250,-0.0298],[-11.000,-0.0316],[-10.750,-0.0331],[-10.500,-0.0345],[-10.250,-0.0361],[-10.000,-0.0384],[-9.750,-0.0404],[-9.500,-0.0407],[-9.250,-0.0416],[-9.000,-0.0414],[-8.750,-0.0403],[-8.500,-0.0390],[-8.250,-0.0372],[-8.000,-0.0358],[-7.750,-0.0342],[-7.500,-0.0326],[-7.250,-0.0314],[-7.000,-0.0299],[-6.750,-0.0285],[-6.500,-0.0276],[-6.250,-0.0261],[-6.000,-0.0249],[-5.750,-0.0240],[-5.500,-0.0223],[-5.250,-0.0209],[-5.000,-0.0196],[-4.750,-0.0178],[-4.500,-0.0167],[-4.250,-0.0157],[-4.000,-0.0145],[-3.750,-0.0137],[-3.500,-0.0127],[-3.250,-0.0117],[-3.000,-0.0110],[-2.750,-0.0100],[-2.500,-0.0091],[-2.250,-0.0084],[-2.000,-0.0074],[-1.750,-0.0067],[-1.500,-0.0058],[-1.250,-0.0049],[-1.000,-0.0042],[-0.750,-0.0032],[-0.500,-0.0026],[-0.250,-0.0015],[0.000,-0.0009],[0.250,0.0001],[0.500,0.0008],[0.750,0.0018],[1.000,0.0025],[1.250,0.0034],[1.500,0.0042],[1.750,0.0049],[2.000,0.0060],[2.250,0.0066],[2.500,0.0075],[2.750,0.0083],[3.000,0.0092],[3.250,0.0102],[3.500,0.0109],[3.750,0.0118],[4.000,0.0130],[4.250,0.0137],[4.500,0.0147],[4.750,0.0160],[5.000,0.0169],[5.250,0.0185],[5.500,0.0200],[5.750,0.0213],[6.000,0.0229],[6.500,0.0251],[6.750,0.0265],[7.000,0.0276],[7.250,0.0288],[7.500,0.0304],[7.750,0.0315],[8.000,0.0330],[8.250,0.0349],[8.500,0.0362],[8.750,0.0377],[9.000,0.0395],[9.250,0.0402],[9.500,0.0407],[9.750,0.0400],[10.000,0.0397],[10.250,0.0377],[10.500,0.0354],[10.750,0.0336],[11.000,0.0323],[11.250,0.0308],[11.500,0.0290],[11.750,0.0270],[12.000,0.0254],[12.250,0.0274],[12.500,0.0314],[12.750,0.0350],[13.000,0.0383],[13.250,0.0413],[13.500,0.0432],[13.750,0.0449],[14.000,0.0464],[14.250,0.0476],[14.500,0.0483],[14.750,0.0490],[15.000,0.0497],[15.250,0.0503],[15.500,0.0506],[15.750,0.0508],[16.000,0.0511],[16.250,0.0513],[16.500,0.0513],[16.750,0.0512],[17.000,0.0511],[17.250,0.0510],[17.500,0.0508],[17.750,0.0504],[18.000,0.0500],[18.250,0.0496],[18.500,0.0492],[18.750,0.0486],[19.000,0.0479],[19.250,0.0472],],[[-19.750,-0.0449],[-19.500,-0.0455],[-19.250,-0.0463],[-19.000,-0.0469],[-18.750,-0.0474],[-18.500,-0.0479],[-18.250,-0.0482],[-18.000,-0.0485],[-17.750,-0.0488],[-17.500,-0.0489],[-17.250,-0.0490],[-17.000,-0.0491],[-16.750,-0.0489],[-16.500,-0.0488],[-16.250,-0.0486],[-16.000,-0.0484],[-15.750,-0.0481],[-15.500,-0.0475],[-15.250,-0.0470],[-15.000,-0.0464],[-14.750,-0.0458],[-14.500,-0.0449],[-14.250,-0.0437],[-14.000,-0.0423],[-13.750,-0.0406],[-13.500,-0.0383],[-13.250,-0.0349],[-13.000,-0.0309],[-12.750,-0.0320],[-12.500,-0.0331],[-12.250,-0.0343],[-12.000,-0.0358],[-11.750,-0.0372],[-11.500,-0.0384],[-11.250,-0.0391],[-11.000,-0.0396],[-10.750,-0.0404],[-10.500,-0.0390],[-10.250,-0.0379],[-10.000,-0.0365],[-9.750,-0.0347],[-9.500,-0.0331],[-9.250,-0.0320],[-9.000,-0.0304],[-8.750,-0.0293],[-8.500,-0.0282],[-8.250,-0.0270],[-8.000,-0.0260],[-7.750,-0.0251],[-7.500,-0.0240],[-7.250,-0.0232],[-7.000,-0.0222],[-6.750,-0.0212],[-6.500,-0.0206],[-6.250,-0.0194],[-6.000,-0.0185],[-5.750,-0.0179],[-5.500,-0.0164],[-5.250,-0.0152],[-5.000,-0.0141],[-4.750,-0.0127],[-4.500,-0.0119],[-4.250,-0.0113],[-4.000,-0.0104],[-3.750,-0.0097],[-3.500,-0.0090],[-3.250,-0.0082],[-3.000,-0.0078],[-2.750,-0.0070],[-2.500,-0.0064],[-2.250,-0.0060],[-2.000,-0.0052],[-1.750,-0.0048],[-1.500,-0.0041],[-1.250,-0.0035],[-1.000,-0.0030],[-0.750,-0.0024],[-0.500,-0.0017],[-0.250,-0.0013],[0.000,-0.0006],[0.250,-0.0002],[0.500,0.0006],[0.750,0.0011],[1.000,0.0017],[1.250,0.0023],[1.500,0.0029],[1.750,0.0034],[2.000,0.0041],[2.250,0.0045],[2.500,0.0052],[2.750,0.0058],[3.000,0.0062],[3.250,0.0071],[3.500,0.0075],[3.750,0.0082],[4.000,0.0091],[4.250,0.0096],[4.500,0.0104],[4.750,0.0112],[5.000,0.0119],[5.250,0.0131],[5.500,0.0143],[5.750,0.0154],[6.000,0.0169],[6.250,0.0177],[6.500,0.0185],[6.750,0.0196],[7.000,0.0203],[7.250,0.0212],[7.750,0.0230],[8.000,0.0240],[8.250,0.0251],[8.500,0.0259],[8.750,0.0271],[9.000,0.0283],[9.250,0.0292],[9.500,0.0308],[9.750,0.0320],[10.000,0.0334],[10.250,0.0352],[10.500,0.0366],[10.750,0.0378],[11.000,0.0393],[11.250,0.0387],[11.500,0.0381],[11.750,0.0375],[12.000,0.0362],[12.250,0.0348],[12.500,0.0334],[12.750,0.0321],[13.000,0.0310],[13.250,0.0297],[13.500,0.0335],[13.750,0.0368],[14.000,0.0395],[14.250,0.0411],[14.500,0.0424],[14.750,0.0435],[15.000,0.0445],[15.250,0.0451],[15.500,0.0457],[15.750,0.0462],[16.000,0.0467],[16.250,0.0470],[16.500,0.0472],[16.750,0.0474],[17.000,0.0476],[17.250,0.0477],[17.500,0.0477],[17.750,0.0476],[18.000,0.0475],[18.250,0.0472],[18.500,0.0469],[18.750,0.0466],[19.000,0.0462],[19.250,0.0457],],],
{"title":"Cm v Alpha","sortData":false,"legend":{"show":false,"placement":"insideGrid","location":"ne"},"series":[{"showLabel":true,"index":0,"showLine":true,"trendline":{"type":"none","show":false},"color":"#4bb2c5"},{"showLabel":true,"index":0,"showLine":true,"trendline":{"type":"none","show":false},"color":"#EAA228"},{"showLabel":true,"index":0,"showLine":true,"trendline":{"type":"none","show":false},"color":"#839557"},{"showLabel":true,"index":0,"showLine":true,"trendline":{"type":"none","show":false},"color":"#953579"},{"showLabel":true,"index":0,"showLine":true,"trendline":{"type":"none","show":false},"color":"#d8b83f"}],"show":"$.jqplot.config.enablePlugins","axes":{"xaxis":{"max":20,"min":-20,"tickInterval":5,"tickOptions":{"formatString":"%.1f"},"forceTickAt0":true,"rendererOptions":{"forceTickAt0":true}},"yaxis":{"max":0.06,"min":-0.08,"tickInterval":0.02,"tickOptions":{"formatString":"%.2f"},"forceTickAt0":true,"rendererOptions":{"forceTickAt0":true}}},"seriesDefaults":{"lineWidth":1,"showLabel":true,"markerOptions":{"size":5,"show":false}}});
jqplots.push(p);

var p = $.jqplot('dragaoa',[[[-11.500,0.14546],[-11.250,0.14022],[-11.000,0.13858],[-10.750,0.13866],[-10.500,0.13404],[-10.250,0.13328],[-10.000,0.13194],[-9.750,0.12834],[-9.500,0.12934],[-9.250,0.12576],[-9.000,0.12338],[-8.750,0.12572],[-8.500,0.12080],[-8.250,0.11960],[-8.000,0.12119],[-7.750,0.11741],[-7.500,0.11719],[-7.250,0.10846],[-7.000,0.10642],[-6.750,0.10423],[-6.500,0.10178],[-6.250,0.09889],[-6.000,0.09501],[-5.750,0.08823],[-5.500,0.09340],[-5.250,0.09008],[-5.000,0.08322],[-4.750,0.08541],[-4.500,0.07622],[-4.250,0.08165],[-4.000,0.07026],[-3.750,0.07815],[-3.500,0.06593],[-3.250,0.07505],[-3.000,0.06248],[-2.750,0.07238],[-2.500,0.06968],[-2.250,0.06948],[-2.000,0.06877],[-1.750,0.06648],[-1.500,0.06767],[-1.250,0.06452],[-1.000,0.06664],[-0.750,0.06391],[-0.500,0.06567],[-0.250,0.06384],[0.000,0.06495],[0.250,0.06420],[0.500,0.06474],[0.750,0.06498],[1.000,0.06500],[1.250,0.06585],[1.500,0.06614],[1.750,0.06634],[2.000,0.06807],[2.250,0.06201],[2.500,0.07009],[2.750,0.06329],[3.000,0.07235],[3.250,0.06555],[3.500,0.07461],[3.750,0.07081],[4.000,0.07735],[4.250,0.07724],[4.500,0.08044],[4.750,0.08187],[5.000,0.08364],[5.250,0.08696],[5.500,0.08801],[5.750,0.09300],[6.000,0.09405],[6.250,0.09290],[6.500,0.09756],[6.750,0.10071],[7.000,0.10325],[7.250,0.10549],[7.500,0.10754],[7.750,0.11819],[8.000,0.11681],[8.250,0.11870],[8.500,0.12048],[8.750,0.11995],[9.000,0.12325],[9.250,0.12328],[9.500,0.12450],[9.750,0.12983],[10.000,0.12783],[10.250,0.13017],[10.500,0.13531],[10.750,0.13335],[11.000,0.13648],[11.250,0.14014],[11.500,0.13947],[11.750,0.14312],],[[-13.750,0.14311],[-13.500,0.05841],[-13.250,0.04984],[-13.000,0.05154],[-12.750,0.05061],[-12.500,0.04727],[-12.250,0.04467],[-12.000,0.04290],[-11.750,0.04344],[-11.500,0.04254],[-11.250,0.04146],[-11.000,0.04056],[-10.750,0.03968],[-10.500,0.03969],[-10.250,0.03910],[-10.000,0.03820],[-9.750,0.03747],[-9.500,0.03740],[-9.250,0.03687],[-9.000,0.03599],[-8.750,0.03580],[-8.500,0.03557],[-8.250,0.03494],[-8.000,0.03496],[-7.750,0.03427],[-7.500,0.03432],[-7.250,0.03378],[-7.000,0.03363],[-6.750,0.03328],[-6.500,0.03292],[-6.250,0.03268],[-6.000,0.03224],[-5.750,0.03208],[-5.500,0.03162],[-5.250,0.03148],[-5.000,0.03101],[-4.750,0.03085],[-4.500,0.03019],[-4.250,0.03012],[-4.000,0.02968],[-3.750,0.02908],[-3.500,0.02905],[-3.250,0.02842],[-3.000,0.02790],[-2.750,0.02779],[-2.500,0.02736],[-2.250,0.02717],[-2.000,0.02685],[-1.750,0.02653],[-1.500,0.02640],[-1.250,0.02593],[-1.000,0.02603],[-0.750,0.02574],[-0.500,0.02575],[-0.250,0.02564],[0.000,0.02559],[0.250,0.02564],[0.500,0.02554],[0.750,0.02577],[1.000,0.02559],[1.250,0.02600],[1.500,0.02597],[1.750,0.02634],[2.000,0.02650],[2.250,0.02675],[2.500,0.02710],[2.750,0.02721],[3.000,0.02771],[3.250,0.02805],[3.500,0.02835],[3.750,0.02889],[4.000,0.02900],[4.250,0.02943],[4.500,0.03009],[4.750,0.03004],[5.000,0.03077],[5.250,0.03094],[5.500,0.03135],[5.750,0.03160],[6.000,0.03190],[6.250,0.03226],[6.500,0.03253],[6.750,0.03293],[7.000,0.03302],[7.250,0.03360],[7.500,0.03359],[7.750,0.03423],[8.000,0.03428],[8.250,0.03479],[8.500,0.03500],[8.750,0.03530],[9.000,0.03580],[9.250,0.03585],[9.500,0.03655],[9.750,0.03728],[10.000,0.03757],[10.250,0.03777],[10.500,0.03878],[10.750,0.03955],[11.000,0.03989],[11.250,0.04011],[11.500,0.04107],[11.750,0.04212],[12.000,0.04327],[12.250,0.04361],[12.500,0.04385],[12.750,0.04619],[13.000,0.04945],[13.250,0.05260],[13.500,0.04826],[13.750,0.05359],[14.000,0.15053],],[[-19.750,0.09093],[-19.500,0.08825],[-19.250,0.08271],[-19.000,0.07573],[-18.750,0.07540],[-18.500,0.07408],[-18.250,0.07095],[-18.000,0.06649],[-17.750,0.06353],[-17.500,0.06276],[-17.250,0.06077],[-17.000,0.05779],[-16.750,0.05412],[-16.500,0.05369],[-16.250,0.05221],[-16.000,0.05009],[-15.750,0.04745],[-15.500,0.04637],[-15.250,0.04515],[-15.000,0.04354],[-14.750,0.04155],[-14.500,0.04043],[-14.250,0.03940],[-14.000,0.03812],[-13.750,0.03662],[-13.500,0.03570],[-13.250,0.03483],[-13.000,0.03385],[-12.750,0.03276],[-12.500,0.03208],[-12.250,0.03141],[-12.000,0.03072],[-11.750,0.03003],[-11.500,0.02951],[-11.250,0.02907],[-11.000,0.02864],[-10.750,0.02823],[-10.500,0.02783],[-10.250,0.02729],[-10.000,0.02672],[-9.750,0.02611],[-9.500,0.02561],[-9.250,0.02507],[-9.000,0.02459],[-8.750,0.02412],[-8.500,0.02354],[-8.250,0.02316],[-8.000,0.02257],[-7.750,0.02200],[-7.500,0.02166],[-7.250,0.02106],[-7.000,0.02065],[-6.750,0.02020],[-6.500,0.01974],[-6.250,0.01952],[-6.000,0.01901],[-5.750,0.01877],[-5.500,0.01840],[-5.250,0.01810],[-5.000,0.01790],[-4.750,0.01753],[-4.500,0.01737],[-4.250,0.01712],[-4.000,0.01693],[-3.750,0.01675],[-3.500,0.01657],[-3.250,0.01641],[-3.000,0.01632],[-2.750,0.01614],[-2.500,0.01608],[-2.250,0.01592],[-2.000,0.01588],[-1.750,0.01578],[-1.500,0.01573],[-1.250,0.01569],[-1.000,0.01562],[-0.750,0.01560],[-0.500,0.01556],[-0.250,0.01555],[0.000,0.01554],[0.250,0.01554],[0.500,0.01556],[0.750,0.01556],[1.000,0.01560],[1.250,0.01562],[1.500,0.01565],[1.750,0.01572],[2.000,0.01575],[2.250,0.01586],[2.750,0.01607],[3.000,0.01612],[3.250,0.01625],[3.500,0.01639],[3.750,0.01652],[4.000,0.01674],[4.250,0.01688],[4.500,0.01705],[4.750,0.01732],[5.000,0.01751],[5.250,0.01782],[5.500,0.01807],[5.750,0.01830],[6.000,0.01873],[6.250,0.01893],[6.500,0.01937],[6.750,0.01965],[7.000,0.02010],[7.250,0.02061],[7.500,0.02095],[7.750,0.02148],[8.000,0.02188],[8.250,0.02243],[8.500,0.02305],[8.750,0.02347],[9.000,0.02396],[9.250,0.02447],[9.500,0.02492],[9.750,0.02547],[10.000,0.02596],[10.250,0.02654],[10.500,0.02711],[10.750,0.02767],[11.000,0.02805],[11.250,0.02844],[11.500,0.02887],[11.750,0.02932],[12.000,0.02978],[12.250,0.03043],[12.500,0.03115],[12.750,0.03184],[13.000,0.03244],[13.250,0.03345],[13.500,0.03450],[13.750,0.03546],[14.000,0.03604],[14.250,0.03763],[14.500,0.03902],[14.750,0.04019],[15.000,0.04083],[15.250,0.04295],[15.500,0.04471],[15.750,0.04610],[16.000,0.04654],[16.250,0.04936],[16.500,0.05167],[16.750,0.05338],[17.000,0.05414],[17.250,0.05684],[17.500,0.06004],[17.750,0.06231],[18.000,0.06347],[18.250,0.06522],[18.500,0.06989],[18.750,0.07331],[19.000,0.07510],[19.250,0.07426],],[[-19.750,0.08721],[-19.500,0.08398],[-19.250,0.08112],[-19.000,0.07809],[-18.750,0.07516],[-18.500,0.07226],[-18.250,0.06965],[-18.000,0.06692],[-17.750,0.06416],[-17.500,0.06145],[-17.250,0.05913],[-17.000,0.05685],[-16.750,0.05435],[-16.500,0.05187],[-16.250,0.04973],[-16.000,0.04781],[-15.750,0.04579],[-15.500,0.04358],[-15.250,0.04162],[-15.000,0.04003],[-14.750,0.03842],[-14.500,0.03652],[-14.250,0.03490],[-14.000,0.03358],[-13.750,0.03230],[-13.500,0.03076],[-13.250,0.02957],[-13.000,0.02861],[-12.750,0.02763],[-12.500,0.02659],[-12.250,0.02578],[-12.000,0.02515],[-11.750,0.02441],[-11.500,0.02330],[-11.250,0.02256],[-11.000,0.02161],[-10.750,0.02083],[-10.500,0.02015],[-10.250,0.01932],[-10.000,0.01876],[-9.750,0.01798],[-9.500,0.01741],[-9.250,0.01688],[-9.000,0.01627],[-8.750,0.01585],[-8.500,0.01541],[-8.250,0.01496],[-8.000,0.01466],[-7.750,0.01428],[-7.500,0.01395],[-7.250,0.01372],[-7.000,0.01340],[-6.750,0.01314],[-6.500,0.01297],[-6.250,0.01269],[-6.000,0.01250],[-5.750,0.01238],[-5.500,0.01216],[-5.250,0.01203],[-5.000,0.01196],[-4.750,0.01180],[-4.500,0.01173],[-4.250,0.01163],[-4.000,0.01152],[-3.750,0.01146],[-3.500,0.01137],[-3.250,0.01127],[-3.000,0.01127],[-2.750,0.01113],[-2.500,0.01111],[-2.250,0.01104],[-2.000,0.01098],[-1.750,0.01095],[-1.500,0.01089],[-1.250,0.01086],[-1.000,0.01083],[-0.750,0.01081],[-0.500,0.01079],[-0.250,0.01078],[0.000,0.01077],[0.250,0.01077],[0.500,0.01077],[0.750,0.01078],[1.000,0.01080],[1.250,0.01081],[1.500,0.01086],[1.750,0.01088],[2.000,0.01095],[2.250,0.01098],[2.500,0.01101],[2.750,0.01110],[3.000,0.01111],[3.250,0.01123],[3.500,0.01126],[3.750,0.01133],[4.000,0.01146],[4.250,0.01149],[4.500,0.01159],[4.750,0.01172],[5.000,0.01177],[5.250,0.01190],[5.500,0.01201],[5.750,0.01212],[6.000,0.01229],[6.500,0.01263],[6.750,0.01290],[7.000,0.01309],[7.250,0.01332],[7.500,0.01366],[7.750,0.01389],[8.000,0.01418],[8.250,0.01462],[8.500,0.01487],[8.750,0.01528],[9.000,0.01579],[9.250,0.01616],[9.500,0.01670],[9.750,0.01731],[10.000,0.01781],[10.250,0.01859],[10.500,0.01916],[10.750,0.01990],[11.000,0.02068],[11.250,0.02137],[11.500,0.02238],[11.750,0.02307],[12.000,0.02405],[12.250,0.02500],[12.500,0.02554],[12.750,0.02626],[13.000,0.02720],[13.250,0.02840],[13.500,0.02923],[13.750,0.03034],[14.000,0.03174],[14.250,0.03325],[14.500,0.03447],[14.750,0.03595],[15.000,0.03775],[15.250,0.03961],[15.500,0.04109],[15.750,0.04295],[16.000,0.04502],[16.250,0.04732],[16.500,0.04912],[16.750,0.05122],[17.000,0.05359],[17.250,0.05617],[17.500,0.05849],[17.750,0.06078],[18.000,0.06342],[18.250,0.06617],[18.500,0.06898],[18.750,0.07156],[19.000,0.07444],[19.250,0.07733],],[[-19.750,0.07811],[-19.500,0.07549],[-19.250,0.07166],[-19.000,0.06803],[-18.750,0.06515],[-18.500,0.06237],[-18.250,0.06018],[-18.000,0.05684],[-17.750,0.05385],[-17.500,0.05140],[-17.250,0.04916],[-17.000,0.04733],[-16.750,0.04470],[-16.500,0.04233],[-16.250,0.04038],[-16.000,0.03866],[-15.750,0.03712],[-15.500,0.03509],[-15.250,0.03333],[-15.000,0.03189],[-14.750,0.03066],[-14.500,0.02920],[-14.250,0.02783],[-14.000,0.02665],[-13.750,0.02574],[-13.500,0.02477],[-13.250,0.02378],[-13.000,0.02303],[-12.750,0.02215],[-12.500,0.02119],[-12.250,0.02027],[-12.000,0.01960],[-11.750,0.01870],[-11.500,0.01799],[-11.250,0.01737],[-11.000,0.01664],[-10.750,0.01611],[-10.500,0.01555],[-10.250,0.01501],[-10.000,0.01465],[-9.750,0.01414],[-9.500,0.01374],[-9.250,0.01344],[-9.000,0.01302],[-8.750,0.01271],[-8.500,0.01246],[-8.250,0.01212],[-8.000,0.01188],[-7.750,0.01165],[-7.500,0.01139],[-7.250,0.01122],[-7.000,0.01100],[-6.750,0.01081],[-6.500,0.01067],[-6.250,0.01048],[-6.000,0.01032],[-5.750,0.01024],[-5.500,0.01009],[-5.250,0.00999],[-5.000,0.00995],[-4.750,0.00982],[-4.500,0.00974],[-4.250,0.00969],[-4.000,0.00957],[-3.750,0.00953],[-3.500,0.00944],[-3.250,0.00939],[-3.000,0.00934],[-2.750,0.00927],[-2.500,0.00921],[-2.250,0.00920],[-2.000,0.00914],[-1.750,0.00910],[-1.500,0.00910],[-1.250,0.00903],[-1.000,0.00906],[-0.750,0.00899],[-0.500,0.00901],[-0.250,0.00899],[0.000,0.00898],[0.250,0.00900],[0.500,0.00897],[0.750,0.00902],[1.000,0.00899],[1.250,0.00905],[1.500,0.00903],[1.750,0.00907],[2.000,0.00910],[2.250,0.00912],[2.500,0.00918],[2.750,0.00921],[3.000,0.00926],[3.250,0.00932],[3.500,0.00937],[3.750,0.00941],[4.000,0.00952],[4.250,0.00955],[4.500,0.00964],[4.750,0.00973],[5.000,0.00979],[5.250,0.00990],[5.500,0.00997],[5.750,0.01005],[6.000,0.01019],[6.250,0.01030],[6.500,0.01043],[6.750,0.01063],[7.000,0.01077],[7.250,0.01093],[7.750,0.01134],[8.000,0.01158],[8.250,0.01184],[8.500,0.01205],[8.750,0.01236],[9.000,0.01266],[9.250,0.01294],[9.500,0.01332],[9.750,0.01367],[10.000,0.01403],[10.250,0.01452],[10.500,0.01492],[10.750,0.01540],[11.000,0.01602],[11.250,0.01650],[11.500,0.01715],[11.750,0.01786],[12.000,0.01849],[12.250,0.01934],[12.500,0.02007],[12.750,0.02090],[13.000,0.02194],[13.250,0.02277],[13.500,0.02347],[13.750,0.02438],[14.000,0.02550],[14.250,0.02636],[14.500,0.02743],[14.750,0.02870],[15.000,0.03031],[15.250,0.03148],[15.500,0.03288],[15.750,0.03449],[16.000,0.03638],[16.250,0.03821],[16.500,0.03978],[16.750,0.04173],[17.000,0.04396],[17.250,0.04651],[17.500,0.04856],[17.750,0.05062],[18.000,0.05314],[18.250,0.05604],[18.500,0.05929],[18.750,0.06163],[19.000,0.06423],[19.250,0.06725],],],
{"title":"Cd v Alpha","sortData":false,"legend":{"show":false,"placement":"insideGrid","location":"ne"},"series":[{"showLabel":true,"index":0,"showLine":true,"trendline":{"type":"none","show":false},"color":"#4bb2c5"},{"showLabel":true,"index":0,"showLine":true,"trendline":{"type":"none","show":false},"color":"#EAA228"},{"showLabel":true,"index":0,"showLine":true,"trendline":{"type":"none","show":false},"color":"#839557"},{"showLabel":true,"index":0,"showLine":true,"trendline":{"type":"none","show":false},"color":"#953579"},{"showLabel":true,"index":0,"showLine":true,"trendline":{"type":"none","show":false},"color":"#d8b83f"}],"show":"$.jqplot.config.enablePlugins","axes":{"xaxis":{"max":20,"min":-20,"tickInterval":5,"tickOptions":{"formatString":"%.1f"},"forceTickAt0":true,"rendererOptions":{"forceTickAt0":true}},"yaxis":{"max":0.16,"min":0,"tickInterval":0.02,"tickOptions":{"formatString":"%.2f"},"forceTickAt0":true,"rendererOptions":{"forceTickAt0":true}}},"seriesDefaults":{"lineWidth":1,"showLabel":true,"markerOptions":{"size":5,"show":false}}});
jqplots.push(p);

var p = $.jqplot('effaoa',[[[-11.500,-1.6465007562216],[-11.250,-1.4512908286978],[-11.000,-1.415067109251],[-10.750,-1.5729121592384],[-10.500,-1.3697403760072],[-10.250,-1.3895558223289],[-10.000,-1.4870395634379],[-9.750,-1.3012311048777],[-9.500,-1.4705427555281],[-9.250,-1.3979007633588],[-9.000,-1.2651969525045],[-8.750,-1.6075405663379],[-8.500,-1.3543046357616],[-8.250,-1.3127090301003],[-8.000,-1.6775311494348],[-7.750,-1.4189592027936],[-7.500,-1.4779418039082],[-7.250,-2.8296146044625],[-7.000,-2.9261417026875],[-6.750,-3.1363331094694],[-6.500,-3.4584397720574],[-6.250,-3.8871473354232],[-6.000,-4.515314177455],[-5.750,-5.7758132154596],[-5.500,-4.6316916488223],[-5.250,-5.015541740675],[-5.000,-5.9000240326845],[-4.750,-4.5545018147758],[-4.500,-6.4458147467856],[-4.250,-4.1139007960808],[-4.000,-7.0651864503274],[-3.750,-3.6301983365323],[-3.500,-7.5731836796602],[-3.250,-3.0339773484344],[-3.000,-8.0553777208707],[-2.750,-2.2672008842222],[-2.500,-3.5045924225029],[-2.250,-2.7158894645941],[-2.000,-2.3949396539189],[-1.750,-3.3228038507822],[-1.500,-1.3905718930102],[-1.250,-3.5291382517049],[-1.000,-0.43667466986795],[-0.750,-3.1278360194023],[-0.500,0.52383127760012],[-0.250,-2.5172305764411],[0.000,1.356428021555],[0.250,-1.7196261682243],[0.500,1.9647822057461],[0.750,-0.65250846414281],[1.000,2.3953846153846],[1.250,0.60136674259681],[1.500,2.3979437556698],[1.750,2.0560747663551],[2.000,2.2197737623035],[2.250,6.0957910014514],[2.500,2.3369952917677],[2.750,6.4923368620635],[3.000,2.5639253628196],[3.250,6.5751334858886],[3.500,2.8923736764509],[3.750,5.4865132043497],[4.000,3.6690368455074],[4.250,4.4536509580528],[4.500,4.3000994530085],[4.750,4.5694393550751],[5.000,4.8589191774271],[5.250,4.7999080036799],[5.500,5.3334848312692],[5.750,4.658064516129],[6.000,4.5337586390218],[6.250,4.8708288482239],[6.500,4.070315703157],[6.750,3.5865355972595],[7.000,3.2319612590799],[7.250,2.992700729927],[7.500,2.8705597917054],[7.750,1.6600389203824],[8.000,1.3800188340039],[8.250,1.5113732097725],[8.500,1.4483731739708],[8.750,1.2997082117549],[9.000,1.5050709939148],[9.250,1.2905580791694],[9.500,1.3244979919679],[9.750,1.5905414773165],[10.000,1.2892122349996],[10.250,1.4035492048859],[10.500,1.5734239893578],[10.750,1.3490813648294],[11.000,1.4925263774912],[11.250,1.540602254888],[11.500,1.4311321431132],[11.750,1.5783957518167],],[[-13.750,-2.8041366780798],[-13.500,-16.284882725561],[-13.250,-21.476725521669],[-13.000,-19.454792394257],[-12.750,-19.693736415728],[-12.500,-22.100698117199],[-12.250,-24.542198343407],[-12.000,-26.808857808858],[-11.750,-24.82044198895],[-11.500,-25.735778091208],[-11.250,-27.310660877955],[-11.000,-29.023668639053],[-10.750,-30],[-10.500,-29.264298311917],[-10.250,-30.012787723785],[-10.000,-31.335078534031],[-9.750,-32.020282892981],[-9.500,-31.601604278075],[-9.250,-32.169785733659],[-9.000,-33.409280355654],[-8.750,-33.027932960894],[-8.500,-32.530222097273],[-8.250,-32.175157412707],[-8.000,-30.846681922197],[-7.750,-30.732419025387],[-7.500,-29.245337995338],[-7.250,-28.984606275903],[-7.000,-27.743086529884],[-6.750,-27.118389423077],[-6.500,-26.300121506683],[-6.250,-24.99694002448],[-6.000,-24.891439205955],[-5.750,-23.347880299252],[-5.500,-23.418722327641],[-5.250,-21.747141041931],[-5.000,-21.541438245727],[-4.750,-20.119935170178],[-4.500,-19.16197416363],[-4.250,-18.134130146082],[-4.000,-17.237196765499],[-3.750,-15.78060522696],[-3.500,-15.259896729776],[-3.250,-14.261083743842],[-3.000,-12.652329749104],[-2.750,-12.626844188557],[-2.500,-10.866228070175],[-2.250,-10.794994479205],[-2.000,-9.0316573556797],[-1.750,-8.3151149641915],[-1.500,-7.1325757575758],[-1.250,-5.7423833397609],[-1.000,-5.1594314252785],[-0.750,-3.5897435897436],[-0.500,-3.1106796116505],[-0.250,-1.4625585023401],[0.000,-0.99257522469715],[0.250,0.64352574102964],[0.500,1.1785434612373],[0.750,2.7279782693054],[1.000,3.4075810863619],[1.250,4.7653846153846],[1.500,6.0223334616866],[1.750,6.7615793470008],[2.000,8.411320754717],[2.250,8.7140186915888],[2.500,10.383763837638],[2.750,10.628445424476],[3.000,12.176109707687],[3.250,12.948306595365],[3.500,13.830687830688],[3.750,15.261336102458],[4.000,15.406896551724],[4.250,17.32585796806],[4.500,17.889664340312],[4.750,18.824900133156],[5.000,19.850503737407],[5.250,21.286360698125],[5.500,21.582137161085],[5.750,23.01582278481],[6.000,23.300940438871],[6.250,24.500929944203],[6.500,25.450353519828],[6.750,25.976313392044],[7.000,27.443973349485],[7.250,27.511904761905],[7.500,28.999702292349],[7.750,29.138182880514],[8.000,30.373395565928],[8.250,30.885311871227],[8.500,31.814285714286],[8.750,32.742209631728],[9.000,32.888268156425],[9.250,33.333333333333],[9.500,32.6292749658],[9.750,31.692596566524],[10.000,31.58371040724],[10.250,32.062483452476],[10.500,30.492521918515],[10.750,29.398230088496],[11.000,29.152669842066],[11.250,29.815507354774],[11.500,28.035062089116],[11.750,26.30579297246],[12.000,24.922579154148],[12.250,24.936941068562],[12.500,25.548460661345],[12.750,23.087248322148],[13.000,20.501516683519],[13.250,18.621673003802],[13.500,22.836717778699],[13.750,18.997947378242],[14.000,2.1457516774065],],[[-19.750,-12.644891674915],[-19.500,-13.006232294618],[-19.250,-14.127675009068],[-19.000,-15.88802324046],[-18.750,-15.683023872679],[-18.500,-15.797786177106],[-18.250,-16.544045102185],[-18.000,-17.898932170251],[-17.750,-18.786400125925],[-17.500,-18.742829827916],[-17.250,-19.27595853217],[-17.000,-20.361654265444],[-16.750,-22.008499630451],[-16.500,-21.778729744831],[-16.250,-22.229457958246],[-16.000,-23.150329407067],[-15.750,-24.581664910432],[-15.500,-24.858744878154],[-15.250,-25.304540420819],[-15.000,-26.148369315572],[-14.750,-27.470517448857],[-14.500,-27.956962651496],[-14.250,-28.434010152284],[-14.000,-29.278593913956],[-13.750,-30.540688148553],[-13.500,-31.03081232493],[-13.250,-31.613551536032],[-13.000,-32.493353028065],[-12.750,-33.733211233211],[-12.500,-34.173940149626],[-12.250,-34.864692773002],[-12.000,-35.784505208333],[-11.750,-36.946386946387],[-11.500,-37.499152829549],[-11.250,-38.224974200206],[-11.000,-39.120111731844],[-10.750,-40.16294721927],[-10.500,-40.97376931369],[-10.250,-40.930743862221],[-10.000,-40.718562874251],[-9.750,-40.432784373803],[-9.500,-40.062475595471],[-9.250,-39.52532907858],[-9.000,-39.215128100854],[-8.750,-38.723051409619],[-8.500,-37.824978759558],[-8.250,-37.620898100173],[-8.000,-36.827647319451],[-7.750,-35.772727272727],[-7.500,-35.614035087719],[-7.250,-34.620132953466],[-7.000,-33.941888619855],[-6.750,-33.430693069307],[-6.500,-32.537993920973],[-6.250,-32.18237704918],[-6.000,-31.299316149395],[-5.750,-30.607352157698],[-5.500,-29.907608695652],[-5.250,-28.955801104972],[-5.000,-28.206703910615],[-4.750,-27.142042213349],[-4.500,-26.211859527922],[-4.250,-25.105140186916],[-4.000,-24.02244536326],[-3.750,-22.764179104478],[-3.500,-21.647555823778],[-3.250,-20.225472273004],[-3.000,-19.099264705882],[-2.750,-17.540272614622],[-2.500,-16.293532338308],[-2.250,-14.742462311558],[-2.000,-13.337531486146],[-1.750,-11.825095057034],[-1.500,-10.298792116974],[-1.250,-8.8527724665392],[-1.000,-7.1959026888604],[-0.750,-5.7307692307692],[-0.500,-4.0488431876607],[-0.250,-2.5530546623794],[0.000,-0.86872586872587],[0.250,0.63063063063063],[0.500,2.3200514138817],[0.750,3.8110539845758],[1.000,5.4551282051282],[1.250,6.9718309859155],[1.500,8.4984025559105],[1.750,10.089058524173],[2.000,11.498412698413],[2.250,13.152585119798],[2.750,16.129433727442],[3.000,17.307692307692],[3.250,18.861538461538],[3.500,20.061012812691],[3.750,21.446731234867],[4.000,22.68219832736],[4.250,23.868483412322],[4.500,24.985337243402],[4.750,26.102771362587],[5.000,27.03597944032],[5.250,28.14253647587],[5.500,28.904261206419],[5.750,29.775956284153],[6.000,30.608649225841],[6.250,31.204437400951],[6.500,32.090862157976],[6.750,32.483460559796],[7.000,33.338308457711],[7.250,34.114507520621],[7.500,34.558472553699],[7.750,35.507448789572],[8.000,35.735831809872],[8.250,36.758805171645],[8.500,37.670281995662],[8.750,38.018747337026],[9.000,38.752086811352],[9.250,39.297098487944],[9.500,39.538523274478],[9.750,40.196309383589],[10.000,40.562403697997],[10.250,40.908063300678],[10.500,41.113980081151],[10.750,41.189013371883],[11.000,40.663101604278],[11.250,39.542897327707],[11.500,38.583304468306],[11.750,37.74897680764],[12.000,37.256548018805],[12.250,36.26355570161],[12.500,35.223113964687],[12.750,34.434673366834],[13.000,34.084463625154],[13.250,33.004484304933],[13.500,31.968115942029],[13.750,31.218274111675],[14.000,31.215316315205],[14.250,29.763486579857],[14.500,28.754484879549],[14.750,28.099029609356],[15.000,28.133725202057],[15.250,26.610011641444],[15.500,25.600536792664],[15.750,24.995661605206],[16.000,25.240653201547],[16.250,23.602106969206],[16.500,22.521772788852],[16.750,21.914574747096],[17.000,21.928333949021],[17.250,20.826882477129],[17.500,19.590273151233],[17.750,18.911892152143],[18.000,18.775799590358],[18.250,18.396197485434],[18.500,16.902275003577],[18.750,16.030555176647],[19.000,15.757656458056],[19.250,16.352006463776],],[[-19.750,-13.793142988189],[-19.500,-14.339128363896],[-19.250,-14.832347140039],[-19.000,-15.427071327955],[-18.750,-16.028472591804],[-18.500,-16.666205369499],[-18.250,-17.247666905958],[-18.000,-17.943813508667],[-17.750,-18.715710723192],[-17.500,-19.524816924329],[-17.250,-20.216472179942],[-17.000,-20.939313984169],[-16.750,-21.893284268629],[-16.500,-22.909196067091],[-16.250,-23.798511964609],[-16.000,-24.609914243882],[-15.750,-25.592924219262],[-15.500,-26.840293712712],[-15.250,-27.986544930322],[-15.000,-28.883337496877],[-14.750,-29.893284747527],[-14.500,-31.369112814896],[-14.250,-32.659025787966],[-14.000,-33.680762358547],[-13.750,-34.770897832817],[-13.500,-36.456436931079],[-13.250,-37.781535339871],[-13.000,-38.853547710591],[-12.750,-40.166485703945],[-12.500,-41.884166980068],[-12.250,-43.355314197052],[-12.000,-44.600397614314],[-11.750,-45.714870954527],[-11.500,-46.824034334764],[-11.250,-47.012411347518],[-11.000,-47.788061082832],[-10.750,-48.209313490158],[-10.500,-48.39205955335],[-10.250,-48.98033126294],[-10.000,-48.582089552239],[-9.750,-48.921023359288],[-9.500,-49.058012636416],[-9.250,-48.904028436019],[-9.000,-49.323909035034],[-8.750,-49.337539432177],[-8.500,-49.513303049968],[-8.250,-49.879679144385],[-8.000,-49.577080491132],[-7.750,-49.600840336134],[-7.500,-49.498207885305],[-7.250,-48.753644314869],[-7.000,-48.514925373134],[-6.750,-47.937595129376],[-6.500,-46.815728604472],[-6.250,-46.304176516942],[-6.000,-45.32],[-5.750,-43.877221324717],[-5.500,-43.108552631579],[-5.250,-41.87863674148],[-5.000,-40.309364548495],[-4.750,-39.271186440678],[-4.500,-37.595907928389],[-4.250,-35.958727429063],[-4.000,-34.401041666667],[-3.750,-32.478184991274],[-3.500,-30.729991204925],[-3.250,-28.952972493345],[-3.000,-26.761313220941],[-2.750,-25.040431266846],[-2.500,-22.961296129613],[-2.250,-20.860507246377],[-2.000,-18.879781420765],[-1.750,-16.648401826484],[-1.500,-14.582185491276],[-1.250,-12.403314917127],[-1.000,-10.16620498615],[-0.750,-8.0296022201665],[-0.500,-5.6997219647822],[-0.250,-3.5992578849722],[0.000,-1.2441968430826],[0.250,0.89136490250696],[0.500,3.2126276694522],[0.750,5.3803339517625],[1.000,7.6481481481481],[1.250,9.8612395929695],[1.500,12.007366482505],[1.750,14.264705882353],[2.000,16.255707762557],[2.250,18.533697632058],[2.500,20.599455040872],[2.750,22.603603603604],[3.000,24.761476147615],[3.250,26.527159394479],[3.500,28.632326820604],[3.750,30.53839364519],[4.000,32.111692844677],[4.250,34.160139251523],[4.500,35.823986194996],[4.750,37.278156996587],[5.000,39.116397621071],[5.250,40.352941176471],[5.500,41.665278934221],[5.750,43.036303630363],[6.000,44.027664768104],[6.500,46.326207442597],[6.750,46.868217054264],[7.000,47.883880825057],[7.250,48.641141141141],[7.500,48.748169838946],[7.750,49.517638588913],[8.000,49.837799717913],[8.250,49.487004103967],[8.500,50.013449899126],[8.750,49.875654450262],[9.000,49.290690310323],[9.250,49.560643564356],[9.500,49.281437125749],[9.750,49.116117850953],[10.000,49.174620999439],[10.250,48.811188811189],[10.500,49.185803757829],[10.750,48.894472361809],[11.000,48.389748549323],[11.250,48.212447356107],[11.500,47.238605898123],[11.750,47.182488079757],[12.000,46.378378378378],[12.250,44.816],[12.500,43.770555990603],[12.750,42.479055597867],[13.000,40.922794117647],[13.250,39.088028169014],[13.500,38.241532671912],[13.750,37.023731048121],[14.000,35.507246376812],[14.250,34.021052631579],[14.500,33.115752828547],[14.750,31.961057023644],[15.000,30.550993377483],[15.250,29.222418581166],[15.500,28.413239230956],[15.750,27.324796274738],[16.000,26.152820968458],[16.250,24.913355874894],[16.500,24.167345276873],[16.750,23.281921124561],[17.000,22.300802388505],[17.250,21.281823037208],[17.500,20.50435971961],[17.750,19.810793024021],[18.000,19.011352885525],[18.250,18.227293335348],[18.500,17.478979414323],[18.750,16.893515930688],[19.000,16.249328318109],[19.250,15.647226173542],],[[-19.750,-16.572781974139],[-19.500,-17.11484964896],[-19.250,-18.149595311192],[-19.000,-19.216522122593],[-18.750,-20.07521105142],[-18.500,-20.963604296938],[-18.250,-21.635094715852],[-18.000,-23.008444757213],[-17.750,-24.33426183844],[-17.500,-25.451361867704],[-17.250,-26.529698942229],[-17.000,-27.38854848933],[-16.750,-29.020134228188],[-16.500,-30.607134420033],[-16.250,-31.946508172363],[-16.000,-33.163476461459],[-15.750,-34.286099137931],[-15.500,-36.181248218866],[-15.250,-37.917791779178],[-15.000,-39.344622138601],[-14.750,-40.567514677104],[-14.500,-42.359589041096],[-14.250,-44.211282788358],[-14.000,-45.898686679174],[-13.750,-47.202797202797],[-13.500,-48.914008881712],[-13.250,-51.051303616484],[-13.000,-52.878853669127],[-12.750,-53.855530474041],[-12.500,-55.148655025956],[-12.250,-56.423285643809],[-12.000,-56.867346938776],[-11.750,-58.20320855615],[-11.500,-58.971650917176],[-11.250,-59.57973517559],[-11.000,-60.733173076923],[-10.750,-61.024208566108],[-10.500,-62.16077170418],[-10.250,-63.197868087941],[-10.000,-63.508532423208],[-9.750,-64.7171145686],[-9.500,-65.342066957787],[-9.250,-65.267857142857],[-9.000,-66.075268817204],[-8.750,-66.089693154996],[-8.500,-65.706260032103],[-8.250,-65.932343234323],[-8.000,-65.43771043771],[-7.750,-64.841201716738],[-7.500,-64.486391571554],[-7.250,-63.422459893048],[-7.000,-62.672727272727],[-6.750,-61.739130434783],[-6.500,-60.281162136832],[-6.250,-59.312977099237],[-6.000,-58.013565891473],[-5.750,-56.09375],[-5.500,-54.905847373637],[-5.250,-53.313313313313],[-5.000,-51.21608040201],[-4.750,-49.786150712831],[-4.500,-47.731006160164],[-4.250,-45.428276573787],[-4.000,-43.573667711599],[-3.750,-41.164742917104],[-3.500,-38.930084745763],[-3.250,-36.613418530351],[-3.000,-33.961456102784],[-2.750,-31.639697950378],[-2.500,-29.098805646037],[-2.250,-26.271739130435],[-2.000,-23.82932166302],[-1.750,-21.076923076923],[-1.500,-18.32967032967],[-1.250,-15.658914728682],[-1.000,-12.80353200883],[-0.750,-10.07786429366],[-0.500,-7.291897891232],[-0.250,-4.4160177975528],[0.000,-1.6703786191537],[0.250,1.2333333333333],[0.500,3.9799331103679],[0.750,6.8181818181818],[1.000,9.6329254727475],[1.250,12.32044198895],[1.500,15.193798449612],[1.750,17.938257993385],[2.000,20.593406593407],[2.250,23.410087719298],[2.500,25.947712418301],[2.750,28.610206297503],[3.000,31.274298056156],[3.250,33.583690987124],[3.500,36.221985058698],[3.750,38.671625929862],[4.000,40.714285714286],[4.250,43.267015706806],[4.500,45.321576763485],[4.750,47.368961973279],[5.000,49.560776302349],[5.250,51.242424242424],[5.500,53.039117352056],[5.750,54.835820895522],[6.000,56.084396467125],[6.250,57.766990291262],[6.500,59.300095877277],[6.750,60.197554092192],[7.000,61.634168987929],[7.250,62.817932296432],[7.750,64.497354497355],[8.000,65.034542314335],[8.250,65.363175675676],[8.500,66.107883817427],[8.750,66.084142394822],[9.000,66.113744075829],[9.250,66.321483771252],[9.500,65.765765765766],[9.750,65.501097293343],[10.000,65.124732715609],[10.250,64.001377410468],[10.500,63.47855227882],[10.750,62.688311688312],[11.000,61.223470661673],[11.250,61.090909090909],[11.500,60.250728862974],[11.750,59.232922732363],[12.000,58.745267712277],[12.250,57.559462254395],[12.500,56.870951669158],[12.750,55.88038277512],[13.000,54.279854147675],[13.250,53.473869126043],[13.500,51.780997017469],[13.750,49.794913863823],[14.000,47.619607843137],[14.250,46.411229135053],[14.500,44.921618665694],[14.750,43.209059233449],[15.000,41.068954140548],[15.250,39.917407878018],[15.500,38.506690997567],[15.750,36.926645404465],[16.000,35.134689389775],[16.250,33.616854226642],[16.500,32.526395173454],[16.750,31.140666187395],[17.000,29.629208371247],[17.250,28.002580090303],[17.500,26.939868204283],[17.750,25.956143816673],[18.000,24.753481369966],[18.250,23.442184154176],[18.500,22.069488952606],[18.750,21.299691708583],[19.000,20.468628366807],[19.250,19.525650557621],],],
{"title":"Cl\/Cd v Alpha","sortData":false,"legend":{"show":false,"placement":"insideGrid","location":"ne"},"series":[{"showLabel":true,"index":0,"showLine":true,"trendline":{"type":"none","show":false},"color":"#4bb2c5"},{"showLabel":true,"index":0,"showLine":true,"trendline":{"type":"none","show":false},"color":"#EAA228"},{"showLabel":true,"index":0,"showLine":true,"trendline":{"type":"none","show":false},"color":"#839557"},{"showLabel":true,"index":0,"showLine":true,"trendline":{"type":"none","show":false},"color":"#953579"},{"showLabel":true,"index":0,"showLine":true,"trendline":{"type":"none","show":false},"color":"#d8b83f"}],"show":"$.jqplot.config.enablePlugins","axes":{"xaxis":{"max":20,"min":-20,"tickInterval":5,"tickOptions":{"formatString":"%.1f"},"forceTickAt0":true,"rendererOptions":{"forceTickAt0":true}},"yaxis":{"max":80,"min":-80,"tickInterval":20,"tickOptions":{"formatString":"%d"},"forceTickAt0":true,"rendererOptions":{"forceTickAt0":true}}},"seriesDefaults":{"lineWidth":1,"showLabel":true,"markerOptions":{"size":5,"show":false}}});
jqplots.push(p);

});
/*]]>*/
</script>
</body>
</html>