<!DOCTYPE html>
<html lang="en">
<head>
<link rel="stylesheet" type="text/css" href="/assets/62ff72f1/jquery.jqplot.min.css" media="screen, projection, print" />
<style type="text/css">
/*<![CDATA[*/
.jqplot-title {font-size:1.8em;padding:3px;}.jqplot-xaxis {font-size:0.8em;padding-top:3px;}.jqplot-yaxis {font-size:0.8em;padding-right:3px;}
/*]]>*/
</style>
<!--[if lt IE 9]><script type="text/javascript" src="/assets/62ff72f1/excanvas.min.js"></script></script><![endif]-->
<script type="text/javascript" src="/assets/780cfc96/jquery.min.js"></script>
<script type="text/javascript" src="/assets/62ff72f1/jquery.min.js"></script>
<script type="text/javascript" src="/assets/62ff72f1/jquery.jqplot.min.js"></script>
<script type="text/javascript">
/*<![CDATA[*/
var jqplots = [];

/*]]>*/
</script>
<title>Airfoil polar plot</title>
<meta http-equiv="Content-Language" content="en-gb"/>
<meta http-equiv="Content-Type" content="text/html; charset=windows-1252"/>
<meta content="none" name="robots" />
<meta name="copyright" content="Copyright 2010-2013. All Rights Reserved" />
</head>
<body>

<table style="width:800px;">
<tr><td>
<div id="liftdrag" style="height:400px;width:398px;margin:auto;display:inline-block;"></div>
</td><td>
<div id="liftaoa" style="height:400px;width:398px;margin:auto;display:inline-block;"></div>
</td></tr>
<tr><td>
<div id="effaoa" style="height:400px;width:398px;margin:auto;display:inline-block;"></div>
</td><td>
<div id="dragaoa" style="height:400px;width:398px;margin:auto;display:inline-block;"></div>
</td></tr>
<tr><td>
<div id="momentaoa" style="height:400px;width:398px;margin:auto;display:inline-block;"></div>
</td><td>
</td></tr>

</table>
<script type="text/javascript">
/*<![CDATA[*/
jQuery(window).load(function() {
var p = $.jqplot('liftdrag',[[[0.10653,-0.3347],[0.10429,-0.3312],[0.10227,-0.3399],[0.10055,-0.3437],[0.09820,-0.3480],[0.09892,-0.3855],[0.09447,-0.3628],[0.09215,-0.3632],[0.09121,-0.3872],[0.06538,-0.5595],[0.05857,-0.5580],[0.05437,-0.5467],[0.04999,-0.5329],[0.04576,-0.5120],[0.04311,-0.4926],[0.04077,-0.4720],[0.03882,-0.4505],[0.03727,-0.4284],[0.03567,-0.4089],[0.03454,-0.3885],[0.03351,-0.3675],[0.03258,-0.3469],[0.03177,-0.3284],[0.03104,-0.3097],[0.03029,-0.2914],[0.02743,-0.2679],[0.02815,-0.2864],[0.02924,-0.2916],[0.02936,-0.2959],[0.02900,-0.2993],[0.03072,-0.1797],[0.03035,-0.1815],[0.03061,-0.1642],[0.03198,-0.1163],[0.03296,-0.0769],[0.03356,-0.0486],[0.03430,-0.0192],[0.03521,0.0144],[0.03623,0.0520],[0.03724,0.0926],[0.03810,0.1310],[0.03888,0.1692],[0.03963,0.2070],[0.04032,0.2435],[0.04095,0.2752],[0.04156,0.3070],[0.04219,0.3395],[0.04290,0.3712],[0.04366,0.4023],[0.04441,0.4335],[0.04508,0.4655],[0.04566,0.4994],[0.04633,0.5312],[0.04717,0.5591],[0.04796,0.5874],[0.04884,0.6137],[0.05001,0.6352],[0.05138,0.6543],[0.05286,0.6721],[0.05437,0.6899],[0.05541,0.7140],[0.05423,0.7667],[0.05787,0.7582],[0.06062,0.7604],[0.06164,0.7836],[0.05416,0.8917],[0.04479,1.0299],[0.05937,0.8945],[0.04374,1.0942],[0.04409,1.1137],[0.04028,1.1971],[0.04140,1.2019],[0.04060,1.2468],[0.04083,1.2803],[0.04250,1.2788],[0.04279,1.3076],[0.04448,1.3123],[0.04623,1.3212],[0.04801,1.3350],[0.04998,1.3513],[0.05265,1.3374],[0.05491,1.3409],[0.05660,1.3559],[0.06028,1.3280],[0.10242,1.0029],[0.10870,0.9947],],[[0.10064,-0.3719],[0.09861,-0.3811],[0.09780,-0.4638],[0.09383,-0.4478],[0.09165,-0.4273],[0.08986,-0.4298],[0.08813,-0.4503],[0.08400,-0.5717],[0.08173,-0.5394],[0.08037,-0.5277],[0.07806,-0.5339],[0.07324,-0.5627],[0.04407,-0.5473],[0.03996,-0.5155],[0.03697,-0.4751],[0.03490,-0.4410],[0.03287,-0.4057],[0.03133,-0.3669],[0.03000,-0.3365],[0.02878,-0.2979],[0.02788,-0.2678],[0.02711,-0.2324],[0.02651,-0.1969],[0.02561,-0.1670],[0.02469,-0.1244],[0.02256,-0.1058],[0.02239,-0.0825],[0.02322,-0.0663],[0.02425,-0.0360],[0.02476,-0.0253],[0.02484,0.0053],[0.02490,0.0127],[0.02467,0.0283],[0.02442,0.0468],[0.02421,0.0653],[0.02396,0.0974],[0.02371,0.1905],[0.02278,0.3377],[0.02181,0.4235],[0.02163,0.4700],[0.02093,0.5306],[0.02069,0.5741],[0.02008,0.6190],[0.02015,0.6305],[0.02001,0.6510],[0.01938,0.6921],[0.01932,0.7103],[0.01929,0.7278],[0.01925,0.7456],[0.01910,0.7679],[0.01890,0.7932],[0.01883,0.8127],[0.01879,0.8284],[0.01865,0.8487],[0.01861,0.8656],[0.01857,0.8832],[0.01848,0.9067],[0.01848,0.9303],[0.01864,0.9490],[0.01884,0.9726],[0.01913,0.9964],[0.01946,1.0208],[0.01980,1.0453],[0.02017,1.0687],[0.02051,1.0899],[0.02080,1.1110],[0.02114,1.1336],[0.02156,1.1547],[0.02203,1.1753],[0.02259,1.1968],[0.02324,1.2167],[0.02390,1.2338],[0.02453,1.2475],[0.02517,1.2575],[0.02589,1.2642],[0.02677,1.2691],[0.02783,1.2751],[0.02905,1.2789],[0.03024,1.2833],[0.03147,1.2890],[0.03281,1.2954],[0.03425,1.3019],[0.03576,1.3086],[0.03735,1.3146],[0.03910,1.3241],[0.04096,1.3380],[0.04281,1.3490],[0.04489,1.3545],[0.04664,1.3719],[0.04892,1.3725],[0.05074,1.3977],[0.05343,1.3929],[0.05587,1.3973],[0.05866,1.4222],[0.06194,1.4131],[0.06546,1.4052],[0.06903,1.3988],[0.07268,1.3918],[0.08072,1.3930],[0.08599,1.3684],[0.09199,1.3416],[0.09878,1.3131],[0.10651,1.2824],[0.11540,1.2491],[0.12548,1.2143],],[[0.09993,-0.3730],[0.09606,-0.3758],[0.08990,-0.4864],[0.08887,-0.4601],[0.08822,-0.4521],[0.08676,-0.4543],[0.08487,-0.4626],[0.08255,-0.4774],[0.07671,-0.4745],[0.06131,-0.5264],[0.05820,-0.4976],[0.05572,-0.4684],[0.05259,-0.4518],[0.02307,-0.4186],[0.03288,-0.4247],[0.02785,-0.3617],[0.02597,-0.3245],[0.02475,-0.3012],[0.02349,-0.2672],[0.02237,-0.2295],[0.02144,-0.1893],[0.02030,-0.1681],[0.01940,-0.1335],[0.01853,-0.0943],[0.01759,-0.0529],[0.01690,-0.0291],[0.01600,0.0086],[0.01421,0.0465],[0.01323,0.0774],[0.01256,0.1071],[0.01234,0.1395],[0.01256,0.1646],[0.01277,0.1989],[0.01310,0.2262],[0.01330,0.2559],[0.01348,0.2809],[0.01354,0.3106],[0.01361,0.3324],[0.01355,0.3581],[0.01348,0.3830],[0.01347,0.4056],[0.01334,0.4272],[0.01318,0.4466],[0.01303,0.4676],[0.01294,0.4921],[0.01281,0.5142],[0.01276,0.5402],[0.01266,0.5639],[0.01261,0.5888],[0.01261,0.6157],[0.01258,0.6409],[0.01246,0.6634],[0.01243,0.6861],[0.01239,0.7081],[0.01233,0.7303],[0.01234,0.7542],[0.01238,0.7778],[0.01240,0.8008],[0.01249,0.8249],[0.01262,0.8479],[0.01276,0.8714],[0.01293,0.8958],[0.01314,0.9207],[0.01335,0.9455],[0.01359,0.9712],[0.01393,0.9981],[0.01430,1.0224],[0.01477,1.0429],[0.01524,1.0648],[0.01566,1.0875],[0.01608,1.1095],[0.01652,1.1301],[0.01692,1.1505],[0.01738,1.1699],[0.01789,1.1878],[0.01843,1.2047],[0.01903,1.2195],[0.01974,1.2325],[0.02046,1.2455],[0.02142,1.2541],[0.02255,1.2617],[0.02387,1.2671],[0.02524,1.2732],[0.02665,1.2795],[0.02790,1.2891],[0.02924,1.2979],[0.03043,1.3089],[0.03185,1.3171],[0.03335,1.3246],[0.03522,1.3284],[0.03697,1.3346],[0.03926,1.3356],[0.04113,1.3419],[0.04317,1.3464],[0.04558,1.3498],[0.04768,1.3542],[0.04991,1.3584],[0.05232,1.3617],[0.05474,1.3662],[0.05721,1.3697],[0.05975,1.3729],[0.06238,1.3759],[0.06513,1.3792],[0.06817,1.3801],[0.07129,1.3807],[0.07453,1.3805],[0.07761,1.3822],[0.08146,1.3795],[0.08521,1.3779],[0.08874,1.3778],[0.09183,1.3803],[0.09538,1.3807],[0.10035,1.3730],[0.10519,1.3667],[0.11003,1.3607],[0.11407,1.3591],[0.11588,1.3687],[0.12285,1.3521],],[[0.11446,-0.3881],[0.11148,-0.3885],[0.10836,-0.3904],[0.08892,-0.3491],[0.08579,-0.3362],[0.08199,-0.3259],[0.07806,-0.3162],[0.07323,-0.3118],[0.06708,-0.3114],[0.04863,-0.3605],[0.04031,-0.3940],[0.03504,-0.4017],[0.03093,-0.3991],[0.02815,-0.3914],[0.02582,-0.3690],[0.02348,-0.4052],[0.02139,-0.3827],[0.01967,-0.3557],[0.01816,-0.3241],[0.01687,-0.2906],[0.01589,-0.2624],[0.01504,-0.2353],[0.01422,-0.2036],[0.01355,-0.1745],[0.01300,-0.1481],[0.01244,-0.1167],[0.01201,-0.0912],[0.01145,-0.0638],[0.01109,-0.0364],[0.01081,-0.0093],[0.01056,0.0192],[0.01034,0.0461],[0.01018,0.0745],[0.00996,0.1014],[0.00968,0.1280],[0.00932,0.1542],[0.00889,0.1791],[0.00852,0.2053],[0.00814,0.2310],[0.00778,0.2562],[0.00748,0.2821],[0.00715,0.3074],[0.00709,0.3322],[0.00722,0.3587],[0.00737,0.3851],[0.00757,0.4116],[0.00773,0.4382],[0.00791,0.4646],[0.00808,0.4902],[0.00831,0.5151],[0.00849,0.5404],[0.00870,0.5639],[0.00891,0.5884],[0.00924,0.6380],[0.00946,0.6624],[0.00959,0.6860],[0.00973,0.7099],[0.00987,0.7348],[0.01015,0.7843],[0.01025,0.8079],[0.01036,0.8321],[0.01059,0.8533],[0.01086,0.8750],[0.01121,0.8961],[0.01146,0.9181],[0.01165,0.9399],[0.01185,0.9622],[0.01231,1.0068],[0.01255,1.0292],[0.01283,1.0504],[0.01309,1.0712],[0.01338,1.0909],[0.01361,1.1108],[0.01391,1.1289],[0.01415,1.1490],[0.01456,1.1658],[0.01515,1.1791],[0.01588,1.1899],[0.01642,1.2048],[0.01746,1.2362],[0.01807,1.2502],[0.01859,1.2651],[0.01917,1.2791],[0.01984,1.2919],[0.02048,1.3055],[0.02102,1.3211],[0.02169,1.3349],[0.02253,1.3464],[0.02360,1.3540],[0.02413,1.3704],[0.02485,1.3840],[0.02584,1.3940],[0.02671,1.4064],[0.02766,1.4184],[0.02882,1.4290],[0.03033,1.4372],[0.03216,1.4435],[0.03454,1.4411],[0.03635,1.4466],[0.03848,1.4492],[0.04097,1.4489],[0.04412,1.4429],[0.04669,1.4443],[0.04853,1.4531],[0.05086,1.4578],[0.05349,1.4605],[0.05652,1.4605],[0.06010,1.4569],[0.06296,1.4597],[0.06600,1.4616],[0.06922,1.4626],[0.07272,1.4623],[0.07663,1.4595],[0.08109,1.4535],[0.08584,1.4463],[0.09018,1.4426],[0.09478,1.4378],[0.09958,1.4323],[0.10464,1.4257],[0.11005,1.4174],[0.11582,1.4072],],[[0.10015,-0.3140],[0.04976,-0.6422],[0.04534,-0.6425],[0.04068,-0.6489],[0.03569,-0.6534],[0.03339,-0.6372],[0.03178,-0.6186],[0.02903,-0.5996],[0.02651,-0.5763],[0.02468,-0.5478],[0.02304,-0.5280],[0.02067,-0.5029],[0.01943,-0.4716],[0.01923,-0.4428],[0.01747,-0.4191],[0.01661,-0.3893],[0.01566,-0.3642],[0.01467,-0.3356],[0.01414,-0.3099],[0.01352,-0.2827],[0.01299,-0.2578],[0.01239,-0.2327],[0.01176,-0.2090],[0.01123,-0.1845],[0.01067,-0.1604],[0.01026,-0.1352],[0.00992,-0.1093],[0.00963,-0.0833],[0.00939,-0.0568],[0.00914,-0.0305],[0.00894,-0.0041],[0.00877,0.0220],[0.00862,0.0482],[0.00848,0.0745],[0.00828,0.1264],[0.00817,0.1531],[0.00808,0.1802],[0.00795,0.2340],[0.00787,0.2606],[0.00756,0.2867],[0.00744,0.3131],[0.00726,0.3384],[0.00681,0.3882],[0.00672,0.4138],[0.00651,0.4389],[0.00636,0.4631],[0.00647,0.4892],[0.00660,0.5159],[0.00673,0.5426],[0.00701,0.5961],[0.00718,0.6222],[0.00738,0.6484],[0.00754,0.6744],[0.00787,0.6977],[0.00822,0.7207],[0.00852,0.7452],[0.00875,0.7699],[0.00898,0.7944],[0.00926,0.8183],[0.00951,0.8429],[0.00974,0.8674],[0.00999,0.8920],[0.01016,0.9162],[0.01033,0.9407],[0.01051,0.9650],[0.01069,0.9894],[0.01093,1.0126],[0.01135,1.0325],[0.01198,1.0485],[0.01235,1.0690],[0.01261,1.0910],[0.01285,1.1107],[0.01330,1.1256],[0.01358,1.1445],[0.01390,1.1629],[0.01415,1.1830],[0.01445,1.2021],[0.01478,1.2204],[0.01514,1.2385],[0.01546,1.2574],[0.01572,1.2772],[0.01603,1.2963],[0.01638,1.3145],[0.01679,1.3312],[0.01721,1.3473],[0.01756,1.3651],[0.01810,1.3795],[0.01875,1.3919],[0.01943,1.4040],[0.02016,1.4158],[0.02090,1.4276],[0.02155,1.4413],[0.02236,1.4526],[0.02341,1.4606],[0.02436,1.4708],[0.02501,1.4853],[0.02588,1.4971],[0.02692,1.5067],[0.02801,1.5161],[0.02926,1.5240],[0.03056,1.5317],[0.03200,1.5384],[0.03357,1.5442],[0.03530,1.5487],[0.03731,1.5511],[0.03941,1.5533],[0.04122,1.5592],[0.04331,1.5628],[0.04553,1.5661],[0.04805,1.5673],[0.05087,1.5668],[0.05393,1.5652],[0.05751,1.5603],[0.06148,1.5534],[0.06420,1.5567],[0.06711,1.5588],[0.07025,1.5585],[0.07435,1.5657],[0.07846,1.5591],[0.08326,1.5507],],],
{"title":"Cl v Cd","sortData":false,"legend":{"show":false,"placement":"insideGrid","location":"ne"},"series":[{"showLabel":true,"index":0,"showLine":true,"trendline":{"type":"none","show":false},"color":"#4bb2c5"},{"showLabel":true,"index":0,"showLine":true,"trendline":{"type":"none","show":false},"color":"#EAA228"},{"showLabel":true,"index":0,"showLine":true,"trendline":{"type":"none","show":false},"color":"#839557"},{"showLabel":true,"index":0,"showLine":true,"trendline":{"type":"none","show":false},"color":"#953579"},{"showLabel":true,"index":0,"showLine":true,"trendline":{"type":"none","show":false},"color":"#d8b83f"}],"show":"$.jqplot.config.enablePlugins","axes":{"xaxis":{"max":0.14,"min":0,"tickInterval":0.02,"tickOptions":{"formatString":"%.2f"},"forceTickAt0":true,"rendererOptions":{"forceTickAt0":true}},"yaxis":{"max":2,"min":-1,"tickInterval":0.5,"tickOptions":{"formatString":"%.2f"},"forceTickAt0":true,"rendererOptions":{"forceTickAt0":true}}},"seriesDefaults":{"lineWidth":1,"showLabel":true,"markerOptions":{"size":5,"show":false}}});
jqplots.push(p);

var p = $.jqplot('liftaoa',[[[-8.500,-0.3347],[-8.250,-0.3312],[-8.000,-0.3399],[-7.750,-0.3437],[-7.500,-0.3480],[-7.250,-0.3855],[-7.000,-0.3628],[-6.750,-0.3632],[-6.500,-0.3872],[-6.250,-0.5595],[-6.000,-0.5580],[-5.750,-0.5467],[-5.500,-0.5329],[-5.250,-0.5120],[-5.000,-0.4926],[-4.750,-0.4720],[-4.500,-0.4505],[-4.250,-0.4284],[-4.000,-0.4089],[-3.750,-0.3885],[-3.500,-0.3675],[-3.250,-0.3469],[-3.000,-0.3284],[-2.750,-0.3097],[-2.500,-0.2914],[-2.250,-0.2679],[-2.000,-0.2864],[-1.750,-0.2916],[-1.500,-0.2959],[-1.250,-0.2993],[-1.000,-0.1797],[-0.750,-0.1815],[-0.500,-0.1642],[-0.250,-0.1163],[0.000,-0.0769],[0.250,-0.0486],[0.500,-0.0192],[0.750,0.0144],[1.000,0.0520],[1.250,0.0926],[1.500,0.1310],[1.750,0.1692],[2.000,0.2070],[2.250,0.2435],[2.500,0.2752],[2.750,0.3070],[3.000,0.3395],[3.250,0.3712],[3.500,0.4023],[3.750,0.4335],[4.000,0.4655],[4.250,0.4994],[4.500,0.5312],[4.750,0.5591],[5.000,0.5874],[5.250,0.6137],[5.500,0.6352],[5.750,0.6543],[6.000,0.6721],[6.250,0.6899],[6.500,0.7140],[6.750,0.7667],[7.000,0.7582],[7.250,0.7604],[7.500,0.7836],[7.750,0.8917],[8.000,1.0299],[8.250,0.8945],[8.500,1.0942],[8.750,1.1137],[9.000,1.1971],[9.250,1.2019],[9.500,1.2468],[9.750,1.2803],[10.000,1.2788],[10.250,1.3076],[10.500,1.3123],[10.750,1.3212],[11.000,1.3350],[11.250,1.3513],[11.500,1.3374],[11.750,1.3409],[12.000,1.3559],[12.250,1.3280],[12.500,1.0029],[12.750,0.9947],],[[-9.000,-0.3719],[-8.750,-0.3811],[-8.500,-0.4638],[-8.250,-0.4478],[-8.000,-0.4273],[-7.750,-0.4298],[-7.500,-0.4503],[-7.250,-0.5717],[-7.000,-0.5394],[-6.750,-0.5277],[-6.500,-0.5339],[-6.250,-0.5627],[-6.000,-0.5473],[-5.750,-0.5155],[-5.500,-0.4751],[-5.250,-0.4410],[-5.000,-0.4057],[-4.750,-0.3669],[-4.500,-0.3365],[-4.250,-0.2979],[-4.000,-0.2678],[-3.750,-0.2324],[-3.500,-0.1969],[-3.250,-0.1670],[-3.000,-0.1244],[-2.750,-0.1058],[-2.500,-0.0825],[-2.250,-0.0663],[-2.000,-0.0360],[-1.750,-0.0253],[-1.500,0.0053],[-1.250,0.0127],[-1.000,0.0283],[-0.750,0.0468],[-0.500,0.0653],[-0.250,0.0974],[0.000,0.1905],[0.250,0.3377],[0.500,0.4235],[0.750,0.4700],[1.000,0.5306],[1.250,0.5741],[1.500,0.6190],[1.750,0.6305],[2.000,0.6510],[2.250,0.6921],[2.500,0.7103],[2.750,0.7278],[3.000,0.7456],[3.250,0.7679],[3.500,0.7932],[3.750,0.8127],[4.000,0.8284],[4.250,0.8487],[4.500,0.8656],[4.750,0.8832],[5.000,0.9067],[5.250,0.9303],[5.500,0.9490],[5.750,0.9726],[6.000,0.9964],[6.250,1.0208],[6.500,1.0453],[6.750,1.0687],[7.000,1.0899],[7.250,1.1110],[7.500,1.1336],[7.750,1.1547],[8.000,1.1753],[8.250,1.1968],[8.500,1.2167],[8.750,1.2338],[9.000,1.2475],[9.250,1.2575],[9.500,1.2642],[9.750,1.2691],[10.000,1.2751],[10.250,1.2789],[10.500,1.2833],[10.750,1.2890],[11.000,1.2954],[11.250,1.3019],[11.500,1.3086],[11.750,1.3146],[12.000,1.3241],[12.250,1.3380],[12.500,1.3490],[12.750,1.3545],[13.000,1.3719],[13.250,1.3725],[13.500,1.3977],[13.750,1.3929],[14.000,1.3973],[14.250,1.4222],[14.500,1.4131],[14.750,1.4052],[15.000,1.3988],[15.250,1.3918],[15.750,1.3930],[16.000,1.3684],[16.250,1.3416],[16.500,1.3131],[16.750,1.2824],[17.000,1.2491],[17.250,1.2143],],[[-10.250,-0.3730],[-10.000,-0.3758],[-9.750,-0.4864],[-9.500,-0.4601],[-9.250,-0.4521],[-9.000,-0.4543],[-8.750,-0.4626],[-8.500,-0.4774],[-8.250,-0.4745],[-8.000,-0.5264],[-7.750,-0.4976],[-7.500,-0.4684],[-7.250,-0.4518],[-7.000,-0.4186],[-6.750,-0.4247],[-6.250,-0.3617],[-6.000,-0.3245],[-5.750,-0.3012],[-5.500,-0.2672],[-5.250,-0.2295],[-5.000,-0.1893],[-4.750,-0.1681],[-4.500,-0.1335],[-4.250,-0.0943],[-4.000,-0.0529],[-3.750,-0.0291],[-3.500,0.0086],[-3.250,0.0465],[-3.000,0.0774],[-2.750,0.1071],[-2.500,0.1395],[-2.250,0.1646],[-2.000,0.1989],[-1.750,0.2262],[-1.500,0.2559],[-1.250,0.2809],[-1.000,0.3106],[-0.750,0.3324],[-0.500,0.3581],[-0.250,0.3830],[0.000,0.4056],[0.250,0.4272],[0.500,0.4466],[0.750,0.4676],[1.000,0.4921],[1.250,0.5142],[1.500,0.5402],[1.750,0.5639],[2.000,0.5888],[2.250,0.6157],[2.500,0.6409],[2.750,0.6634],[3.000,0.6861],[3.250,0.7081],[3.500,0.7303],[3.750,0.7542],[4.000,0.7778],[4.250,0.8008],[4.500,0.8249],[4.750,0.8479],[5.000,0.8714],[5.250,0.8958],[5.500,0.9207],[5.750,0.9455],[6.000,0.9712],[6.250,0.9981],[6.500,1.0224],[6.750,1.0429],[7.000,1.0648],[7.250,1.0875],[7.500,1.1095],[7.750,1.1301],[8.000,1.1505],[8.250,1.1699],[8.500,1.1878],[8.750,1.2047],[9.000,1.2195],[9.250,1.2325],[9.500,1.2455],[9.750,1.2541],[10.000,1.2617],[10.250,1.2671],[10.500,1.2732],[10.750,1.2795],[11.000,1.2891],[11.250,1.2979],[11.500,1.3089],[11.750,1.3171],[12.000,1.3246],[12.250,1.3284],[12.500,1.3346],[12.750,1.3356],[13.000,1.3419],[13.250,1.3464],[13.500,1.3498],[13.750,1.3542],[14.000,1.3584],[14.250,1.3617],[14.500,1.3662],[14.750,1.3697],[15.000,1.3729],[15.250,1.3759],[15.500,1.3792],[15.750,1.3801],[16.000,1.3807],[16.250,1.3805],[16.500,1.3822],[16.750,1.3795],[17.000,1.3779],[17.250,1.3778],[17.500,1.3803],[17.750,1.3807],[18.000,1.3730],[18.250,1.3667],[18.500,1.3607],[18.750,1.3591],[19.000,1.3687],[19.250,1.3521],],[[-11.750,-0.3881],[-11.500,-0.3885],[-11.250,-0.3904],[-11.000,-0.3491],[-10.750,-0.3362],[-10.500,-0.3259],[-10.250,-0.3162],[-10.000,-0.3118],[-9.750,-0.3114],[-9.500,-0.3605],[-9.250,-0.3940],[-9.000,-0.4017],[-8.750,-0.3991],[-8.500,-0.3914],[-8.250,-0.3690],[-8.000,-0.4052],[-7.750,-0.3827],[-7.500,-0.3557],[-7.250,-0.3241],[-7.000,-0.2906],[-6.750,-0.2624],[-6.500,-0.2353],[-6.250,-0.2036],[-6.000,-0.1745],[-5.750,-0.1481],[-5.500,-0.1167],[-5.250,-0.0912],[-5.000,-0.0638],[-4.750,-0.0364],[-4.500,-0.0093],[-4.250,0.0192],[-4.000,0.0461],[-3.750,0.0745],[-3.500,0.1014],[-3.250,0.1280],[-3.000,0.1542],[-2.750,0.1791],[-2.500,0.2053],[-2.250,0.2310],[-2.000,0.2562],[-1.750,0.2821],[-1.500,0.3074],[-1.250,0.3322],[-1.000,0.3587],[-0.750,0.3851],[-0.500,0.4116],[-0.250,0.4382],[0.000,0.4646],[0.250,0.4902],[0.500,0.5151],[0.750,0.5404],[1.000,0.5639],[1.250,0.5884],[1.750,0.6380],[2.000,0.6624],[2.250,0.6860],[2.500,0.7099],[2.750,0.7348],[3.250,0.7843],[3.500,0.8079],[3.750,0.8321],[4.000,0.8533],[4.250,0.8750],[4.500,0.8961],[4.750,0.9181],[5.000,0.9399],[5.250,0.9622],[5.750,1.0068],[6.000,1.0292],[6.250,1.0504],[6.500,1.0712],[6.750,1.0909],[7.000,1.1108],[7.250,1.1289],[7.500,1.1490],[7.750,1.1658],[8.000,1.1791],[8.250,1.1899],[8.500,1.2048],[9.000,1.2362],[9.250,1.2502],[9.500,1.2651],[9.750,1.2791],[10.000,1.2919],[10.250,1.3055],[10.500,1.3211],[10.750,1.3349],[11.000,1.3464],[11.250,1.3540],[11.500,1.3704],[11.750,1.3840],[12.000,1.3940],[12.250,1.4064],[12.500,1.4184],[12.750,1.4290],[13.000,1.4372],[13.250,1.4435],[13.500,1.4411],[13.750,1.4466],[14.000,1.4492],[14.250,1.4489],[14.500,1.4429],[14.750,1.4443],[15.000,1.4531],[15.250,1.4578],[15.500,1.4605],[15.750,1.4605],[16.000,1.4569],[16.250,1.4597],[16.500,1.4616],[16.750,1.4626],[17.000,1.4623],[17.250,1.4595],[17.500,1.4535],[17.750,1.4463],[18.000,1.4426],[18.250,1.4378],[18.500,1.4323],[18.750,1.4257],[19.000,1.4174],[19.250,1.4072],],[[-12.000,-0.3140],[-11.750,-0.6422],[-11.500,-0.6425],[-11.250,-0.6489],[-11.000,-0.6534],[-10.750,-0.6372],[-10.500,-0.6186],[-10.250,-0.5996],[-10.000,-0.5763],[-9.750,-0.5478],[-9.500,-0.5280],[-9.250,-0.5029],[-9.000,-0.4716],[-8.750,-0.4428],[-8.500,-0.4191],[-8.250,-0.3893],[-8.000,-0.3642],[-7.750,-0.3356],[-7.500,-0.3099],[-7.250,-0.2827],[-7.000,-0.2578],[-6.750,-0.2327],[-6.500,-0.2090],[-6.250,-0.1845],[-6.000,-0.1604],[-5.750,-0.1352],[-5.500,-0.1093],[-5.250,-0.0833],[-5.000,-0.0568],[-4.750,-0.0305],[-4.500,-0.0041],[-4.250,0.0220],[-4.000,0.0482],[-3.750,0.0745],[-3.250,0.1264],[-3.000,0.1531],[-2.750,0.1802],[-2.250,0.2340],[-2.000,0.2606],[-1.750,0.2867],[-1.500,0.3131],[-1.250,0.3384],[-0.750,0.3882],[-0.500,0.4138],[-0.250,0.4389],[0.000,0.4631],[0.250,0.4892],[0.500,0.5159],[0.750,0.5426],[1.250,0.5961],[1.500,0.6222],[1.750,0.6484],[2.000,0.6744],[2.250,0.6977],[2.500,0.7207],[2.750,0.7452],[3.000,0.7699],[3.250,0.7944],[3.500,0.8183],[3.750,0.8429],[4.000,0.8674],[4.250,0.8920],[4.500,0.9162],[4.750,0.9407],[5.000,0.9650],[5.250,0.9894],[5.500,1.0126],[5.750,1.0325],[6.000,1.0485],[6.250,1.0690],[6.500,1.0910],[6.750,1.1107],[7.000,1.1256],[7.250,1.1445],[7.500,1.1629],[7.750,1.1830],[8.000,1.2021],[8.250,1.2204],[8.500,1.2385],[8.750,1.2574],[9.000,1.2772],[9.250,1.2963],[9.500,1.3145],[9.750,1.3312],[10.000,1.3473],[10.250,1.3651],[10.500,1.3795],[10.750,1.3919],[11.000,1.4040],[11.250,1.4158],[11.500,1.4276],[11.750,1.4413],[12.000,1.4526],[12.250,1.4606],[12.500,1.4708],[12.750,1.4853],[13.000,1.4971],[13.250,1.5067],[13.500,1.5161],[13.750,1.5240],[14.000,1.5317],[14.250,1.5384],[14.500,1.5442],[14.750,1.5487],[15.000,1.5511],[15.250,1.5533],[15.500,1.5592],[15.750,1.5628],[16.000,1.5661],[16.250,1.5673],[16.500,1.5668],[16.750,1.5652],[17.000,1.5603],[17.250,1.5534],[17.500,1.5567],[17.750,1.5588],[18.000,1.5585],[18.250,1.5657],[18.500,1.5591],[18.750,1.5507],],],
{"title":"Cl v Alpha","sortData":false,"legend":{"show":false,"placement":"insideGrid","location":"ne"},"series":[{"showLabel":true,"index":0,"showLine":true,"trendline":{"type":"none","show":false},"color":"#4bb2c5"},{"showLabel":true,"index":0,"showLine":true,"trendline":{"type":"none","show":false},"color":"#EAA228"},{"showLabel":true,"index":0,"showLine":true,"trendline":{"type":"none","show":false},"color":"#839557"},{"showLabel":true,"index":0,"showLine":true,"trendline":{"type":"none","show":false},"color":"#953579"},{"showLabel":true,"index":0,"showLine":true,"trendline":{"type":"none","show":false},"color":"#d8b83f"}],"show":"$.jqplot.config.enablePlugins","axes":{"xaxis":{"max":20,"min":-15,"tickInterval":5,"tickOptions":{"formatString":"%.1f"},"forceTickAt0":true,"rendererOptions":{"forceTickAt0":true}},"yaxis":{"max":2,"min":-1,"tickInterval":0.5,"tickOptions":{"formatString":"%.2f"},"forceTickAt0":true,"rendererOptions":{"forceTickAt0":true}}},"seriesDefaults":{"lineWidth":1,"showLabel":true,"markerOptions":{"size":5,"show":false}}});
jqplots.push(p);

var p = $.jqplot('momentaoa',[[[-8.500,-0.0240],[-8.250,-0.0222],[-8.000,-0.0203],[-7.750,-0.0180],[-7.500,-0.0160],[-7.250,-0.0119],[-7.000,-0.0110],[-6.750,-0.0089],[-6.500,-0.0052],[-6.250,-0.0359],[-6.000,-0.0389],[-5.750,-0.0398],[-5.500,-0.0411],[-5.250,-0.0431],[-5.000,-0.0430],[-4.750,-0.0430],[-4.500,-0.0429],[-4.250,-0.0426],[-4.000,-0.0421],[-3.750,-0.0414],[-3.500,-0.0405],[-3.250,-0.0394],[-3.000,-0.0380],[-2.750,-0.0366],[-2.500,-0.0353],[-2.250,-0.0354],[-2.000,-0.0226],[-1.750,-0.0145],[-1.500,-0.0072],[-1.250,0.0001],[-1.000,-0.0152],[-0.750,-0.0129],[-0.500,-0.0138],[-0.250,-0.0198],[0.000,-0.0240],[0.250,-0.0261],[0.500,-0.0283],[0.750,-0.0311],[1.000,-0.0344],[1.250,-0.0380],[1.500,-0.0410],[1.750,-0.0438],[2.000,-0.0463],[2.250,-0.0486],[2.500,-0.0500],[2.750,-0.0514],[3.000,-0.0528],[3.250,-0.0542],[3.500,-0.0554],[3.750,-0.0566],[4.000,-0.0577],[4.250,-0.0588],[4.500,-0.0598],[4.750,-0.0604],[5.000,-0.0609],[5.250,-0.0612],[5.500,-0.0612],[5.750,-0.0610],[6.000,-0.0609],[6.250,-0.0607],[6.500,-0.0606],[6.750,-0.0615],[7.000,-0.0605],[7.250,-0.0598],[7.500,-0.0594],[7.750,-0.0596],[8.000,-0.0636],[8.250,-0.0571],[8.500,-0.0621],[8.750,-0.0604],[9.000,-0.0637],[9.250,-0.0605],[9.500,-0.0609],[9.750,-0.0605],[10.000,-0.0566],[10.250,-0.0559],[10.500,-0.0531],[10.750,-0.0508],[11.000,-0.0492],[11.250,-0.0480],[11.500,-0.0437],[11.750,-0.0413],[12.000,-0.0400],[12.250,-0.0356],[12.500,-0.0451],[12.750,-0.0469],],[[-9.000,-0.0359],[-8.750,-0.0346],[-8.500,-0.0359],[-8.250,-0.0334],[-8.000,-0.0302],[-7.750,-0.0276],[-7.500,-0.0254],[-7.250,-0.0314],[-7.000,-0.0258],[-6.750,-0.0216],[-6.500,-0.0204],[-6.250,-0.0238],[-6.000,-0.0475],[-5.750,-0.0503],[-5.500,-0.0534],[-5.250,-0.0555],[-5.000,-0.0576],[-4.750,-0.0599],[-4.500,-0.0607],[-4.250,-0.0628],[-4.000,-0.0635],[-3.750,-0.0650],[-3.500,-0.0664],[-3.250,-0.0673],[-3.000,-0.0703],[-2.750,-0.0699],[-2.500,-0.0674],[-2.250,-0.0640],[-2.000,-0.0621],[-1.750,-0.0578],[-1.500,-0.0565],[-1.250,-0.0520],[-1.000,-0.0481],[-0.750,-0.0454],[-0.500,-0.0428],[-0.250,-0.0426],[0.000,-0.0531],[0.250,-0.0736],[0.500,-0.0838],[0.750,-0.0880],[1.000,-0.0940],[1.250,-0.0975],[1.500,-0.1004],[1.750,-0.0977],[2.000,-0.0964],[2.250,-0.0984],[2.500,-0.0966],[2.750,-0.0947],[3.000,-0.0928],[3.250,-0.0916],[3.500,-0.0909],[3.750,-0.0891],[4.000,-0.0867],[4.250,-0.0850],[4.500,-0.0828],[4.750,-0.0807],[5.000,-0.0795],[5.250,-0.0785],[5.500,-0.0768],[5.750,-0.0761],[6.000,-0.0755],[6.250,-0.0750],[6.500,-0.0745],[6.750,-0.0739],[7.000,-0.0729],[7.250,-0.0719],[7.500,-0.0712],[7.750,-0.0703],[8.000,-0.0693],[8.250,-0.0685],[8.500,-0.0675],[8.750,-0.0660],[9.000,-0.0640],[9.250,-0.0614],[9.500,-0.0583],[9.750,-0.0551],[10.000,-0.0522],[10.250,-0.0492],[10.500,-0.0465],[10.750,-0.0441],[11.000,-0.0421],[11.250,-0.0401],[11.500,-0.0384],[11.750,-0.0367],[12.000,-0.0354],[12.250,-0.0345],[12.500,-0.0335],[12.750,-0.0320],[13.000,-0.0316],[13.250,-0.0299],[13.500,-0.0300],[13.750,-0.0282],[14.000,-0.0272],[14.250,-0.0274],[14.500,-0.0259],[14.750,-0.0249],[15.000,-0.0242],[15.250,-0.0239],[15.750,-0.0240],[16.000,-0.0246],[16.250,-0.0261],[16.500,-0.0285],[16.750,-0.0320],[17.000,-0.0366],[17.250,-0.0424],],[[-10.250,-0.0451],[-10.000,-0.0433],[-9.750,-0.0547],[-9.500,-0.0487],[-9.250,-0.0448],[-9.000,-0.0422],[-8.750,-0.0402],[-8.500,-0.0387],[-8.250,-0.0463],[-8.000,-0.0693],[-7.750,-0.0704],[-7.500,-0.0729],[-7.250,-0.0753],[-7.000,-0.0814],[-6.750,-0.0811],[-6.250,-0.0833],[-6.000,-0.0855],[-5.750,-0.0848],[-5.500,-0.0861],[-5.250,-0.0879],[-5.000,-0.0902],[-4.750,-0.0892],[-4.500,-0.0906],[-4.250,-0.0929],[-4.000,-0.0956],[-3.750,-0.0951],[-3.500,-0.0971],[-3.250,-0.1001],[-3.000,-0.1012],[-2.750,-0.1015],[-2.500,-0.1011],[-2.250,-0.0998],[-2.000,-0.1000],[-1.750,-0.0989],[-1.500,-0.0982],[-1.250,-0.0968],[-1.000,-0.0964],[-0.750,-0.0945],[-0.500,-0.0932],[-0.250,-0.0921],[0.000,-0.0906],[0.250,-0.0884],[0.500,-0.0859],[0.750,-0.0838],[1.000,-0.0828],[1.250,-0.0812],[1.500,-0.0808],[1.750,-0.0798],[2.000,-0.0791],[2.250,-0.0790],[2.500,-0.0785],[2.750,-0.0772],[3.000,-0.0760],[3.250,-0.0748],[3.500,-0.0736],[3.750,-0.0728],[4.000,-0.0720],[4.250,-0.0710],[4.500,-0.0704],[4.750,-0.0696],[5.000,-0.0689],[5.250,-0.0685],[5.500,-0.0682],[5.750,-0.0679],[6.000,-0.0679],[6.250,-0.0682],[6.500,-0.0681],[6.750,-0.0672],[7.000,-0.0666],[7.250,-0.0662],[7.500,-0.0656],[7.750,-0.0647],[8.000,-0.0638],[8.250,-0.0628],[8.500,-0.0616],[8.750,-0.0602],[9.000,-0.0586],[9.250,-0.0567],[9.500,-0.0550],[9.750,-0.0527],[10.000,-0.0505],[10.250,-0.0483],[10.500,-0.0462],[10.750,-0.0442],[11.000,-0.0426],[11.250,-0.0411],[11.500,-0.0399],[11.750,-0.0386],[12.000,-0.0373],[12.250,-0.0358],[12.500,-0.0346],[12.750,-0.0333],[13.000,-0.0323],[13.250,-0.0314],[13.500,-0.0304],[13.750,-0.0298],[14.000,-0.0293],[14.250,-0.0288],[14.500,-0.0284],[14.750,-0.0282],[15.000,-0.0282],[15.250,-0.0283],[15.500,-0.0283],[15.750,-0.0286],[16.000,-0.0293],[16.250,-0.0302],[16.500,-0.0307],[16.750,-0.0318],[17.000,-0.0329],[17.250,-0.0340],[17.500,-0.0348],[17.750,-0.0355],[18.000,-0.0377],[18.250,-0.0397],[18.500,-0.0420],[18.750,-0.0439],[19.000,-0.0439],[19.250,-0.0480],],[[-11.750,-0.0425],[-11.500,-0.0426],[-11.250,-0.0428],[-11.000,-0.0564],[-10.750,-0.0578],[-10.500,-0.0601],[-10.250,-0.0626],[-10.000,-0.0655],[-9.750,-0.0698],[-9.500,-0.0861],[-9.250,-0.0941],[-9.000,-0.0993],[-8.750,-0.1017],[-8.500,-0.1039],[-8.250,-0.1063],[-8.000,-0.1062],[-7.750,-0.1059],[-7.500,-0.1063],[-7.250,-0.1075],[-7.000,-0.1089],[-6.750,-0.1092],[-6.500,-0.1092],[-6.250,-0.1102],[-6.000,-0.1107],[-5.750,-0.1105],[-5.500,-0.1114],[-5.250,-0.1111],[-5.000,-0.1112],[-4.750,-0.1112],[-4.500,-0.1110],[-4.250,-0.1112],[-4.000,-0.1109],[-3.750,-0.1110],[-3.500,-0.1108],[-3.250,-0.1105],[-3.000,-0.1103],[-2.750,-0.1100],[-2.500,-0.1099],[-2.250,-0.1097],[-2.000,-0.1094],[-1.750,-0.1091],[-1.500,-0.1088],[-1.250,-0.1079],[-1.000,-0.1073],[-0.750,-0.1068],[-0.500,-0.1062],[-0.250,-0.1057],[0.000,-0.1052],[0.250,-0.1045],[0.500,-0.1036],[0.750,-0.1029],[1.000,-0.1017],[1.250,-0.1008],[1.750,-0.0992],[2.000,-0.0983],[2.250,-0.0972],[2.500,-0.0963],[2.750,-0.0957],[3.250,-0.0945],[3.500,-0.0937],[3.750,-0.0929],[4.000,-0.0917],[4.250,-0.0906],[4.500,-0.0895],[4.750,-0.0885],[5.000,-0.0874],[5.250,-0.0864],[5.750,-0.0845],[6.000,-0.0837],[6.250,-0.0826],[6.500,-0.0815],[6.750,-0.0801],[7.000,-0.0788],[7.250,-0.0771],[7.500,-0.0759],[7.750,-0.0741],[8.000,-0.0718],[8.250,-0.0692],[8.500,-0.0673],[9.000,-0.0638],[9.250,-0.0618],[9.500,-0.0601],[9.750,-0.0582],[10.000,-0.0563],[10.250,-0.0545],[10.500,-0.0530],[10.750,-0.0514],[11.000,-0.0496],[11.250,-0.0474],[11.500,-0.0463],[11.750,-0.0449],[12.000,-0.0432],[12.250,-0.0419],[12.500,-0.0406],[12.750,-0.0395],[13.000,-0.0385],[13.250,-0.0378],[13.500,-0.0362],[13.750,-0.0352],[14.000,-0.0342],[14.250,-0.0334],[14.500,-0.0326],[14.750,-0.0322],[15.000,-0.0320],[15.250,-0.0319],[15.500,-0.0320],[15.750,-0.0322],[16.000,-0.0326],[16.250,-0.0330],[16.500,-0.0336],[16.750,-0.0343],[17.000,-0.0352],[17.250,-0.0363],[17.500,-0.0377],[17.750,-0.0393],[18.000,-0.0409],[18.250,-0.0428],[18.500,-0.0448],[18.750,-0.0470],[19.000,-0.0495],[19.250,-0.0523],],[[-12.000,-0.0552],[-11.750,-0.0851],[-11.500,-0.0919],[-11.250,-0.0961],[-11.000,-0.1015],[-10.750,-0.1033],[-10.500,-0.1042],[-10.250,-0.1060],[-10.000,-0.1080],[-9.750,-0.1102],[-9.500,-0.1101],[-9.250,-0.1111],[-9.000,-0.1129],[-8.750,-0.1136],[-8.500,-0.1138],[-8.250,-0.1147],[-8.000,-0.1146],[-7.750,-0.1152],[-7.500,-0.1151],[-7.250,-0.1152],[-7.000,-0.1149],[-6.750,-0.1146],[-6.500,-0.1140],[-6.250,-0.1136],[-6.000,-0.1131],[-5.750,-0.1128],[-5.500,-0.1125],[-5.250,-0.1122],[-5.000,-0.1121],[-4.750,-0.1118],[-4.500,-0.1115],[-4.250,-0.1111],[-4.000,-0.1108],[-3.750,-0.1104],[-3.250,-0.1095],[-3.000,-0.1093],[-2.750,-0.1091],[-2.250,-0.1087],[-2.000,-0.1085],[-1.750,-0.1083],[-1.500,-0.1081],[-1.250,-0.1077],[-0.750,-0.1070],[-0.500,-0.1067],[-0.250,-0.1063],[0.000,-0.1057],[0.250,-0.1052],[0.500,-0.1049],[0.750,-0.1046],[1.250,-0.1040],[1.500,-0.1035],[1.750,-0.1031],[2.000,-0.1027],[2.250,-0.1017],[2.500,-0.1008],[2.750,-0.1001],[3.000,-0.0995],[3.250,-0.0988],[3.500,-0.0981],[3.750,-0.0974],[4.000,-0.0968],[4.250,-0.0962],[4.500,-0.0956],[4.750,-0.0950],[5.000,-0.0943],[5.250,-0.0937],[5.500,-0.0929],[5.750,-0.0916],[6.000,-0.0896],[6.250,-0.0883],[6.500,-0.0873],[6.750,-0.0858],[7.000,-0.0836],[7.250,-0.0820],[7.500,-0.0804],[7.750,-0.0791],[8.000,-0.0776],[8.250,-0.0760],[8.500,-0.0744],[8.750,-0.0730],[9.000,-0.0718],[9.250,-0.0704],[9.500,-0.0690],[9.750,-0.0674],[10.000,-0.0657],[10.250,-0.0643],[10.500,-0.0625],[10.750,-0.0604],[11.000,-0.0584],[11.250,-0.0563],[11.500,-0.0544],[11.750,-0.0528],[12.000,-0.0510],[12.250,-0.0488],[12.500,-0.0471],[12.750,-0.0458],[13.000,-0.0444],[13.250,-0.0428],[13.500,-0.0413],[13.750,-0.0398],[14.000,-0.0384],[14.250,-0.0370],[14.500,-0.0358],[14.750,-0.0346],[15.000,-0.0334],[15.250,-0.0324],[15.500,-0.0317],[15.750,-0.0311],[16.000,-0.0306],[16.250,-0.0303],[16.500,-0.0301],[16.750,-0.0301],[17.000,-0.0304],[17.250,-0.0309],[17.500,-0.0314],[17.750,-0.0319],[18.000,-0.0325],[18.250,-0.0357],[18.500,-0.0367],[18.750,-0.0383],],],
{"title":"Cm v Alpha","sortData":false,"legend":{"show":false,"placement":"insideGrid","location":"ne"},"series":[{"showLabel":true,"index":0,"showLine":true,"trendline":{"type":"none","show":false},"color":"#4bb2c5"},{"showLabel":true,"index":0,"showLine":true,"trendline":{"type":"none","show":false},"color":"#EAA228"},{"showLabel":true,"index":0,"showLine":true,"trendline":{"type":"none","show":false},"color":"#839557"},{"showLabel":true,"index":0,"showLine":true,"trendline":{"type":"none","show":false},"color":"#953579"},{"showLabel":true,"index":0,"showLine":true,"trendline":{"type":"none","show":false},"color":"#d8b83f"}],"show":"$.jqplot.config.enablePlugins","axes":{"xaxis":{"max":20,"min":-15,"tickInterval":5,"tickOptions":{"formatString":"%.1f"},"forceTickAt0":true,"rendererOptions":{"forceTickAt0":true}},"yaxis":{"max":0.02,"min":-0.12,"tickInterval":0.02,"tickOptions":{"formatString":"%.2f"},"forceTickAt0":true,"rendererOptions":{"forceTickAt0":true}}},"seriesDefaults":{"lineWidth":1,"showLabel":true,"markerOptions":{"size":5,"show":false}}});
jqplots.push(p);

var p = $.jqplot('dragaoa',[[[-8.500,0.10653],[-8.250,0.10429],[-8.000,0.10227],[-7.750,0.10055],[-7.500,0.09820],[-7.250,0.09892],[-7.000,0.09447],[-6.750,0.09215],[-6.500,0.09121],[-6.250,0.06538],[-6.000,0.05857],[-5.750,0.05437],[-5.500,0.04999],[-5.250,0.04576],[-5.000,0.04311],[-4.750,0.04077],[-4.500,0.03882],[-4.250,0.03727],[-4.000,0.03567],[-3.750,0.03454],[-3.500,0.03351],[-3.250,0.03258],[-3.000,0.03177],[-2.750,0.03104],[-2.500,0.03029],[-2.250,0.02743],[-2.000,0.02815],[-1.750,0.02924],[-1.500,0.02936],[-1.250,0.02900],[-1.000,0.03072],[-0.750,0.03035],[-0.500,0.03061],[-0.250,0.03198],[0.000,0.03296],[0.250,0.03356],[0.500,0.03430],[0.750,0.03521],[1.000,0.03623],[1.250,0.03724],[1.500,0.03810],[1.750,0.03888],[2.000,0.03963],[2.250,0.04032],[2.500,0.04095],[2.750,0.04156],[3.000,0.04219],[3.250,0.04290],[3.500,0.04366],[3.750,0.04441],[4.000,0.04508],[4.250,0.04566],[4.500,0.04633],[4.750,0.04717],[5.000,0.04796],[5.250,0.04884],[5.500,0.05001],[5.750,0.05138],[6.000,0.05286],[6.250,0.05437],[6.500,0.05541],[6.750,0.05423],[7.000,0.05787],[7.250,0.06062],[7.500,0.06164],[7.750,0.05416],[8.000,0.04479],[8.250,0.05937],[8.500,0.04374],[8.750,0.04409],[9.000,0.04028],[9.250,0.04140],[9.500,0.04060],[9.750,0.04083],[10.000,0.04250],[10.250,0.04279],[10.500,0.04448],[10.750,0.04623],[11.000,0.04801],[11.250,0.04998],[11.500,0.05265],[11.750,0.05491],[12.000,0.05660],[12.250,0.06028],[12.500,0.10242],[12.750,0.10870],],[[-9.000,0.10064],[-8.750,0.09861],[-8.500,0.09780],[-8.250,0.09383],[-8.000,0.09165],[-7.750,0.08986],[-7.500,0.08813],[-7.250,0.08400],[-7.000,0.08173],[-6.750,0.08037],[-6.500,0.07806],[-6.250,0.07324],[-6.000,0.04407],[-5.750,0.03996],[-5.500,0.03697],[-5.250,0.03490],[-5.000,0.03287],[-4.750,0.03133],[-4.500,0.03000],[-4.250,0.02878],[-4.000,0.02788],[-3.750,0.02711],[-3.500,0.02651],[-3.250,0.02561],[-3.000,0.02469],[-2.750,0.02256],[-2.500,0.02239],[-2.250,0.02322],[-2.000,0.02425],[-1.750,0.02476],[-1.500,0.02484],[-1.250,0.02490],[-1.000,0.02467],[-0.750,0.02442],[-0.500,0.02421],[-0.250,0.02396],[0.000,0.02371],[0.250,0.02278],[0.500,0.02181],[0.750,0.02163],[1.000,0.02093],[1.250,0.02069],[1.500,0.02008],[1.750,0.02015],[2.000,0.02001],[2.250,0.01938],[2.500,0.01932],[2.750,0.01929],[3.000,0.01925],[3.250,0.01910],[3.500,0.01890],[3.750,0.01883],[4.000,0.01879],[4.250,0.01865],[4.500,0.01861],[4.750,0.01857],[5.000,0.01848],[5.250,0.01848],[5.500,0.01864],[5.750,0.01884],[6.000,0.01913],[6.250,0.01946],[6.500,0.01980],[6.750,0.02017],[7.000,0.02051],[7.250,0.02080],[7.500,0.02114],[7.750,0.02156],[8.000,0.02203],[8.250,0.02259],[8.500,0.02324],[8.750,0.02390],[9.000,0.02453],[9.250,0.02517],[9.500,0.02589],[9.750,0.02677],[10.000,0.02783],[10.250,0.02905],[10.500,0.03024],[10.750,0.03147],[11.000,0.03281],[11.250,0.03425],[11.500,0.03576],[11.750,0.03735],[12.000,0.03910],[12.250,0.04096],[12.500,0.04281],[12.750,0.04489],[13.000,0.04664],[13.250,0.04892],[13.500,0.05074],[13.750,0.05343],[14.000,0.05587],[14.250,0.05866],[14.500,0.06194],[14.750,0.06546],[15.000,0.06903],[15.250,0.07268],[15.750,0.08072],[16.000,0.08599],[16.250,0.09199],[16.500,0.09878],[16.750,0.10651],[17.000,0.11540],[17.250,0.12548],],[[-10.250,0.09993],[-10.000,0.09606],[-9.750,0.08990],[-9.500,0.08887],[-9.250,0.08822],[-9.000,0.08676],[-8.750,0.08487],[-8.500,0.08255],[-8.250,0.07671],[-8.000,0.06131],[-7.750,0.05820],[-7.500,0.05572],[-7.250,0.05259],[-7.000,0.02307],[-6.750,0.03288],[-6.250,0.02785],[-6.000,0.02597],[-5.750,0.02475],[-5.500,0.02349],[-5.250,0.02237],[-5.000,0.02144],[-4.750,0.02030],[-4.500,0.01940],[-4.250,0.01853],[-4.000,0.01759],[-3.750,0.01690],[-3.500,0.01600],[-3.250,0.01421],[-3.000,0.01323],[-2.750,0.01256],[-2.500,0.01234],[-2.250,0.01256],[-2.000,0.01277],[-1.750,0.01310],[-1.500,0.01330],[-1.250,0.01348],[-1.000,0.01354],[-0.750,0.01361],[-0.500,0.01355],[-0.250,0.01348],[0.000,0.01347],[0.250,0.01334],[0.500,0.01318],[0.750,0.01303],[1.000,0.01294],[1.250,0.01281],[1.500,0.01276],[1.750,0.01266],[2.000,0.01261],[2.250,0.01261],[2.500,0.01258],[2.750,0.01246],[3.000,0.01243],[3.250,0.01239],[3.500,0.01233],[3.750,0.01234],[4.000,0.01238],[4.250,0.01240],[4.500,0.01249],[4.750,0.01262],[5.000,0.01276],[5.250,0.01293],[5.500,0.01314],[5.750,0.01335],[6.000,0.01359],[6.250,0.01393],[6.500,0.01430],[6.750,0.01477],[7.000,0.01524],[7.250,0.01566],[7.500,0.01608],[7.750,0.01652],[8.000,0.01692],[8.250,0.01738],[8.500,0.01789],[8.750,0.01843],[9.000,0.01903],[9.250,0.01974],[9.500,0.02046],[9.750,0.02142],[10.000,0.02255],[10.250,0.02387],[10.500,0.02524],[10.750,0.02665],[11.000,0.02790],[11.250,0.02924],[11.500,0.03043],[11.750,0.03185],[12.000,0.03335],[12.250,0.03522],[12.500,0.03697],[12.750,0.03926],[13.000,0.04113],[13.250,0.04317],[13.500,0.04558],[13.750,0.04768],[14.000,0.04991],[14.250,0.05232],[14.500,0.05474],[14.750,0.05721],[15.000,0.05975],[15.250,0.06238],[15.500,0.06513],[15.750,0.06817],[16.000,0.07129],[16.250,0.07453],[16.500,0.07761],[16.750,0.08146],[17.000,0.08521],[17.250,0.08874],[17.500,0.09183],[17.750,0.09538],[18.000,0.10035],[18.250,0.10519],[18.500,0.11003],[18.750,0.11407],[19.000,0.11588],[19.250,0.12285],],[[-11.750,0.11446],[-11.500,0.11148],[-11.250,0.10836],[-11.000,0.08892],[-10.750,0.08579],[-10.500,0.08199],[-10.250,0.07806],[-10.000,0.07323],[-9.750,0.06708],[-9.500,0.04863],[-9.250,0.04031],[-9.000,0.03504],[-8.750,0.03093],[-8.500,0.02815],[-8.250,0.02582],[-8.000,0.02348],[-7.750,0.02139],[-7.500,0.01967],[-7.250,0.01816],[-7.000,0.01687],[-6.750,0.01589],[-6.500,0.01504],[-6.250,0.01422],[-6.000,0.01355],[-5.750,0.01300],[-5.500,0.01244],[-5.250,0.01201],[-5.000,0.01145],[-4.750,0.01109],[-4.500,0.01081],[-4.250,0.01056],[-4.000,0.01034],[-3.750,0.01018],[-3.500,0.00996],[-3.250,0.00968],[-3.000,0.00932],[-2.750,0.00889],[-2.500,0.00852],[-2.250,0.00814],[-2.000,0.00778],[-1.750,0.00748],[-1.500,0.00715],[-1.250,0.00709],[-1.000,0.00722],[-0.750,0.00737],[-0.500,0.00757],[-0.250,0.00773],[0.000,0.00791],[0.250,0.00808],[0.500,0.00831],[0.750,0.00849],[1.000,0.00870],[1.250,0.00891],[1.750,0.00924],[2.000,0.00946],[2.250,0.00959],[2.500,0.00973],[2.750,0.00987],[3.250,0.01015],[3.500,0.01025],[3.750,0.01036],[4.000,0.01059],[4.250,0.01086],[4.500,0.01121],[4.750,0.01146],[5.000,0.01165],[5.250,0.01185],[5.750,0.01231],[6.000,0.01255],[6.250,0.01283],[6.500,0.01309],[6.750,0.01338],[7.000,0.01361],[7.250,0.01391],[7.500,0.01415],[7.750,0.01456],[8.000,0.01515],[8.250,0.01588],[8.500,0.01642],[9.000,0.01746],[9.250,0.01807],[9.500,0.01859],[9.750,0.01917],[10.000,0.01984],[10.250,0.02048],[10.500,0.02102],[10.750,0.02169],[11.000,0.02253],[11.250,0.02360],[11.500,0.02413],[11.750,0.02485],[12.000,0.02584],[12.250,0.02671],[12.500,0.02766],[12.750,0.02882],[13.000,0.03033],[13.250,0.03216],[13.500,0.03454],[13.750,0.03635],[14.000,0.03848],[14.250,0.04097],[14.500,0.04412],[14.750,0.04669],[15.000,0.04853],[15.250,0.05086],[15.500,0.05349],[15.750,0.05652],[16.000,0.06010],[16.250,0.06296],[16.500,0.06600],[16.750,0.06922],[17.000,0.07272],[17.250,0.07663],[17.500,0.08109],[17.750,0.08584],[18.000,0.09018],[18.250,0.09478],[18.500,0.09958],[18.750,0.10464],[19.000,0.11005],[19.250,0.11582],],[[-12.000,0.10015],[-11.750,0.04976],[-11.500,0.04534],[-11.250,0.04068],[-11.000,0.03569],[-10.750,0.03339],[-10.500,0.03178],[-10.250,0.02903],[-10.000,0.02651],[-9.750,0.02468],[-9.500,0.02304],[-9.250,0.02067],[-9.000,0.01943],[-8.750,0.01923],[-8.500,0.01747],[-8.250,0.01661],[-8.000,0.01566],[-7.750,0.01467],[-7.500,0.01414],[-7.250,0.01352],[-7.000,0.01299],[-6.750,0.01239],[-6.500,0.01176],[-6.250,0.01123],[-6.000,0.01067],[-5.750,0.01026],[-5.500,0.00992],[-5.250,0.00963],[-5.000,0.00939],[-4.750,0.00914],[-4.500,0.00894],[-4.250,0.00877],[-4.000,0.00862],[-3.750,0.00848],[-3.250,0.00828],[-3.000,0.00817],[-2.750,0.00808],[-2.250,0.00795],[-2.000,0.00787],[-1.750,0.00756],[-1.500,0.00744],[-1.250,0.00726],[-0.750,0.00681],[-0.500,0.00672],[-0.250,0.00651],[0.000,0.00636],[0.250,0.00647],[0.500,0.00660],[0.750,0.00673],[1.250,0.00701],[1.500,0.00718],[1.750,0.00738],[2.000,0.00754],[2.250,0.00787],[2.500,0.00822],[2.750,0.00852],[3.000,0.00875],[3.250,0.00898],[3.500,0.00926],[3.750,0.00951],[4.000,0.00974],[4.250,0.00999],[4.500,0.01016],[4.750,0.01033],[5.000,0.01051],[5.250,0.01069],[5.500,0.01093],[5.750,0.01135],[6.000,0.01198],[6.250,0.01235],[6.500,0.01261],[6.750,0.01285],[7.000,0.01330],[7.250,0.01358],[7.500,0.01390],[7.750,0.01415],[8.000,0.01445],[8.250,0.01478],[8.500,0.01514],[8.750,0.01546],[9.000,0.01572],[9.250,0.01603],[9.500,0.01638],[9.750,0.01679],[10.000,0.01721],[10.250,0.01756],[10.500,0.01810],[10.750,0.01875],[11.000,0.01943],[11.250,0.02016],[11.500,0.02090],[11.750,0.02155],[12.000,0.02236],[12.250,0.02341],[12.500,0.02436],[12.750,0.02501],[13.000,0.02588],[13.250,0.02692],[13.500,0.02801],[13.750,0.02926],[14.000,0.03056],[14.250,0.03200],[14.500,0.03357],[14.750,0.03530],[15.000,0.03731],[15.250,0.03941],[15.500,0.04122],[15.750,0.04331],[16.000,0.04553],[16.250,0.04805],[16.500,0.05087],[16.750,0.05393],[17.000,0.05751],[17.250,0.06148],[17.500,0.06420],[17.750,0.06711],[18.000,0.07025],[18.250,0.07435],[18.500,0.07846],[18.750,0.08326],],],
{"title":"Cd v Alpha","sortData":false,"legend":{"show":false,"placement":"insideGrid","location":"ne"},"series":[{"showLabel":true,"index":0,"showLine":true,"trendline":{"type":"none","show":false},"color":"#4bb2c5"},{"showLabel":true,"index":0,"showLine":true,"trendline":{"type":"none","show":false},"color":"#EAA228"},{"showLabel":true,"index":0,"showLine":true,"trendline":{"type":"none","show":false},"color":"#839557"},{"showLabel":true,"index":0,"showLine":true,"trendline":{"type":"none","show":false},"color":"#953579"},{"showLabel":true,"index":0,"showLine":true,"trendline":{"type":"none","show":false},"color":"#d8b83f"}],"show":"$.jqplot.config.enablePlugins","axes":{"xaxis":{"max":20,"min":-15,"tickInterval":5,"tickOptions":{"formatString":"%.1f"},"forceTickAt0":true,"rendererOptions":{"forceTickAt0":true}},"yaxis":{"max":0.14,"min":0,"tickInterval":0.02,"tickOptions":{"formatString":"%.2f"},"forceTickAt0":true,"rendererOptions":{"forceTickAt0":true}}},"seriesDefaults":{"lineWidth":1,"showLabel":true,"markerOptions":{"size":5,"show":false}}});
jqplots.push(p);

var p = $.jqplot('effaoa',[[[-8.500,-3.1418379799118],[-8.250,-3.1757599002781],[-8.000,-3.3235552948079],[-7.750,-3.418199900547],[-7.500,-3.5437881873727],[-7.250,-3.8970885564092],[-7.000,-3.8403726050598],[-6.750,-3.9413998914813],[-6.500,-4.2451485582721],[-6.250,-8.5576628938513],[-6.000,-9.5270616356497],[-5.750,-10.055177487585],[-5.500,-10.660132026405],[-5.250,-11.188811188811],[-5.000,-11.42658315936],[-4.750,-11.577140053961],[-4.500,-11.604842864503],[-4.250,-11.494499597532],[-4.000,-11.463414634146],[-3.750,-11.247828604517],[-3.500,-10.966875559534],[-3.250,-10.647636586863],[-3.000,-10.336795719232],[-2.750,-9.9774484536082],[-2.500,-9.6203367448003],[-2.250,-9.7666788188115],[-2.000,-10.17406749556],[-1.750,-9.9726402188783],[-1.500,-10.078337874659],[-1.250,-10.320689655172],[-1.000,-5.849609375],[-0.750,-5.9802306425041],[-0.500,-5.3642600457367],[-0.250,-3.6366479049406],[0.000,-2.3331310679612],[0.250,-1.4481525625745],[0.500,-0.5597667638484],[0.750,0.40897472309003],[1.000,1.435274634281],[1.250,2.4865735767991],[1.500,3.4383202099738],[1.750,4.3518518518519],[2.000,5.223315669947],[2.250,6.0391865079365],[2.500,6.7203907203907],[2.750,7.3869104908566],[3.000,8.0469305522636],[3.250,8.6526806526807],[3.500,9.2143838754008],[3.750,9.7613150191398],[4.000,10.326086956522],[4.250,10.937363118703],[4.500,11.46557306281],[4.750,11.85287258851],[5.000,12.247706422018],[5.250,12.56552006552],[5.500,12.701459708058],[5.750,12.734527053328],[6.000,12.714718123345],[6.250,12.688982894979],[6.500,12.885760693016],[6.750,14.137931034483],[7.000,13.101779851391],[7.250,12.543714945563],[7.500,12.712524334848],[7.750,16.464180206795],[8.000,22.993971868721],[8.250,15.066531918477],[8.500,25.016003657979],[8.750,25.259696076208],[9.000,29.719463753724],[9.250,29.031400966184],[9.500,30.709359605911],[9.750,31.356845456772],[10.000,30.089411764706],[10.250,30.558541715354],[10.500,29.503147482014],[10.750,28.578844905905],[11.000,27.806706936055],[11.250,27.03681472589],[11.500,25.401709401709],[11.750,24.419959934438],[12.000,23.955830388693],[12.250,22.030524220305],[12.500,9.7920328060926],[12.750,9.1508739650414],],[[-9.000,-3.6953497615262],[-8.750,-3.8647196024744],[-8.500,-4.7423312883436],[-8.250,-4.7724608334221],[-8.000,-4.6623022367703],[-7.750,-4.7829957711996],[-7.500,-5.1094973334846],[-7.250,-6.8059523809524],[-7.000,-6.5997797626331],[-6.750,-6.5658827920866],[-6.500,-6.8396105559826],[-6.250,-7.6829601310759],[-6.000,-12.418879056047],[-5.750,-12.9004004004],[-5.500,-12.850960238031],[-5.250,-12.636103151862],[-5.000,-12.342561606328],[-4.750,-11.710820300032],[-4.500,-11.216666666667],[-4.250,-10.350938151494],[-4.000,-9.6054519368723],[-3.750,-8.5724824787901],[-3.500,-7.4273858921162],[-3.250,-6.5208902772355],[-3.000,-5.0384771162414],[-2.750,-4.6897163120567],[-2.500,-3.6846806610094],[-2.250,-2.8552971576227],[-2.000,-1.4845360824742],[-1.750,-1.0218093699515],[-1.500,0.2133655394525],[-1.250,0.51004016064257],[-1.000,1.1471422780705],[-0.750,1.9164619164619],[-0.500,2.6972325485337],[-0.250,4.0651085141903],[0.000,8.0345845634753],[0.250,14.82440737489],[0.500,19.41769830353],[0.750,21.729079981507],[1.000,25.351170568562],[1.250,27.74770420493],[1.500,30.826693227092],[1.750,31.290322580645],[2.000,32.533733133433],[2.250,35.712074303406],[2.500,36.765010351967],[2.750,37.729393468118],[3.000,38.732467532468],[3.250,40.204188481675],[3.500,41.968253968254],[3.750,43.159851301115],[4.000,44.087280468334],[4.250,45.506702412869],[4.500,46.512627619559],[4.750,47.560581583199],[5.000,49.063852813853],[5.250,50.340909090909],[5.500,50.912017167382],[5.750,51.624203821656],[6.000,52.085729221119],[6.250,52.456320657759],[6.500,52.792929292929],[6.750,52.984630639564],[7.000,53.139931740614],[7.250,53.413461538462],[7.500,53.623462630085],[7.750,53.557513914657],[8.000,53.349977303677],[8.250,52.979194333776],[8.500,52.353700516351],[8.750,51.623430962343],[9.000,50.856094578068],[9.250,49.960270162892],[9.500,48.82966396292],[9.750,47.407545760179],[10.000,45.817463169242],[10.250,44.024096385542],[10.500,42.437169312169],[10.750,40.959644105497],[11.000,39.481865284974],[11.250,38.011678832117],[11.500,36.593959731544],[11.750,35.196787148594],[12.000,33.864450127877],[12.250,32.666015625],[12.500,31.511329128708],[12.750,30.173758075295],[13.000,29.414665523156],[13.250,28.056009811938],[13.500,27.546314544738],[13.750,26.06962380685],[14.000,25.009844281367],[14.250,24.244800545517],[14.500,22.814013561511],[14.750,21.466544454629],[15.000,20.263653483992],[15.250,19.149697303247],[15.750,17.257185332012],[16.000,15.913478311432],[16.250,14.584193934123],[16.500,13.293176756428],[16.750,12.04018402028],[17.000,10.824090121317],[17.250,9.6772394007013],],[[-10.250,-3.7326128289803],[-10.000,-3.912138246929],[-9.750,-5.4104560622914],[-9.500,-5.1772251603466],[-9.250,-5.1246882793017],[-9.000,-5.2362840018442],[-8.750,-5.4506892895016],[-8.500,-5.7831617201696],[-8.250,-6.1856342067527],[-8.000,-8.5858750611646],[-7.750,-8.5498281786942],[-7.500,-8.4063173007897],[-7.250,-8.5909868796349],[-7.000,-18.144776766363],[-6.750,-12.916666666667],[-6.250,-12.987432675045],[-6.000,-12.495186753947],[-5.750,-12.169696969697],[-5.500,-11.375053214134],[-5.250,-10.259275815825],[-5.000,-8.8292910447761],[-4.750,-8.2807881773399],[-4.500,-6.8814432989691],[-4.250,-5.0890447922288],[-4.000,-3.0073905628198],[-3.750,-1.7218934911243],[-3.500,0.5375],[-3.250,3.2723434201267],[-3.000,5.8503401360544],[-2.750,8.5270700636943],[-2.500,11.304700162075],[-2.250,13.105095541401],[-2.000,15.575567736883],[-1.750,17.267175572519],[-1.500,19.240601503759],[-1.250,20.838278931751],[-1.000,22.939438700148],[-0.750,24.423218221896],[-0.500,26.428044280443],[-0.250,28.412462908012],[0.000,30.11135857461],[0.250,32.023988005997],[0.500,33.884673748103],[0.750,35.886415963162],[1.000,38.029366306028],[1.250,40.140515222482],[1.500,42.335423197492],[1.750,44.541864139021],[2.000,46.693100713719],[2.250,48.826328310864],[2.500,50.945945945946],[2.750,53.242375601926],[3.000,55.197103781175],[3.250,57.150928167877],[3.500,59.229521492295],[3.750,61.118314424635],[4.000,62.827140549273],[4.250,64.58064516129],[4.500,66.044835868695],[4.750,67.187004754358],[5.000,68.291536050157],[5.250,69.280742459397],[5.500,70.068493150685],[5.750,70.823970037453],[6.000,71.464311994113],[6.250,71.651112706389],[6.500,71.496503496503],[6.750,70.609343263372],[7.000,69.868766404199],[7.250,69.444444444444],[7.500,68.998756218905],[7.750,68.40799031477],[8.000,67.996453900709],[8.250,67.313003452244],[8.500,66.394633873672],[8.750,65.366250678242],[9.000,64.08302679979],[9.250,62.436676798379],[9.500,60.874877810362],[9.750,58.548085901027],[10.000,55.951219512195],[10.250,53.083368244659],[10.500,50.443740095087],[10.750,48.011257035647],[11.000,46.204301075269],[11.250,44.387824897401],[11.500,43.013473545843],[11.750,41.353218210361],[12.000,39.718140929535],[12.250,37.717206132879],[12.500,36.099540167704],[12.750,34.019358125318],[13.000,32.625820568928],[13.250,31.188325225851],[13.500,29.613865730584],[13.750,28.401845637584],[14.000,27.216990583049],[14.250,26.026376146789],[14.500,24.957983193277],[14.750,23.941618598147],[15.000,22.977405857741],[15.250,22.056748957999],[15.500,21.176109319822],[15.750,20.244975795805],[16.000,19.367372703044],[16.250,18.522742519791],[16.500,17.809560623631],[16.750,16.934691873312],[17.000,16.170637249149],[17.250,15.526256479603],[17.500,15.031035609278],[17.750,14.475781086182],[18.000,13.682112605879],[18.250,12.992679912539],[18.500,12.366627283468],[18.750,11.914613833611],[19.000,11.811356575768],[19.250,11.006105006105],],[[-11.750,-3.3907041761314],[-11.500,-3.4849300322928],[-11.250,-3.6028054632706],[-11.000,-3.9260008996851],[-10.750,-3.918871663364],[-10.500,-3.9748749847542],[-10.250,-4.0507302075327],[-10.000,-4.2578178342209],[-9.750,-4.6422182468694],[-9.500,-7.413119473576],[-9.250,-9.7742495658646],[-9.000,-11.46404109589],[-8.750,-12.903330100226],[-8.500,-13.904085257549],[-8.250,-14.291247095275],[-8.000,-17.257240204429],[-7.750,-17.891538101917],[-7.500,-18.083375699034],[-7.250,-17.846916299559],[-7.000,-17.225844694724],[-6.750,-16.513530522341],[-6.500,-15.644946808511],[-6.250,-14.317862165963],[-6.000,-12.878228782288],[-5.750,-11.392307692308],[-5.500,-9.3810289389068],[-5.250,-7.59367194005],[-5.000,-5.5720524017467],[-4.750,-3.2822362488729],[-4.500,-0.86031452358927],[-4.250,1.8181818181818],[-4.000,4.458413926499],[-3.750,7.3182711198428],[-3.500,10.180722891566],[-3.250,13.223140495868],[-3.000,16.545064377682],[-2.750,20.146231721035],[-2.500,24.096244131455],[-2.250,28.378378378378],[-2.000,32.93059125964],[-1.750,37.713903743316],[-1.500,42.993006993007],[-1.250,46.854724964739],[-1.000,49.681440443213],[-0.750,52.25237449118],[-0.500,54.372523117569],[-0.250,56.688227684347],[0.000,58.735777496839],[0.250,60.668316831683],[0.500,61.985559566787],[0.750,63.651354534747],[1.000,64.816091954023],[1.250,66.038159371493],[1.750,69.047619047619],[2.000,70.021141649049],[2.250,71.532846715328],[2.500,72.959917780062],[2.750,74.447821681864],[3.250,77.270935960591],[3.500,78.819512195122],[3.750,80.318532818533],[4.000,80.576015108593],[4.250,80.570902394107],[4.500,79.937555753791],[4.750,80.113438045375],[5.000,80.678111587983],[5.250,81.198312236287],[5.750,81.78716490658],[6.000,82.00796812749],[6.250,81.870615744349],[6.500,81.83346065699],[6.750,81.532137518685],[7.000,81.616458486407],[7.250,81.157440690151],[7.500,81.201413427562],[7.750,80.068681318681],[8.000,77.828382838284],[8.250,74.930730478589],[8.500,73.373934226553],[9.000,70.801832760596],[9.250,69.186496956281],[9.500,68.052716514255],[9.750,66.724047991654],[10.000,65.115927419355],[10.250,63.7451171875],[10.500,62.849666983825],[10.750,61.54449054864],[11.000,59.760319573901],[11.250,57.372881355932],[11.500,56.792374637381],[11.750,55.69416498994],[12.000,53.947368421053],[12.250,52.654436540621],[12.500,51.279826464208],[12.750,49.583622484386],[13.000,47.385426969997],[13.250,44.884950248756],[13.500,41.722640416908],[13.750,39.796423658872],[14.000,37.661122661123],[14.250,35.364901147181],[14.500,32.70398912058],[14.750,30.933818804883],[15.000,29.942303729652],[15.250,28.662996460873],[15.500,27.304169003552],[15.750,25.840410474168],[16.000,24.241264559068],[16.250,23.184561626429],[16.500,22.145454545455],[16.750,21.129731291534],[17.000,20.108635863586],[17.250,19.046065509592],[17.500,17.924528301887],[17.750,16.848788443616],[18.000,15.996895098692],[18.250,15.169867060561],[18.500,14.383410323358],[18.750,13.624808868502],[19.000,12.879600181736],[19.250,12.149887756864],],[[-12.000,-3.1352970544184],[-11.750,-12.905948553055],[-11.500,-14.170710189678],[-11.250,-15.951327433628],[-11.000,-18.307649201457],[-10.750,-19.083557951482],[-10.500,-19.465072372561],[-10.250,-20.654495349638],[-10.000,-21.738966427763],[-9.750,-22.196110210697],[-9.500,-22.916666666667],[-9.250,-24.329946782777],[-9.000,-24.271744724653],[-8.750,-23.026521060842],[-8.500,-23.989696622782],[-8.250,-23.437688139675],[-8.000,-23.256704980843],[-7.750,-22.876618950239],[-7.500,-21.916548797737],[-7.250,-20.909763313609],[-7.000,-19.846035411855],[-6.750,-18.781275221953],[-6.500,-17.772108843537],[-6.250,-16.429207479964],[-6.000,-15.032802249297],[-5.750,-13.17738791423],[-5.500,-11.01814516129],[-5.250,-8.65005192108],[-5.000,-6.04898828541],[-4.750,-3.3369803063457],[-4.500,-0.4586129753915],[-4.250,2.5085518814139],[-4.000,5.5916473317865],[-3.750,8.7853773584906],[-3.250,15.265700483092],[-3.000,18.739290085679],[-2.750,22.30198019802],[-2.250,29.433962264151],[-2.000,33.113087674714],[-1.750,37.92328042328],[-1.500,42.083333333333],[-1.250,46.611570247934],[-0.750,57.004405286344],[-0.500,61.577380952381],[-0.250,67.41935483871],[0.000,72.814465408805],[0.250,75.610510046368],[0.500,78.166666666667],[0.750,80.624071322437],[1.250,85.035663338088],[1.500,86.657381615599],[1.750,87.859078590786],[2.000,89.442970822281],[2.250,88.653113087675],[2.500,87.676399026764],[2.750,87.464788732394],[3.000,87.988571428571],[3.250,88.463251670379],[3.500,88.369330453564],[3.750,88.63301787592],[4.000,89.055441478439],[4.250,89.289289289289],[4.500,90.177165354331],[4.750,91.064859632139],[5.000,91.817316841104],[5.250,92.553788587465],[5.500,92.644098810613],[5.750,90.969162995595],[6.000,87.520868113523],[6.250,86.558704453441],[6.500,86.518636003172],[6.750,86.43579766537],[7.000,84.631578947368],[7.250,84.278350515464],[7.500,83.661870503597],[7.750,83.604240282686],[8.000,83.190311418685],[8.250,82.571041948579],[8.500,81.803170409511],[8.750,81.332470892626],[9.000,81.246819338422],[9.250,80.867124142233],[9.500,80.250305250305],[9.750,79.285288862418],[10.000,78.28588030215],[10.250,77.739179954442],[10.500,76.21546961326],[10.750,74.234666666667],[11.000,72.259392691714],[11.250,70.228174603175],[11.500,68.306220095694],[11.750,66.881670533643],[12.000,64.964221824687],[12.250,62.392140111064],[12.500,60.377668308703],[12.750,59.388244702119],[13.000,57.847758887172],[13.250,55.969539375929],[13.500,54.127097465191],[13.750,52.084757347915],[14.000,50.121073298429],[14.250,48.075],[14.500,45.999404229967],[14.750,43.872521246459],[15.000,41.573304744036],[15.250,39.413854351687],[15.500,37.826297913634],[15.750,36.084045255137],[16.000,34.397100812651],[16.250,32.618106139438],[16.500,30.800078631807],[16.750,29.022807342852],[17.000,27.130933750652],[17.250,25.266753415745],[17.500,24.247663551402],[17.750,23.22753687975],[18.000,22.185053380783],[18.250,21.058507061197],[18.500,19.871271985725],[18.750,18.624789815037],],],
{"title":"Cl\/Cd v Alpha","sortData":false,"legend":{"show":false,"placement":"insideGrid","location":"ne"},"series":[{"showLabel":true,"index":0,"showLine":true,"trendline":{"type":"none","show":false},"color":"#4bb2c5"},{"showLabel":true,"index":0,"showLine":true,"trendline":{"type":"none","show":false},"color":"#EAA228"},{"showLabel":true,"index":0,"showLine":true,"trendline":{"type":"none","show":false},"color":"#839557"},{"showLabel":true,"index":0,"showLine":true,"trendline":{"type":"none","show":false},"color":"#953579"},{"showLabel":true,"index":0,"showLine":true,"trendline":{"type":"none","show":false},"color":"#d8b83f"}],"show":"$.jqplot.config.enablePlugins","axes":{"xaxis":{"max":20,"min":-15,"tickInterval":5,"tickOptions":{"formatString":"%.1f"},"forceTickAt0":true,"rendererOptions":{"forceTickAt0":true}},"yaxis":{"max":100,"min":-40,"tickInterval":20,"tickOptions":{"formatString":"%d"},"forceTickAt0":true,"rendererOptions":{"forceTickAt0":true}}},"seriesDefaults":{"lineWidth":1,"showLabel":true,"markerOptions":{"size":5,"show":false}}});
jqplots.push(p);

});
/*]]>*/
</script>
</body>
</html>