<!DOCTYPE html>
<html lang="en">
<head>
<link rel="stylesheet" type="text/css" href="/assets/62ff72f1/jquery.jqplot.min.css" media="screen, projection, print" />
<style type="text/css">
/*<![CDATA[*/
.jqplot-title {font-size:1.8em;padding:3px;}.jqplot-xaxis {font-size:0.8em;padding-top:3px;}.jqplot-yaxis {font-size:0.8em;padding-right:3px;}
/*]]>*/
</style>
<!--[if lt IE 9]><script type="text/javascript" src="/assets/62ff72f1/excanvas.min.js"></script></script><![endif]-->
<script type="text/javascript" src="/assets/780cfc96/jquery.min.js"></script>
<script type="text/javascript" src="/assets/62ff72f1/jquery.min.js"></script>
<script type="text/javascript" src="/assets/62ff72f1/jquery.jqplot.min.js"></script>
<script type="text/javascript">
/*<![CDATA[*/
var jqplots = [];

/*]]>*/
</script>
<title>Airfoil polar plot</title>
<meta http-equiv="Content-Language" content="en-gb"/>
<meta http-equiv="Content-Type" content="text/html; charset=windows-1252"/>
<meta content="none" name="robots" />
<meta name="copyright" content="Copyright 2010-2013. All Rights Reserved" />
</head>
<body>

<table style="width:800px;">
<tr><td>
<div id="liftdrag" style="height:400px;width:398px;margin:auto;display:inline-block;"></div>
</td><td>
<div id="liftaoa" style="height:400px;width:398px;margin:auto;display:inline-block;"></div>
</td></tr>
<tr><td>
<div id="effaoa" style="height:400px;width:398px;margin:auto;display:inline-block;"></div>
</td><td>
<div id="dragaoa" style="height:400px;width:398px;margin:auto;display:inline-block;"></div>
</td></tr>
<tr><td>
<div id="momentaoa" style="height:400px;width:398px;margin:auto;display:inline-block;"></div>
</td><td>
</td></tr>

</table>
<script type="text/javascript">
/*<![CDATA[*/
jQuery(window).load(function() {
var p = $.jqplot('liftdrag',[[[0.09716,-0.6237],[0.09426,-0.6211],[0.09114,-0.6204],[0.08728,-0.5981],[0.08444,-0.5978],[0.05190,-0.6169],[0.04717,-0.5949],[0.04245,-0.5698],[0.03861,-0.5443],[0.03535,-0.5172],[0.03269,-0.4894],[0.03029,-0.4602],[0.02797,-0.4326],[0.02598,-0.4036],[0.02418,-0.3754],[0.02243,-0.3478],[0.02047,-0.3212],[0.01656,-0.3184],[0.01757,-0.1880],[0.01699,-0.1682],[0.01650,-0.1484],[0.01610,-0.1288],[0.01579,-0.1096],[0.01555,-0.0906],[0.01537,-0.0715],[0.01526,-0.0526],[0.01521,-0.0337],[0.01521,-0.0149],[0.01525,0.0040],[0.01534,0.0230],[0.01546,0.0425],[0.01562,0.0624],[0.01581,0.0826],[0.01605,0.1032],[0.01633,0.1241],[0.01666,0.1452],[0.01705,0.1662],[0.01751,0.1870],[0.01806,0.2074],[0.01873,0.2271],[0.01876,0.3686],[0.01799,0.4203],[0.01757,0.4296],[0.01888,0.4391],[0.02076,0.4601],[0.02241,0.4854],[0.02402,0.5117],[0.02574,0.5379],[0.02749,0.5653],[0.02943,0.5923],[0.03159,0.6189],[0.03389,0.6447],[0.03672,0.6709],[0.03952,0.6951],[0.04339,0.7175],[0.04785,0.7373],[0.05289,0.7535],[0.05833,0.7667],[0.06354,0.7824],[0.09751,0.6941],[0.10145,0.7046],],[[0.09554,-0.6796],[0.08853,-0.7040],[0.08383,-0.6948],[0.08062,-0.6828],[0.07401,-0.6902],[0.07107,-0.6730],[0.06592,-0.6686],[0.06196,-0.6594],[0.05873,-0.6402],[0.05506,-0.6257],[0.03785,-0.5924],[0.03440,-0.5670],[0.03052,-0.5393],[0.02774,-0.5119],[0.02559,-0.4835],[0.02373,-0.4564],[0.02209,-0.4275],[0.02046,-0.3998],[0.01912,-0.3723],[0.01785,-0.3454],[0.01669,-0.3190],[0.01536,-0.2935],[0.01196,-0.2811],[0.01155,-0.2668],[0.01144,-0.2466],[0.01165,-0.1922],[0.01184,-0.1091],[0.01151,-0.0887],[0.01126,-0.0693],[0.01110,-0.0513],[0.01104,-0.0347],[0.01106,-0.0184],[0.01114,-0.0007],[0.01126,0.0187],[0.01142,0.0393],[0.01162,0.0606],[0.01186,0.0825],[0.01213,0.1046],[0.01243,0.1301],[0.01243,0.2065],[0.01228,0.2759],[0.01223,0.3134],[0.01221,0.3352],[0.01214,0.3524],[0.01206,0.3697],[0.01219,0.3863],[0.01332,0.4038],[0.01477,0.4270],[0.01597,0.4522],[0.01700,0.4784],[0.01803,0.5046],[0.01912,0.5312],[0.02021,0.5580],[0.02140,0.5849],[0.02270,0.6116],[0.02403,0.6383],[0.02552,0.6655],[0.02728,0.6918],[0.02899,0.7180],[0.03143,0.7428],[0.03423,0.7668],[0.03660,0.7904],[0.04050,0.8096],[0.04518,0.8255],[0.04965,0.8420],[0.08251,0.7801],[0.09004,0.7593],],[[0.10690,-0.5660],[0.09912,-0.5895],[0.10422,-0.7018],[0.10056,-0.6978],[0.09586,-0.6982],[0.08914,-0.7060],[0.07628,-0.7386],[0.07298,-0.7260],[0.07029,-0.7146],[0.06591,-0.7073],[0.05875,-0.7058],[0.05595,-0.6898],[0.05064,-0.6787],[0.04796,-0.6595],[0.04398,-0.6421],[0.04112,-0.6220],[0.02834,-0.5963],[0.02504,-0.5695],[0.02244,-0.5420],[0.02066,-0.5140],[0.01925,-0.4860],[0.01805,-0.4581],[0.01692,-0.4296],[0.01582,-0.4023],[0.01494,-0.3747],[0.01404,-0.3471],[0.01330,-0.3193],[0.01252,-0.2915],[0.01147,-0.2641],[0.00916,-0.2434],[0.00859,-0.2211],[0.00834,-0.1984],[0.00816,-0.1774],[0.00807,-0.1577],[0.00809,-0.1271],[0.00817,-0.0704],[0.00816,-0.0384],[0.00822,-0.0252],[0.00833,-0.0029],[0.00827,0.0507],[0.00822,0.1004],[0.00823,0.1392],[0.00830,0.1662],[0.00837,0.1868],[0.00842,0.2067],[0.00844,0.2277],[0.00844,0.2499],[0.00846,0.2724],[0.00853,0.2956],[0.00877,0.3190],[0.00938,0.3430],[0.01032,0.3688],[0.01115,0.3958],[0.01187,0.4232],[0.01250,0.4507],[0.01316,0.4781],[0.01374,0.5057],[0.01438,0.5329],[0.01512,0.5599],[0.01586,0.5868],[0.01654,0.6138],[0.01725,0.6407],[0.01807,0.6675],[0.01903,0.6941],[0.02013,0.7202],[0.02105,0.7469],[0.02229,0.7729],[0.02361,0.7990],[0.02521,0.8243],[0.02712,0.8486],[0.02832,0.8734],[0.03080,0.8956],[0.03443,0.9137],[0.03900,0.9272],[0.04403,0.9362],[0.04923,0.9411],[0.05462,0.9422],],[[0.10431,-0.7192],[0.09903,-0.7211],[0.06171,-0.7865],[0.05976,-0.7746],[0.05798,-0.7626],[0.05550,-0.7506],[0.05184,-0.7387],[0.04234,-0.7353],[0.02294,-0.7397],[0.02161,-0.7143],[0.02022,-0.6883],[0.01866,-0.6618],[0.01733,-0.6347],[0.01621,-0.6072],[0.01540,-0.5798],[0.01457,-0.5519],[0.01384,-0.5236],[0.01295,-0.4960],[0.01239,-0.4676],[0.01177,-0.4391],[0.01137,-0.4100],[0.01083,-0.3811],[0.01036,-0.3518],[0.00997,-0.3222],[0.00958,-0.2925],[0.00917,-0.2630],[0.00859,-0.2340],[0.00777,-0.2066],[0.00673,-0.1739],[0.00628,-0.1412],[0.00618,-0.1163],[0.00613,-0.0955],[0.00606,-0.0734],[0.00595,-0.0502],[0.00579,-0.0284],[0.00563,-0.0078],[0.00550,0.0258],[0.00547,0.0608],[0.00547,0.0877],[0.00550,0.1146],[0.00555,0.1416],[0.00565,0.1688],[0.00583,0.1961],[0.00612,0.2237],[0.00661,0.2516],[0.00720,0.2798],[0.00773,0.3083],[0.00817,0.3368],[0.00855,0.3653],[0.00890,0.3939],[0.00923,0.4224],[0.00956,0.4509],[0.00989,0.4793],[0.01023,0.5077],[0.01056,0.5360],[0.01091,0.5642],[0.01130,0.5923],[0.01169,0.6203],[0.01207,0.6482],[0.01248,0.6761],[0.01295,0.7036],[0.01350,0.7309],[0.01395,0.7583],[0.01454,0.7852],[0.01507,0.8120],[0.01578,0.8384],[0.01639,0.8649],[0.01730,0.8901],[0.01805,0.9161],[0.01878,0.9418],[0.01950,0.9670],[0.02065,0.9910],[0.02167,1.0153],[0.02274,1.0391],[0.02379,1.0624],[0.02496,1.0849],[0.02696,1.1045],[0.02875,1.1233],[0.03094,1.1394],[0.03309,1.1540],[0.03492,1.1687],[0.03644,1.1838],[0.03844,1.1947],[0.04082,1.2015],[0.04409,1.1989],[0.04774,1.1834],[0.05217,1.1631],[0.05812,1.1408],],[[0.11018,-0.7369],[0.04413,-0.9548],[0.03098,-0.9861],[0.02694,-0.9742],[0.02321,-0.9592],[0.02128,-0.9380],[0.02058,-0.9127],[0.01977,-0.8873],[0.01879,-0.8619],[0.01765,-0.8363],[0.01671,-0.8101],[0.01599,-0.7831],[0.01467,-0.7574],[0.01392,-0.7305],[0.01339,-0.7028],[0.01285,-0.6750],[0.01235,-0.6469],[0.01191,-0.6185],[0.01121,-0.5907],[0.01088,-0.5618],[0.01056,-0.5328],[0.01007,-0.5038],[0.00973,-0.4744],[0.00944,-0.4446],[0.00906,-0.4147],[0.00867,-0.3553],[0.00852,-0.3302],[0.00836,-0.3048],[0.00818,-0.2791],[0.00798,-0.2526],[0.00772,-0.2264],[0.00740,-0.1999],[0.00692,-0.1730],[0.00623,-0.1455],[0.00571,-0.1182],[0.00543,-0.0905],[0.00525,-0.0624],[0.00510,-0.0346],[0.00501,-0.0068],[0.00492,0.0208],[0.00485,0.0480],[0.00474,0.0736],[0.00460,0.0971],[0.00475,0.1338],[0.00511,0.1625],[0.00552,0.1913],[0.00595,0.2202],[0.00631,0.2492],[0.00662,0.2781],[0.00690,0.3071],[0.00715,0.3361],[0.00740,0.3650],[0.00764,0.3938],[0.00786,0.4227],[0.00811,0.4515],[0.00834,0.4802],[0.00858,0.5089],[0.00883,0.5375],[0.00907,0.5661],[0.00932,0.5947],[0.00958,0.6231],[0.00987,0.6515],[0.01015,0.6798],[0.01042,0.7080],[0.01074,0.7361],[0.01113,0.7639],[0.01142,0.7920],[0.01188,0.8195],[0.01221,0.8472],[0.01259,0.8747],[0.01315,0.9016],[0.01351,0.9289],[0.01393,0.9559],[0.01448,0.9823],[0.01519,1.0081],[0.01569,1.0345],[0.01624,1.0605],[0.01681,1.0862],[0.01744,1.1114],[0.01837,1.1351],[0.01937,1.1582],[0.02002,1.1827],[0.02073,1.2065],[0.02156,1.2295],[0.02236,1.2522],[0.02306,1.2749],[0.02399,1.2958],[0.02585,1.3106],[0.02652,1.3323],[0.02750,1.3515],[0.02864,1.3688],[0.02994,1.3840],[0.03131,1.3973],[0.03274,1.4087],[0.03424,1.4171],[0.03604,1.4166],[0.03833,1.4133],[0.04140,1.4075],[0.04538,1.3992],[0.05106,1.3854],[0.05968,1.3635],[0.07590,1.3125],[0.10150,1.2096],],],
{"title":"Cl v Cd","sortData":false,"legend":{"show":false,"placement":"insideGrid","location":"ne"},"series":[{"showLabel":true,"index":0,"showLine":true,"trendline":{"type":"none","show":false},"color":"#4bb2c5"},{"showLabel":true,"index":0,"showLine":true,"trendline":{"type":"none","show":false},"color":"#EAA228"},{"showLabel":true,"index":0,"showLine":true,"trendline":{"type":"none","show":false},"color":"#839557"},{"showLabel":true,"index":0,"showLine":true,"trendline":{"type":"none","show":false},"color":"#953579"},{"showLabel":true,"index":0,"showLine":true,"trendline":{"type":"none","show":false},"color":"#d8b83f"}],"show":"$.jqplot.config.enablePlugins","axes":{"xaxis":{"max":0.12,"min":0,"tickInterval":0.02,"tickOptions":{"formatString":"%.2f"},"forceTickAt0":true,"rendererOptions":{"forceTickAt0":true}},"yaxis":{"max":1.5,"min":-1,"tickInterval":0.5,"tickOptions":{"formatString":"%.2f"},"forceTickAt0":true,"rendererOptions":{"forceTickAt0":true}}},"seriesDefaults":{"lineWidth":1,"showLabel":true,"markerOptions":{"size":5,"show":false}}});
jqplots.push(p);

var p = $.jqplot('liftaoa',[[[-7.250,-0.6237],[-7.000,-0.6211],[-6.750,-0.6204],[-6.500,-0.5981],[-6.250,-0.5978],[-5.750,-0.6169],[-5.500,-0.5949],[-5.250,-0.5698],[-5.000,-0.5443],[-4.750,-0.5172],[-4.500,-0.4894],[-4.250,-0.4602],[-4.000,-0.4326],[-3.750,-0.4036],[-3.500,-0.3754],[-3.250,-0.3478],[-3.000,-0.3212],[-2.750,-0.3184],[-2.500,-0.1880],[-2.250,-0.1682],[-2.000,-0.1484],[-1.750,-0.1288],[-1.500,-0.1096],[-1.250,-0.0906],[-1.000,-0.0715],[-0.750,-0.0526],[-0.500,-0.0337],[-0.250,-0.0149],[0.000,0.0040],[0.250,0.0230],[0.500,0.0425],[0.750,0.0624],[1.000,0.0826],[1.250,0.1032],[1.500,0.1241],[1.750,0.1452],[2.000,0.1662],[2.250,0.1870],[2.500,0.2074],[2.750,0.2271],[3.000,0.3686],[3.250,0.4203],[3.500,0.4296],[3.750,0.4391],[4.000,0.4601],[4.250,0.4854],[4.500,0.5117],[4.750,0.5379],[5.000,0.5653],[5.250,0.5923],[5.500,0.6189],[5.750,0.6447],[6.000,0.6709],[6.250,0.6951],[6.500,0.7175],[6.750,0.7373],[7.000,0.7535],[7.250,0.7667],[7.500,0.7824],[7.750,0.6941],[8.000,0.7046],],[[-8.000,-0.6796],[-7.750,-0.7040],[-7.500,-0.6948],[-7.250,-0.6828],[-7.000,-0.6902],[-6.750,-0.6730],[-6.500,-0.6686],[-6.250,-0.6594],[-6.000,-0.6402],[-5.750,-0.6257],[-5.500,-0.5924],[-5.250,-0.5670],[-5.000,-0.5393],[-4.750,-0.5119],[-4.500,-0.4835],[-4.250,-0.4564],[-4.000,-0.4275],[-3.750,-0.3998],[-3.500,-0.3723],[-3.250,-0.3454],[-3.000,-0.3190],[-2.750,-0.2935],[-2.500,-0.2811],[-2.250,-0.2668],[-2.000,-0.2466],[-1.750,-0.1922],[-1.500,-0.1091],[-1.250,-0.0887],[-1.000,-0.0693],[-0.750,-0.0513],[-0.500,-0.0347],[-0.250,-0.0184],[0.000,-0.0007],[0.250,0.0187],[0.500,0.0393],[0.750,0.0606],[1.000,0.0825],[1.250,0.1046],[1.500,0.1301],[1.750,0.2065],[2.000,0.2759],[2.250,0.3134],[2.500,0.3352],[2.750,0.3524],[3.000,0.3697],[3.250,0.3863],[3.500,0.4038],[3.750,0.4270],[4.000,0.4522],[4.250,0.4784],[4.500,0.5046],[4.750,0.5312],[5.000,0.5580],[5.250,0.5849],[5.500,0.6116],[5.750,0.6383],[6.000,0.6655],[6.250,0.6918],[6.500,0.7180],[6.750,0.7428],[7.000,0.7668],[7.250,0.7904],[7.500,0.8096],[7.750,0.8255],[8.000,0.8420],[8.250,0.7801],[8.500,0.7593],],[[-9.500,-0.5660],[-9.250,-0.5895],[-9.000,-0.7018],[-8.750,-0.6978],[-8.500,-0.6982],[-8.250,-0.7060],[-8.000,-0.7386],[-7.750,-0.7260],[-7.500,-0.7146],[-7.250,-0.7073],[-7.000,-0.7058],[-6.750,-0.6898],[-6.500,-0.6787],[-6.250,-0.6595],[-6.000,-0.6421],[-5.750,-0.6220],[-5.500,-0.5963],[-5.250,-0.5695],[-5.000,-0.5420],[-4.750,-0.5140],[-4.500,-0.4860],[-4.250,-0.4581],[-4.000,-0.4296],[-3.750,-0.4023],[-3.500,-0.3747],[-3.250,-0.3471],[-3.000,-0.3193],[-2.750,-0.2915],[-2.500,-0.2641],[-2.250,-0.2434],[-2.000,-0.2211],[-1.750,-0.1984],[-1.500,-0.1774],[-1.250,-0.1577],[-1.000,-0.1271],[-0.750,-0.0704],[-0.500,-0.0384],[-0.250,-0.0252],[0.000,-0.0029],[0.250,0.0507],[0.500,0.1004],[0.750,0.1392],[1.000,0.1662],[1.250,0.1868],[1.500,0.2067],[1.750,0.2277],[2.000,0.2499],[2.250,0.2724],[2.500,0.2956],[2.750,0.3190],[3.000,0.3430],[3.250,0.3688],[3.500,0.3958],[3.750,0.4232],[4.000,0.4507],[4.250,0.4781],[4.500,0.5057],[4.750,0.5329],[5.000,0.5599],[5.250,0.5868],[5.500,0.6138],[5.750,0.6407],[6.000,0.6675],[6.250,0.6941],[6.500,0.7202],[6.750,0.7469],[7.000,0.7729],[7.250,0.7990],[7.500,0.8243],[7.750,0.8486],[8.000,0.8734],[8.250,0.8956],[8.500,0.9137],[8.750,0.9272],[9.000,0.9362],[9.250,0.9411],[9.500,0.9422],],[[-9.250,-0.7192],[-9.000,-0.7211],[-8.250,-0.7865],[-8.000,-0.7746],[-7.750,-0.7626],[-7.500,-0.7506],[-7.250,-0.7387],[-7.000,-0.7353],[-6.750,-0.7397],[-6.500,-0.7143],[-6.250,-0.6883],[-6.000,-0.6618],[-5.750,-0.6347],[-5.500,-0.6072],[-5.250,-0.5798],[-5.000,-0.5519],[-4.750,-0.5236],[-4.500,-0.4960],[-4.250,-0.4676],[-4.000,-0.4391],[-3.750,-0.4100],[-3.500,-0.3811],[-3.250,-0.3518],[-3.000,-0.3222],[-2.750,-0.2925],[-2.500,-0.2630],[-2.250,-0.2340],[-2.000,-0.2066],[-1.750,-0.1739],[-1.500,-0.1412],[-1.250,-0.1163],[-1.000,-0.0955],[-0.750,-0.0734],[-0.500,-0.0502],[-0.250,-0.0284],[0.000,-0.0078],[0.250,0.0258],[0.500,0.0608],[0.750,0.0877],[1.000,0.1146],[1.250,0.1416],[1.500,0.1688],[1.750,0.1961],[2.000,0.2237],[2.250,0.2516],[2.500,0.2798],[2.750,0.3083],[3.000,0.3368],[3.250,0.3653],[3.500,0.3939],[3.750,0.4224],[4.000,0.4509],[4.250,0.4793],[4.500,0.5077],[4.750,0.5360],[5.000,0.5642],[5.250,0.5923],[5.500,0.6203],[5.750,0.6482],[6.000,0.6761],[6.250,0.7036],[6.500,0.7309],[6.750,0.7583],[7.000,0.7852],[7.250,0.8120],[7.500,0.8384],[7.750,0.8649],[8.000,0.8901],[8.250,0.9161],[8.500,0.9418],[8.750,0.9670],[9.000,0.9910],[9.250,1.0153],[9.500,1.0391],[9.750,1.0624],[10.000,1.0849],[10.250,1.1045],[10.500,1.1233],[10.750,1.1394],[11.000,1.1540],[11.250,1.1687],[11.500,1.1838],[11.750,1.1947],[12.000,1.2015],[12.250,1.1989],[12.500,1.1834],[12.750,1.1631],[13.000,1.1408],],[[-9.750,-0.7369],[-9.500,-0.9548],[-9.250,-0.9861],[-9.000,-0.9742],[-8.750,-0.9592],[-8.500,-0.9380],[-8.250,-0.9127],[-8.000,-0.8873],[-7.750,-0.8619],[-7.500,-0.8363],[-7.250,-0.8101],[-7.000,-0.7831],[-6.750,-0.7574],[-6.500,-0.7305],[-6.250,-0.7028],[-6.000,-0.6750],[-5.750,-0.6469],[-5.500,-0.6185],[-5.250,-0.5907],[-5.000,-0.5618],[-4.750,-0.5328],[-4.500,-0.5038],[-4.250,-0.4744],[-4.000,-0.4446],[-3.750,-0.4147],[-3.250,-0.3553],[-3.000,-0.3302],[-2.750,-0.3048],[-2.500,-0.2791],[-2.250,-0.2526],[-2.000,-0.2264],[-1.750,-0.1999],[-1.500,-0.1730],[-1.250,-0.1455],[-1.000,-0.1182],[-0.750,-0.0905],[-0.500,-0.0624],[-0.250,-0.0346],[0.000,-0.0068],[0.250,0.0208],[0.500,0.0480],[0.750,0.0736],[1.000,0.0971],[1.250,0.1338],[1.500,0.1625],[1.750,0.1913],[2.000,0.2202],[2.250,0.2492],[2.500,0.2781],[2.750,0.3071],[3.000,0.3361],[3.250,0.3650],[3.500,0.3938],[3.750,0.4227],[4.000,0.4515],[4.250,0.4802],[4.500,0.5089],[4.750,0.5375],[5.000,0.5661],[5.250,0.5947],[5.500,0.6231],[5.750,0.6515],[6.000,0.6798],[6.250,0.7080],[6.500,0.7361],[6.750,0.7639],[7.000,0.7920],[7.250,0.8195],[7.500,0.8472],[7.750,0.8747],[8.000,0.9016],[8.250,0.9289],[8.500,0.9559],[8.750,0.9823],[9.000,1.0081],[9.250,1.0345],[9.500,1.0605],[9.750,1.0862],[10.000,1.1114],[10.250,1.1351],[10.500,1.1582],[10.750,1.1827],[11.000,1.2065],[11.250,1.2295],[11.500,1.2522],[11.750,1.2749],[12.000,1.2958],[12.250,1.3106],[12.500,1.3323],[12.750,1.3515],[13.000,1.3688],[13.250,1.3840],[13.500,1.3973],[13.750,1.4087],[14.000,1.4171],[14.250,1.4166],[14.500,1.4133],[14.750,1.4075],[15.000,1.3992],[15.250,1.3854],[15.500,1.3635],[15.750,1.3125],[16.000,1.2096],],],
{"title":"Cl v Alpha","sortData":false,"legend":{"show":false,"placement":"insideGrid","location":"ne"},"series":[{"showLabel":true,"index":0,"showLine":true,"trendline":{"type":"none","show":false},"color":"#4bb2c5"},{"showLabel":true,"index":0,"showLine":true,"trendline":{"type":"none","show":false},"color":"#EAA228"},{"showLabel":true,"index":0,"showLine":true,"trendline":{"type":"none","show":false},"color":"#839557"},{"showLabel":true,"index":0,"showLine":true,"trendline":{"type":"none","show":false},"color":"#953579"},{"showLabel":true,"index":0,"showLine":true,"trendline":{"type":"none","show":false},"color":"#d8b83f"}],"show":"$.jqplot.config.enablePlugins","axes":{"xaxis":{"max":20,"min":-10,"tickInterval":5,"tickOptions":{"formatString":"%.1f"},"forceTickAt0":true,"rendererOptions":{"forceTickAt0":true}},"yaxis":{"max":1.5,"min":-1,"tickInterval":0.5,"tickOptions":{"formatString":"%.2f"},"forceTickAt0":true,"rendererOptions":{"forceTickAt0":true}}},"seriesDefaults":{"lineWidth":1,"showLabel":true,"markerOptions":{"size":5,"show":false}}});
jqplots.push(p);

var p = $.jqplot('momentaoa',[[[-7.250,0.0416],[-7.000,0.0426],[-6.750,0.0438],[-6.500,0.0461],[-6.250,0.0478],[-5.750,-0.0105],[-5.500,-0.0110],[-5.250,-0.0120],[-5.000,-0.0121],[-4.750,-0.0121],[-4.500,-0.0119],[-4.250,-0.0115],[-4.000,-0.0112],[-3.750,-0.0106],[-3.500,-0.0100],[-3.250,-0.0092],[-3.000,-0.0084],[-2.750,-0.0011],[-2.500,-0.0095],[-2.250,-0.0097],[-2.000,-0.0096],[-1.750,-0.0093],[-1.500,-0.0087],[-1.250,-0.0079],[-1.000,-0.0070],[-0.750,-0.0060],[-0.500,-0.0049],[-0.250,-0.0038],[0.000,-0.0026],[0.250,-0.0014],[0.500,-0.0004],[0.750,0.0006],[1.000,0.0014],[1.250,0.0021],[1.500,0.0026],[1.750,0.0030],[2.000,0.0033],[2.250,0.0035],[2.500,0.0034],[2.750,0.0032],[3.000,-0.0172],[3.250,-0.0159],[3.500,-0.0066],[3.750,0.0003],[4.000,0.0022],[4.250,0.0031],[4.500,0.0038],[4.750,0.0045],[5.000,0.0048],[5.250,0.0052],[5.500,0.0054],[5.750,0.0057],[6.000,0.0056],[6.250,0.0058],[6.500,0.0054],[6.750,0.0048],[7.000,0.0038],[7.250,0.0026],[7.500,0.0020],[7.750,-0.0464],[8.000,-0.0453],],[[-8.000,0.0206],[-7.750,0.0066],[-7.500,0.0076],[-7.250,0.0083],[-7.000,0.0003],[-6.750,0.0023],[-6.500,-0.0017],[-6.250,-0.0043],[-6.000,-0.0027],[-5.750,-0.0035],[-5.500,-0.0104],[-5.250,-0.0103],[-5.000,-0.0095],[-4.750,-0.0092],[-4.500,-0.0088],[-4.250,-0.0088],[-4.000,-0.0083],[-3.750,-0.0081],[-3.500,-0.0078],[-3.250,-0.0073],[-3.000,-0.0069],[-2.750,-0.0064],[-2.500,-0.0036],[-2.250,0.0014],[-2.000,0.0053],[-1.750,0.0023],[-1.500,-0.0080],[-1.250,-0.0079],[-1.000,-0.0073],[-0.750,-0.0063],[-0.500,-0.0049],[-0.250,-0.0033],[0.000,-0.0020],[0.250,-0.0009],[0.500,-0.0001],[0.750,0.0006],[1.000,0.0010],[1.250,0.0014],[1.500,0.0009],[1.750,-0.0087],[2.000,-0.0161],[2.250,-0.0166],[2.500,-0.0136],[2.750,-0.0097],[3.000,-0.0057],[3.250,-0.0015],[3.500,0.0016],[3.750,0.0022],[4.000,0.0025],[4.250,0.0027],[4.500,0.0030],[4.750,0.0032],[5.000,0.0035],[5.250,0.0037],[5.500,0.0039],[5.750,0.0041],[6.000,0.0044],[6.250,0.0046],[6.500,0.0048],[6.750,0.0051],[7.000,0.0054],[7.250,0.0056],[7.500,0.0058],[7.750,0.0060],[8.000,0.0061],[8.250,-0.0101],[8.500,-0.0181],],[[-9.500,0.0183],[-9.250,0.0116],[-9.000,0.0263],[-8.750,0.0253],[-8.500,0.0223],[-8.250,0.0154],[-8.000,-0.0020],[-7.750,-0.0010],[-7.500,-0.0006],[-7.250,-0.0025],[-7.000,-0.0063],[-6.750,-0.0063],[-6.500,-0.0080],[-6.250,-0.0081],[-6.000,-0.0087],[-5.750,-0.0090],[-5.500,-0.0071],[-5.250,-0.0066],[-5.000,-0.0062],[-4.750,-0.0059],[-4.500,-0.0057],[-4.250,-0.0056],[-4.000,-0.0053],[-3.750,-0.0053],[-3.500,-0.0052],[-3.250,-0.0052],[-3.000,-0.0052],[-2.750,-0.0053],[-2.500,-0.0055],[-2.250,-0.0054],[-2.000,-0.0038],[-1.750,-0.0022],[-1.500,-0.0001],[-1.250,0.0024],[-1.000,0.0027],[-0.750,-0.0028],[-0.500,-0.0045],[-0.250,-0.0025],[0.000,-0.0020],[0.250,-0.0074],[0.500,-0.0118],[0.750,-0.0138],[1.000,-0.0130],[1.250,-0.0107],[1.500,-0.0083],[1.750,-0.0061],[2.000,-0.0042],[2.250,-0.0023],[2.500,-0.0005],[2.750,0.0011],[3.000,0.0023],[3.250,0.0023],[3.500,0.0021],[3.750,0.0018],[4.000,0.0016],[4.250,0.0015],[4.500,0.0015],[4.750,0.0014],[5.000,0.0015],[5.250,0.0015],[5.500,0.0016],[5.750,0.0017],[6.000,0.0019],[6.250,0.0020],[6.500,0.0022],[6.750,0.0024],[7.000,0.0026],[7.250,0.0029],[7.500,0.0030],[7.750,0.0035],[8.000,0.0036],[8.250,0.0039],[8.500,0.0046],[8.750,0.0052],[9.000,0.0058],[9.250,0.0062],[9.500,0.0063],],[[-9.250,0.0325],[-9.000,0.0293],[-8.250,-0.0028],[-8.000,-0.0027],[-7.750,-0.0028],[-7.500,-0.0033],[-7.250,-0.0041],[-7.000,-0.0051],[-6.750,-0.0025],[-6.500,-0.0025],[-6.250,-0.0024],[-6.000,-0.0022],[-5.750,-0.0020],[-5.500,-0.0019],[-5.250,-0.0020],[-5.000,-0.0020],[-4.750,-0.0019],[-4.500,-0.0020],[-4.250,-0.0021],[-4.000,-0.0023],[-3.750,-0.0026],[-3.500,-0.0029],[-3.250,-0.0033],[-3.000,-0.0037],[-2.750,-0.0041],[-2.500,-0.0046],[-2.250,-0.0051],[-2.000,-0.0057],[-1.750,-0.0074],[-1.500,-0.0085],[-1.250,-0.0073],[-1.000,-0.0052],[-0.750,-0.0033],[-0.500,-0.0018],[-0.250,0.0002],[0.000,0.0027],[0.250,0.0021],[0.500,0.0008],[0.750,0.0012],[1.000,0.0017],[1.250,0.0022],[1.500,0.0026],[1.750,0.0029],[2.000,0.0031],[2.250,0.0030],[2.500,0.0027],[2.750,0.0023],[3.000,0.0019],[3.250,0.0016],[3.500,0.0014],[3.750,0.0011],[4.000,0.0009],[4.250,0.0007],[4.500,0.0006],[4.750,0.0004],[5.000,0.0003],[5.250,0.0001],[5.500,0.0000],[5.750,-0.0001],[6.000,-0.0001],[6.250,-0.0002],[6.500,-0.0002],[6.750,-0.0002],[7.000,-0.0002],[7.250,-0.0002],[7.500,-0.0001],[7.750,0.0000],[8.000,0.0001],[8.250,0.0003],[8.500,0.0005],[8.750,0.0006],[9.000,0.0009],[9.250,0.0012],[9.500,0.0015],[9.750,0.0018],[10.000,0.0021],[10.250,0.0026],[10.500,0.0033],[10.750,0.0041],[11.000,0.0049],[11.250,0.0056],[11.500,0.0063],[11.750,0.0071],[12.000,0.0081],[12.250,0.0093],[12.500,0.0112],[12.750,0.0111],[13.000,0.0078],],[[-9.750,0.0382],[-9.500,-0.0023],[-9.250,-0.0019],[-9.000,-0.0012],[-8.750,-0.0005],[-8.500,-0.0001],[-8.250,0.0000],[-8.000,0.0001],[-7.750,0.0003],[-7.500,0.0005],[-7.250,0.0006],[-7.000,0.0007],[-6.750,0.0009],[-6.500,0.0009],[-6.250,0.0009],[-6.000,0.0008],[-5.750,0.0008],[-5.500,0.0007],[-5.250,0.0005],[-5.000,0.0003],[-4.750,0.0001],[-4.500,-0.0002],[-4.250,-0.0006],[-4.000,-0.0010],[-3.750,-0.0014],[-3.250,-0.0020],[-3.000,-0.0012],[-2.750,-0.0004],[-2.500,0.0003],[-2.250,0.0008],[-2.000,0.0013],[-1.750,0.0017],[-1.500,0.0018],[-1.250,0.0016],[-1.000,0.0016],[-0.750,0.0018],[-0.500,0.0019],[-0.250,0.0022],[0.000,0.0025],[0.250,0.0028],[0.500,0.0032],[0.750,0.0041],[1.000,0.0057],[1.250,0.0038],[1.500,0.0036],[1.750,0.0032],[2.000,0.0028],[2.250,0.0024],[2.500,0.0021],[2.750,0.0018],[3.000,0.0015],[3.250,0.0013],[3.500,0.0010],[3.750,0.0008],[4.000,0.0006],[4.250,0.0004],[4.500,0.0002],[4.750,0.0000],[5.000,-0.0001],[5.250,-0.0003],[5.500,-0.0004],[5.750,-0.0006],[6.000,-0.0007],[6.250,-0.0008],[6.500,-0.0009],[6.750,-0.0010],[7.000,-0.0011],[7.250,-0.0012],[7.500,-0.0012],[7.750,-0.0013],[8.000,-0.0013],[8.250,-0.0013],[8.500,-0.0013],[8.750,-0.0013],[9.000,-0.0012],[9.250,-0.0012],[9.500,-0.0011],[9.750,-0.0009],[10.000,-0.0008],[10.250,-0.0006],[10.500,-0.0003],[10.750,0.0000],[11.000,0.0003],[11.250,0.0006],[11.500,0.0009],[11.750,0.0013],[12.000,0.0017],[12.250,0.0026],[12.500,0.0030],[12.750,0.0036],[13.000,0.0043],[13.250,0.0052],[13.500,0.0061],[13.750,0.0072],[14.000,0.0084],[14.250,0.0105],[14.500,0.0117],[14.750,0.0117],[15.000,0.0102],[15.250,0.0067],[15.500,-0.0002],[15.750,-0.0123],[16.000,-0.0277],],],
{"title":"Cm v Alpha","sortData":false,"legend":{"show":false,"placement":"insideGrid","location":"ne"},"series":[{"showLabel":true,"index":0,"showLine":true,"trendline":{"type":"none","show":false},"color":"#4bb2c5"},{"showLabel":true,"index":0,"showLine":true,"trendline":{"type":"none","show":false},"color":"#EAA228"},{"showLabel":true,"index":0,"showLine":true,"trendline":{"type":"none","show":false},"color":"#839557"},{"showLabel":true,"index":0,"showLine":true,"trendline":{"type":"none","show":false},"color":"#953579"},{"showLabel":true,"index":0,"showLine":true,"trendline":{"type":"none","show":false},"color":"#d8b83f"}],"show":"$.jqplot.config.enablePlugins","axes":{"xaxis":{"max":20,"min":-10,"tickInterval":5,"tickOptions":{"formatString":"%.1f"},"forceTickAt0":true,"rendererOptions":{"forceTickAt0":true}},"yaxis":{"max":0.05,"min":-0.05,"tickInterval":0.01,"tickOptions":{"formatString":"%.2f"},"forceTickAt0":true,"rendererOptions":{"forceTickAt0":true}}},"seriesDefaults":{"lineWidth":1,"showLabel":true,"markerOptions":{"size":5,"show":false}}});
jqplots.push(p);

var p = $.jqplot('dragaoa',[[[-7.250,0.09716],[-7.000,0.09426],[-6.750,0.09114],[-6.500,0.08728],[-6.250,0.08444],[-5.750,0.05190],[-5.500,0.04717],[-5.250,0.04245],[-5.000,0.03861],[-4.750,0.03535],[-4.500,0.03269],[-4.250,0.03029],[-4.000,0.02797],[-3.750,0.02598],[-3.500,0.02418],[-3.250,0.02243],[-3.000,0.02047],[-2.750,0.01656],[-2.500,0.01757],[-2.250,0.01699],[-2.000,0.01650],[-1.750,0.01610],[-1.500,0.01579],[-1.250,0.01555],[-1.000,0.01537],[-0.750,0.01526],[-0.500,0.01521],[-0.250,0.01521],[0.000,0.01525],[0.250,0.01534],[0.500,0.01546],[0.750,0.01562],[1.000,0.01581],[1.250,0.01605],[1.500,0.01633],[1.750,0.01666],[2.000,0.01705],[2.250,0.01751],[2.500,0.01806],[2.750,0.01873],[3.000,0.01876],[3.250,0.01799],[3.500,0.01757],[3.750,0.01888],[4.000,0.02076],[4.250,0.02241],[4.500,0.02402],[4.750,0.02574],[5.000,0.02749],[5.250,0.02943],[5.500,0.03159],[5.750,0.03389],[6.000,0.03672],[6.250,0.03952],[6.500,0.04339],[6.750,0.04785],[7.000,0.05289],[7.250,0.05833],[7.500,0.06354],[7.750,0.09751],[8.000,0.10145],],[[-8.000,0.09554],[-7.750,0.08853],[-7.500,0.08383],[-7.250,0.08062],[-7.000,0.07401],[-6.750,0.07107],[-6.500,0.06592],[-6.250,0.06196],[-6.000,0.05873],[-5.750,0.05506],[-5.500,0.03785],[-5.250,0.03440],[-5.000,0.03052],[-4.750,0.02774],[-4.500,0.02559],[-4.250,0.02373],[-4.000,0.02209],[-3.750,0.02046],[-3.500,0.01912],[-3.250,0.01785],[-3.000,0.01669],[-2.750,0.01536],[-2.500,0.01196],[-2.250,0.01155],[-2.000,0.01144],[-1.750,0.01165],[-1.500,0.01184],[-1.250,0.01151],[-1.000,0.01126],[-0.750,0.01110],[-0.500,0.01104],[-0.250,0.01106],[0.000,0.01114],[0.250,0.01126],[0.500,0.01142],[0.750,0.01162],[1.000,0.01186],[1.250,0.01213],[1.500,0.01243],[1.750,0.01243],[2.000,0.01228],[2.250,0.01223],[2.500,0.01221],[2.750,0.01214],[3.000,0.01206],[3.250,0.01219],[3.500,0.01332],[3.750,0.01477],[4.000,0.01597],[4.250,0.01700],[4.500,0.01803],[4.750,0.01912],[5.000,0.02021],[5.250,0.02140],[5.500,0.02270],[5.750,0.02403],[6.000,0.02552],[6.250,0.02728],[6.500,0.02899],[6.750,0.03143],[7.000,0.03423],[7.250,0.03660],[7.500,0.04050],[7.750,0.04518],[8.000,0.04965],[8.250,0.08251],[8.500,0.09004],],[[-9.500,0.10690],[-9.250,0.09912],[-9.000,0.10422],[-8.750,0.10056],[-8.500,0.09586],[-8.250,0.08914],[-8.000,0.07628],[-7.750,0.07298],[-7.500,0.07029],[-7.250,0.06591],[-7.000,0.05875],[-6.750,0.05595],[-6.500,0.05064],[-6.250,0.04796],[-6.000,0.04398],[-5.750,0.04112],[-5.500,0.02834],[-5.250,0.02504],[-5.000,0.02244],[-4.750,0.02066],[-4.500,0.01925],[-4.250,0.01805],[-4.000,0.01692],[-3.750,0.01582],[-3.500,0.01494],[-3.250,0.01404],[-3.000,0.01330],[-2.750,0.01252],[-2.500,0.01147],[-2.250,0.00916],[-2.000,0.00859],[-1.750,0.00834],[-1.500,0.00816],[-1.250,0.00807],[-1.000,0.00809],[-0.750,0.00817],[-0.500,0.00816],[-0.250,0.00822],[0.000,0.00833],[0.250,0.00827],[0.500,0.00822],[0.750,0.00823],[1.000,0.00830],[1.250,0.00837],[1.500,0.00842],[1.750,0.00844],[2.000,0.00844],[2.250,0.00846],[2.500,0.00853],[2.750,0.00877],[3.000,0.00938],[3.250,0.01032],[3.500,0.01115],[3.750,0.01187],[4.000,0.01250],[4.250,0.01316],[4.500,0.01374],[4.750,0.01438],[5.000,0.01512],[5.250,0.01586],[5.500,0.01654],[5.750,0.01725],[6.000,0.01807],[6.250,0.01903],[6.500,0.02013],[6.750,0.02105],[7.000,0.02229],[7.250,0.02361],[7.500,0.02521],[7.750,0.02712],[8.000,0.02832],[8.250,0.03080],[8.500,0.03443],[8.750,0.03900],[9.000,0.04403],[9.250,0.04923],[9.500,0.05462],],[[-9.250,0.10431],[-9.000,0.09903],[-8.250,0.06171],[-8.000,0.05976],[-7.750,0.05798],[-7.500,0.05550],[-7.250,0.05184],[-7.000,0.04234],[-6.750,0.02294],[-6.500,0.02161],[-6.250,0.02022],[-6.000,0.01866],[-5.750,0.01733],[-5.500,0.01621],[-5.250,0.01540],[-5.000,0.01457],[-4.750,0.01384],[-4.500,0.01295],[-4.250,0.01239],[-4.000,0.01177],[-3.750,0.01137],[-3.500,0.01083],[-3.250,0.01036],[-3.000,0.00997],[-2.750,0.00958],[-2.500,0.00917],[-2.250,0.00859],[-2.000,0.00777],[-1.750,0.00673],[-1.500,0.00628],[-1.250,0.00618],[-1.000,0.00613],[-0.750,0.00606],[-0.500,0.00595],[-0.250,0.00579],[0.000,0.00563],[0.250,0.00550],[0.500,0.00547],[0.750,0.00547],[1.000,0.00550],[1.250,0.00555],[1.500,0.00565],[1.750,0.00583],[2.000,0.00612],[2.250,0.00661],[2.500,0.00720],[2.750,0.00773],[3.000,0.00817],[3.250,0.00855],[3.500,0.00890],[3.750,0.00923],[4.000,0.00956],[4.250,0.00989],[4.500,0.01023],[4.750,0.01056],[5.000,0.01091],[5.250,0.01130],[5.500,0.01169],[5.750,0.01207],[6.000,0.01248],[6.250,0.01295],[6.500,0.01350],[6.750,0.01395],[7.000,0.01454],[7.250,0.01507],[7.500,0.01578],[7.750,0.01639],[8.000,0.01730],[8.250,0.01805],[8.500,0.01878],[8.750,0.01950],[9.000,0.02065],[9.250,0.02167],[9.500,0.02274],[9.750,0.02379],[10.000,0.02496],[10.250,0.02696],[10.500,0.02875],[10.750,0.03094],[11.000,0.03309],[11.250,0.03492],[11.500,0.03644],[11.750,0.03844],[12.000,0.04082],[12.250,0.04409],[12.500,0.04774],[12.750,0.05217],[13.000,0.05812],],[[-9.750,0.11018],[-9.500,0.04413],[-9.250,0.03098],[-9.000,0.02694],[-8.750,0.02321],[-8.500,0.02128],[-8.250,0.02058],[-8.000,0.01977],[-7.750,0.01879],[-7.500,0.01765],[-7.250,0.01671],[-7.000,0.01599],[-6.750,0.01467],[-6.500,0.01392],[-6.250,0.01339],[-6.000,0.01285],[-5.750,0.01235],[-5.500,0.01191],[-5.250,0.01121],[-5.000,0.01088],[-4.750,0.01056],[-4.500,0.01007],[-4.250,0.00973],[-4.000,0.00944],[-3.750,0.00906],[-3.250,0.00867],[-3.000,0.00852],[-2.750,0.00836],[-2.500,0.00818],[-2.250,0.00798],[-2.000,0.00772],[-1.750,0.00740],[-1.500,0.00692],[-1.250,0.00623],[-1.000,0.00571],[-0.750,0.00543],[-0.500,0.00525],[-0.250,0.00510],[0.000,0.00501],[0.250,0.00492],[0.500,0.00485],[0.750,0.00474],[1.000,0.00460],[1.250,0.00475],[1.500,0.00511],[1.750,0.00552],[2.000,0.00595],[2.250,0.00631],[2.500,0.00662],[2.750,0.00690],[3.000,0.00715],[3.250,0.00740],[3.500,0.00764],[3.750,0.00786],[4.000,0.00811],[4.250,0.00834],[4.500,0.00858],[4.750,0.00883],[5.000,0.00907],[5.250,0.00932],[5.500,0.00958],[5.750,0.00987],[6.000,0.01015],[6.250,0.01042],[6.500,0.01074],[6.750,0.01113],[7.000,0.01142],[7.250,0.01188],[7.500,0.01221],[7.750,0.01259],[8.000,0.01315],[8.250,0.01351],[8.500,0.01393],[8.750,0.01448],[9.000,0.01519],[9.250,0.01569],[9.500,0.01624],[9.750,0.01681],[10.000,0.01744],[10.250,0.01837],[10.500,0.01937],[10.750,0.02002],[11.000,0.02073],[11.250,0.02156],[11.500,0.02236],[11.750,0.02306],[12.000,0.02399],[12.250,0.02585],[12.500,0.02652],[12.750,0.02750],[13.000,0.02864],[13.250,0.02994],[13.500,0.03131],[13.750,0.03274],[14.000,0.03424],[14.250,0.03604],[14.500,0.03833],[14.750,0.04140],[15.000,0.04538],[15.250,0.05106],[15.500,0.05968],[15.750,0.07590],[16.000,0.10150],],],
{"title":"Cd v Alpha","sortData":false,"legend":{"show":false,"placement":"insideGrid","location":"ne"},"series":[{"showLabel":true,"index":0,"showLine":true,"trendline":{"type":"none","show":false},"color":"#4bb2c5"},{"showLabel":true,"index":0,"showLine":true,"trendline":{"type":"none","show":false},"color":"#EAA228"},{"showLabel":true,"index":0,"showLine":true,"trendline":{"type":"none","show":false},"color":"#839557"},{"showLabel":true,"index":0,"showLine":true,"trendline":{"type":"none","show":false},"color":"#953579"},{"showLabel":true,"index":0,"showLine":true,"trendline":{"type":"none","show":false},"color":"#d8b83f"}],"show":"$.jqplot.config.enablePlugins","axes":{"xaxis":{"max":20,"min":-10,"tickInterval":5,"tickOptions":{"formatString":"%.1f"},"forceTickAt0":true,"rendererOptions":{"forceTickAt0":true}},"yaxis":{"max":0.12,"min":0,"tickInterval":0.02,"tickOptions":{"formatString":"%.2f"},"forceTickAt0":true,"rendererOptions":{"forceTickAt0":true}}},"seriesDefaults":{"lineWidth":1,"showLabel":true,"markerOptions":{"size":5,"show":false}}});
jqplots.push(p);

var p = $.jqplot('effaoa',[[[-7.250,-6.4193083573487],[-7.000,-6.5892213027795],[-6.750,-6.8071099407505],[-6.500,-6.852658111824],[-6.250,-7.0795831359545],[-5.750,-11.886319845857],[-5.500,-12.611829552682],[-5.250,-13.42285041225],[-5.000,-14.097384097384],[-4.750,-14.630834512023],[-4.500,-14.970939125115],[-4.250,-15.19313304721],[-4.000,-15.466571326421],[-3.750,-15.535026943803],[-3.500,-15.525227460711],[-3.250,-15.506018724922],[-3.000,-15.691255495848],[-2.750,-19.227053140097],[-2.500,-10.700056915196],[-2.250,-9.8999411418481],[-2.000,-8.9939393939394],[-1.750,-8],[-1.500,-6.9411019632679],[-1.250,-5.8263665594855],[-1.000,-4.6519193233572],[-0.750,-3.4469200524246],[-0.500,-2.215647600263],[-0.250,-0.97961867192636],[0.000,0.26229508196721],[0.250,1.4993481095176],[0.500,2.7490297542044],[0.750,3.9948783610755],[1.000,5.224541429475],[1.250,6.4299065420561],[1.500,7.5995101041029],[1.750,8.7154861944778],[2.000,9.7478005865103],[2.250,10.679611650485],[2.500,11.483942414175],[2.750,12.124933262146],[3.000,19.648187633262],[3.250,23.362979433018],[3.500,24.450768355151],[3.750,23.257415254237],[4.000,22.162813102119],[4.250,21.659973226238],[4.500,21.303080766028],[4.750,20.897435897436],[5.000,20.563841396872],[5.250,20.125722052328],[5.500,19.591642924976],[5.750,19.023310711124],[6.000,18.270697167756],[6.250,17.588562753036],[6.500,16.536068218484],[6.750,15.408568443051],[7.000,14.246549442239],[7.250,13.14417966741],[7.500,12.313503305005],[7.750,7.1182442826377],[8.000,6.9452932479054],],[[-8.000,-7.1132509943479],[-7.750,-7.9521066305207],[-7.500,-8.2882023142073],[-7.250,-8.4693624410816],[-7.000,-9.3257667882719],[-6.750,-9.4695370761221],[-6.500,-10.142597087379],[-6.250,-10.642349903163],[-6.000,-10.900732164141],[-5.750,-11.363966581911],[-5.500,-15.651254953765],[-5.250,-16.482558139535],[-5.000,-17.670380078637],[-4.750,-18.453496755588],[-4.500,-18.894099257522],[-4.250,-19.233038348083],[-4.000,-19.35264825713],[-3.750,-19.540566959922],[-3.500,-19.471757322176],[-3.250,-19.350140056022],[-3.000,-19.113241461953],[-2.750,-19.108072916667],[-2.500,-23.503344481605],[-2.250,-23.099567099567],[-2.000,-21.555944055944],[-1.750,-16.497854077253],[-1.500,-9.214527027027],[-1.250,-7.7063423110339],[-1.000,-6.1545293072824],[-0.750,-4.6216216216216],[-0.500,-3.143115942029],[-0.250,-1.6636528028933],[0.000,-0.062836624775583],[0.250,1.6607460035524],[0.500,3.4413309982487],[0.750,5.2151462994836],[1.000,6.956155143339],[1.250,8.6232481450948],[1.500,10.466613032985],[1.750,16.613032984714],[2.000,22.467426710098],[2.250,25.62551103843],[2.500,27.452907452907],[2.750,29.028006589786],[3.000,30.655058043118],[3.250,31.6899097621],[3.500,30.315315315315],[3.750,28.909952606635],[4.000,28.315591734502],[4.250,28.141176470588],[4.500,27.986688851913],[4.750,27.782426778243],[5.000,27.610094012865],[5.250,27.331775700935],[5.500,26.942731277533],[5.750,26.562630045776],[6.000,26.077586206897],[6.250,25.359237536657],[6.500,24.767161090031],[6.750,23.633471205854],[7.000,22.401402278703],[7.250,21.595628415301],[7.500,19.99012345679],[7.750,18.271359008411],[8.000,16.958710976838],[8.250,9.4546115622349],[8.500,8.4329187027988],],[[-9.500,-5.2946679139383],[-9.250,-5.9473365617433],[-9.000,-6.7338322778737],[-8.750,-6.9391408114558],[-8.500,-7.2835384936366],[-8.250,-7.9201256450527],[-8.000,-9.6827477713686],[-7.750,-9.9479309399836],[-7.500,-10.166453265045],[-7.250,-10.731300257927],[-7.000,-12.013617021277],[-6.750,-12.328865058088],[-6.500,-13.402448657188],[-6.250,-13.751042535446],[-6.000,-14.599818099136],[-5.750,-15.126459143969],[-5.500,-21.040931545519],[-5.250,-22.743610223642],[-5.000,-24.153297682709],[-4.750,-24.878993223621],[-4.500,-25.246753246753],[-4.250,-25.379501385042],[-4.000,-25.390070921986],[-3.750,-25.429835651075],[-3.500,-25.080321285141],[-3.250,-24.722222222222],[-3.000,-24.007518796992],[-2.750,-23.282747603834],[-2.500,-23.025283347864],[-2.250,-26.572052401747],[-2.000,-25.739231664726],[-1.750,-23.78896882494],[-1.500,-21.740196078431],[-1.250,-19.541511771995],[-1.000,-15.710754017305],[-0.750,-8.6168910648715],[-0.500,-4.7058823529412],[-0.250,-3.0656934306569],[0.000,-0.34813925570228],[0.250,6.130592503023],[0.500,12.214111922141],[0.750,16.913730255164],[1.000,20.024096385542],[1.250,22.31780167264],[1.500,24.548693586698],[1.750,26.978672985782],[2.000,29.609004739336],[2.250,32.198581560284],[2.500,34.654161781946],[2.750,36.374002280502],[3.000,36.567164179104],[3.250,35.736434108527],[3.500,35.497757847534],[3.750,35.652906486942],[4.000,36.056],[4.250,36.329787234043],[4.500,36.804949053857],[4.750,37.058414464534],[5.000,37.030423280423],[5.250,36.998738965952],[5.500,37.110036275695],[5.750,37.142028985507],[6.000,36.93967902601],[6.250,36.473988439306],[6.500,35.777446597119],[6.750,35.482185273159],[7.000,34.674742036788],[7.250,33.841592545532],[7.500,32.697342324474],[7.750,31.290560471976],[8.000,30.840395480226],[8.250,29.077922077922],[8.500,26.537902991577],[8.750,23.774358974359],[9.000,21.262775380422],[9.250,19.116392443632],[9.500,17.25009154156],],[[-9.250,-6.8948327101908],[-9.000,-7.2816318287388],[-8.250,-12.745098039216],[-8.000,-12.961847389558],[-7.750,-13.152811314246],[-7.500,-13.524324324324],[-7.250,-14.249614197531],[-7.000,-17.366556447803],[-6.750,-32.244986922406],[-6.500,-33.054141601111],[-6.250,-34.040553907023],[-6.000,-35.466237942122],[-5.750,-36.624350836699],[-5.500,-37.458359037631],[-5.250,-37.649350649351],[-5.000,-37.879203843514],[-4.750,-37.832369942197],[-4.500,-38.301158301158],[-4.250,-37.74011299435],[-4.000,-37.306711979609],[-3.750,-36.059806508355],[-3.500,-35.189289012004],[-3.250,-33.957528957529],[-3.000,-32.316950852558],[-2.750,-30.53235908142],[-2.500,-28.680479825518],[-2.250,-27.240977881257],[-2.000,-26.589446589447],[-1.750,-25.839524517088],[-1.500,-22.484076433121],[-1.250,-18.818770226537],[-1.000,-15.57911908646],[-0.750,-12.112211221122],[-0.500,-8.436974789916],[-0.250,-4.9050086355786],[0.000,-1.3854351687389],[0.250,4.6909090909091],[0.500,11.115173674589],[0.750,16.032906764168],[1.000,20.836363636364],[1.250,25.513513513514],[1.500,29.87610619469],[1.750,33.636363636364],[2.000,36.552287581699],[2.250,38.063540090772],[2.500,38.861111111111],[2.750,39.883570504528],[3.000,41.223990208078],[3.250,42.72514619883],[3.500,44.258426966292],[3.750,45.763813651138],[4.000,47.165271966527],[4.250,48.463094034378],[4.500,49.628543499511],[4.750,50.757575757576],[5.000,51.714023831347],[5.250,52.41592920354],[5.500,53.0624465355],[5.750,53.703396851698],[6.000,54.174679487179],[6.250,54.332046332046],[6.500,54.140740740741],[6.750,54.358422939068],[7.000,54.002751031637],[7.250,53.881884538819],[7.500,53.130544993663],[7.750,52.769981696156],[8.000,51.450867052023],[8.250,50.753462603878],[8.500,50.149094781683],[8.750,49.589743589744],[9.000,47.990314769976],[9.250,46.852791878173],[9.500,45.694810905893],[9.750,44.657419083649],[10.000,43.465544871795],[10.250,40.968100890208],[10.500,39.071304347826],[10.750,36.826115061409],[11.000,34.874584466606],[11.250,33.467926689576],[11.500,32.48627881449],[11.750,31.079604578564],[12.000,29.434100930916],[12.250,27.192107053754],[12.500,24.788437369083],[12.750,22.294422081656],[13.000,19.628355127323],],[[-9.750,-6.6881466690869],[-9.500,-21.636075232268],[-9.250,-31.830213040671],[-9.000,-36.161841128434],[-8.750,-41.327014218009],[-8.500,-44.078947368421],[-8.250,-44.348882410107],[-8.000,-44.881133029843],[-7.750,-45.870143693454],[-7.500,-47.382436260623],[-7.250,-48.479952124476],[-7.000,-48.974358974359],[-6.750,-51.629175187457],[-6.500,-52.478448275862],[-6.250,-52.486930545183],[-6.000,-52.529182879377],[-5.750,-52.380566801619],[-5.500,-51.931150293871],[-5.250,-52.694023193577],[-5.000,-51.636029411765],[-4.750,-50.454545454545],[-4.500,-50.029791459782],[-4.250,-48.756423432682],[-4.000,-47.097457627119],[-3.750,-45.772626931567],[-3.250,-40.980392156863],[-3.000,-38.755868544601],[-2.750,-36.459330143541],[-2.500,-34.119804400978],[-2.250,-31.654135338346],[-2.000,-29.326424870466],[-1.750,-27.013513513514],[-1.500,-25],[-1.250,-23.354735152488],[-1.000,-20.700525394046],[-0.750,-16.666666666667],[-0.500,-11.885714285714],[-0.250,-6.7843137254902],[0.000,-1.3572854291417],[0.250,4.2276422764228],[0.500,9.8969072164948],[0.750,15.527426160338],[1.000,21.108695652174],[1.250,28.168421052632],[1.500,31.800391389432],[1.750,34.655797101449],[2.000,37.008403361345],[2.250,39.492868462758],[2.500,42.009063444109],[2.750,44.507246376812],[3.000,47.006993006993],[3.250,49.324324324324],[3.500,51.544502617801],[3.750,53.778625954198],[4.000,55.672009864365],[4.250,57.57793764988],[4.500,59.312354312354],[4.750,60.872027180068],[5.000,62.414553472988],[5.250,63.809012875536],[5.500,65.041753653445],[5.750,66.008105369807],[6.000,66.975369458128],[6.250,67.946257197697],[6.500,68.538175046555],[6.750,68.63432165319],[7.000,69.352014010508],[7.250,68.981481481481],[7.500,69.385749385749],[7.750,69.475774424146],[8.000,68.562737642586],[8.250,68.756476683938],[8.500,68.62167982771],[8.750,67.838397790055],[9.000,66.366030283081],[9.250,65.933715742511],[9.500,65.301724137931],[9.750,64.616299821535],[10.000,63.727064220183],[10.250,61.79096352749],[10.500,59.793495095509],[10.750,59.075924075924],[11.000,58.200675349735],[11.250,57.026901669759],[11.500,56.001788908766],[11.750,55.286209887251],[12.000,54.014172571905],[12.250,50.700193423598],[12.500,50.237556561086],[12.750,49.145454545455],[13.000,47.793296089385],[13.250,46.22578490314],[13.500,44.627914404344],[13.750,43.026878436164],[14.000,41.38726635514],[14.250,39.306326304107],[14.500,36.871901904513],[14.750,33.997584541063],[15.000,30.832966064346],[15.250,27.132784958872],[15.500,22.846849865952],[15.750,17.292490118577],[16.000,11.91724137931],],],
{"title":"Cl\/Cd v Alpha","sortData":false,"legend":{"show":false,"placement":"insideGrid","location":"ne"},"series":[{"showLabel":true,"index":0,"showLine":true,"trendline":{"type":"none","show":false},"color":"#4bb2c5"},{"showLabel":true,"index":0,"showLine":true,"trendline":{"type":"none","show":false},"color":"#EAA228"},{"showLabel":true,"index":0,"showLine":true,"trendline":{"type":"none","show":false},"color":"#839557"},{"showLabel":true,"index":0,"showLine":true,"trendline":{"type":"none","show":false},"color":"#953579"},{"showLabel":true,"index":0,"showLine":true,"trendline":{"type":"none","show":false},"color":"#d8b83f"}],"show":"$.jqplot.config.enablePlugins","axes":{"xaxis":{"max":20,"min":-10,"tickInterval":5,"tickOptions":{"formatString":"%.1f"},"forceTickAt0":true,"rendererOptions":{"forceTickAt0":true}},"yaxis":{"max":80,"min":-60,"tickInterval":20,"tickOptions":{"formatString":"%d"},"forceTickAt0":true,"rendererOptions":{"forceTickAt0":true}}},"seriesDefaults":{"lineWidth":1,"showLabel":true,"markerOptions":{"size":5,"show":false}}});
jqplots.push(p);

});
/*]]>*/
</script>
</body>
</html>