<!DOCTYPE html>
<html lang="en">
<head>
<link rel="stylesheet" type="text/css" href="/assets/62ff72f1/jquery.jqplot.min.css" media="screen, projection, print" />
<style type="text/css">
/*<![CDATA[*/
.jqplot-title {font-size:1.8em;padding:3px;}.jqplot-xaxis {font-size:0.8em;padding-top:3px;}.jqplot-yaxis {font-size:0.8em;padding-right:3px;}
/*]]>*/
</style>
<!--[if lt IE 9]><script type="text/javascript" src="/assets/62ff72f1/excanvas.min.js"></script></script><![endif]-->
<script type="text/javascript" src="/assets/780cfc96/jquery.min.js"></script>
<script type="text/javascript" src="/assets/62ff72f1/jquery.min.js"></script>
<script type="text/javascript" src="/assets/62ff72f1/jquery.jqplot.min.js"></script>
<script type="text/javascript">
/*<![CDATA[*/
var jqplots = [];

/*]]>*/
</script>
<title>Airfoil polar plot</title>
<meta http-equiv="Content-Language" content="en-gb"/>
<meta http-equiv="Content-Type" content="text/html; charset=windows-1252"/>
<meta content="none" name="robots" />
<meta name="copyright" content="Copyright 2010-2013. All Rights Reserved" />
</head>
<body>

<table style="width:800px;">
<tr><td>
<div id="liftdrag" style="height:400px;width:398px;margin:auto;display:inline-block;"></div>
</td><td>
<div id="liftaoa" style="height:400px;width:398px;margin:auto;display:inline-block;"></div>
</td></tr>
<tr><td>
<div id="effaoa" style="height:400px;width:398px;margin:auto;display:inline-block;"></div>
</td><td>
<div id="dragaoa" style="height:400px;width:398px;margin:auto;display:inline-block;"></div>
</td></tr>
<tr><td>
<div id="momentaoa" style="height:400px;width:398px;margin:auto;display:inline-block;"></div>
</td><td>
</td></tr>

</table>
<script type="text/javascript">
/*<![CDATA[*/
jQuery(window).load(function() {
var p = $.jqplot('liftdrag',[[[0.12493,-0.2368],[0.12369,-0.2394],[0.12622,-0.2682],[0.11745,-0.2264],[0.11462,-0.2165],[0.11498,-0.2326],[0.11056,-0.2192],[0.10733,-0.2045],[0.10831,-0.2285],[0.10299,-0.2042],[0.10097,-0.2006],[0.10317,-0.2414],[0.09680,-0.2022],[0.09623,-0.2147],[0.09817,-0.2574],[0.09996,-0.2991],[0.10170,-0.3427],[0.09609,-0.2951],[0.09181,-0.2583],[0.08783,-0.2222],[0.08477,-0.2011],[0.07914,-0.1413],[0.07561,-0.1090],[0.07061,-0.0466],[0.06900,-0.0315],[0.06219,0.0652],[0.05686,0.1524],[0.03920,0.4391],[0.04013,0.4260],[0.04901,0.0729],[0.04565,0.1028],[0.04331,0.1315],[0.04189,0.1514],[0.04058,0.1727],[0.03933,0.1987],[0.03820,0.2267],[0.03780,0.2461],[0.03721,0.2697],[0.03652,0.2992],[0.03670,0.3174],[0.03620,0.3482],[0.03640,0.3689],[0.03671,0.3929],[0.03638,0.4259],[0.03734,0.4419],[0.03674,0.4726],[0.03565,0.5351],[0.03596,0.5646],[0.03863,0.5631],[0.03992,0.5809],[0.04140,0.5974],[0.04555,0.5778],[0.04602,0.6078],[0.05016,0.5920],[0.05668,0.5412],[0.06129,0.5155],[0.06506,0.5036],[0.06858,0.4996],[0.07174,0.5081],[0.08333,0.3611],[0.08625,0.3895],[0.08788,0.3891],[0.09046,0.4124],[0.09221,0.4147],[0.09540,0.4447],[0.09672,0.4400],[0.10040,0.4736],[0.10138,0.4665],[0.10623,0.5087],[0.10629,0.4928],[0.11026,0.5187],[0.11161,0.5229],[0.11385,0.5250],[0.11706,0.5493],[0.11879,0.5452],[0.12313,0.5802],[0.12398,0.5663],[0.12865,0.6010],[0.12933,0.5859],[0.13451,0.6241],[0.13473,0.6046],[0.13903,0.6331],],[[0.09742,-0.2126],[0.09529,-0.2123],[0.09431,-0.2314],[0.09519,-0.2729],[0.09143,-0.2766],[0.08676,-0.2306],[0.08257,-0.1923],[0.07649,-0.1777],[0.07276,-0.1346],[0.06433,-0.0780],[0.06160,-0.0481],[0.05834,-0.0416],[0.05621,-0.0205],[0.05384,-0.0116],[0.05203,0.0072],[0.05000,0.0191],[0.04843,0.0329],[0.04662,0.0504],[0.04496,0.0656],[0.03377,0.0936],[0.03155,0.1163],[0.02966,0.1379],[0.02834,0.1609],[0.02715,0.1853],[0.02618,0.2107],[0.02510,0.2345],[0.02439,0.2600],[0.02376,0.2864],[0.02343,0.3120],[0.02262,0.3387],[0.02228,0.3645],[0.02187,0.3910],[0.02156,0.4172],[0.02130,0.4428],[0.02106,0.4691],[0.02095,0.4939],[0.02080,0.5206],[0.01886,0.6092],[0.01923,0.6348],[0.01973,0.6572],[0.02013,0.6810],[0.02061,0.7065],[0.02117,0.7274],[0.02164,0.7516],[0.02223,0.7774],[0.02291,0.7969],[0.02345,0.8200],[0.02395,0.8461],[0.02478,0.8658],[0.02556,0.8862],[0.02616,0.9096],[0.02673,0.9359],[0.02776,0.9523],[0.02871,0.9705],[0.02936,0.9934],[0.02987,1.0203],[0.03111,1.0344],[0.03226,1.0485],[0.03276,1.0722],[0.03305,1.1018],[0.03474,1.1081],[0.03601,1.1195],[0.03633,1.1454],[0.03642,1.1787],[0.03908,1.1683],[0.04054,1.1761],[0.04033,1.2087],[0.04030,1.2442],[0.04518,1.1963],[0.04654,1.2033],[0.04473,1.2603],[0.04741,1.2491],[0.10606,0.7796],],[[0.09402,-0.2237],[0.09147,-0.2246],[0.08923,-0.2753],[0.08351,-0.2571],[0.08025,-0.2189],[0.07654,-0.1766],[0.07136,-0.1347],[0.06263,-0.1225],[0.06058,-0.0986],[0.05864,-0.0833],[0.05364,-0.0976],[0.04963,-0.0841],[0.04780,-0.0668],[0.04646,-0.0498],[0.04496,-0.0334],[0.04081,-0.0255],[0.02759,-0.0294],[0.02789,-0.0037],[0.02614,0.0165],[0.02442,0.0375],[0.02294,0.0596],[0.02177,0.0828],[0.02104,0.1069],[0.01995,0.1307],[0.01944,0.1559],[0.01894,0.1814],[0.01863,0.2071],[0.01793,0.2326],[0.01759,0.2586],[0.01739,0.2848],[0.01707,0.3111],[0.01669,0.3370],[0.01652,0.3631],[0.01634,0.3893],[0.01606,0.4148],[0.01607,0.4411],[0.01579,0.4661],[0.01580,0.4920],[0.01565,0.5168],[0.01555,0.5418],[0.01544,0.5661],[0.01375,0.6627],[0.01409,0.6874],[0.01428,0.7112],[0.01452,0.7356],[0.01490,0.7608],[0.01512,0.7844],[0.01535,0.8085],[0.01563,0.8333],[0.01603,0.8583],[0.01630,0.8818],[0.01658,0.9060],[0.01686,0.9307],[0.01730,0.9564],[0.01761,0.9793],[0.01792,1.0028],[0.01819,1.0269],[0.01848,1.0518],[0.01891,1.0755],[0.01918,1.0974],[0.01946,1.1207],[0.01975,1.1451],[0.02027,1.1711],[0.02060,1.1912],[0.02095,1.2128],[0.02128,1.2359],[0.02161,1.2602],[0.02216,1.2841],[0.02254,1.3024],[0.02291,1.3230],[0.02324,1.3456],[0.02369,1.3705],[0.02423,1.3882],[0.02466,1.4051],[0.02498,1.4250],[0.02535,1.4483],[0.02600,1.4655],[0.02650,1.4780],[0.02687,1.4948],[0.02725,1.5166],[0.02794,1.5273],[0.02851,1.5342],[0.02894,1.5454],[0.02941,1.5675],[0.03027,1.5622],[0.03110,1.5632],[0.03174,1.5719],[0.03239,1.5896],[0.03395,1.5799],[0.03531,1.5800],[0.03637,1.5869],[0.03746,1.5977],[0.03992,1.5874],[0.04197,1.5856],[0.04352,1.5908],[0.04487,1.6005],[0.04844,1.5859],[0.05143,1.5792],[0.05365,1.5805],[0.05417,1.5985],[0.05896,1.5774],[0.06385,1.5583],[0.06752,1.5506],[0.06949,1.5564],[0.06996,1.5741],[0.07840,1.5327],[0.08763,1.4897],[0.09419,1.4668],[0.09413,1.4871],[0.08894,1.5411],[0.20391,0.9957],],[[0.09267,-0.2503],[0.08939,-0.2431],[0.02432,-0.4011],[0.02205,-0.3880],[0.02072,-0.3700],[0.02012,-0.3482],[0.01961,-0.3255],[0.01904,-0.3028],[0.01842,-0.2797],[0.01768,-0.2567],[0.01706,-0.2331],[0.01568,-0.1856],[0.01533,-0.1602],[0.01504,-0.1347],[0.01470,-0.1091],[0.01435,-0.0833],[0.01408,-0.0574],[0.01352,-0.0326],[0.01339,-0.0067],[0.01326,0.0192],[0.01312,0.0452],[0.01284,0.0707],[0.01265,0.0963],[0.01260,0.1224],[0.01253,0.1489],[0.01236,0.1751],[0.01226,0.2010],[0.01220,0.2278],[0.01219,0.2545],[0.01199,0.2803],[0.01194,0.3071],[0.01196,0.3334],[0.01180,0.3599],[0.01174,0.3863],[0.01179,0.4124],[0.01165,0.4391],[0.01162,0.4654],[0.01167,0.4917],[0.01155,0.5180],[0.01158,0.5442],[0.01155,0.5699],[0.01150,0.5962],[0.01140,0.6210],[0.01110,0.6435],[0.00987,0.7513],[0.01008,0.7748],[0.01018,0.7997],[0.01033,0.8241],[0.01052,0.8479],[0.01076,0.8714],[0.01088,0.8963],[0.01103,0.9207],[0.01123,0.9447],[0.01150,0.9678],[0.01165,0.9922],[0.01179,1.0167],[0.01197,1.0407],[0.01222,1.0639],[0.01253,1.0867],[0.01269,1.1112],[0.01287,1.1352],[0.01306,1.1589],[0.01330,1.1820],[0.01361,1.2043],[0.01393,1.2268],[0.01411,1.2503],[0.01431,1.2734],[0.01453,1.2961],[0.01479,1.3179],[0.01515,1.3386],[0.01547,1.3601],[0.01567,1.3821],[0.01589,1.4035],[0.01614,1.4239],[0.01649,1.4426],[0.01690,1.4608],[0.01711,1.4802],[0.01735,1.4974],[0.01767,1.5126],[0.01816,1.5251],[0.01847,1.5422],[0.01881,1.5587],[0.01931,1.5724],[0.01993,1.5848],[0.02042,1.6006],[0.02116,1.6122],[0.02206,1.6223],[0.02288,1.6349],[0.02410,1.6422],[0.02538,1.6502],[0.02672,1.6585],[0.02856,1.6617],[0.03045,1.6653],[0.03228,1.6706],[0.03455,1.6715],[0.03743,1.6667],[0.03982,1.6675],[0.04227,1.6682],[0.04518,1.6648],[0.04859,1.6574],[0.05237,1.6473],[0.05567,1.6426],[0.05891,1.6394],[0.06270,1.6326],[0.06665,1.6241],[0.07076,1.6144],[0.07459,1.6065],[0.07851,1.6003],[0.08240,1.5940],[0.08672,1.5850],[0.09076,1.5774],],[[0.15382,-0.3746],[0.14156,-0.2602],[0.03517,-0.9532],[0.03247,-0.9623],[0.03086,-0.9574],[0.02905,-0.9541],[0.02839,-0.9383],[0.02570,-0.9419],[0.02425,-0.9332],[0.02335,-0.9189],[0.02265,-0.9026],[0.02191,-0.8824],[0.02107,-0.8455],[0.02024,-0.8088],[0.01941,-0.7775],[0.01863,-0.7446],[0.01705,-0.6730],[0.01622,-0.6134],[0.01574,-0.5694],[0.01485,-0.5507],[0.01452,-0.5294],[0.01428,-0.5064],[0.01402,-0.4826],[0.01375,-0.4580],[0.01347,-0.4330],[0.01320,-0.4079],[0.01291,-0.3823],[0.01267,-0.3566],[0.01246,-0.3304],[0.01193,-0.3064],[0.01166,-0.2809],[0.01149,-0.2545],[0.01133,-0.2277],[0.01119,-0.2012],[0.01105,-0.1746],[0.01095,-0.1478],[0.01059,-0.1228],[0.01049,-0.0965],[0.01043,-0.0700],[0.01038,-0.0434],[0.01036,-0.0167],[0.01016,0.0091],[0.01010,0.0361],[0.01008,0.0631],[0.01006,0.0903],[0.00991,0.1168],[0.00986,0.1441],[0.00985,0.1711],[0.00982,0.1989],[0.00970,0.2257],[0.00972,0.2528],[0.00969,0.2807],[0.00961,0.3078],[0.00962,0.3347],[0.00961,0.3624],[0.00956,0.3896],[0.00957,0.4164],[0.00957,0.4441],[0.00954,0.4712],[0.00957,0.4979],[0.00959,0.5255],[0.00957,0.5523],[0.00964,0.5788],[0.00962,0.6059],[0.00965,0.6325],[0.00966,0.6584],[0.00941,0.6827],[0.00937,0.7081],[0.00901,0.7284],[0.00830,0.8468],[0.00844,0.8712],[0.00862,0.8949],[0.00874,0.9197],[0.00884,0.9447],[0.00899,0.9692],[0.00917,0.9931],[0.00937,1.0168],[0.00947,1.0420],[0.00959,1.0670],[0.00973,1.0916],[0.00989,1.1158],[0.01008,1.1396],[0.01032,1.1625],[0.01048,1.1868],[0.01060,1.2117],[0.01074,1.2364],[0.01090,1.2605],[0.01109,1.2842],[0.01132,1.3071],[0.01160,1.3289],[0.01172,1.3536],[0.01186,1.3780],[0.01203,1.4018],[0.01224,1.4246],[0.01250,1.4463],[0.01276,1.4681],[0.01290,1.4918],[0.01310,1.5143],[0.01339,1.5350],[0.01368,1.5554],[0.01390,1.5770],[0.01422,1.5963],[0.01459,1.6130],[0.01488,1.6298],[0.01533,1.6434],[0.01575,1.6582],[0.01628,1.6714],[0.01688,1.6837],[0.01749,1.6965],[0.01832,1.7056],[0.01902,1.7183],[0.01988,1.7289],[0.02103,1.7358],[0.02213,1.7450],[0.02326,1.7548],[0.02471,1.7613],[0.02644,1.7658],[0.02836,1.7690],[0.02989,1.7774],[0.03180,1.7822],[0.03417,1.7824],[0.03709,1.7780],[0.04021,1.7720],[0.04271,1.7727],[0.04547,1.7713],[0.04865,1.7666],[0.05254,1.7570],[0.05685,1.7445],[0.06205,1.7259],[0.06744,1.7064],[0.07119,1.7002],[0.07541,1.6906],[0.08007,1.6779],[0.08480,1.6648],],],
{"title":"Cl v Cd","sortData":false,"legend":{"show":false,"placement":"insideGrid","location":"ne"},"series":[{"showLabel":true,"index":0,"showLine":true,"trendline":{"type":"none","show":false},"color":"#4bb2c5"},{"showLabel":true,"index":0,"showLine":true,"trendline":{"type":"none","show":false},"color":"#EAA228"},{"showLabel":true,"index":0,"showLine":true,"trendline":{"type":"none","show":false},"color":"#839557"},{"showLabel":true,"index":0,"showLine":true,"trendline":{"type":"none","show":false},"color":"#953579"},{"showLabel":true,"index":0,"showLine":true,"trendline":{"type":"none","show":false},"color":"#d8b83f"}],"show":"$.jqplot.config.enablePlugins","axes":{"xaxis":{"max":0.25,"min":0,"tickInterval":0.05,"tickOptions":{"formatString":"%.2f"},"forceTickAt0":true,"rendererOptions":{"forceTickAt0":true}},"yaxis":{"max":2,"min":-1,"tickInterval":0.5,"tickOptions":{"formatString":"%.2f"},"forceTickAt0":true,"rendererOptions":{"forceTickAt0":true}}},"seriesDefaults":{"lineWidth":1,"showLabel":true,"markerOptions":{"size":5,"show":false}}});
jqplots.push(p);

var p = $.jqplot('liftaoa',[[[-10.250,-0.2368],[-10.000,-0.2394],[-9.750,-0.2682],[-9.500,-0.2264],[-9.250,-0.2165],[-9.000,-0.2326],[-8.750,-0.2192],[-8.500,-0.2045],[-8.250,-0.2285],[-8.000,-0.2042],[-7.750,-0.2006],[-7.500,-0.2414],[-7.250,-0.2022],[-7.000,-0.2147],[-6.750,-0.2574],[-6.500,-0.2991],[-6.250,-0.3427],[-6.000,-0.2951],[-5.750,-0.2583],[-5.500,-0.2222],[-5.250,-0.2011],[-5.000,-0.1413],[-4.750,-0.1090],[-4.500,-0.0466],[-4.250,-0.0315],[-4.000,0.0652],[-3.750,0.1524],[-3.500,0.4391],[-3.250,0.4260],[-3.000,0.0729],[-2.750,0.1028],[-2.500,0.1315],[-2.250,0.1514],[-2.000,0.1727],[-1.750,0.1987],[-1.500,0.2267],[-1.250,0.2461],[-1.000,0.2697],[-0.750,0.2992],[-0.500,0.3174],[-0.250,0.3482],[0.000,0.3689],[0.250,0.3929],[0.500,0.4259],[0.750,0.4419],[1.000,0.4726],[1.250,0.5351],[1.500,0.5646],[1.750,0.5631],[2.000,0.5809],[2.250,0.5974],[2.500,0.5778],[2.750,0.6078],[3.000,0.5920],[3.250,0.5412],[3.500,0.5155],[3.750,0.5036],[4.000,0.4996],[4.250,0.5081],[4.500,0.3611],[4.750,0.3895],[5.000,0.3891],[5.250,0.4124],[5.500,0.4147],[5.750,0.4447],[6.000,0.4400],[6.250,0.4736],[6.500,0.4665],[6.750,0.5087],[7.000,0.4928],[7.250,0.5187],[7.500,0.5229],[7.750,0.5250],[8.000,0.5493],[8.250,0.5452],[8.500,0.5802],[8.750,0.5663],[9.000,0.6010],[9.250,0.5859],[9.500,0.6241],[9.750,0.6046],[10.000,0.6331],],[[-8.250,-0.2126],[-8.000,-0.2123],[-7.750,-0.2314],[-7.500,-0.2729],[-7.250,-0.2766],[-7.000,-0.2306],[-6.750,-0.1923],[-6.500,-0.1777],[-6.250,-0.1346],[-5.750,-0.0780],[-5.500,-0.0481],[-5.250,-0.0416],[-5.000,-0.0205],[-4.750,-0.0116],[-4.500,0.0072],[-4.250,0.0191],[-4.000,0.0329],[-3.750,0.0504],[-3.500,0.0656],[-3.250,0.0936],[-3.000,0.1163],[-2.750,0.1379],[-2.500,0.1609],[-2.250,0.1853],[-2.000,0.2107],[-1.750,0.2345],[-1.500,0.2600],[-1.250,0.2864],[-1.000,0.3120],[-0.750,0.3387],[-0.500,0.3645],[-0.250,0.3910],[0.000,0.4172],[0.250,0.4428],[0.500,0.4691],[0.750,0.4939],[1.000,0.5206],[1.250,0.6092],[1.500,0.6348],[1.750,0.6572],[2.000,0.6810],[2.250,0.7065],[2.500,0.7274],[2.750,0.7516],[3.000,0.7774],[3.250,0.7969],[3.500,0.8200],[3.750,0.8461],[4.000,0.8658],[4.250,0.8862],[4.500,0.9096],[4.750,0.9359],[5.000,0.9523],[5.250,0.9705],[5.500,0.9934],[5.750,1.0203],[6.000,1.0344],[6.250,1.0485],[6.500,1.0722],[6.750,1.1018],[7.000,1.1081],[7.250,1.1195],[7.500,1.1454],[7.750,1.1787],[8.000,1.1683],[8.250,1.1761],[8.500,1.2087],[8.750,1.2442],[9.000,1.1963],[9.250,1.2033],[9.500,1.2603],[9.750,1.2491],[10.000,0.7796],],[[-8.500,-0.2237],[-8.250,-0.2246],[-8.000,-0.2753],[-7.750,-0.2571],[-7.500,-0.2189],[-7.250,-0.1766],[-7.000,-0.1347],[-6.750,-0.1225],[-6.500,-0.0986],[-6.250,-0.0833],[-6.000,-0.0976],[-5.750,-0.0841],[-5.500,-0.0668],[-5.250,-0.0498],[-5.000,-0.0334],[-4.750,-0.0255],[-4.500,-0.0294],[-4.250,-0.0037],[-4.000,0.0165],[-3.750,0.0375],[-3.500,0.0596],[-3.250,0.0828],[-3.000,0.1069],[-2.750,0.1307],[-2.500,0.1559],[-2.250,0.1814],[-2.000,0.2071],[-1.750,0.2326],[-1.500,0.2586],[-1.250,0.2848],[-1.000,0.3111],[-0.750,0.3370],[-0.500,0.3631],[-0.250,0.3893],[0.000,0.4148],[0.250,0.4411],[0.500,0.4661],[0.750,0.4920],[1.000,0.5168],[1.250,0.5418],[1.500,0.5661],[1.750,0.6627],[2.000,0.6874],[2.250,0.7112],[2.500,0.7356],[2.750,0.7608],[3.000,0.7844],[3.250,0.8085],[3.500,0.8333],[3.750,0.8583],[4.000,0.8818],[4.250,0.9060],[4.500,0.9307],[4.750,0.9564],[5.000,0.9793],[5.250,1.0028],[5.500,1.0269],[5.750,1.0518],[6.000,1.0755],[6.250,1.0974],[6.500,1.1207],[6.750,1.1451],[7.000,1.1711],[7.250,1.1912],[7.500,1.2128],[7.750,1.2359],[8.000,1.2602],[8.250,1.2841],[8.500,1.3024],[8.750,1.3230],[9.000,1.3456],[9.250,1.3705],[9.500,1.3882],[9.750,1.4051],[10.000,1.4250],[10.250,1.4483],[10.500,1.4655],[10.750,1.4780],[11.000,1.4948],[11.250,1.5166],[11.500,1.5273],[11.750,1.5342],[12.000,1.5454],[12.250,1.5675],[12.500,1.5622],[12.750,1.5632],[13.000,1.5719],[13.250,1.5896],[13.500,1.5799],[13.750,1.5800],[14.000,1.5869],[14.250,1.5977],[14.500,1.5874],[14.750,1.5856],[15.000,1.5908],[15.250,1.6005],[15.500,1.5859],[15.750,1.5792],[16.000,1.5805],[16.250,1.5985],[16.500,1.5774],[16.750,1.5583],[17.000,1.5506],[17.250,1.5564],[17.500,1.5741],[17.750,1.5327],[18.000,1.4897],[18.250,1.4668],[18.500,1.4871],[18.750,1.5411],[19.000,0.9957],],[[-9.000,-0.2503],[-8.750,-0.2431],[-8.250,-0.4011],[-8.000,-0.3880],[-7.750,-0.3700],[-7.500,-0.3482],[-7.250,-0.3255],[-7.000,-0.3028],[-6.750,-0.2797],[-6.500,-0.2567],[-6.250,-0.2331],[-5.750,-0.1856],[-5.500,-0.1602],[-5.250,-0.1347],[-5.000,-0.1091],[-4.750,-0.0833],[-4.500,-0.0574],[-4.250,-0.0326],[-4.000,-0.0067],[-3.750,0.0192],[-3.500,0.0452],[-3.250,0.0707],[-3.000,0.0963],[-2.750,0.1224],[-2.500,0.1489],[-2.250,0.1751],[-2.000,0.2010],[-1.750,0.2278],[-1.500,0.2545],[-1.250,0.2803],[-1.000,0.3071],[-0.750,0.3334],[-0.500,0.3599],[-0.250,0.3863],[0.000,0.4124],[0.250,0.4391],[0.500,0.4654],[0.750,0.4917],[1.000,0.5180],[1.250,0.5442],[1.500,0.5699],[1.750,0.5962],[2.000,0.6210],[2.250,0.6435],[2.500,0.7513],[2.750,0.7748],[3.000,0.7997],[3.250,0.8241],[3.500,0.8479],[3.750,0.8714],[4.000,0.8963],[4.250,0.9207],[4.500,0.9447],[4.750,0.9678],[5.000,0.9922],[5.250,1.0167],[5.500,1.0407],[5.750,1.0639],[6.000,1.0867],[6.250,1.1112],[6.500,1.1352],[6.750,1.1589],[7.000,1.1820],[7.250,1.2043],[7.500,1.2268],[7.750,1.2503],[8.000,1.2734],[8.250,1.2961],[8.500,1.3179],[8.750,1.3386],[9.000,1.3601],[9.250,1.3821],[9.500,1.4035],[9.750,1.4239],[10.000,1.4426],[10.250,1.4608],[10.500,1.4802],[10.750,1.4974],[11.000,1.5126],[11.250,1.5251],[11.500,1.5422],[11.750,1.5587],[12.000,1.5724],[12.250,1.5848],[12.500,1.6006],[12.750,1.6122],[13.000,1.6223],[13.250,1.6349],[13.500,1.6422],[13.750,1.6502],[14.000,1.6585],[14.250,1.6617],[14.500,1.6653],[14.750,1.6706],[15.000,1.6715],[15.250,1.6667],[15.500,1.6675],[15.750,1.6682],[16.000,1.6648],[16.250,1.6574],[16.500,1.6473],[16.750,1.6426],[17.000,1.6394],[17.250,1.6326],[17.500,1.6241],[17.750,1.6144],[18.000,1.6065],[18.250,1.6003],[18.500,1.5940],[18.750,1.5850],[19.000,1.5774],],[[-14.250,-0.3746],[-14.000,-0.2602],[-13.750,-0.9532],[-13.500,-0.9623],[-13.250,-0.9574],[-13.000,-0.9541],[-12.750,-0.9383],[-12.500,-0.9419],[-12.250,-0.9332],[-12.000,-0.9189],[-11.750,-0.9026],[-11.500,-0.8824],[-11.250,-0.8455],[-11.000,-0.8088],[-10.750,-0.7775],[-10.500,-0.7446],[-10.000,-0.6730],[-9.750,-0.6134],[-9.500,-0.5694],[-9.250,-0.5507],[-9.000,-0.5294],[-8.750,-0.5064],[-8.500,-0.4826],[-8.250,-0.4580],[-8.000,-0.4330],[-7.750,-0.4079],[-7.500,-0.3823],[-7.250,-0.3566],[-7.000,-0.3304],[-6.750,-0.3064],[-6.500,-0.2809],[-6.250,-0.2545],[-6.000,-0.2277],[-5.750,-0.2012],[-5.500,-0.1746],[-5.250,-0.1478],[-5.000,-0.1228],[-4.750,-0.0965],[-4.500,-0.0700],[-4.250,-0.0434],[-4.000,-0.0167],[-3.750,0.0091],[-3.500,0.0361],[-3.250,0.0631],[-3.000,0.0903],[-2.750,0.1168],[-2.500,0.1441],[-2.250,0.1711],[-2.000,0.1989],[-1.750,0.2257],[-1.500,0.2528],[-1.250,0.2807],[-1.000,0.3078],[-0.750,0.3347],[-0.500,0.3624],[-0.250,0.3896],[0.000,0.4164],[0.250,0.4441],[0.500,0.4712],[0.750,0.4979],[1.000,0.5255],[1.250,0.5523],[1.500,0.5788],[1.750,0.6059],[2.000,0.6325],[2.250,0.6584],[2.500,0.6827],[2.750,0.7081],[3.000,0.7284],[3.250,0.8468],[3.500,0.8712],[3.750,0.8949],[4.000,0.9197],[4.250,0.9447],[4.500,0.9692],[4.750,0.9931],[5.000,1.0168],[5.250,1.0420],[5.500,1.0670],[5.750,1.0916],[6.000,1.1158],[6.250,1.1396],[6.500,1.1625],[6.750,1.1868],[7.000,1.2117],[7.250,1.2364],[7.500,1.2605],[7.750,1.2842],[8.000,1.3071],[8.250,1.3289],[8.500,1.3536],[8.750,1.3780],[9.000,1.4018],[9.250,1.4246],[9.500,1.4463],[9.750,1.4681],[10.000,1.4918],[10.250,1.5143],[10.500,1.5350],[10.750,1.5554],[11.000,1.5770],[11.250,1.5963],[11.500,1.6130],[11.750,1.6298],[12.000,1.6434],[12.250,1.6582],[12.500,1.6714],[12.750,1.6837],[13.000,1.6965],[13.250,1.7056],[13.500,1.7183],[13.750,1.7289],[14.000,1.7358],[14.250,1.7450],[14.500,1.7548],[14.750,1.7613],[15.000,1.7658],[15.250,1.7690],[15.500,1.7774],[15.750,1.7822],[16.000,1.7824],[16.250,1.7780],[16.500,1.7720],[16.750,1.7727],[17.000,1.7713],[17.250,1.7666],[17.500,1.7570],[17.750,1.7445],[18.000,1.7259],[18.250,1.7064],[18.500,1.7002],[18.750,1.6906],[19.000,1.6779],[19.250,1.6648],],],
{"title":"Cl v Alpha","sortData":false,"legend":{"show":false,"placement":"insideGrid","location":"ne"},"series":[{"showLabel":true,"index":0,"showLine":true,"trendline":{"type":"none","show":false},"color":"#4bb2c5"},{"showLabel":true,"index":0,"showLine":true,"trendline":{"type":"none","show":false},"color":"#EAA228"},{"showLabel":true,"index":0,"showLine":true,"trendline":{"type":"none","show":false},"color":"#839557"},{"showLabel":true,"index":0,"showLine":true,"trendline":{"type":"none","show":false},"color":"#953579"},{"showLabel":true,"index":0,"showLine":true,"trendline":{"type":"none","show":false},"color":"#d8b83f"}],"show":"$.jqplot.config.enablePlugins","axes":{"xaxis":{"max":20,"min":-15,"tickInterval":5,"tickOptions":{"formatString":"%.1f"},"forceTickAt0":true,"rendererOptions":{"forceTickAt0":true}},"yaxis":{"max":2,"min":-1,"tickInterval":0.5,"tickOptions":{"formatString":"%.2f"},"forceTickAt0":true,"rendererOptions":{"forceTickAt0":true}}},"seriesDefaults":{"lineWidth":1,"showLabel":true,"markerOptions":{"size":5,"show":false}}});
jqplots.push(p);

var p = $.jqplot('momentaoa',[[[-10.250,-0.0178],[-10.000,-0.0188],[-9.750,-0.0214],[-9.500,-0.0193],[-9.250,-0.0191],[-9.000,-0.0204],[-8.750,-0.0199],[-8.500,-0.0190],[-8.250,-0.0198],[-8.000,-0.0186],[-7.750,-0.0177],[-7.500,-0.0171],[-7.250,-0.0156],[-7.000,-0.0134],[-6.750,-0.0080],[-6.500,-0.0022],[-6.250,0.0023],[-6.000,-0.0007],[-5.750,-0.0085],[-5.500,-0.0154],[-5.250,-0.0248],[-5.000,-0.0278],[-4.750,-0.0334],[-4.500,-0.0363],[-4.250,-0.0366],[-4.000,-0.0403],[-3.750,-0.0420],[-3.500,-0.0792],[-3.250,-0.0737],[-3.000,-0.0783],[-2.750,-0.0801],[-2.500,-0.0804],[-2.250,-0.0796],[-2.000,-0.0788],[-1.750,-0.0782],[-1.500,-0.0776],[-1.250,-0.0763],[-1.000,-0.0753],[-0.750,-0.0746],[-0.500,-0.0734],[-0.250,-0.0729],[0.000,-0.0719],[0.250,-0.0713],[0.500,-0.0712],[0.750,-0.0704],[1.000,-0.0700],[1.250,-0.0762],[1.500,-0.0752],[1.750,-0.0733],[2.000,-0.0721],[2.250,-0.0709],[2.500,-0.0688],[2.750,-0.0681],[3.000,-0.0665],[3.250,-0.0644],[3.500,-0.0631],[3.750,-0.0625],[4.000,-0.0624],[4.250,-0.0627],[4.500,-0.0673],[4.750,-0.0683],[5.000,-0.0669],[5.250,-0.0674],[5.500,-0.0662],[5.750,-0.0672],[6.000,-0.0656],[6.250,-0.0669],[6.500,-0.0652],[6.750,-0.0670],[7.000,-0.0648],[7.250,-0.0656],[7.500,-0.0647],[7.750,-0.0642],[8.000,-0.0646],[8.250,-0.0638],[8.500,-0.0646],[8.750,-0.0636],[9.000,-0.0645],[9.250,-0.0636],[9.500,-0.0645],[9.750,-0.0637],[10.000,-0.0642],],[[-8.250,-0.0251],[-8.000,-0.0251],[-7.750,-0.0263],[-7.500,-0.0238],[-7.250,-0.0318],[-7.000,-0.0295],[-6.750,-0.0343],[-6.500,-0.0555],[-6.250,-0.0528],[-5.750,-0.0672],[-5.500,-0.0681],[-5.250,-0.0736],[-5.000,-0.0715],[-4.750,-0.0741],[-4.500,-0.0712],[-4.250,-0.0716],[-4.000,-0.0716],[-3.750,-0.0691],[-3.500,-0.0682],[-3.250,-0.0765],[-3.000,-0.0755],[-2.750,-0.0743],[-2.500,-0.0731],[-2.250,-0.0720],[-2.000,-0.0709],[-1.750,-0.0700],[-1.500,-0.0692],[-1.250,-0.0683],[-1.000,-0.0673],[-0.750,-0.0667],[-0.500,-0.0659],[-0.250,-0.0652],[0.000,-0.0645],[0.250,-0.0637],[0.500,-0.0629],[0.750,-0.0621],[1.000,-0.0614],[1.250,-0.0727],[1.500,-0.0719],[1.750,-0.0707],[2.000,-0.0697],[2.250,-0.0690],[2.500,-0.0677],[2.750,-0.0668],[3.000,-0.0662],[3.250,-0.0648],[3.500,-0.0639],[3.750,-0.0633],[4.000,-0.0620],[4.250,-0.0608],[4.500,-0.0600],[4.750,-0.0595],[5.000,-0.0580],[5.250,-0.0566],[5.500,-0.0558],[5.750,-0.0554],[6.000,-0.0537],[6.250,-0.0520],[6.500,-0.0513],[6.750,-0.0511],[7.000,-0.0488],[7.250,-0.0469],[7.500,-0.0464],[7.750,-0.0466],[8.000,-0.0429],[8.250,-0.0408],[8.500,-0.0408],[8.750,-0.0412],[9.000,-0.0348],[9.250,-0.0329],[9.500,-0.0345],[9.750,-0.0313],[10.000,-0.0433],],[[-8.500,-0.0267],[-8.250,-0.0274],[-8.000,-0.0326],[-7.750,-0.0383],[-7.500,-0.0386],[-7.250,-0.0437],[-7.000,-0.0554],[-6.750,-0.0740],[-6.500,-0.0738],[-6.250,-0.0735],[-6.000,-0.0813],[-5.750,-0.0806],[-5.500,-0.0792],[-5.250,-0.0777],[-5.000,-0.0767],[-4.750,-0.0784],[-4.500,-0.0769],[-4.250,-0.0764],[-4.000,-0.0752],[-3.750,-0.0738],[-3.500,-0.0726],[-3.250,-0.0713],[-3.000,-0.0701],[-2.750,-0.0692],[-2.500,-0.0684],[-2.250,-0.0676],[-2.000,-0.0666],[-1.750,-0.0659],[-1.500,-0.0653],[-1.250,-0.0645],[-1.000,-0.0638],[-0.750,-0.0632],[-0.500,-0.0625],[-0.250,-0.0618],[0.000,-0.0611],[0.250,-0.0605],[0.500,-0.0597],[0.750,-0.0590],[1.000,-0.0582],[1.250,-0.0574],[1.500,-0.0565],[1.750,-0.0704],[2.000,-0.0696],[2.250,-0.0685],[2.500,-0.0676],[2.750,-0.0669],[3.000,-0.0659],[3.250,-0.0649],[3.500,-0.0641],[3.750,-0.0634],[4.000,-0.0624],[4.250,-0.0616],[4.500,-0.0608],[4.750,-0.0603],[5.000,-0.0592],[5.250,-0.0583],[5.500,-0.0575],[5.750,-0.0568],[6.000,-0.0560],[6.250,-0.0549],[6.500,-0.0540],[6.750,-0.0533],[7.000,-0.0529],[7.250,-0.0516],[7.500,-0.0505],[7.750,-0.0496],[8.000,-0.0490],[8.250,-0.0484],[8.500,-0.0469],[8.750,-0.0457],[9.000,-0.0449],[9.250,-0.0445],[9.500,-0.0430],[9.750,-0.0413],[10.000,-0.0401],[10.250,-0.0395],[10.500,-0.0381],[10.750,-0.0359],[11.000,-0.0343],[11.250,-0.0336],[11.500,-0.0313],[11.750,-0.0285],[12.000,-0.0261],[12.250,-0.0255],[12.500,-0.0213],[12.750,-0.0183],[13.000,-0.0163],[13.250,-0.0154],[13.500,-0.0124],[13.750,-0.0106],[14.000,-0.0094],[14.250,-0.0085],[14.500,-0.0072],[14.750,-0.0064],[15.000,-0.0059],[15.250,-0.0052],[15.500,-0.0051],[15.750,-0.0052],[16.000,-0.0051],[16.250,-0.0044],[16.500,-0.0053],[16.750,-0.0064],[17.000,-0.0073],[17.250,-0.0074],[17.500,-0.0066],[17.750,-0.0099],[18.000,-0.0137],[18.250,-0.0163],[18.500,-0.0156],[18.750,-0.0119],[19.000,-0.0730],],[[-9.000,-0.0267],[-8.750,-0.0290],[-8.250,-0.0875],[-8.000,-0.0859],[-7.750,-0.0845],[-7.500,-0.0833],[-7.250,-0.0822],[-7.000,-0.0812],[-6.750,-0.0801],[-6.500,-0.0791],[-6.250,-0.0780],[-5.750,-0.0760],[-5.500,-0.0752],[-5.250,-0.0744],[-5.000,-0.0736],[-4.750,-0.0729],[-4.500,-0.0721],[-4.250,-0.0712],[-4.000,-0.0705],[-3.750,-0.0697],[-3.500,-0.0689],[-3.250,-0.0681],[-3.000,-0.0674],[-2.750,-0.0667],[-2.500,-0.0660],[-2.250,-0.0654],[-2.000,-0.0647],[-1.750,-0.0641],[-1.500,-0.0635],[-1.250,-0.0628],[-1.000,-0.0623],[-0.750,-0.0616],[-0.500,-0.0610],[-0.250,-0.0604],[0.000,-0.0598],[0.250,-0.0592],[0.500,-0.0586],[0.750,-0.0580],[1.000,-0.0574],[1.250,-0.0568],[1.500,-0.0561],[1.750,-0.0555],[2.000,-0.0547],[2.250,-0.0537],[2.500,-0.0706],[2.750,-0.0695],[3.000,-0.0687],[3.250,-0.0677],[3.500,-0.0667],[3.750,-0.0657],[4.000,-0.0648],[4.250,-0.0640],[4.500,-0.0630],[4.750,-0.0620],[5.000,-0.0611],[5.250,-0.0603],[5.500,-0.0594],[5.750,-0.0584],[6.000,-0.0573],[6.250,-0.0565],[6.500,-0.0557],[6.750,-0.0548],[7.000,-0.0539],[7.250,-0.0528],[7.500,-0.0518],[7.750,-0.0509],[8.000,-0.0500],[8.250,-0.0490],[8.500,-0.0480],[8.750,-0.0468],[9.000,-0.0457],[9.250,-0.0446],[9.500,-0.0435],[9.750,-0.0423],[10.000,-0.0408],[10.250,-0.0393],[10.500,-0.0379],[10.750,-0.0362],[11.000,-0.0341],[11.250,-0.0319],[11.500,-0.0303],[11.750,-0.0288],[12.000,-0.0270],[12.250,-0.0252],[12.500,-0.0239],[12.750,-0.0223],[13.000,-0.0208],[13.250,-0.0196],[13.500,-0.0183],[13.750,-0.0172],[14.000,-0.0163],[14.250,-0.0155],[14.500,-0.0148],[14.750,-0.0143],[15.000,-0.0140],[15.250,-0.0137],[15.500,-0.0134],[15.750,-0.0133],[16.000,-0.0134],[16.250,-0.0136],[16.500,-0.0139],[16.750,-0.0144],[17.000,-0.0149],[17.250,-0.0157],[17.500,-0.0165],[17.750,-0.0174],[18.000,-0.0182],[18.250,-0.0193],[18.500,-0.0203],[18.750,-0.0216],[19.000,-0.0228],],[[-14.250,-0.0046],[-14.000,-0.0177],[-13.750,-0.0842],[-13.500,-0.0826],[-13.250,-0.0810],[-13.000,-0.0790],[-12.750,-0.0776],[-12.500,-0.0749],[-12.250,-0.0727],[-12.000,-0.0708],[-11.750,-0.0690],[-11.500,-0.0679],[-11.250,-0.0701],[-11.000,-0.0723],[-10.750,-0.0732],[-10.500,-0.0745],[-10.000,-0.0779],[-9.750,-0.0845],[-9.500,-0.0877],[-9.250,-0.0861],[-9.000,-0.0845],[-8.750,-0.0833],[-8.500,-0.0822],[-8.250,-0.0813],[-8.000,-0.0804],[-7.750,-0.0796],[-7.500,-0.0788],[-7.250,-0.0780],[-7.000,-0.0773],[-6.750,-0.0763],[-6.500,-0.0755],[-6.250,-0.0748],[-6.000,-0.0742],[-5.750,-0.0735],[-5.500,-0.0729],[-5.250,-0.0722],[-5.000,-0.0714],[-4.750,-0.0707],[-4.500,-0.0700],[-4.250,-0.0694],[-4.000,-0.0687],[-3.750,-0.0680],[-3.500,-0.0674],[-3.250,-0.0669],[-3.000,-0.0664],[-2.750,-0.0657],[-2.500,-0.0652],[-2.250,-0.0647],[-2.000,-0.0643],[-1.750,-0.0637],[-1.500,-0.0632],[-1.250,-0.0628],[-1.000,-0.0623],[-0.750,-0.0618],[-0.500,-0.0614],[-0.250,-0.0609],[0.000,-0.0604],[0.250,-0.0600],[0.500,-0.0595],[0.750,-0.0590],[1.000,-0.0586],[1.250,-0.0581],[1.500,-0.0575],[1.750,-0.0571],[2.000,-0.0566],[2.250,-0.0559],[2.500,-0.0551],[2.750,-0.0544],[3.000,-0.0529],[3.250,-0.0723],[3.500,-0.0714],[3.750,-0.0703],[4.000,-0.0695],[4.250,-0.0687],[4.500,-0.0678],[4.750,-0.0668],[5.000,-0.0658],[5.250,-0.0651],[5.500,-0.0643],[5.750,-0.0635],[6.000,-0.0627],[6.250,-0.0618],[6.500,-0.0607],[6.750,-0.0599],[7.000,-0.0592],[7.250,-0.0585],[7.500,-0.0577],[7.750,-0.0568],[8.000,-0.0558],[8.250,-0.0547],[8.500,-0.0540],[8.750,-0.0533],[9.000,-0.0525],[9.250,-0.0516],[9.500,-0.0506],[9.750,-0.0495],[10.000,-0.0488],[10.250,-0.0479],[10.500,-0.0467],[10.750,-0.0455],[11.000,-0.0445],[11.250,-0.0431],[11.500,-0.0413],[11.750,-0.0396],[12.000,-0.0373],[12.250,-0.0354],[12.500,-0.0333],[12.750,-0.0313],[13.000,-0.0295],[13.250,-0.0274],[13.500,-0.0258],[13.750,-0.0243],[14.000,-0.0226],[14.250,-0.0213],[14.500,-0.0203],[14.750,-0.0193],[15.000,-0.0184],[15.250,-0.0177],[15.500,-0.0173],[15.750,-0.0169],[16.000,-0.0166],[16.250,-0.0164],[16.500,-0.0163],[16.750,-0.0163],[17.000,-0.0164],[17.250,-0.0167],[17.500,-0.0172],[17.750,-0.0179],[18.000,-0.0190],[18.250,-0.0203],[18.500,-0.0211],[18.750,-0.0221],[19.000,-0.0233],[19.250,-0.0246],],],
{"title":"Cm v Alpha","sortData":false,"legend":{"show":false,"placement":"insideGrid","location":"ne"},"series":[{"showLabel":true,"index":0,"showLine":true,"trendline":{"type":"none","show":false},"color":"#4bb2c5"},{"showLabel":true,"index":0,"showLine":true,"trendline":{"type":"none","show":false},"color":"#EAA228"},{"showLabel":true,"index":0,"showLine":true,"trendline":{"type":"none","show":false},"color":"#839557"},{"showLabel":true,"index":0,"showLine":true,"trendline":{"type":"none","show":false},"color":"#953579"},{"showLabel":true,"index":0,"showLine":true,"trendline":{"type":"none","show":false},"color":"#d8b83f"}],"show":"$.jqplot.config.enablePlugins","axes":{"xaxis":{"max":20,"min":-15,"tickInterval":5,"tickOptions":{"formatString":"%.1f"},"forceTickAt0":true,"rendererOptions":{"forceTickAt0":true}},"yaxis":{"max":0.01,"min":-0.09,"tickInterval":0.01,"tickOptions":{"formatString":"%.2f"},"forceTickAt0":true,"rendererOptions":{"forceTickAt0":true}}},"seriesDefaults":{"lineWidth":1,"showLabel":true,"markerOptions":{"size":5,"show":false}}});
jqplots.push(p);

var p = $.jqplot('dragaoa',[[[-10.250,0.12493],[-10.000,0.12369],[-9.750,0.12622],[-9.500,0.11745],[-9.250,0.11462],[-9.000,0.11498],[-8.750,0.11056],[-8.500,0.10733],[-8.250,0.10831],[-8.000,0.10299],[-7.750,0.10097],[-7.500,0.10317],[-7.250,0.09680],[-7.000,0.09623],[-6.750,0.09817],[-6.500,0.09996],[-6.250,0.10170],[-6.000,0.09609],[-5.750,0.09181],[-5.500,0.08783],[-5.250,0.08477],[-5.000,0.07914],[-4.750,0.07561],[-4.500,0.07061],[-4.250,0.06900],[-4.000,0.06219],[-3.750,0.05686],[-3.500,0.03920],[-3.250,0.04013],[-3.000,0.04901],[-2.750,0.04565],[-2.500,0.04331],[-2.250,0.04189],[-2.000,0.04058],[-1.750,0.03933],[-1.500,0.03820],[-1.250,0.03780],[-1.000,0.03721],[-0.750,0.03652],[-0.500,0.03670],[-0.250,0.03620],[0.000,0.03640],[0.250,0.03671],[0.500,0.03638],[0.750,0.03734],[1.000,0.03674],[1.250,0.03565],[1.500,0.03596],[1.750,0.03863],[2.000,0.03992],[2.250,0.04140],[2.500,0.04555],[2.750,0.04602],[3.000,0.05016],[3.250,0.05668],[3.500,0.06129],[3.750,0.06506],[4.000,0.06858],[4.250,0.07174],[4.500,0.08333],[4.750,0.08625],[5.000,0.08788],[5.250,0.09046],[5.500,0.09221],[5.750,0.09540],[6.000,0.09672],[6.250,0.10040],[6.500,0.10138],[6.750,0.10623],[7.000,0.10629],[7.250,0.11026],[7.500,0.11161],[7.750,0.11385],[8.000,0.11706],[8.250,0.11879],[8.500,0.12313],[8.750,0.12398],[9.000,0.12865],[9.250,0.12933],[9.500,0.13451],[9.750,0.13473],[10.000,0.13903],],[[-8.250,0.09742],[-8.000,0.09529],[-7.750,0.09431],[-7.500,0.09519],[-7.250,0.09143],[-7.000,0.08676],[-6.750,0.08257],[-6.500,0.07649],[-6.250,0.07276],[-5.750,0.06433],[-5.500,0.06160],[-5.250,0.05834],[-5.000,0.05621],[-4.750,0.05384],[-4.500,0.05203],[-4.250,0.05000],[-4.000,0.04843],[-3.750,0.04662],[-3.500,0.04496],[-3.250,0.03377],[-3.000,0.03155],[-2.750,0.02966],[-2.500,0.02834],[-2.250,0.02715],[-2.000,0.02618],[-1.750,0.02510],[-1.500,0.02439],[-1.250,0.02376],[-1.000,0.02343],[-0.750,0.02262],[-0.500,0.02228],[-0.250,0.02187],[0.000,0.02156],[0.250,0.02130],[0.500,0.02106],[0.750,0.02095],[1.000,0.02080],[1.250,0.01886],[1.500,0.01923],[1.750,0.01973],[2.000,0.02013],[2.250,0.02061],[2.500,0.02117],[2.750,0.02164],[3.000,0.02223],[3.250,0.02291],[3.500,0.02345],[3.750,0.02395],[4.000,0.02478],[4.250,0.02556],[4.500,0.02616],[4.750,0.02673],[5.000,0.02776],[5.250,0.02871],[5.500,0.02936],[5.750,0.02987],[6.000,0.03111],[6.250,0.03226],[6.500,0.03276],[6.750,0.03305],[7.000,0.03474],[7.250,0.03601],[7.500,0.03633],[7.750,0.03642],[8.000,0.03908],[8.250,0.04054],[8.500,0.04033],[8.750,0.04030],[9.000,0.04518],[9.250,0.04654],[9.500,0.04473],[9.750,0.04741],[10.000,0.10606],],[[-8.500,0.09402],[-8.250,0.09147],[-8.000,0.08923],[-7.750,0.08351],[-7.500,0.08025],[-7.250,0.07654],[-7.000,0.07136],[-6.750,0.06263],[-6.500,0.06058],[-6.250,0.05864],[-6.000,0.05364],[-5.750,0.04963],[-5.500,0.04780],[-5.250,0.04646],[-5.000,0.04496],[-4.750,0.04081],[-4.500,0.02759],[-4.250,0.02789],[-4.000,0.02614],[-3.750,0.02442],[-3.500,0.02294],[-3.250,0.02177],[-3.000,0.02104],[-2.750,0.01995],[-2.500,0.01944],[-2.250,0.01894],[-2.000,0.01863],[-1.750,0.01793],[-1.500,0.01759],[-1.250,0.01739],[-1.000,0.01707],[-0.750,0.01669],[-0.500,0.01652],[-0.250,0.01634],[0.000,0.01606],[0.250,0.01607],[0.500,0.01579],[0.750,0.01580],[1.000,0.01565],[1.250,0.01555],[1.500,0.01544],[1.750,0.01375],[2.000,0.01409],[2.250,0.01428],[2.500,0.01452],[2.750,0.01490],[3.000,0.01512],[3.250,0.01535],[3.500,0.01563],[3.750,0.01603],[4.000,0.01630],[4.250,0.01658],[4.500,0.01686],[4.750,0.01730],[5.000,0.01761],[5.250,0.01792],[5.500,0.01819],[5.750,0.01848],[6.000,0.01891],[6.250,0.01918],[6.500,0.01946],[6.750,0.01975],[7.000,0.02027],[7.250,0.02060],[7.500,0.02095],[7.750,0.02128],[8.000,0.02161],[8.250,0.02216],[8.500,0.02254],[8.750,0.02291],[9.000,0.02324],[9.250,0.02369],[9.500,0.02423],[9.750,0.02466],[10.000,0.02498],[10.250,0.02535],[10.500,0.02600],[10.750,0.02650],[11.000,0.02687],[11.250,0.02725],[11.500,0.02794],[11.750,0.02851],[12.000,0.02894],[12.250,0.02941],[12.500,0.03027],[12.750,0.03110],[13.000,0.03174],[13.250,0.03239],[13.500,0.03395],[13.750,0.03531],[14.000,0.03637],[14.250,0.03746],[14.500,0.03992],[14.750,0.04197],[15.000,0.04352],[15.250,0.04487],[15.500,0.04844],[15.750,0.05143],[16.000,0.05365],[16.250,0.05417],[16.500,0.05896],[16.750,0.06385],[17.000,0.06752],[17.250,0.06949],[17.500,0.06996],[17.750,0.07840],[18.000,0.08763],[18.250,0.09419],[18.500,0.09413],[18.750,0.08894],[19.000,0.20391],],[[-9.000,0.09267],[-8.750,0.08939],[-8.250,0.02432],[-8.000,0.02205],[-7.750,0.02072],[-7.500,0.02012],[-7.250,0.01961],[-7.000,0.01904],[-6.750,0.01842],[-6.500,0.01768],[-6.250,0.01706],[-5.750,0.01568],[-5.500,0.01533],[-5.250,0.01504],[-5.000,0.01470],[-4.750,0.01435],[-4.500,0.01408],[-4.250,0.01352],[-4.000,0.01339],[-3.750,0.01326],[-3.500,0.01312],[-3.250,0.01284],[-3.000,0.01265],[-2.750,0.01260],[-2.500,0.01253],[-2.250,0.01236],[-2.000,0.01226],[-1.750,0.01220],[-1.500,0.01219],[-1.250,0.01199],[-1.000,0.01194],[-0.750,0.01196],[-0.500,0.01180],[-0.250,0.01174],[0.000,0.01179],[0.250,0.01165],[0.500,0.01162],[0.750,0.01167],[1.000,0.01155],[1.250,0.01158],[1.500,0.01155],[1.750,0.01150],[2.000,0.01140],[2.250,0.01110],[2.500,0.00987],[2.750,0.01008],[3.000,0.01018],[3.250,0.01033],[3.500,0.01052],[3.750,0.01076],[4.000,0.01088],[4.250,0.01103],[4.500,0.01123],[4.750,0.01150],[5.000,0.01165],[5.250,0.01179],[5.500,0.01197],[5.750,0.01222],[6.000,0.01253],[6.250,0.01269],[6.500,0.01287],[6.750,0.01306],[7.000,0.01330],[7.250,0.01361],[7.500,0.01393],[7.750,0.01411],[8.000,0.01431],[8.250,0.01453],[8.500,0.01479],[8.750,0.01515],[9.000,0.01547],[9.250,0.01567],[9.500,0.01589],[9.750,0.01614],[10.000,0.01649],[10.250,0.01690],[10.500,0.01711],[10.750,0.01735],[11.000,0.01767],[11.250,0.01816],[11.500,0.01847],[11.750,0.01881],[12.000,0.01931],[12.250,0.01993],[12.500,0.02042],[12.750,0.02116],[13.000,0.02206],[13.250,0.02288],[13.500,0.02410],[13.750,0.02538],[14.000,0.02672],[14.250,0.02856],[14.500,0.03045],[14.750,0.03228],[15.000,0.03455],[15.250,0.03743],[15.500,0.03982],[15.750,0.04227],[16.000,0.04518],[16.250,0.04859],[16.500,0.05237],[16.750,0.05567],[17.000,0.05891],[17.250,0.06270],[17.500,0.06665],[17.750,0.07076],[18.000,0.07459],[18.250,0.07851],[18.500,0.08240],[18.750,0.08672],[19.000,0.09076],],[[-14.250,0.15382],[-14.000,0.14156],[-13.750,0.03517],[-13.500,0.03247],[-13.250,0.03086],[-13.000,0.02905],[-12.750,0.02839],[-12.500,0.02570],[-12.250,0.02425],[-12.000,0.02335],[-11.750,0.02265],[-11.500,0.02191],[-11.250,0.02107],[-11.000,0.02024],[-10.750,0.01941],[-10.500,0.01863],[-10.000,0.01705],[-9.750,0.01622],[-9.500,0.01574],[-9.250,0.01485],[-9.000,0.01452],[-8.750,0.01428],[-8.500,0.01402],[-8.250,0.01375],[-8.000,0.01347],[-7.750,0.01320],[-7.500,0.01291],[-7.250,0.01267],[-7.000,0.01246],[-6.750,0.01193],[-6.500,0.01166],[-6.250,0.01149],[-6.000,0.01133],[-5.750,0.01119],[-5.500,0.01105],[-5.250,0.01095],[-5.000,0.01059],[-4.750,0.01049],[-4.500,0.01043],[-4.250,0.01038],[-4.000,0.01036],[-3.750,0.01016],[-3.500,0.01010],[-3.250,0.01008],[-3.000,0.01006],[-2.750,0.00991],[-2.500,0.00986],[-2.250,0.00985],[-2.000,0.00982],[-1.750,0.00970],[-1.500,0.00972],[-1.250,0.00969],[-1.000,0.00961],[-0.750,0.00962],[-0.500,0.00961],[-0.250,0.00956],[0.000,0.00957],[0.250,0.00957],[0.500,0.00954],[0.750,0.00957],[1.000,0.00959],[1.250,0.00957],[1.500,0.00964],[1.750,0.00962],[2.000,0.00965],[2.250,0.00966],[2.500,0.00941],[2.750,0.00937],[3.000,0.00901],[3.250,0.00830],[3.500,0.00844],[3.750,0.00862],[4.000,0.00874],[4.250,0.00884],[4.500,0.00899],[4.750,0.00917],[5.000,0.00937],[5.250,0.00947],[5.500,0.00959],[5.750,0.00973],[6.000,0.00989],[6.250,0.01008],[6.500,0.01032],[6.750,0.01048],[7.000,0.01060],[7.250,0.01074],[7.500,0.01090],[7.750,0.01109],[8.000,0.01132],[8.250,0.01160],[8.500,0.01172],[8.750,0.01186],[9.000,0.01203],[9.250,0.01224],[9.500,0.01250],[9.750,0.01276],[10.000,0.01290],[10.250,0.01310],[10.500,0.01339],[10.750,0.01368],[11.000,0.01390],[11.250,0.01422],[11.500,0.01459],[11.750,0.01488],[12.000,0.01533],[12.250,0.01575],[12.500,0.01628],[12.750,0.01688],[13.000,0.01749],[13.250,0.01832],[13.500,0.01902],[13.750,0.01988],[14.000,0.02103],[14.250,0.02213],[14.500,0.02326],[14.750,0.02471],[15.000,0.02644],[15.250,0.02836],[15.500,0.02989],[15.750,0.03180],[16.000,0.03417],[16.250,0.03709],[16.500,0.04021],[16.750,0.04271],[17.000,0.04547],[17.250,0.04865],[17.500,0.05254],[17.750,0.05685],[18.000,0.06205],[18.250,0.06744],[18.500,0.07119],[18.750,0.07541],[19.000,0.08007],[19.250,0.08480],],],
{"title":"Cd v Alpha","sortData":false,"legend":{"show":false,"placement":"insideGrid","location":"ne"},"series":[{"showLabel":true,"index":0,"showLine":true,"trendline":{"type":"none","show":false},"color":"#4bb2c5"},{"showLabel":true,"index":0,"showLine":true,"trendline":{"type":"none","show":false},"color":"#EAA228"},{"showLabel":true,"index":0,"showLine":true,"trendline":{"type":"none","show":false},"color":"#839557"},{"showLabel":true,"index":0,"showLine":true,"trendline":{"type":"none","show":false},"color":"#953579"},{"showLabel":true,"index":0,"showLine":true,"trendline":{"type":"none","show":false},"color":"#d8b83f"}],"show":"$.jqplot.config.enablePlugins","axes":{"xaxis":{"max":20,"min":-15,"tickInterval":5,"tickOptions":{"formatString":"%.1f"},"forceTickAt0":true,"rendererOptions":{"forceTickAt0":true}},"yaxis":{"max":0.25,"min":0,"tickInterval":0.05,"tickOptions":{"formatString":"%.2f"},"forceTickAt0":true,"rendererOptions":{"forceTickAt0":true}}},"seriesDefaults":{"lineWidth":1,"showLabel":true,"markerOptions":{"size":5,"show":false}}});
jqplots.push(p);

var p = $.jqplot('effaoa',[[[-10.250,-1.8954614584167],[-10.000,-1.9354838709677],[-9.750,-2.1248613531928],[-9.500,-1.9276287782035],[-9.250,-1.8888501134183],[-9.000,-2.0229605148722],[-8.750,-1.9826338639653],[-8.500,-1.9053386751141],[-8.250,-2.1096851629582],[-8.000,-1.9827167686183],[-7.750,-1.9867287313063],[-7.500,-2.3398274692256],[-7.250,-2.0888429752066],[-7.000,-2.2311129585368],[-6.750,-2.6219822756443],[-6.500,-2.9921968787515],[-6.250,-3.369714847591],[-6.000,-3.0710791965865],[-5.750,-2.8134190175362],[-5.500,-2.5298872822498],[-5.250,-2.3723015217648],[-5.000,-1.7854435178165],[-4.750,-1.4416082528766],[-4.500,-0.65996317802011],[-4.250,-0.45652173913043],[-4.000,1.048400064319],[-3.750,2.6802673232501],[-3.500,11.201530612245],[-3.250,10.615499626215],[-3.000,1.4874515405019],[-2.750,2.2519167579409],[-2.500,3.0362502886169],[-2.250,3.6142277393173],[-2.000,4.2557910300641],[-1.750,5.0521230612764],[-1.500,5.934554973822],[-1.250,6.510582010582],[-1.000,7.2480515990325],[-0.750,8.1927710843374],[-0.500,8.6485013623978],[-0.250,9.6187845303867],[0.000,10.134615384615],[0.250,10.702805774993],[0.500,11.706981858164],[0.750,11.834493840386],[1.000,12.863364180729],[1.250,15.009817671809],[1.500,15.700778642937],[1.750,14.576753818276],[2.000,14.551603206413],[2.250,14.429951690821],[2.500,12.684961580681],[2.750,13.207301173403],[3.000,11.802232854864],[3.250,9.5483415666902],[3.500,8.4108337412302],[3.750,7.7405471872118],[4.000,7.2849227179936],[4.250,7.0825202118762],[4.500,4.3333733349334],[4.750,4.5159420289855],[5.000,4.4276285844333],[5.250,4.5589210700862],[5.500,4.4973430213643],[5.750,4.6614255765199],[6.000,4.5492142266336],[6.250,4.7171314741036],[6.500,4.6014993095285],[6.750,4.7886661018545],[7.000,4.6363721892934],[7.250,4.7043352076909],[7.500,4.68506406236],[7.750,4.6113306982872],[8.000,4.6924654023578],[8.250,4.5896119201953],[8.500,4.7120929099326],[8.750,4.5676722051944],[9.000,4.671589584143],[9.250,4.5302713987474],[9.500,4.6398037320645],[9.750,4.4874935055296],[10.000,4.5536934474574],],[[-8.250,-2.1823034284541],[-8.000,-2.2279357750026],[-7.750,-2.4536104336762],[-7.500,-2.8668977833806],[-7.250,-3.0252652302308],[-7.000,-2.6579068695251],[-6.750,-2.328933026523],[-6.500,-2.3231795005883],[-6.250,-1.8499175371083],[-5.750,-1.2124980568941],[-5.500,-0.78084415584416],[-5.250,-0.7130613644155],[-5.000,-0.36470378936132],[-4.750,-0.21545319465082],[-4.500,0.13838170286373],[-4.250,0.382],[-4.000,0.67933099318604],[-3.750,1.0810810810811],[-3.500,1.4590747330961],[-3.250,2.7716908498667],[-3.000,3.6862123613312],[-2.750,4.6493594066082],[-2.500,5.6774876499647],[-2.250,6.8250460405157],[-2.000,8.048128342246],[-1.750,9.3426294820717],[-1.500,10.660106601066],[-1.250,12.053872053872],[-1.000,13.316261203585],[-0.750,14.973474801061],[-0.500,16.359964093357],[-0.250,17.87837219936],[0.000,19.350649350649],[0.250,20.788732394366],[0.500,22.274453941121],[0.750,23.575178997613],[1.000,25.028846153846],[1.250,32.301166489926],[1.500,33.010920436817],[1.750,33.309680689306],[2.000,33.830104321908],[2.250,34.279475982533],[2.500,34.359943316013],[2.750,34.731977818854],[3.000,34.970760233918],[3.250,34.783937145351],[3.500,34.968017057569],[3.750,35.327766179541],[4.000,34.939467312349],[4.250,34.671361502347],[4.500,34.770642201835],[4.750,35.013093901983],[5.000,34.304755043228],[5.250,33.80355276907],[5.500,33.83514986376],[5.750,34.158018078339],[6.000,33.249758919961],[6.250,32.501549907006],[6.500,32.728937728938],[6.750,33.337367624811],[7.000,31.896948762234],[7.250,31.088586503749],[7.500,31.527663088357],[7.750,32.364085667216],[8.000,29.895087001024],[8.250,29.010853478046],[8.500,29.970245474833],[8.750,30.873449131514],[9.000,26.478530323152],[9.250,25.855178341212],[9.500,28.175720992622],[9.750,26.346762286437],[10.000,7.3505562888931],],[[-8.500,-2.3792810040417],[-8.250,-2.4554498742757],[-8.000,-3.085285217976],[-7.750,-3.0786732127889],[-7.500,-2.7277258566978],[-7.250,-2.3072903057225],[-7.000,-1.8876121076233],[-6.750,-1.9559316621427],[-6.500,-1.6275998679432],[-6.250,-1.4205320600273],[-6.000,-1.8195376584638],[-5.750,-1.6945395929881],[-5.500,-1.397489539749],[-5.250,-1.0718897976754],[-5.000,-0.74288256227758],[-4.750,-0.62484685126195],[-4.500,-1.0656034795216],[-4.250,-0.13266403728935],[-4.000,0.63121652639633],[-3.750,1.5356265356265],[-3.500,2.5980819529207],[-3.250,3.8033991731741],[-3.000,5.0807984790875],[-2.750,6.5513784461153],[-2.500,8.0195473251029],[-2.250,9.5776135163675],[-2.000,11.116478797638],[-1.750,12.972671500279],[-1.500,14.701534963047],[-1.250,16.377228292122],[-1.000,18.224956063269],[-0.750,20.191731575794],[-0.500,21.979418886199],[-0.250,23.824969400245],[0.000,25.828144458281],[0.250,27.448662103298],[0.500,29.518682710576],[0.750,31.139240506329],[1.000,33.022364217252],[1.250,34.842443729904],[1.500,36.664507772021],[1.750,48.196363636364],[2.000,48.786373314407],[2.250,49.803921568627],[2.500,50.661157024793],[2.750,51.060402684564],[3.000,51.878306878307],[3.250,52.671009771987],[3.500,53.314139475368],[3.750,53.543356207112],[4.000,54.098159509202],[4.250,54.644149577805],[4.500,55.201660735469],[4.750,55.28323699422],[5.000,55.610448608745],[5.250,55.959821428571],[5.500,56.454095656954],[5.750,56.915584415584],[6.000,56.874669487044],[6.250,57.215849843587],[6.500,57.589928057554],[6.750,57.979746835443],[7.000,57.775037000493],[7.250,57.825242718447],[7.500,57.890214797136],[7.750,58.078007518797],[8.000,58.315594632115],[8.250,57.946750902527],[8.500,57.781721384206],[8.750,57.747708424269],[9.000,57.90017211704],[9.250,57.851414098776],[9.500,57.292612463888],[9.750,56.978913219789],[10.000,57.045636509207],[10.250,57.132149901381],[10.500,56.365384615385],[10.750,55.77358490566],[11.000,55.630815035355],[11.250,55.65504587156],[11.500,54.663564781675],[11.750,53.812697299193],[12.000,53.400138217001],[12.250,53.298197891874],[12.500,51.608853650479],[12.750,50.263665594855],[13.000,49.524259609326],[13.250,49.076875578882],[13.500,46.536082474227],[13.750,44.746530727839],[14.000,43.632114379984],[14.250,42.650827549386],[14.500,39.764529058116],[14.750,37.779366213962],[15.000,36.553308823529],[15.250,35.669712502786],[15.500,32.739471511148],[15.750,30.705813727396],[16.000,29.459459459459],[16.250,29.508953295182],[16.500,26.753731343284],[16.750,24.405638214565],[17.000,22.965047393365],[17.250,22.397467261476],[17.500,22.5],[17.750,19.549744897959],[18.000,16.99988588383],[18.250,15.572778426585],[18.500,15.79836396473],[18.750,17.327411738251],[19.000,4.883036633809],],[[-9.000,-2.7009819790655],[-8.750,-2.7195435731066],[-8.250,-16.492598684211],[-8.000,-17.596371882086],[-7.750,-17.857142857143],[-7.500,-17.306163021869],[-7.250,-16.598674145844],[-7.000,-15.903361344538],[-6.750,-15.184581976113],[-6.500,-14.519230769231],[-6.250,-13.663540445487],[-5.750,-11.836734693878],[-5.500,-10.450097847358],[-5.250,-8.9561170212766],[-5.000,-7.421768707483],[-4.750,-5.8048780487805],[-4.500,-4.0767045454545],[-4.250,-2.4112426035503],[-4.000,-0.50037341299477],[-3.750,1.447963800905],[-3.500,3.4451219512195],[-3.250,5.506230529595],[-3.000,7.6126482213439],[-2.750,9.7142857142857],[-2.500,11.883479648843],[-2.250,14.166666666667],[-2.000,16.394779771615],[-1.750,18.672131147541],[-1.500,20.877768662838],[-1.250,23.377814845705],[-1.000,25.7202680067],[-0.750,27.876254180602],[-0.500,30.5],[-0.250,32.904599659284],[0.000,34.978795589483],[0.250,37.690987124464],[0.500,40.051635111876],[0.750,42.133676092545],[1.000,44.848484848485],[1.250,46.99481865285],[1.500,49.341991341991],[1.750,51.84347826087],[2.000,54.473684210526],[2.250,57.972972972973],[2.500,76.119554204661],[2.750,76.865079365079],[3.000,78.555992141454],[3.250,79.777347531462],[3.500,80.598859315589],[3.750,80.985130111524],[4.000,82.380514705882],[4.250,83.472348141432],[4.500,84.122885129118],[4.750,84.15652173913],[5.000,85.167381974249],[5.250,86.234096692112],[5.500,86.942355889724],[5.750,87.062193126023],[6.000,86.727853152434],[6.250,87.565011820331],[6.500,88.205128205128],[6.750,88.736600306279],[7.000,88.872180451128],[7.250,88.486407053637],[7.500,88.068916008614],[7.750,88.610914245216],[8.000,88.986722571628],[8.250,89.20165175499],[8.500,89.107505070994],[8.750,88.356435643564],[9.000,87.918552036199],[9.250,88.200382897256],[9.500,88.325991189427],[9.750,88.221809169765],[10.000,87.483323226198],[10.250,86.437869822485],[10.500,86.510812390415],[10.750,86.305475504323],[11.000,85.602716468591],[11.250,83.98127753304],[11.500,83.497563616676],[11.750,82.865497076023],[12.000,81.429311237701],[12.250,79.518314099348],[12.500,78.383937316357],[12.750,76.190926275992],[13.000,73.540344514959],[13.250,71.45541958042],[13.500,68.141078838174],[13.750,65.019700551615],[14.000,62.069610778443],[14.250,58.182773109244],[14.500,54.689655172414],[14.750,51.753407682776],[15.000,48.379160636758],[15.250,44.528453112477],[15.500,41.87594173782],[15.750,39.465341850012],[16.000,36.84816290394],[16.250,34.109899156205],[16.500,31.455031506588],[16.750,29.506017603736],[17.000,27.828891529452],[17.250,26.038277511962],[17.500,24.367591897974],[17.750,22.815149802148],[18.000,21.537739643384],[18.250,20.383390650873],[18.500,19.344660194175],[18.750,18.27721402214],[19.000,17.379903040987],],[[-14.250,-2.4353140033806],[-14.000,-1.8380898558915],[-13.750,-27.102644299119],[-13.500,-29.636587619341],[-13.250,-31.02397926118],[-13.000,-32.843373493976],[-12.750,-33.050369848538],[-12.500,-36.649805447471],[-12.250,-38.482474226804],[-12.000,-39.353319057816],[-11.750,-39.849889624724],[-11.500,-40.273847558193],[-11.250,-40.128144280968],[-11.000,-39.9604743083],[-10.750,-40.05667181865],[-10.500,-39.967793880837],[-10.000,-39.472140762463],[-9.750,-37.817509247842],[-9.500,-36.175349428208],[-9.250,-37.084175084175],[-9.000,-36.460055096419],[-8.750,-35.46218487395],[-8.500,-34.422253922967],[-8.250,-33.309090909091],[-8.000,-32.145508537491],[-7.750,-30.901515151515],[-7.500,-29.612703330751],[-7.250,-28.145224940805],[-7.000,-26.516853932584],[-6.750,-25.683151718357],[-6.500,-24.090909090909],[-6.250,-22.149695387293],[-6.000,-20.097087378641],[-5.750,-17.980339588919],[-5.500,-15.800904977376],[-5.250,-13.497716894977],[-5.000,-11.595845136922],[-4.750,-9.1992373689228],[-4.500,-6.7114093959732],[-4.250,-4.1811175337187],[-4.000,-1.6119691119691],[-3.750,0.89566929133858],[-3.500,3.5742574257426],[-3.250,6.2599206349206],[-3.000,8.9761431411531],[-2.750,11.786074672048],[-2.500,14.614604462475],[-2.250,17.370558375635],[-2.000,20.254582484725],[-1.750,23.268041237113],[-1.500,26.008230452675],[-1.250,28.968008255934],[-1.000,32.029136316337],[-0.750,34.7920997921],[-0.500,37.710718002081],[-0.250,40.753138075314],[0.000,43.510971786834],[0.250,46.405433646813],[0.500,49.392033542977],[0.750,52.027168234065],[1.000,54.796663190824],[1.250,57.711598746082],[1.500,60.041493775934],[1.750,62.983367983368],[2.000,65.544041450777],[2.250,68.15734989648],[2.500,72.550478214665],[2.750,75.570971184632],[3.000,80.843507214206],[3.250,102.02409638554],[3.500,103.22274881517],[3.750,103.81670533643],[4.000,105.22883295195],[4.250,106.8665158371],[4.500,107.80867630701],[4.750,108.29880043621],[5.000,108.51654215582],[5.250,110.03167898627],[5.500,111.26173096976],[5.750,112.18910585817],[6.000,112.82103134479],[6.250,113.05555555556],[6.500,112.64534883721],[6.750,113.24427480916],[7.000,114.31132075472],[7.250,115.12104283054],[7.500,115.64220183486],[7.750,115.79801623084],[8.000,115.46819787986],[8.250,114.56034482759],[8.500,115.49488054608],[8.750,116.18887015177],[9.000,116.52535328346],[9.250,116.38888888889],[9.500,115.704],[9.750,115.05485893417],[10.000,115.64341085271],[10.250,115.59541984733],[10.500,114.63778939507],[10.750,113.69883040936],[11.000,113.45323741007],[11.250,112.25738396624],[11.500,110.55517477724],[11.750,109.52956989247],[12.000,107.20156555773],[12.250,105.28253968254],[12.500,102.66584766585],[12.750,99.745260663507],[13.000,96.998284734134],[13.250,93.100436681223],[13.500,90.34174553102],[13.750,86.966800804829],[14.000,82.539229671897],[14.250,78.852236782648],[14.500,75.442820292347],[14.750,71.278834479968],[15.000,66.78517397882],[15.250,62.37658674189],[15.500,59.464703914353],[15.750,56.044025157233],[16.000,52.162715832602],[16.250,47.93744944729],[16.500,44.06863964188],[16.750,41.505502224303],[17.000,38.955355179239],[17.250,36.312435765673],[17.500,33.44118766654],[17.750,30.686015831135],[18.000,27.814665592264],[18.250,25.302491103203],[18.500,23.882567776373],[18.750,22.418777350484],[19.000,20.955414012739],[19.250,19.632075471698],],],
{"title":"Cl\/Cd v Alpha","sortData":false,"legend":{"show":false,"placement":"insideGrid","location":"ne"},"series":[{"showLabel":true,"index":0,"showLine":true,"trendline":{"type":"none","show":false},"color":"#4bb2c5"},{"showLabel":true,"index":0,"showLine":true,"trendline":{"type":"none","show":false},"color":"#EAA228"},{"showLabel":true,"index":0,"showLine":true,"trendline":{"type":"none","show":false},"color":"#839557"},{"showLabel":true,"index":0,"showLine":true,"trendline":{"type":"none","show":false},"color":"#953579"},{"showLabel":true,"index":0,"showLine":true,"trendline":{"type":"none","show":false},"color":"#d8b83f"}],"show":"$.jqplot.config.enablePlugins","axes":{"xaxis":{"max":20,"min":-15,"tickInterval":5,"tickOptions":{"formatString":"%.1f"},"forceTickAt0":true,"rendererOptions":{"forceTickAt0":true}},"yaxis":{"max":120,"min":-60,"tickInterval":20,"tickOptions":{"formatString":"%d"},"forceTickAt0":true,"rendererOptions":{"forceTickAt0":true}}},"seriesDefaults":{"lineWidth":1,"showLabel":true,"markerOptions":{"size":5,"show":false}}});
jqplots.push(p);

});
/*]]>*/
</script>
</body>
</html>