<!DOCTYPE html>
<html lang="en">
<head>
<link rel="stylesheet" type="text/css" href="/assets/62ff72f1/jquery.jqplot.min.css" media="screen, projection, print" />
<style type="text/css">
/*<![CDATA[*/
.jqplot-title {font-size:1.8em;padding:3px;}.jqplot-xaxis {font-size:0.8em;padding-top:3px;}.jqplot-yaxis {font-size:0.8em;padding-right:3px;}
/*]]>*/
</style>
<!--[if lt IE 9]><script type="text/javascript" src="/assets/62ff72f1/excanvas.min.js"></script></script><![endif]-->
<script type="text/javascript" src="/assets/780cfc96/jquery.min.js"></script>
<script type="text/javascript" src="/assets/62ff72f1/jquery.min.js"></script>
<script type="text/javascript" src="/assets/62ff72f1/jquery.jqplot.min.js"></script>
<script type="text/javascript">
/*<![CDATA[*/
var jqplots = [];

/*]]>*/
</script>
<title>Airfoil polar plot</title>
<meta http-equiv="Content-Language" content="en-gb"/>
<meta http-equiv="Content-Type" content="text/html; charset=windows-1252"/>
<meta content="none" name="robots" />
<meta name="copyright" content="Copyright 2010-2013. All Rights Reserved" />
</head>
<body>

<table style="width:800px;">
<tr><td>
<div id="liftdrag" style="height:400px;width:398px;margin:auto;display:inline-block;"></div>
</td><td>
<div id="liftaoa" style="height:400px;width:398px;margin:auto;display:inline-block;"></div>
</td></tr>
<tr><td>
<div id="effaoa" style="height:400px;width:398px;margin:auto;display:inline-block;"></div>
</td><td>
<div id="dragaoa" style="height:400px;width:398px;margin:auto;display:inline-block;"></div>
</td></tr>
<tr><td>
<div id="momentaoa" style="height:400px;width:398px;margin:auto;display:inline-block;"></div>
</td><td>
</td></tr>

</table>
<script type="text/javascript">
/*<![CDATA[*/
jQuery(window).load(function() {
var p = $.jqplot('liftdrag',[[[0.11062,-0.3809],[0.10581,-0.3593],[0.10707,-0.3936],[0.10279,-0.3775],[0.10315,-0.4042],[0.10009,-0.4020],[0.09900,-0.4138],[0.09935,-0.4495],[0.09548,-0.4331],[0.09501,-0.4615],[0.09178,-0.4522],[0.09012,-0.4682],[0.08862,-0.4785],[0.05903,-0.4442],[0.05198,-0.4159],[0.04588,-0.3842],[0.04127,-0.3529],[0.03847,-0.3258],[0.03621,-0.2975],[0.03455,-0.2744],[0.03312,-0.2489],[0.03208,-0.2250],[0.03112,-0.2021],[0.03045,-0.1794],[0.02990,-0.1572],[0.02971,-0.1367],[0.02982,-0.1206],[0.02996,-0.1051],[0.03007,-0.0902],[0.03016,-0.0751],[0.03014,-0.0601],[0.03004,-0.0432],[0.02971,-0.0251],[0.02919,0.0027],[0.03002,0.0391],[0.03083,0.0665],[0.03165,0.0903],[0.03249,0.1123],[0.03337,0.1333],[0.03427,0.1535],[0.03522,0.1732],[0.03621,0.1925],[0.03724,0.2113],[0.03831,0.2298],[0.03944,0.2479],[0.04061,0.2656],[0.04184,0.2830],[0.04312,0.3000],[0.04446,0.3166],[0.04587,0.3328],[0.04735,0.3486],[0.04891,0.3643],[0.05304,0.5491],[0.05430,0.5866],[0.05547,0.6268],[0.05643,0.6527],[0.05704,0.7031],[0.05779,0.7249],[0.05732,0.7834],[0.05734,0.8094],[0.05587,0.8563],[0.05242,0.9178],[0.04596,0.9956],[0.03573,1.0884],[0.03064,1.1282],[0.03234,1.1261],[0.03492,1.1329],[0.03746,1.1669],[0.04031,1.2169],[0.04314,1.2597],[0.04614,1.2914],[0.04921,1.3157],[0.05221,1.3375],[0.05604,1.3571],[0.05912,1.3564],[0.06244,1.3552],[0.06591,1.3530],[0.06970,1.3443],[0.07344,1.3263],[0.07739,1.3015],[0.08179,1.2722],[0.08687,1.2390],[0.09284,1.2035],[0.09962,1.1709],[0.10697,1.1450],[0.11406,1.1328],[0.13571,1.0395],[0.17865,0.9292],],[[0.10271,-0.4230],[0.10258,-0.4569],[0.10206,-0.4965],[0.09834,-0.4947],[0.09581,-0.4684],[0.09429,-0.4805],[0.08862,-0.5007],[0.08735,-0.4778],[0.08141,-0.4619],[0.07936,-0.4443],[0.05347,-0.4100],[0.04090,-0.3760],[0.03697,-0.3428],[0.03464,-0.3045],[0.03227,-0.2781],[0.03032,-0.2474],[0.02933,-0.2114],[0.02821,-0.1836],[0.02736,-0.1557],[0.02655,-0.1216],[0.02593,-0.0904],[0.02540,-0.0671],[0.02457,-0.0359],[0.02455,0.0003],[0.02487,0.0153],[0.02521,0.0444],[0.02552,0.0810],[0.02576,0.0933],[0.02596,0.1216],[0.02614,0.1592],[0.02635,0.1692],[0.02645,0.2020],[0.02658,0.2363],[0.02672,0.2542],[0.02619,0.3030],[0.02666,0.3448],[0.02726,0.3628],[0.02761,0.4030],[0.02829,0.4197],[0.02870,0.4530],[0.02919,0.4823],[0.02971,0.5065],[0.02986,0.5507],[0.03068,0.5610],[0.03072,0.6053],[0.03147,0.6183],[0.03124,0.6660],[0.03190,0.6809],[0.03122,0.7346],[0.03170,0.7513],[0.03015,0.8148],[0.03000,0.8394],[0.02903,0.8772],[0.02508,0.9690],[0.02410,1.0026],[0.02265,1.0429],[0.02113,1.0844],[0.02056,1.1047],[0.01969,1.1299],[0.01921,1.1475],[0.01904,1.1611],[0.01948,1.1668],[0.02102,1.1549],[0.02303,1.1422],[0.02507,1.1359],[0.02690,1.1376],[0.02859,1.1446],[0.03028,1.1572],[0.03188,1.1764],[0.03321,1.1955],[0.03493,1.2233],[0.03707,1.2603],[0.03875,1.2844],[0.04118,1.3226],[0.04415,1.3521],[0.04620,1.3652],[0.04881,1.3821],[0.05167,1.3987],[0.05468,1.4104],[0.05840,1.4210],[0.06327,1.4214],[0.06556,1.4058],[0.06858,1.3902],[0.07177,1.3716],[0.07584,1.3549],[0.08027,1.3373],[0.08521,1.3195],[0.09029,1.3021],[0.09418,1.2693],[0.11328,1.1301],[0.12431,1.0958],[0.13292,1.0811],[0.13942,1.0805],],[[0.11248,-0.3746],[0.11020,-0.3874],[0.10852,-0.4018],[0.10704,-0.4190],[0.10302,-0.4113],[0.10150,-0.4023],[0.09834,-0.3820],[0.09403,-0.3682],[0.08572,-0.3776],[0.07914,-0.3699],[0.07710,-0.3488],[0.07424,-0.3252],[0.06996,-0.3105],[0.03685,-0.3254],[0.03217,-0.2947],[0.02999,-0.2778],[0.02694,-0.2474],[0.02423,-0.2135],[0.02255,-0.1762],[0.02166,-0.1569],[0.02067,-0.1234],[0.01924,-0.0875],[0.01827,-0.0491],[0.01733,-0.0111],[0.01695,0.0053],[0.01622,0.0382],[0.01550,0.0735],[0.01463,0.1095],[0.01413,0.1244],[0.01394,0.1555],[0.01385,0.1905],[0.01376,0.2265],[0.01397,0.2421],[0.01393,0.2733],[0.01379,0.3071],[0.01390,0.3310],[0.01391,0.3551],[0.01378,0.3865],[0.01363,0.4206],[0.01380,0.4381],[0.01369,0.4662],[0.01349,0.4986],[0.01352,0.5200],[0.01343,0.5434],[0.01309,0.5720],[0.01266,0.6319],[0.01299,0.6518],[0.01307,0.6807],[0.01306,0.7144],[0.01334,0.7346],[0.01337,0.7642],[0.01329,0.7986],[0.01345,0.8183],[0.01319,0.8542],[0.01319,0.8763],[0.01300,0.9036],[0.01271,0.9343],[0.01258,0.9600],[0.01255,0.9832],[0.01248,1.0081],[0.01239,1.0325],[0.01232,1.0551],[0.01229,1.0770],[0.01228,1.0985],[0.01236,1.1177],[0.01254,1.1347],[0.01292,1.1480],[0.01366,1.1539],[0.01477,1.1522],[0.01602,1.1469],[0.01736,1.1433],[0.01875,1.1424],[0.02002,1.1460],[0.02136,1.1499],[0.02255,1.1574],[0.02384,1.1643],[0.02484,1.1766],[0.02623,1.1843],[0.02724,1.1975],[0.02873,1.2067],[0.02987,1.2209],[0.03098,1.2346],[0.03250,1.2486],[0.03386,1.2677],[0.03509,1.2854],[0.03640,1.3030],[0.03778,1.3210],[0.04018,1.3521],[0.04172,1.3659],[0.04355,1.3803],[0.04562,1.3938],[0.04792,1.4045],[0.05018,1.4121],[0.05237,1.4174],[0.05475,1.4199],[0.05713,1.4239],[0.06085,1.4245],[0.06534,1.4150],[0.06993,1.3999],[0.07426,1.3834],[0.07911,1.3633],[0.08419,1.3417],[0.08927,1.3206],[0.09510,1.2963],[0.10071,1.2750],[0.10745,1.2498],],[[0.08457,-0.2208],[0.08057,-0.2134],[0.07601,-0.2070],[0.05720,-0.4366],[0.04680,-0.4309],[0.03376,-0.4286],[0.02720,-0.4067],[0.02414,-0.3829],[0.02193,-0.3513],[0.02032,-0.3157],[0.01832,-0.2911],[0.01631,-0.2597],[0.01551,-0.2313],[0.01482,-0.2013],[0.01415,-0.1716],[0.01362,-0.1453],[0.01279,-0.1161],[0.01232,-0.0927],[0.01196,-0.0647],[0.01168,-0.0379],[0.01103,-0.0138],[0.01078,0.0147],[0.01059,0.0403],[0.01016,0.0659],[0.01002,0.0946],[0.00965,0.1193],[0.00937,0.1455],[0.00898,0.1724],[0.00855,0.1969],[0.00830,0.2225],[0.00817,0.2498],[0.00812,0.2774],[0.00809,0.3037],[0.00805,0.3309],[0.00804,0.3592],[0.00803,0.3857],[0.00801,0.4123],[0.00800,0.4398],[0.00801,0.4678],[0.00797,0.4934],[0.00794,0.5203],[0.00793,0.5482],[0.00792,0.5746],[0.00787,0.6005],[0.00780,0.6543],[0.00769,0.6778],[0.00754,0.7015],[0.00729,0.7241],[0.00710,0.7783],[0.00715,0.8040],[0.00717,0.8284],[0.00720,0.8525],[0.00726,0.8773],[0.00733,0.9020],[0.00739,0.9261],[0.00747,0.9499],[0.00757,0.9732],[0.00769,0.9966],[0.00786,1.0184],[0.00807,1.0389],[0.00837,1.0576],[0.00880,1.0736],[0.00943,1.0856],[0.01027,1.0941],[0.01122,1.1014],[0.01214,1.1095],[0.01295,1.1182],[0.01373,1.1285],[0.01442,1.1409],[0.01508,1.1546],[0.01570,1.1690],[0.01633,1.1838],[0.01700,1.1981],[0.01771,1.2119],[0.01834,1.2274],[0.01901,1.2425],[0.02000,1.2526],[0.02059,1.2695],[0.02134,1.2840],[0.02242,1.2942],[0.02349,1.3049],[0.02432,1.3193],[0.02530,1.3319],[0.02638,1.3433],[0.02801,1.3482],[0.02963,1.3542],[0.03072,1.3667],[0.03200,1.3773],[0.03330,1.3878],[0.03464,1.3978],[0.03605,1.4073],[0.03750,1.4164],[0.03913,1.4237],[0.04107,1.4289],[0.04345,1.4326],[0.04506,1.4404],[0.04675,1.4475],[0.04868,1.4535],[0.05058,1.4590],[0.05272,1.4630],[0.05493,1.4664],[0.05719,1.4697],[0.05954,1.4725],[0.06204,1.4747],[0.06499,1.4737],[0.06889,1.4660],[0.07264,1.4605],[0.07634,1.4564],[0.08018,1.4522],[0.08469,1.4438],[0.08913,1.4374],[0.09400,1.4290],[0.09941,1.4183],[0.10510,1.4070],[0.11092,1.3960],[0.11760,1.3814],[0.12467,1.3662],],[[0.12086,-0.3764],[0.11491,-0.3831],[0.03329,-0.6678],[0.02812,-0.6483],[0.02578,-0.6279],[0.02310,-0.6024],[0.02159,-0.5779],[0.01997,-0.5462],[0.01873,-0.5125],[0.01694,-0.4805],[0.01496,-0.4472],[0.01419,-0.4149],[0.01367,-0.3816],[0.01322,-0.3517],[0.01277,-0.3241],[0.01231,-0.2966],[0.01185,-0.2720],[0.01087,-0.2223],[0.01014,-0.1718],[0.00990,-0.1457],[0.00971,-0.1194],[0.00929,-0.0945],[0.00910,-0.0679],[0.00896,-0.0414],[0.00868,-0.0154],[0.00850,0.0113],[0.00837,0.0380],[0.00815,0.0644],[0.00802,0.0913],[0.00786,0.1182],[0.00771,0.1449],[0.00750,0.1714],[0.00729,0.1980],[0.00698,0.2236],[0.00672,0.2495],[0.00657,0.2760],[0.00645,0.3029],[0.00636,0.3297],[0.00631,0.3568],[0.00630,0.3841],[0.00627,0.4113],[0.00624,0.4384],[0.00622,0.4656],[0.00624,0.4931],[0.00621,0.5201],[0.00618,0.5471],[0.00617,0.5741],[0.00619,0.6013],[0.00615,0.6277],[0.00613,0.6541],[0.00613,0.6801],[0.00608,0.7052],[0.00605,0.7304],[0.00599,0.7544],[0.00591,0.7773],[0.00578,0.7990],[0.00551,0.8535],[0.00562,0.8780],[0.00575,0.9020],[0.00589,0.9261],[0.00609,0.9485],[0.00632,0.9707],[0.00664,0.9910],[0.00766,1.0250],[0.00841,1.0381],[0.00909,1.0528],[0.00986,1.0657],[0.01047,1.0817],[0.01100,1.0990],[0.01152,1.1162],[0.01196,1.1340],[0.01241,1.1510],[0.01281,1.1693],[0.01325,1.1875],[0.01369,1.2055],[0.01412,1.2243],[0.01456,1.2429],[0.01499,1.2619],[0.01556,1.2787],[0.01595,1.2984],[0.01646,1.3164],[0.01718,1.3312],[0.01768,1.3495],[0.01821,1.3675],[0.01886,1.3838],[0.01977,1.3964],[0.02064,1.4099],[0.02126,1.4271],[0.02198,1.4429],[0.02282,1.4571],[0.02364,1.4719],[0.02463,1.4844],[0.02584,1.4942],[0.02747,1.4989],[0.02858,1.5105],[0.02905,1.5302],[0.03058,1.5371],[0.03151,1.5513],[0.03275,1.5617],[0.03421,1.5698],[0.03550,1.5802],[0.03715,1.5867],[0.03910,1.5900],[0.04161,1.5881],[0.04419,1.5862],[0.04612,1.5916],[0.04779,1.5998],[0.04987,1.6046],[0.05206,1.6088],[0.05461,1.6103],[0.05688,1.6145],[0.05958,1.6155],[0.06211,1.6185],[0.06516,1.6177],[0.06833,1.6166],[0.07165,1.6149],[0.07533,1.6108],[0.07991,1.6009],[0.08510,1.5875],[0.09092,1.5707],],],
{"title":"Cl v Cd","sortData":false,"legend":{"show":false,"placement":"insideGrid","location":"ne"},"series":[{"showLabel":true,"index":0,"showLine":true,"trendline":{"type":"none","show":false},"color":"#4bb2c5"},{"showLabel":true,"index":0,"showLine":true,"trendline":{"type":"none","show":false},"color":"#EAA228"},{"showLabel":true,"index":0,"showLine":true,"trendline":{"type":"none","show":false},"color":"#839557"},{"showLabel":true,"index":0,"showLine":true,"trendline":{"type":"none","show":false},"color":"#953579"},{"showLabel":true,"index":0,"showLine":true,"trendline":{"type":"none","show":false},"color":"#d8b83f"}],"show":"$.jqplot.config.enablePlugins","axes":{"xaxis":{"max":0.18,"min":0,"tickInterval":0.02,"tickOptions":{"formatString":"%.2f"},"forceTickAt0":true,"rendererOptions":{"forceTickAt0":true}},"yaxis":{"max":2,"min":-1,"tickInterval":0.5,"tickOptions":{"formatString":"%.2f"},"forceTickAt0":true,"rendererOptions":{"forceTickAt0":true}}},"seriesDefaults":{"lineWidth":1,"showLabel":true,"markerOptions":{"size":5,"show":false}}});
jqplots.push(p);

var p = $.jqplot('liftaoa',[[[-8.000,-0.3809],[-7.750,-0.3593],[-7.500,-0.3936],[-7.250,-0.3775],[-7.000,-0.4042],[-6.750,-0.4020],[-6.500,-0.4138],[-6.250,-0.4495],[-6.000,-0.4331],[-5.750,-0.4615],[-5.500,-0.4522],[-5.250,-0.4682],[-5.000,-0.4785],[-4.750,-0.4442],[-4.500,-0.4159],[-4.250,-0.3842],[-4.000,-0.3529],[-3.750,-0.3258],[-3.500,-0.2975],[-3.250,-0.2744],[-3.000,-0.2489],[-2.750,-0.2250],[-2.500,-0.2021],[-2.250,-0.1794],[-2.000,-0.1572],[-1.750,-0.1367],[-1.500,-0.1206],[-1.250,-0.1051],[-1.000,-0.0902],[-0.750,-0.0751],[-0.500,-0.0601],[-0.250,-0.0432],[0.000,-0.0251],[0.250,0.0027],[0.500,0.0391],[0.750,0.0665],[1.000,0.0903],[1.250,0.1123],[1.500,0.1333],[1.750,0.1535],[2.000,0.1732],[2.250,0.1925],[2.500,0.2113],[2.750,0.2298],[3.000,0.2479],[3.250,0.2656],[3.500,0.2830],[3.750,0.3000],[4.000,0.3166],[4.250,0.3328],[4.500,0.3486],[4.750,0.3643],[5.000,0.5491],[5.250,0.5866],[5.500,0.6268],[5.750,0.6527],[6.000,0.7031],[6.250,0.7249],[6.500,0.7834],[6.750,0.8094],[7.000,0.8563],[7.250,0.9178],[7.500,0.9956],[7.750,1.0884],[8.000,1.1282],[8.250,1.1261],[8.500,1.1329],[8.750,1.1669],[9.000,1.2169],[9.250,1.2597],[9.500,1.2914],[9.750,1.3157],[10.000,1.3375],[10.250,1.3571],[10.500,1.3564],[10.750,1.3552],[11.000,1.3530],[11.250,1.3443],[11.500,1.3263],[11.750,1.3015],[12.000,1.2722],[12.250,1.2390],[12.500,1.2035],[12.750,1.1709],[13.000,1.1450],[13.250,1.1328],[13.500,1.0395],[13.750,0.9292],],[[-8.000,-0.4230],[-7.750,-0.4569],[-7.500,-0.4965],[-7.250,-0.4947],[-7.000,-0.4684],[-6.750,-0.4805],[-6.500,-0.5007],[-6.250,-0.4778],[-6.000,-0.4619],[-5.750,-0.4443],[-5.500,-0.4100],[-5.250,-0.3760],[-5.000,-0.3428],[-4.750,-0.3045],[-4.500,-0.2781],[-4.250,-0.2474],[-4.000,-0.2114],[-3.750,-0.1836],[-3.500,-0.1557],[-3.250,-0.1216],[-3.000,-0.0904],[-2.750,-0.0671],[-2.500,-0.0359],[-2.250,0.0003],[-2.000,0.0153],[-1.750,0.0444],[-1.500,0.0810],[-1.250,0.0933],[-1.000,0.1216],[-0.750,0.1592],[-0.500,0.1692],[-0.250,0.2020],[0.000,0.2363],[0.250,0.2542],[0.500,0.3030],[0.750,0.3448],[1.000,0.3628],[1.250,0.4030],[1.500,0.4197],[1.750,0.4530],[2.000,0.4823],[2.250,0.5065],[2.500,0.5507],[2.750,0.5610],[3.000,0.6053],[3.250,0.6183],[3.500,0.6660],[3.750,0.6809],[4.000,0.7346],[4.250,0.7513],[4.500,0.8148],[4.750,0.8394],[5.000,0.8772],[5.250,0.9690],[5.500,1.0026],[5.750,1.0429],[6.000,1.0844],[6.250,1.1047],[6.500,1.1299],[6.750,1.1475],[7.000,1.1611],[7.250,1.1668],[7.500,1.1549],[7.750,1.1422],[8.000,1.1359],[8.250,1.1376],[8.500,1.1446],[8.750,1.1572],[9.000,1.1764],[9.250,1.1955],[9.500,1.2233],[9.750,1.2603],[10.000,1.2844],[10.250,1.3226],[10.500,1.3521],[10.750,1.3652],[11.000,1.3821],[11.250,1.3987],[11.500,1.4104],[11.750,1.4210],[12.000,1.4214],[12.250,1.4058],[12.500,1.3902],[12.750,1.3716],[13.000,1.3549],[13.250,1.3373],[13.500,1.3195],[13.750,1.3021],[14.000,1.2693],[14.250,1.1301],[14.500,1.0958],[14.750,1.0811],[15.000,1.0805],],[[-10.250,-0.3746],[-10.000,-0.3874],[-9.750,-0.4018],[-9.500,-0.4190],[-9.250,-0.4113],[-9.000,-0.4023],[-8.750,-0.3820],[-8.500,-0.3682],[-8.250,-0.3776],[-8.000,-0.3699],[-7.750,-0.3488],[-7.500,-0.3252],[-7.250,-0.3105],[-7.000,-0.3254],[-6.750,-0.2947],[-6.500,-0.2778],[-6.250,-0.2474],[-6.000,-0.2135],[-5.750,-0.1762],[-5.500,-0.1569],[-5.250,-0.1234],[-5.000,-0.0875],[-4.750,-0.0491],[-4.500,-0.0111],[-4.250,0.0053],[-4.000,0.0382],[-3.750,0.0735],[-3.500,0.1095],[-3.250,0.1244],[-3.000,0.1555],[-2.750,0.1905],[-2.500,0.2265],[-2.250,0.2421],[-2.000,0.2733],[-1.750,0.3071],[-1.500,0.3310],[-1.250,0.3551],[-1.000,0.3865],[-0.750,0.4206],[-0.500,0.4381],[-0.250,0.4662],[0.000,0.4986],[0.250,0.5200],[0.500,0.5434],[0.750,0.5720],[1.000,0.6319],[1.250,0.6518],[1.500,0.6807],[1.750,0.7144],[2.000,0.7346],[2.250,0.7642],[2.500,0.7986],[2.750,0.8183],[3.000,0.8542],[3.250,0.8763],[3.500,0.9036],[3.750,0.9343],[4.000,0.9600],[4.250,0.9832],[4.500,1.0081],[4.750,1.0325],[5.000,1.0551],[5.250,1.0770],[5.500,1.0985],[5.750,1.1177],[6.000,1.1347],[6.250,1.1480],[6.500,1.1539],[6.750,1.1522],[7.000,1.1469],[7.250,1.1433],[7.500,1.1424],[7.750,1.1460],[8.000,1.1499],[8.250,1.1574],[8.500,1.1643],[8.750,1.1766],[9.000,1.1843],[9.250,1.1975],[9.500,1.2067],[9.750,1.2209],[10.000,1.2346],[10.250,1.2486],[10.500,1.2677],[10.750,1.2854],[11.000,1.3030],[11.250,1.3210],[11.500,1.3521],[11.750,1.3659],[12.000,1.3803],[12.250,1.3938],[12.500,1.4045],[12.750,1.4121],[13.000,1.4174],[13.250,1.4199],[13.500,1.4239],[13.750,1.4245],[14.000,1.4150],[14.250,1.3999],[14.500,1.3834],[14.750,1.3633],[15.000,1.3417],[15.250,1.3206],[15.500,1.2963],[15.750,1.2750],[16.000,1.2498],],[[-10.250,-0.2208],[-10.000,-0.2134],[-9.750,-0.2070],[-9.500,-0.4366],[-9.250,-0.4309],[-9.000,-0.4286],[-8.750,-0.4067],[-8.500,-0.3829],[-8.250,-0.3513],[-8.000,-0.3157],[-7.750,-0.2911],[-7.500,-0.2597],[-7.250,-0.2313],[-7.000,-0.2013],[-6.750,-0.1716],[-6.500,-0.1453],[-6.250,-0.1161],[-6.000,-0.0927],[-5.750,-0.0647],[-5.500,-0.0379],[-5.250,-0.0138],[-5.000,0.0147],[-4.750,0.0403],[-4.500,0.0659],[-4.250,0.0946],[-4.000,0.1193],[-3.750,0.1455],[-3.500,0.1724],[-3.250,0.1969],[-3.000,0.2225],[-2.750,0.2498],[-2.500,0.2774],[-2.250,0.3037],[-2.000,0.3309],[-1.750,0.3592],[-1.500,0.3857],[-1.250,0.4123],[-1.000,0.4398],[-0.750,0.4678],[-0.500,0.4934],[-0.250,0.5203],[0.000,0.5482],[0.250,0.5746],[0.500,0.6005],[1.000,0.6543],[1.250,0.6778],[1.500,0.7015],[1.750,0.7241],[2.000,0.7783],[2.250,0.8040],[2.500,0.8284],[2.750,0.8525],[3.000,0.8773],[3.250,0.9020],[3.500,0.9261],[3.750,0.9499],[4.000,0.9732],[4.250,0.9966],[4.500,1.0184],[4.750,1.0389],[5.000,1.0576],[5.250,1.0736],[5.500,1.0856],[5.750,1.0941],[6.000,1.1014],[6.250,1.1095],[6.500,1.1182],[6.750,1.1285],[7.000,1.1409],[7.250,1.1546],[7.500,1.1690],[7.750,1.1838],[8.000,1.1981],[8.250,1.2119],[8.500,1.2274],[8.750,1.2425],[9.000,1.2526],[9.250,1.2695],[9.500,1.2840],[9.750,1.2942],[10.000,1.3049],[10.250,1.3193],[10.500,1.3319],[10.750,1.3433],[11.000,1.3482],[11.250,1.3542],[11.500,1.3667],[11.750,1.3773],[12.000,1.3878],[12.250,1.3978],[12.500,1.4073],[12.750,1.4164],[13.000,1.4237],[13.250,1.4289],[13.500,1.4326],[13.750,1.4404],[14.000,1.4475],[14.250,1.4535],[14.500,1.4590],[14.750,1.4630],[15.000,1.4664],[15.250,1.4697],[15.500,1.4725],[15.750,1.4747],[16.000,1.4737],[16.250,1.4660],[16.500,1.4605],[16.750,1.4564],[17.000,1.4522],[17.250,1.4438],[17.500,1.4374],[17.750,1.4290],[18.000,1.4183],[18.250,1.4070],[18.500,1.3960],[18.750,1.3814],[19.000,1.3662],],[[-11.750,-0.3764],[-11.500,-0.3831],[-11.250,-0.6678],[-11.000,-0.6483],[-10.750,-0.6279],[-10.500,-0.6024],[-10.250,-0.5779],[-10.000,-0.5462],[-9.750,-0.5125],[-9.500,-0.4805],[-9.250,-0.4472],[-9.000,-0.4149],[-8.750,-0.3816],[-8.500,-0.3517],[-8.250,-0.3241],[-8.000,-0.2966],[-7.750,-0.2720],[-7.250,-0.2223],[-6.750,-0.1718],[-6.500,-0.1457],[-6.250,-0.1194],[-6.000,-0.0945],[-5.750,-0.0679],[-5.500,-0.0414],[-5.250,-0.0154],[-5.000,0.0113],[-4.750,0.0380],[-4.500,0.0644],[-4.250,0.0913],[-4.000,0.1182],[-3.750,0.1449],[-3.500,0.1714],[-3.250,0.1980],[-3.000,0.2236],[-2.750,0.2495],[-2.500,0.2760],[-2.250,0.3029],[-2.000,0.3297],[-1.750,0.3568],[-1.500,0.3841],[-1.250,0.4113],[-1.000,0.4384],[-0.750,0.4656],[-0.500,0.4931],[-0.250,0.5201],[0.000,0.5471],[0.250,0.5741],[0.500,0.6013],[0.750,0.6277],[1.000,0.6541],[1.250,0.6801],[1.500,0.7052],[1.750,0.7304],[2.000,0.7544],[2.250,0.7773],[2.500,0.7990],[2.750,0.8535],[3.000,0.8780],[3.250,0.9020],[3.500,0.9261],[3.750,0.9485],[4.000,0.9707],[4.250,0.9910],[4.750,1.0250],[5.000,1.0381],[5.250,1.0528],[5.500,1.0657],[5.750,1.0817],[6.000,1.0990],[6.250,1.1162],[6.500,1.1340],[6.750,1.1510],[7.000,1.1693],[7.250,1.1875],[7.500,1.2055],[7.750,1.2243],[8.000,1.2429],[8.250,1.2619],[8.500,1.2787],[8.750,1.2984],[9.000,1.3164],[9.250,1.3312],[9.500,1.3495],[9.750,1.3675],[10.000,1.3838],[10.250,1.3964],[10.500,1.4099],[10.750,1.4271],[11.000,1.4429],[11.250,1.4571],[11.500,1.4719],[11.750,1.4844],[12.000,1.4942],[12.250,1.4989],[12.500,1.5105],[12.750,1.5302],[13.000,1.5371],[13.250,1.5513],[13.500,1.5617],[13.750,1.5698],[14.000,1.5802],[14.250,1.5867],[14.500,1.5900],[14.750,1.5881],[15.000,1.5862],[15.250,1.5916],[15.500,1.5998],[15.750,1.6046],[16.000,1.6088],[16.250,1.6103],[16.500,1.6145],[16.750,1.6155],[17.000,1.6185],[17.250,1.6177],[17.500,1.6166],[17.750,1.6149],[18.000,1.6108],[18.250,1.6009],[18.500,1.5875],[18.750,1.5707],],],
{"title":"Cl v Alpha","sortData":false,"legend":{"show":false,"placement":"insideGrid","location":"ne"},"series":[{"showLabel":true,"index":0,"showLine":true,"trendline":{"type":"none","show":false},"color":"#4bb2c5"},{"showLabel":true,"index":0,"showLine":true,"trendline":{"type":"none","show":false},"color":"#EAA228"},{"showLabel":true,"index":0,"showLine":true,"trendline":{"type":"none","show":false},"color":"#839557"},{"showLabel":true,"index":0,"showLine":true,"trendline":{"type":"none","show":false},"color":"#953579"},{"showLabel":true,"index":0,"showLine":true,"trendline":{"type":"none","show":false},"color":"#d8b83f"}],"show":"$.jqplot.config.enablePlugins","axes":{"xaxis":{"max":20,"min":-15,"tickInterval":5,"tickOptions":{"formatString":"%.1f"},"forceTickAt0":true,"rendererOptions":{"forceTickAt0":true}},"yaxis":{"max":2,"min":-1,"tickInterval":0.5,"tickOptions":{"formatString":"%.2f"},"forceTickAt0":true,"rendererOptions":{"forceTickAt0":true}}},"seriesDefaults":{"lineWidth":1,"showLabel":true,"markerOptions":{"size":5,"show":false}}});
jqplots.push(p);

var p = $.jqplot('momentaoa',[[[-8.000,-0.0246],[-7.750,-0.0226],[-7.500,-0.0193],[-7.250,-0.0174],[-7.000,-0.0140],[-6.750,-0.0118],[-6.500,-0.0088],[-6.250,-0.0050],[-6.000,-0.0030],[-5.750,-0.0009],[-5.500,0.0017],[-5.250,0.0028],[-5.000,0.0033],[-4.750,-0.0476],[-4.500,-0.0545],[-4.250,-0.0604],[-4.000,-0.0641],[-3.750,-0.0655],[-3.500,-0.0667],[-3.250,-0.0666],[-3.000,-0.0667],[-2.750,-0.0664],[-2.500,-0.0659],[-2.250,-0.0653],[-2.000,-0.0645],[-1.750,-0.0629],[-1.500,-0.0603],[-1.250,-0.0577],[-1.000,-0.0551],[-0.750,-0.0525],[-0.500,-0.0500],[-0.250,-0.0480],[0.000,-0.0462],[0.250,-0.0493],[0.500,-0.0539],[0.750,-0.0559],[1.000,-0.0569],[1.250,-0.0575],[1.500,-0.0579],[1.750,-0.0581],[2.000,-0.0582],[2.250,-0.0584],[2.500,-0.0585],[2.750,-0.0586],[3.000,-0.0586],[3.250,-0.0587],[3.500,-0.0589],[3.750,-0.0590],[4.000,-0.0592],[4.250,-0.0593],[4.500,-0.0596],[4.750,-0.0599],[5.000,-0.0845],[5.250,-0.0866],[5.500,-0.0888],[5.750,-0.0891],[6.000,-0.0917],[6.250,-0.0910],[6.500,-0.0932],[6.750,-0.0921],[7.000,-0.0917],[7.250,-0.0910],[7.500,-0.0892],[7.750,-0.0857],[8.000,-0.0788],[8.250,-0.0726],[8.500,-0.0693],[8.750,-0.0695],[9.000,-0.0723],[9.250,-0.0743],[9.500,-0.0747],[9.750,-0.0743],[10.000,-0.0735],[10.250,-0.0727],[10.500,-0.0692],[10.750,-0.0659],[11.000,-0.0629],[11.250,-0.0594],[11.500,-0.0553],[11.750,-0.0512],[12.000,-0.0480],[12.250,-0.0460],[12.500,-0.0455],[12.750,-0.0463],[13.000,-0.0482],[13.250,-0.0499],[13.500,-0.0647],[13.750,-0.0996],],[[-8.000,-0.0286],[-7.750,-0.0266],[-7.500,-0.0268],[-7.250,-0.0238],[-7.000,-0.0186],[-6.750,-0.0165],[-6.500,-0.0313],[-6.250,-0.0229],[-6.000,-0.0352],[-5.750,-0.0326],[-5.500,-0.0716],[-5.250,-0.0792],[-5.000,-0.0823],[-4.750,-0.0853],[-4.500,-0.0860],[-4.250,-0.0872],[-4.000,-0.0891],[-3.750,-0.0893],[-3.500,-0.0897],[-3.250,-0.0911],[-3.000,-0.0920],[-2.750,-0.0915],[-2.500,-0.0926],[-2.250,-0.0944],[-2.000,-0.0923],[-1.750,-0.0927],[-1.500,-0.0943],[-1.250,-0.0918],[-1.000,-0.0919],[-0.750,-0.0936],[-0.500,-0.0908],[-0.250,-0.0918],[0.000,-0.0930],[0.250,-0.0917],[0.500,-0.0956],[0.750,-0.0992],[1.000,-0.0985],[1.250,-0.1009],[1.500,-0.0998],[1.750,-0.1010],[2.000,-0.1016],[2.250,-0.1014],[2.500,-0.1041],[2.750,-0.1018],[3.000,-0.1043],[3.250,-0.1024],[3.500,-0.1050],[3.750,-0.1032],[4.000,-0.1064],[4.250,-0.1046],[4.500,-0.1084],[4.750,-0.1072],[5.000,-0.1072],[5.250,-0.1135],[5.500,-0.1128],[5.750,-0.1128],[6.000,-0.1130],[6.250,-0.1103],[6.500,-0.1081],[6.750,-0.1048],[7.000,-0.1009],[7.250,-0.0959],[7.500,-0.0888],[7.750,-0.0825],[8.000,-0.0777],[8.250,-0.0741],[8.500,-0.0713],[8.750,-0.0693],[9.000,-0.0682],[9.250,-0.0670],[9.500,-0.0669],[9.750,-0.0685],[10.000,-0.0678],[10.250,-0.0698],[10.500,-0.0704],[10.750,-0.0683],[11.000,-0.0671],[11.250,-0.0660],[11.500,-0.0643],[11.750,-0.0630],[12.000,-0.0609],[12.250,-0.0559],[12.500,-0.0518],[12.750,-0.0480],[13.000,-0.0453],[13.250,-0.0432],[13.500,-0.0417],[13.750,-0.0407],[14.000,-0.0400],[14.250,-0.0495],[14.500,-0.0556],[14.750,-0.0595],[15.000,-0.0612],],[[-10.250,-0.0481],[-10.000,-0.0477],[-9.750,-0.0458],[-9.500,-0.0433],[-9.250,-0.0389],[-9.000,-0.0368],[-8.750,-0.0397],[-8.500,-0.0449],[-8.250,-0.0644],[-8.000,-0.0682],[-7.750,-0.0672],[-7.500,-0.0697],[-7.250,-0.0753],[-7.000,-0.1131],[-6.750,-0.1165],[-6.500,-0.1158],[-6.250,-0.1179],[-6.000,-0.1202],[-5.750,-0.1225],[-5.500,-0.1211],[-5.250,-0.1223],[-5.000,-0.1242],[-4.750,-0.1264],[-4.500,-0.1285],[-4.250,-0.1265],[-4.000,-0.1276],[-3.750,-0.1292],[-3.500,-0.1311],[-3.250,-0.1290],[-3.000,-0.1297],[-2.750,-0.1310],[-2.500,-0.1325],[-2.250,-0.1301],[-2.000,-0.1307],[-1.750,-0.1317],[-1.500,-0.1308],[-1.250,-0.1300],[-1.000,-0.1306],[-0.750,-0.1316],[-0.500,-0.1297],[-0.250,-0.1296],[0.000,-0.1302],[0.250,-0.1289],[0.500,-0.1278],[0.750,-0.1274],[1.000,-0.1338],[1.250,-0.1324],[1.500,-0.1326],[1.750,-0.1336],[2.000,-0.1321],[2.250,-0.1323],[2.500,-0.1332],[2.750,-0.1315],[3.000,-0.1324],[3.250,-0.1310],[3.500,-0.1302],[3.750,-0.1301],[4.000,-0.1291],[4.250,-0.1278],[4.500,-0.1268],[4.750,-0.1256],[5.000,-0.1241],[5.250,-0.1225],[5.500,-0.1207],[5.750,-0.1186],[6.000,-0.1161],[6.250,-0.1129],[6.500,-0.1085],[6.750,-0.1031],[7.000,-0.0972],[7.250,-0.0919],[7.500,-0.0874],[7.750,-0.0838],[8.000,-0.0804],[8.250,-0.0775],[8.500,-0.0748],[8.750,-0.0727],[9.000,-0.0703],[9.250,-0.0685],[9.500,-0.0663],[9.750,-0.0647],[10.000,-0.0631],[10.250,-0.0617],[10.500,-0.0606],[10.750,-0.0594],[11.000,-0.0582],[11.250,-0.0573],[11.500,-0.0578],[11.750,-0.0563],[12.000,-0.0549],[12.250,-0.0535],[12.500,-0.0520],[12.750,-0.0503],[13.000,-0.0486],[13.250,-0.0468],[13.500,-0.0454],[13.750,-0.0440],[14.000,-0.0422],[14.250,-0.0405],[14.500,-0.0391],[14.750,-0.0382],[15.000,-0.0379],[15.250,-0.0382],[15.500,-0.0393],[15.750,-0.0412],[16.000,-0.0441],],[[-10.250,-0.0652],[-10.000,-0.0675],[-9.750,-0.0704],[-9.500,-0.0854],[-9.250,-0.1025],[-9.000,-0.1221],[-8.750,-0.1288],[-8.500,-0.1310],[-8.250,-0.1336],[-8.000,-0.1364],[-7.750,-0.1368],[-7.500,-0.1387],[-7.250,-0.1393],[-7.000,-0.1401],[-6.750,-0.1408],[-6.500,-0.1406],[-6.250,-0.1412],[-6.000,-0.1406],[-5.750,-0.1407],[-5.500,-0.1405],[-5.250,-0.1400],[-5.000,-0.1402],[-4.750,-0.1397],[-4.500,-0.1393],[-4.250,-0.1395],[-4.000,-0.1389],[-3.750,-0.1386],[-3.500,-0.1385],[-3.250,-0.1381],[-3.000,-0.1378],[-2.750,-0.1377],[-2.500,-0.1376],[-2.250,-0.1372],[-2.000,-0.1370],[-1.750,-0.1370],[-1.500,-0.1367],[-1.250,-0.1363],[-1.000,-0.1361],[-0.750,-0.1361],[-0.500,-0.1355],[-0.250,-0.1353],[0.000,-0.1352],[0.250,-0.1348],[0.500,-0.1344],[1.000,-0.1338],[1.250,-0.1328],[1.500,-0.1317],[1.750,-0.1302],[2.000,-0.1360],[2.250,-0.1354],[2.500,-0.1344],[2.750,-0.1335],[3.000,-0.1327],[3.250,-0.1319],[3.500,-0.1310],[3.750,-0.1300],[4.000,-0.1289],[4.250,-0.1278],[4.500,-0.1265],[4.750,-0.1248],[5.000,-0.1229],[5.250,-0.1204],[5.500,-0.1173],[5.750,-0.1136],[6.000,-0.1099],[6.250,-0.1064],[6.500,-0.1029],[6.750,-0.0999],[7.000,-0.0972],[7.250,-0.0948],[7.500,-0.0926],[7.750,-0.0905],[8.000,-0.0884],[8.250,-0.0862],[8.500,-0.0843],[8.750,-0.0825],[9.000,-0.0800],[9.250,-0.0786],[9.500,-0.0769],[9.750,-0.0747],[10.000,-0.0726],[10.250,-0.0711],[10.500,-0.0694],[10.750,-0.0677],[11.000,-0.0653],[11.250,-0.0631],[11.500,-0.0617],[11.750,-0.0602],[12.000,-0.0587],[12.250,-0.0572],[12.500,-0.0558],[12.750,-0.0545],[13.000,-0.0530],[13.250,-0.0513],[13.500,-0.0493],[13.750,-0.0482],[14.000,-0.0471],[14.250,-0.0459],[14.500,-0.0450],[14.750,-0.0440],[15.000,-0.0433],[15.250,-0.0427],[15.500,-0.0423],[15.750,-0.0421],[16.000,-0.0416],[16.250,-0.0408],[16.500,-0.0408],[16.750,-0.0412],[17.000,-0.0419],[17.250,-0.0426],[17.500,-0.0439],[17.750,-0.0454],[18.000,-0.0474],[18.250,-0.0497],[18.500,-0.0524],[18.750,-0.0557],[19.000,-0.0595],],[[-11.750,-0.0412],[-11.500,-0.0436],[-11.250,-0.1123],[-11.000,-0.1205],[-10.750,-0.1229],[-10.500,-0.1261],[-10.250,-0.1273],[-10.000,-0.1300],[-9.750,-0.1326],[-9.500,-0.1352],[-9.250,-0.1381],[-9.000,-0.1398],[-8.750,-0.1414],[-8.500,-0.1423],[-8.250,-0.1426],[-8.000,-0.1428],[-7.750,-0.1424],[-7.250,-0.1416],[-6.750,-0.1409],[-6.500,-0.1406],[-6.250,-0.1403],[-6.000,-0.1398],[-5.750,-0.1396],[-5.500,-0.1393],[-5.250,-0.1390],[-5.000,-0.1387],[-4.750,-0.1385],[-4.500,-0.1382],[-4.250,-0.1380],[-4.000,-0.1377],[-3.750,-0.1375],[-3.500,-0.1372],[-3.250,-0.1370],[-3.000,-0.1367],[-2.750,-0.1363],[-2.500,-0.1361],[-2.250,-0.1359],[-2.000,-0.1356],[-1.750,-0.1354],[-1.500,-0.1352],[-1.250,-0.1350],[-1.000,-0.1348],[-0.750,-0.1345],[-0.500,-0.1344],[-0.250,-0.1342],[0.000,-0.1339],[0.250,-0.1336],[0.500,-0.1334],[0.750,-0.1330],[1.000,-0.1326],[1.250,-0.1322],[1.500,-0.1315],[1.750,-0.1308],[2.000,-0.1299],[2.250,-0.1287],[2.500,-0.1273],[2.750,-0.1332],[3.000,-0.1325],[3.250,-0.1316],[3.500,-0.1307],[3.750,-0.1295],[4.000,-0.1283],[4.250,-0.1267],[4.750,-0.1224],[5.000,-0.1196],[5.250,-0.1171],[5.500,-0.1144],[5.750,-0.1123],[6.000,-0.1104],[6.250,-0.1085],[6.500,-0.1066],[6.750,-0.1046],[7.000,-0.1029],[7.250,-0.1012],[7.500,-0.0995],[7.750,-0.0980],[8.000,-0.0965],[8.250,-0.0950],[8.500,-0.0933],[8.750,-0.0921],[9.000,-0.0906],[9.250,-0.0887],[9.500,-0.0874],[9.750,-0.0861],[10.000,-0.0846],[10.250,-0.0826],[10.500,-0.0808],[10.750,-0.0796],[11.000,-0.0782],[11.250,-0.0767],[11.500,-0.0753],[11.750,-0.0738],[12.000,-0.0720],[12.250,-0.0697],[12.500,-0.0683],[12.750,-0.0677],[13.000,-0.0659],[13.250,-0.0649],[13.500,-0.0636],[13.750,-0.0622],[14.000,-0.0610],[14.250,-0.0596],[14.500,-0.0581],[14.750,-0.0564],[15.000,-0.0549],[15.250,-0.0539],[15.500,-0.0531],[15.750,-0.0523],[16.000,-0.0516],[16.250,-0.0509],[16.500,-0.0504],[16.750,-0.0500],[17.000,-0.0497],[17.250,-0.0496],[17.500,-0.0496],[17.750,-0.0497],[18.000,-0.0501],[18.250,-0.0506],[18.500,-0.0516],[18.750,-0.0528],],],
{"title":"Cm v Alpha","sortData":false,"legend":{"show":false,"placement":"insideGrid","location":"ne"},"series":[{"showLabel":true,"index":0,"showLine":true,"trendline":{"type":"none","show":false},"color":"#4bb2c5"},{"showLabel":true,"index":0,"showLine":true,"trendline":{"type":"none","show":false},"color":"#EAA228"},{"showLabel":true,"index":0,"showLine":true,"trendline":{"type":"none","show":false},"color":"#839557"},{"showLabel":true,"index":0,"showLine":true,"trendline":{"type":"none","show":false},"color":"#953579"},{"showLabel":true,"index":0,"showLine":true,"trendline":{"type":"none","show":false},"color":"#d8b83f"}],"show":"$.jqplot.config.enablePlugins","axes":{"xaxis":{"max":20,"min":-15,"tickInterval":5,"tickOptions":{"formatString":"%.1f"},"forceTickAt0":true,"rendererOptions":{"forceTickAt0":true}},"yaxis":{"max":0.02,"min":-0.16,"tickInterval":0.02,"tickOptions":{"formatString":"%.2f"},"forceTickAt0":true,"rendererOptions":{"forceTickAt0":true}}},"seriesDefaults":{"lineWidth":1,"showLabel":true,"markerOptions":{"size":5,"show":false}}});
jqplots.push(p);

var p = $.jqplot('dragaoa',[[[-8.000,0.11062],[-7.750,0.10581],[-7.500,0.10707],[-7.250,0.10279],[-7.000,0.10315],[-6.750,0.10009],[-6.500,0.09900],[-6.250,0.09935],[-6.000,0.09548],[-5.750,0.09501],[-5.500,0.09178],[-5.250,0.09012],[-5.000,0.08862],[-4.750,0.05903],[-4.500,0.05198],[-4.250,0.04588],[-4.000,0.04127],[-3.750,0.03847],[-3.500,0.03621],[-3.250,0.03455],[-3.000,0.03312],[-2.750,0.03208],[-2.500,0.03112],[-2.250,0.03045],[-2.000,0.02990],[-1.750,0.02971],[-1.500,0.02982],[-1.250,0.02996],[-1.000,0.03007],[-0.750,0.03016],[-0.500,0.03014],[-0.250,0.03004],[0.000,0.02971],[0.250,0.02919],[0.500,0.03002],[0.750,0.03083],[1.000,0.03165],[1.250,0.03249],[1.500,0.03337],[1.750,0.03427],[2.000,0.03522],[2.250,0.03621],[2.500,0.03724],[2.750,0.03831],[3.000,0.03944],[3.250,0.04061],[3.500,0.04184],[3.750,0.04312],[4.000,0.04446],[4.250,0.04587],[4.500,0.04735],[4.750,0.04891],[5.000,0.05304],[5.250,0.05430],[5.500,0.05547],[5.750,0.05643],[6.000,0.05704],[6.250,0.05779],[6.500,0.05732],[6.750,0.05734],[7.000,0.05587],[7.250,0.05242],[7.500,0.04596],[7.750,0.03573],[8.000,0.03064],[8.250,0.03234],[8.500,0.03492],[8.750,0.03746],[9.000,0.04031],[9.250,0.04314],[9.500,0.04614],[9.750,0.04921],[10.000,0.05221],[10.250,0.05604],[10.500,0.05912],[10.750,0.06244],[11.000,0.06591],[11.250,0.06970],[11.500,0.07344],[11.750,0.07739],[12.000,0.08179],[12.250,0.08687],[12.500,0.09284],[12.750,0.09962],[13.000,0.10697],[13.250,0.11406],[13.500,0.13571],[13.750,0.17865],],[[-8.000,0.10271],[-7.750,0.10258],[-7.500,0.10206],[-7.250,0.09834],[-7.000,0.09581],[-6.750,0.09429],[-6.500,0.08862],[-6.250,0.08735],[-6.000,0.08141],[-5.750,0.07936],[-5.500,0.05347],[-5.250,0.04090],[-5.000,0.03697],[-4.750,0.03464],[-4.500,0.03227],[-4.250,0.03032],[-4.000,0.02933],[-3.750,0.02821],[-3.500,0.02736],[-3.250,0.02655],[-3.000,0.02593],[-2.750,0.02540],[-2.500,0.02457],[-2.250,0.02455],[-2.000,0.02487],[-1.750,0.02521],[-1.500,0.02552],[-1.250,0.02576],[-1.000,0.02596],[-0.750,0.02614],[-0.500,0.02635],[-0.250,0.02645],[0.000,0.02658],[0.250,0.02672],[0.500,0.02619],[0.750,0.02666],[1.000,0.02726],[1.250,0.02761],[1.500,0.02829],[1.750,0.02870],[2.000,0.02919],[2.250,0.02971],[2.500,0.02986],[2.750,0.03068],[3.000,0.03072],[3.250,0.03147],[3.500,0.03124],[3.750,0.03190],[4.000,0.03122],[4.250,0.03170],[4.500,0.03015],[4.750,0.03000],[5.000,0.02903],[5.250,0.02508],[5.500,0.02410],[5.750,0.02265],[6.000,0.02113],[6.250,0.02056],[6.500,0.01969],[6.750,0.01921],[7.000,0.01904],[7.250,0.01948],[7.500,0.02102],[7.750,0.02303],[8.000,0.02507],[8.250,0.02690],[8.500,0.02859],[8.750,0.03028],[9.000,0.03188],[9.250,0.03321],[9.500,0.03493],[9.750,0.03707],[10.000,0.03875],[10.250,0.04118],[10.500,0.04415],[10.750,0.04620],[11.000,0.04881],[11.250,0.05167],[11.500,0.05468],[11.750,0.05840],[12.000,0.06327],[12.250,0.06556],[12.500,0.06858],[12.750,0.07177],[13.000,0.07584],[13.250,0.08027],[13.500,0.08521],[13.750,0.09029],[14.000,0.09418],[14.250,0.11328],[14.500,0.12431],[14.750,0.13292],[15.000,0.13942],],[[-10.250,0.11248],[-10.000,0.11020],[-9.750,0.10852],[-9.500,0.10704],[-9.250,0.10302],[-9.000,0.10150],[-8.750,0.09834],[-8.500,0.09403],[-8.250,0.08572],[-8.000,0.07914],[-7.750,0.07710],[-7.500,0.07424],[-7.250,0.06996],[-7.000,0.03685],[-6.750,0.03217],[-6.500,0.02999],[-6.250,0.02694],[-6.000,0.02423],[-5.750,0.02255],[-5.500,0.02166],[-5.250,0.02067],[-5.000,0.01924],[-4.750,0.01827],[-4.500,0.01733],[-4.250,0.01695],[-4.000,0.01622],[-3.750,0.01550],[-3.500,0.01463],[-3.250,0.01413],[-3.000,0.01394],[-2.750,0.01385],[-2.500,0.01376],[-2.250,0.01397],[-2.000,0.01393],[-1.750,0.01379],[-1.500,0.01390],[-1.250,0.01391],[-1.000,0.01378],[-0.750,0.01363],[-0.500,0.01380],[-0.250,0.01369],[0.000,0.01349],[0.250,0.01352],[0.500,0.01343],[0.750,0.01309],[1.000,0.01266],[1.250,0.01299],[1.500,0.01307],[1.750,0.01306],[2.000,0.01334],[2.250,0.01337],[2.500,0.01329],[2.750,0.01345],[3.000,0.01319],[3.250,0.01319],[3.500,0.01300],[3.750,0.01271],[4.000,0.01258],[4.250,0.01255],[4.500,0.01248],[4.750,0.01239],[5.000,0.01232],[5.250,0.01229],[5.500,0.01228],[5.750,0.01236],[6.000,0.01254],[6.250,0.01292],[6.500,0.01366],[6.750,0.01477],[7.000,0.01602],[7.250,0.01736],[7.500,0.01875],[7.750,0.02002],[8.000,0.02136],[8.250,0.02255],[8.500,0.02384],[8.750,0.02484],[9.000,0.02623],[9.250,0.02724],[9.500,0.02873],[9.750,0.02987],[10.000,0.03098],[10.250,0.03250],[10.500,0.03386],[10.750,0.03509],[11.000,0.03640],[11.250,0.03778],[11.500,0.04018],[11.750,0.04172],[12.000,0.04355],[12.250,0.04562],[12.500,0.04792],[12.750,0.05018],[13.000,0.05237],[13.250,0.05475],[13.500,0.05713],[13.750,0.06085],[14.000,0.06534],[14.250,0.06993],[14.500,0.07426],[14.750,0.07911],[15.000,0.08419],[15.250,0.08927],[15.500,0.09510],[15.750,0.10071],[16.000,0.10745],],[[-10.250,0.08457],[-10.000,0.08057],[-9.750,0.07601],[-9.500,0.05720],[-9.250,0.04680],[-9.000,0.03376],[-8.750,0.02720],[-8.500,0.02414],[-8.250,0.02193],[-8.000,0.02032],[-7.750,0.01832],[-7.500,0.01631],[-7.250,0.01551],[-7.000,0.01482],[-6.750,0.01415],[-6.500,0.01362],[-6.250,0.01279],[-6.000,0.01232],[-5.750,0.01196],[-5.500,0.01168],[-5.250,0.01103],[-5.000,0.01078],[-4.750,0.01059],[-4.500,0.01016],[-4.250,0.01002],[-4.000,0.00965],[-3.750,0.00937],[-3.500,0.00898],[-3.250,0.00855],[-3.000,0.00830],[-2.750,0.00817],[-2.500,0.00812],[-2.250,0.00809],[-2.000,0.00805],[-1.750,0.00804],[-1.500,0.00803],[-1.250,0.00801],[-1.000,0.00800],[-0.750,0.00801],[-0.500,0.00797],[-0.250,0.00794],[0.000,0.00793],[0.250,0.00792],[0.500,0.00787],[1.000,0.00780],[1.250,0.00769],[1.500,0.00754],[1.750,0.00729],[2.000,0.00710],[2.250,0.00715],[2.500,0.00717],[2.750,0.00720],[3.000,0.00726],[3.250,0.00733],[3.500,0.00739],[3.750,0.00747],[4.000,0.00757],[4.250,0.00769],[4.500,0.00786],[4.750,0.00807],[5.000,0.00837],[5.250,0.00880],[5.500,0.00943],[5.750,0.01027],[6.000,0.01122],[6.250,0.01214],[6.500,0.01295],[6.750,0.01373],[7.000,0.01442],[7.250,0.01508],[7.500,0.01570],[7.750,0.01633],[8.000,0.01700],[8.250,0.01771],[8.500,0.01834],[8.750,0.01901],[9.000,0.02000],[9.250,0.02059],[9.500,0.02134],[9.750,0.02242],[10.000,0.02349],[10.250,0.02432],[10.500,0.02530],[10.750,0.02638],[11.000,0.02801],[11.250,0.02963],[11.500,0.03072],[11.750,0.03200],[12.000,0.03330],[12.250,0.03464],[12.500,0.03605],[12.750,0.03750],[13.000,0.03913],[13.250,0.04107],[13.500,0.04345],[13.750,0.04506],[14.000,0.04675],[14.250,0.04868],[14.500,0.05058],[14.750,0.05272],[15.000,0.05493],[15.250,0.05719],[15.500,0.05954],[15.750,0.06204],[16.000,0.06499],[16.250,0.06889],[16.500,0.07264],[16.750,0.07634],[17.000,0.08018],[17.250,0.08469],[17.500,0.08913],[17.750,0.09400],[18.000,0.09941],[18.250,0.10510],[18.500,0.11092],[18.750,0.11760],[19.000,0.12467],],[[-11.750,0.12086],[-11.500,0.11491],[-11.250,0.03329],[-11.000,0.02812],[-10.750,0.02578],[-10.500,0.02310],[-10.250,0.02159],[-10.000,0.01997],[-9.750,0.01873],[-9.500,0.01694],[-9.250,0.01496],[-9.000,0.01419],[-8.750,0.01367],[-8.500,0.01322],[-8.250,0.01277],[-8.000,0.01231],[-7.750,0.01185],[-7.250,0.01087],[-6.750,0.01014],[-6.500,0.00990],[-6.250,0.00971],[-6.000,0.00929],[-5.750,0.00910],[-5.500,0.00896],[-5.250,0.00868],[-5.000,0.00850],[-4.750,0.00837],[-4.500,0.00815],[-4.250,0.00802],[-4.000,0.00786],[-3.750,0.00771],[-3.500,0.00750],[-3.250,0.00729],[-3.000,0.00698],[-2.750,0.00672],[-2.500,0.00657],[-2.250,0.00645],[-2.000,0.00636],[-1.750,0.00631],[-1.500,0.00630],[-1.250,0.00627],[-1.000,0.00624],[-0.750,0.00622],[-0.500,0.00624],[-0.250,0.00621],[0.000,0.00618],[0.250,0.00617],[0.500,0.00619],[0.750,0.00615],[1.000,0.00613],[1.250,0.00613],[1.500,0.00608],[1.750,0.00605],[2.000,0.00599],[2.250,0.00591],[2.500,0.00578],[2.750,0.00551],[3.000,0.00562],[3.250,0.00575],[3.500,0.00589],[3.750,0.00609],[4.000,0.00632],[4.250,0.00664],[4.750,0.00766],[5.000,0.00841],[5.250,0.00909],[5.500,0.00986],[5.750,0.01047],[6.000,0.01100],[6.250,0.01152],[6.500,0.01196],[6.750,0.01241],[7.000,0.01281],[7.250,0.01325],[7.500,0.01369],[7.750,0.01412],[8.000,0.01456],[8.250,0.01499],[8.500,0.01556],[8.750,0.01595],[9.000,0.01646],[9.250,0.01718],[9.500,0.01768],[9.750,0.01821],[10.000,0.01886],[10.250,0.01977],[10.500,0.02064],[10.750,0.02126],[11.000,0.02198],[11.250,0.02282],[11.500,0.02364],[11.750,0.02463],[12.000,0.02584],[12.250,0.02747],[12.500,0.02858],[12.750,0.02905],[13.000,0.03058],[13.250,0.03151],[13.500,0.03275],[13.750,0.03421],[14.000,0.03550],[14.250,0.03715],[14.500,0.03910],[14.750,0.04161],[15.000,0.04419],[15.250,0.04612],[15.500,0.04779],[15.750,0.04987],[16.000,0.05206],[16.250,0.05461],[16.500,0.05688],[16.750,0.05958],[17.000,0.06211],[17.250,0.06516],[17.500,0.06833],[17.750,0.07165],[18.000,0.07533],[18.250,0.07991],[18.500,0.08510],[18.750,0.09092],],],
{"title":"Cd v Alpha","sortData":false,"legend":{"show":false,"placement":"insideGrid","location":"ne"},"series":[{"showLabel":true,"index":0,"showLine":true,"trendline":{"type":"none","show":false},"color":"#4bb2c5"},{"showLabel":true,"index":0,"showLine":true,"trendline":{"type":"none","show":false},"color":"#EAA228"},{"showLabel":true,"index":0,"showLine":true,"trendline":{"type":"none","show":false},"color":"#839557"},{"showLabel":true,"index":0,"showLine":true,"trendline":{"type":"none","show":false},"color":"#953579"},{"showLabel":true,"index":0,"showLine":true,"trendline":{"type":"none","show":false},"color":"#d8b83f"}],"show":"$.jqplot.config.enablePlugins","axes":{"xaxis":{"max":20,"min":-15,"tickInterval":5,"tickOptions":{"formatString":"%.1f"},"forceTickAt0":true,"rendererOptions":{"forceTickAt0":true}},"yaxis":{"max":0.18,"min":0,"tickInterval":0.02,"tickOptions":{"formatString":"%.2f"},"forceTickAt0":true,"rendererOptions":{"forceTickAt0":true}}},"seriesDefaults":{"lineWidth":1,"showLabel":true,"markerOptions":{"size":5,"show":false}}});
jqplots.push(p);

var p = $.jqplot('effaoa',[[[-8.000,-3.4433194720665],[-7.750,-3.3957092902372],[-7.500,-3.6760997478285],[-7.250,-3.6725362389337],[-7.000,-3.918565196316],[-6.750,-4.0163852532721],[-6.500,-4.179797979798],[-6.250,-4.5244086562657],[-6.000,-4.5360284876414],[-5.750,-4.8573834333228],[-5.500,-4.9269993462628],[-5.250,-5.1952951620062],[-5.000,-5.3994583615437],[-4.750,-7.524987294596],[-4.500,-8.0011542901116],[-4.250,-8.3740191804708],[-4.000,-8.5510055730555],[-3.750,-8.4689368338965],[-3.500,-8.2159624413146],[-3.250,-7.9421128798842],[-3.000,-7.5150966183575],[-2.750,-7.0137157107232],[-2.500,-6.4942159383033],[-2.250,-5.8916256157635],[-2.000,-5.257525083612],[-1.750,-4.6011443958263],[-1.500,-4.0442655935614],[-1.250,-3.5080106809079],[-1.000,-2.9996674426339],[-0.750,-2.4900530503979],[-0.500,-1.9940278699403],[-0.250,-1.4380825565912],[0.000,-0.84483338943117],[0.250,0.092497430626927],[0.500,1.3024650233178],[0.750,2.1569899448589],[1.000,2.8530805687204],[1.250,3.4564481378886],[1.500,3.9946059334732],[1.750,4.4791362707908],[2.000,4.9176604202158],[2.250,5.3162109914388],[2.500,5.6740064446831],[2.750,5.9984338292874],[3.000,6.2854969574037],[3.250,6.5402610194533],[3.500,6.763862332696],[3.750,6.9573283858998],[4.000,7.1210076473234],[4.250,7.2552866797471],[4.500,7.3621964097149],[4.750,7.4483745655285],[5.000,10.352564102564],[5.250,10.802946593002],[5.500,11.29980169461],[5.750,11.566542619174],[6.000,12.326437587658],[6.250,12.543692680395],[6.500,13.667131891137],[6.750,14.115800488315],[7.000,15.326651154466],[7.250,17.508584509729],[7.500,21.662315056571],[7.750,30.461796809404],[8.000,36.821148825065],[8.250,34.820655534941],[8.500,32.442726231386],[8.750,31.150560597971],[9.000,30.188538824113],[9.250,29.200278164117],[9.500,27.988729952319],[9.750,26.736435683804],[10.000,25.61769775905],[10.250,24.216630977873],[10.500,22.943166441137],[10.750,21.704035874439],[11.000,20.527992717342],[11.250,19.286944045911],[11.500,18.059640522876],[11.750,16.817418271094],[12.000,15.554468761462],[12.250,14.262691377921],[12.500,12.963162429987],[12.750,11.753663922907],[13.000,10.703935682902],[13.250,9.9316149395055],[13.500,7.6597155699654],[13.750,5.2012314581584],],[[-8.000,-4.1183915879661],[-7.750,-4.4540846168844],[-7.500,-4.864785420341],[-7.250,-5.0305064063453],[-7.000,-4.8888425007828],[-6.750,-5.0959804857355],[-6.500,-5.6499661475965],[-6.250,-5.4699484831139],[-6.000,-5.6737501535438],[-5.750,-5.5985383064516],[-5.500,-7.6678511314756],[-5.250,-9.1931540342298],[-5.000,-9.272383013254],[-4.750,-8.790415704388],[-4.500,-8.6179113727921],[-4.250,-8.1596306068602],[-4.000,-7.2076372315036],[-3.750,-6.5083303792981],[-3.500,-5.6907894736842],[-3.250,-4.5800376647834],[-3.000,-3.4863092942538],[-2.750,-2.6417322834646],[-2.500,-1.4611314611315],[-2.250,0.012219959266802],[-2.000,0.61519903498191],[-1.750,1.7612058706862],[-1.500,3.1739811912226],[-1.250,3.6218944099379],[-1.000,4.6841294298921],[-0.750,6.0902830910482],[-0.500,6.4212523719165],[-0.250,7.6370510396975],[0.000,8.8901429646351],[0.250,9.5134730538922],[0.500,11.569301260023],[0.750,12.933233308327],[1.000,13.308877476156],[1.250,14.5961608113],[1.500,14.835630965005],[1.750,15.783972125436],[2.000,16.52278177458],[2.250,17.048131942107],[2.500,18.442732752847],[2.750,18.285528031291],[3.000,19.703776041667],[3.250,19.647283126787],[3.500,21.318822023047],[3.750,21.344827586207],[4.000,23.529788597053],[4.250,23.700315457413],[4.500,27.024875621891],[4.750,27.98],[5.000,30.217016879091],[5.250,38.636363636364],[5.500,41.601659751037],[5.750,46.044150110375],[6.000,51.320397539044],[6.250,53.730544747082],[6.500,57.384459116303],[6.750,59.734513274336],[7.000,60.982142857143],[7.250,59.897330595483],[7.500,54.942911512845],[7.750,49.596178897091],[8.000,45.309134423614],[8.250,42.289962825279],[8.500,40.034977264778],[8.750,38.216644649934],[9.000,36.900878293601],[9.250,35.998193315266],[9.500,35.021471514457],[9.750,33.997841920691],[10.000,33.145806451613],[10.250,32.117532782904],[10.500,30.625141562854],[10.750,29.549783549784],[11.000,28.315918869084],[11.250,27.069866460228],[11.500,25.7937088515],[11.750,24.332191780822],[12.000,22.465623518255],[12.250,21.442953020134],[12.500,20.271216097988],[12.750,19.111049184896],[13.000,17.865242616034],[13.250,16.660022424318],[13.500,15.485271681727],[13.750,14.421309115074],[14.000,13.477383733277],[14.250,9.9761652542373],[14.500,8.8150591263776],[14.750,8.1334637375865],[15.000,7.7499641371396],],[[-10.250,-3.3303698435277],[-10.000,-3.5154264972777],[-9.750,-3.7025433099889],[-9.500,-3.9144245142003],[-9.250,-3.9924286546302],[-9.000,-3.9635467980296],[-8.750,-3.8844824079723],[-8.500,-3.9157715622674],[-8.250,-4.4050396640224],[-8.000,-4.6739954510993],[-7.750,-4.5239948119326],[-7.500,-4.3803879310345],[-7.250,-4.4382504288165],[-7.000,-8.8303934871099],[-6.750,-9.1607087348461],[-6.500,-9.2630876958986],[-6.250,-9.1833704528582],[-6.000,-8.8113908378044],[-5.750,-7.8137472283814],[-5.500,-7.2437673130194],[-5.250,-5.9700048379294],[-5.000,-4.547817047817],[-4.750,-2.6874657909141],[-4.500,-0.64050778995961],[-4.250,0.31268436578171],[-4.000,2.3551171393342],[-3.750,4.741935483871],[-3.500,7.4846206425154],[-3.250,8.8039631988677],[-3.000,11.154949784792],[-2.750,13.754512635379],[-2.500,16.460755813953],[-2.250,17.329992841804],[-2.000,19.619526202441],[-1.750,22.269760696157],[-1.500,23.812949640288],[-1.250,25.528396836808],[-1.000,28.047895500726],[-0.750,30.858400586941],[-0.500,31.746376811594],[-0.250,34.054054054054],[0.000,36.960711638251],[0.250,38.461538461538],[0.500,40.461653015637],[0.750,43.697478991597],[1.000,49.913112164297],[1.250,50.177059276366],[1.500,52.081101759755],[1.750,54.701378254211],[2.000,55.067466266867],[2.250,57.157816005984],[2.500,60.090293453725],[2.750,60.840148698885],[3.000,64.761182714177],[3.250,66.436694465504],[3.500,69.507692307692],[3.750,73.509047993706],[4.000,76.31160572337],[4.250,78.342629482072],[4.500,80.777243589744],[4.750,83.333333333333],[5.000,85.641233766234],[5.250,87.632221318145],[5.500,89.454397394137],[5.750,90.428802588997],[6.000,90.48644338118],[6.250,88.854489164087],[6.500,84.472913616398],[6.750,78.009478672986],[7.000,71.591760299625],[7.250,65.858294930876],[7.500,60.928],[7.750,57.242757242757],[8.000,53.834269662921],[8.250,51.325942350333],[8.500,48.838087248322],[8.750,47.367149758454],[9.000,45.15059092642],[9.250,43.961086637298],[9.500,42.001392272885],[9.750,40.873786407767],[10.000,39.851517107811],[10.250,38.418461538462],[10.500,37.439456585942],[10.750,36.631518951268],[11.000,35.796703296703],[11.250,34.965590259397],[11.500,33.651070184171],[11.750,32.739693192713],[12.000,31.694603903559],[12.250,30.552389302937],[12.500,29.309265442404],[12.750,28.140693503388],[13.000,27.065113614665],[13.250,25.934246575342],[13.500,24.92385786802],[13.750,23.410024650781],[14.000,21.655953474135],[14.250,20.01859001859],[14.500,18.62914085645],[14.750,17.232966755151],[15.000,15.936572039435],[15.250,14.793323624958],[15.500,13.630914826498],[15.750,12.660113196306],[16.000,11.631456491391],],[[-10.250,-2.6108549130897],[-10.000,-2.6486285217823],[-9.750,-2.7233258781739],[-9.500,-7.6328671328671],[-9.250,-9.207264957265],[-9.000,-12.695497630332],[-8.750,-14.952205882353],[-8.500,-15.86164043082],[-8.250,-16.019151846785],[-8.000,-15.536417322835],[-7.750,-15.889737991266],[-7.500,-15.922746781116],[-7.250,-14.912959381044],[-7.000,-13.582995951417],[-6.750,-12.127208480565],[-6.500,-10.668135095448],[-6.250,-9.0774042220485],[-6.000,-7.5243506493506],[-5.750,-5.4096989966555],[-5.500,-3.2448630136986],[-5.250,-1.2511332728921],[-5.000,1.3636363636364],[-4.750,3.805476864967],[-4.500,6.4862204724409],[-4.250,9.4411177644711],[-4.000,12.362694300518],[-3.750,15.528281750267],[-3.500,19.198218262806],[-3.250,23.029239766082],[-3.000,26.807228915663],[-2.750,30.575275397797],[-2.500,34.162561576355],[-2.250,37.540173053152],[-2.000,41.105590062112],[-1.750,44.676616915423],[-1.500,48.032378580324],[-1.250,51.47315855181],[-1.000,54.975],[-0.750,58.401997503121],[-0.500,61.907151819322],[-0.250,65.528967254408],[0.000,69.129886506936],[0.250,72.550505050505],[0.500,76.302414231258],[1.000,83.884615384615],[1.250,88.14044213264],[1.500,93.037135278515],[1.750,99.327846364883],[2.000,109.61971830986],[2.250,112.44755244755],[2.500,115.5369595537],[2.750,118.40277777778],[3.000,120.84022038567],[3.250,123.05593451569],[3.500,125.31799729364],[3.750,127.16198125837],[4.000,128.56010568032],[4.250,129.59687906372],[4.500,129.56743002545],[4.750,128.73605947955],[5.000,126.35603345281],[5.250,122],[5.500,115.12195121951],[5.750,106.53359298929],[6.000,98.163992869875],[6.250,91.392092257002],[6.500,86.34749034749],[6.750,82.192279679534],[7.000,79.119278779473],[7.250,76.564986737401],[7.500,74.458598726115],[7.750,72.492345376607],[8.000,70.476470588235],[8.250,68.430265386787],[8.500,66.924754634678],[8.750,65.360336664913],[9.000,62.63],[9.250,61.656143759106],[9.500,60.168697282099],[9.750,57.725245316682],[10.000,55.551298424862],[10.250,54.247532894737],[10.500,52.644268774704],[10.750,50.921152388173],[11.000,48.132809710818],[11.250,45.703678704016],[11.500,44.488932291667],[11.750,43.040625],[12.000,41.675675675676],[12.250,40.352193995381],[12.500,39.037447988904],[12.750,37.770666666667],[13.000,36.38384870943],[13.250,34.791818845873],[13.500,32.971231300345],[13.750,31.96626719929],[14.000,30.96256684492],[14.250,29.858258011504],[14.500,28.845393436141],[14.750,27.750379362671],[15.000,26.695794647733],[15.250,25.698548697325],[15.500,24.731273093719],[15.750,23.770148291425],[16.000,22.67579627635],[16.250,21.280301930614],[16.500,20.106002202643],[16.750,19.077809798271],[17.000,18.111748565727],[17.250,17.048057621915],[17.500,16.127005497588],[17.750,15.202127659574],[18.000,14.267176340408],[18.250,13.387250237869],[18.500,12.585647313379],[18.750,11.746598639456],[19.000,10.958530520574],],[[-11.750,-3.1143471785537],[-11.500,-3.3339134975198],[-11.250,-20.060078101532],[-11.000,-23.054765291607],[-10.750,-24.356089992242],[-10.500,-26.077922077922],[-10.250,-26.767021769338],[-10.000,-27.35102653981],[-9.750,-27.362520021356],[-9.500,-28.364817001181],[-9.250,-29.893048128342],[-9.000,-29.238900634249],[-8.750,-27.915142648135],[-8.500,-26.60363086233],[-8.250,-25.379796397807],[-8.000,-24.094232331438],[-7.750,-22.95358649789],[-7.250,-20.450781968721],[-6.750,-16.942800788955],[-6.500,-14.717171717172],[-6.250,-12.296601441813],[-6.000,-10.172228202368],[-5.750,-7.4615384615385],[-5.500,-4.6205357142857],[-5.250,-1.7741935483871],[-5.000,1.3294117647059],[-4.750,4.5400238948626],[-4.500,7.9018404907975],[-4.250,11.384039900249],[-4.000,15.038167938931],[-3.750,18.793774319066],[-3.500,22.853333333333],[-3.250,27.16049382716],[-3.000,32.034383954155],[-2.750,37.127976190476],[-2.500,42.009132420091],[-2.250,46.961240310078],[-2.000,51.839622641509],[-1.750,56.545166402536],[-1.500,60.968253968254],[-1.250,65.598086124402],[-1.000,70.25641025641],[-0.750,74.855305466238],[-0.500,79.022435897436],[-0.250,83.752012882448],[0.000,88.527508090615],[0.250,93.047001620746],[0.500,97.140549273021],[0.750,102.06504065041],[1.000,106.70473083197],[1.250,110.94616639478],[1.500,115.98684210526],[1.750,120.72727272727],[2.000,125.94323873122],[2.250,131.52284263959],[2.500,138.23529411765],[2.750,154.9001814882],[3.000,156.22775800712],[3.250,156.86956521739],[3.500,157.23259762309],[3.750,155.74712643678],[4.000,153.5917721519],[4.250,149.24698795181],[4.750,133.81201044386],[5.000,123.43638525565],[5.250,115.8195819582],[5.500,108.0831643002],[5.750,103.31423113658],[6.000,99.909090909091],[6.250,96.892361111111],[6.500,94.816053511706],[6.750,92.747784045125],[7.000,91.28024980484],[7.250,89.622641509434],[7.500,88.056975894814],[7.750,86.706798866856],[8.000,85.364010989011],[8.250,84.182788525684],[8.500,82.178663239075],[8.750,81.404388714734],[9.000,79.975698663426],[9.250,77.485448195576],[9.500,76.329185520362],[9.750,75.096101043383],[10.000,73.372216330859],[10.250,70.632271117855],[10.500,68.309108527132],[10.750,67.126058325494],[11.000,65.646041856233],[11.250,63.851884312007],[11.500,62.263113367174],[11.750,60.26796589525],[12.000,57.825077399381],[12.250,54.564979978158],[12.500,52.851644506648],[12.750,52.674698795181],[13.000,50.264879005886],[13.250,49.231989844494],[13.500,47.685496183206],[13.750,45.887167494885],[14.000,44.512676056338],[14.250,42.710632570659],[14.500,40.664961636829],[14.750,38.1663061764],[15.000,35.894998868522],[15.250,34.509973980919],[15.500,33.475622515171],[15.750,32.175656707439],[16.000,30.902804456396],[16.250,29.487273393151],[16.500,28.384317862166],[16.750,27.114803625378],[17.000,26.058605699565],[17.250,24.826580724371],[17.500,23.658715059271],[17.750,22.538729937195],[18.000,21.383247046329],[18.250,20.033788011513],[18.500,18.654524089307],[18.750,17.275626924769],],],
{"title":"Cl\/Cd v Alpha","sortData":false,"legend":{"show":false,"placement":"insideGrid","location":"ne"},"series":[{"showLabel":true,"index":0,"showLine":true,"trendline":{"type":"none","show":false},"color":"#4bb2c5"},{"showLabel":true,"index":0,"showLine":true,"trendline":{"type":"none","show":false},"color":"#EAA228"},{"showLabel":true,"index":0,"showLine":true,"trendline":{"type":"none","show":false},"color":"#839557"},{"showLabel":true,"index":0,"showLine":true,"trendline":{"type":"none","show":false},"color":"#953579"},{"showLabel":true,"index":0,"showLine":true,"trendline":{"type":"none","show":false},"color":"#d8b83f"}],"show":"$.jqplot.config.enablePlugins","axes":{"xaxis":{"max":20,"min":-15,"tickInterval":5,"tickOptions":{"formatString":"%.1f"},"forceTickAt0":true,"rendererOptions":{"forceTickAt0":true}},"yaxis":{"max":160,"min":-40,"tickInterval":20,"tickOptions":{"formatString":"%d"},"forceTickAt0":true,"rendererOptions":{"forceTickAt0":true}}},"seriesDefaults":{"lineWidth":1,"showLabel":true,"markerOptions":{"size":5,"show":false}}});
jqplots.push(p);

});
/*]]>*/
</script>
</body>
</html>