<!DOCTYPE html>
<html lang="en">
<head>
<link rel="stylesheet" type="text/css" href="/assets/62ff72f1/jquery.jqplot.min.css" media="screen, projection, print" />
<style type="text/css">
/*<![CDATA[*/
.jqplot-title {font-size:1.8em;padding:3px;}.jqplot-xaxis {font-size:0.8em;padding-top:3px;}.jqplot-yaxis {font-size:0.8em;padding-right:3px;}
/*]]>*/
</style>
<!--[if lt IE 9]><script type="text/javascript" src="/assets/62ff72f1/excanvas.min.js"></script></script><![endif]-->
<script type="text/javascript" src="/assets/780cfc96/jquery.min.js"></script>
<script type="text/javascript" src="/assets/62ff72f1/jquery.min.js"></script>
<script type="text/javascript" src="/assets/62ff72f1/jquery.jqplot.min.js"></script>
<script type="text/javascript">
/*<![CDATA[*/
var jqplots = [];

/*]]>*/
</script>
<title>Airfoil polar plot</title>
<meta http-equiv="Content-Language" content="en-gb"/>
<meta http-equiv="Content-Type" content="text/html; charset=windows-1252"/>
<meta content="none" name="robots" />
<meta name="copyright" content="Copyright 2010-2013. All Rights Reserved" />
</head>
<body>

<table style="width:800px;">
<tr><td>
<div id="liftdrag" style="height:400px;width:398px;margin:auto;display:inline-block;"></div>
</td><td>
<div id="liftaoa" style="height:400px;width:398px;margin:auto;display:inline-block;"></div>
</td></tr>
<tr><td>
<div id="effaoa" style="height:400px;width:398px;margin:auto;display:inline-block;"></div>
</td><td>
<div id="dragaoa" style="height:400px;width:398px;margin:auto;display:inline-block;"></div>
</td></tr>
<tr><td>
<div id="momentaoa" style="height:400px;width:398px;margin:auto;display:inline-block;"></div>
</td><td>
</td></tr>

</table>
<script type="text/javascript">
/*<![CDATA[*/
jQuery(window).load(function() {
var p = $.jqplot('liftdrag',[[[0.11182,-0.3353],[0.10841,-0.3294],[0.10778,-0.3446],[0.10395,-0.3311],[0.10144,-0.3320],[0.10156,-0.3571],[0.09823,-0.3465],[0.09551,-0.3428],[0.09449,-0.3606],[0.09420,-0.3806],[0.09139,-0.3746],[0.08972,-0.3823],[0.09168,-0.4348],[0.08978,-0.4386],[0.08840,-0.4499],[0.05737,-0.4200],[0.04400,-0.3374],[0.04105,-0.3073],[0.03866,-0.2770],[0.03668,-0.2480],[0.03498,-0.2209],[0.03371,-0.1976],[0.03281,-0.1732],[0.03204,-0.1514],[0.03117,-0.1298],[0.02999,-0.1001],[0.02850,-0.0952],[0.02878,-0.1078],[0.02847,-0.1194],[0.02723,-0.1217],[0.02839,-0.0744],[0.02942,-0.0325],[0.03045,0.0072],[0.03161,0.0487],[0.03249,0.0813],[0.03370,0.1215],[0.03456,0.1500],[0.03582,0.1892],[0.03671,0.2148],[0.03803,0.2537],[0.03896,0.2765],[0.04038,0.3176],[0.04130,0.3360],[0.04266,0.3724],[0.04377,0.3960],[0.04504,0.4247],[0.04643,0.4629],[0.04761,0.4858],[0.04888,0.5112],[0.05018,0.5407],[0.05147,0.5714],[0.05270,0.6020],[0.05391,0.6317],[0.05505,0.6614],[0.05606,0.6936],[0.05679,0.7324],[0.05721,0.7741],[0.05825,0.7928],[0.05793,0.8386],[0.05782,0.8734],[0.05640,0.9216],[0.05412,0.9721],[0.04545,1.0807],[0.03759,1.1756],[0.03295,1.2272],[0.03207,1.2378],[0.03273,1.2497],[0.03479,1.2603],[0.03706,1.2785],[0.03946,1.3039],[0.04197,1.3350],[0.04466,1.3607],[0.04737,1.3836],[0.05057,1.4134],[0.05350,1.4178],[0.05685,1.4395],[0.06038,1.4363],[0.06401,1.4347],[0.06800,1.4567],[0.07172,1.4373],[0.07553,1.4146],[0.07970,1.3893],[0.08445,1.3620],[0.08990,1.3331],[0.09613,1.3036],[0.10313,1.2760],[0.15004,1.0486],[0.15679,1.0503],],[[0.10854,-0.3442],[0.10739,-0.3695],[0.10616,-0.3970],[0.09990,-0.3531],[0.09761,-0.3519],[0.09560,-0.3617],[0.09445,-0.3873],[0.09402,-0.4220],[0.09257,-0.4544],[0.08959,-0.4883],[0.08753,-0.4591],[0.08608,-0.4621],[0.07710,-0.4553],[0.07650,-0.4292],[0.07040,-0.4045],[0.06502,-0.3777],[0.06051,-0.3485],[0.04103,-0.2829],[0.03567,-0.2353],[0.03275,-0.1896],[0.03029,-0.1570],[0.02832,-0.1141],[0.02637,-0.0791],[0.02533,-0.0427],[0.02398,0.0001],[0.02325,0.0278],[0.02151,0.0704],[0.01985,0.1062],[0.02058,0.1208],[0.02092,0.1468],[0.02134,0.1571],[0.02130,0.1815],[0.02157,0.1865],[0.02133,0.2102],[0.02159,0.2153],[0.02125,0.2382],[0.02137,0.2507],[0.02125,0.2840],[0.02097,0.3531],[0.02072,0.4143],[0.02150,0.4139],[0.02139,0.4594],[0.02204,0.4796],[0.02219,0.5175],[0.02201,0.5645],[0.02291,0.5827],[0.02284,0.6258],[0.02252,0.6747],[0.02353,0.6907],[0.02313,0.7392],[0.02396,0.7593],[0.02343,0.8077],[0.02401,0.8312],[0.02321,0.8814],[0.02352,0.9072],[0.02321,0.9435],[0.02235,0.9893],[0.02227,1.0179],[0.02204,1.0488],[0.02171,1.0803],[0.02134,1.1114],[0.02096,1.1418],[0.02053,1.1719],[0.02032,1.1955],[0.02003,1.2191],[0.01988,1.2378],[0.01985,1.2529],[0.02004,1.2633],[0.02100,1.2653],[0.02269,1.2619],[0.02443,1.2592],[0.02616,1.2603],[0.02786,1.2654],[0.02949,1.2742],[0.03113,1.2862],[0.03273,1.3015],[0.03435,1.3204],[0.03609,1.3417],[0.03813,1.3730],[0.03978,1.3904],[0.04219,1.4236],[0.04422,1.4405],[0.04639,1.4646],[0.04935,1.4808],[0.05183,1.4860],[0.05416,1.4944],[0.05837,1.5211],[0.06078,1.5075],[0.06378,1.4928],[0.06721,1.4761],[0.07106,1.4578],[0.07534,1.4375],[0.08015,1.4150],[0.08566,1.3894],[0.09208,1.3602],[0.09943,1.3283],[0.10768,1.2953],[0.11676,1.2630],[0.12649,1.2336],[0.13664,1.2087],],[[0.10496,-0.3587],[0.10188,-0.3733],[0.09886,-0.3837],[0.09410,-0.3853],[0.09230,-0.3777],[0.09094,-0.3757],[0.08928,-0.3844],[0.08771,-0.4009],[0.08318,-0.3938],[0.06807,-0.3782],[0.06335,-0.3592],[0.06036,-0.3361],[0.04722,-0.2846],[0.04402,-0.2499],[0.03185,-0.2124],[0.02673,-0.1754],[0.02315,-0.1394],[0.02099,-0.1024],[0.01947,-0.0620],[0.01821,-0.0196],[0.01713,0.0126],[0.01579,0.0537],[0.01467,0.0973],[0.01390,0.1303],[0.01236,0.1745],[0.01124,0.2088],[0.01064,0.2452],[0.01086,0.2733],[0.01109,0.3022],[0.01126,0.3317],[0.01147,0.3562],[0.01162,0.3836],[0.01175,0.4088],[0.01188,0.4346],[0.01198,0.4616],[0.01208,0.4858],[0.01216,0.5111],[0.01226,0.5378],[0.01233,0.5615],[0.01240,0.5886],[0.01248,0.6130],[0.01253,0.6409],[0.01261,0.6660],[0.01268,0.6941],[0.01274,0.7209],[0.01283,0.7473],[0.01286,0.7758],[0.01293,0.7998],[0.01297,0.8289],[0.01300,0.8519],[0.01301,0.8812],[0.01299,0.9025],[0.01298,0.9287],[0.01293,0.9530],[0.01288,0.9754],[0.01281,1.0039],[0.01283,1.0369],[0.01293,1.0664],[0.01302,1.0955],[0.01311,1.1238],[0.01321,1.1508],[0.01332,1.1766],[0.01346,1.2000],[0.01365,1.2216],[0.01400,1.2397],[0.01479,1.2502],[0.01600,1.2563],[0.01727,1.2626],[0.01852,1.2687],[0.01969,1.2749],[0.02090,1.2813],[0.02205,1.2893],[0.02325,1.2971],[0.02565,1.3148],[0.02706,1.3224],[0.02828,1.3327],[0.02985,1.3408],[0.03108,1.3525],[0.03269,1.3621],[0.03420,1.3749],[0.03554,1.3871],[0.03704,1.3988],[0.03890,1.4165],[0.04037,1.4278],[0.04193,1.4387],[0.04357,1.4508],[0.04586,1.4694],[0.04771,1.4749],[0.04969,1.4810],[0.05165,1.4864],[0.05395,1.4983],[0.05687,1.4980],[0.05963,1.4959],[0.06244,1.4946],[0.06518,1.4937],[0.06775,1.4966],[0.07222,1.4932],[0.07646,1.4814],[0.08118,1.4691],[0.08608,1.4572],],[[0.08699,-0.2635],[0.07815,-0.2693],[0.05008,-0.3634],[0.04747,-0.3371],[0.04520,-0.3189],[0.04099,-0.2918],[0.03281,-0.2748],[0.02405,-0.2480],[0.02045,-0.2201],[0.01764,-0.1849],[0.01602,-0.1507],[0.01486,-0.1140],[0.01385,-0.0718],[0.01296,-0.0353],[0.01194,0.0035],[0.01099,0.0403],[0.01052,0.0731],[0.01019,0.1041],[0.00990,0.1336],[0.00954,0.1624],[0.00933,0.1906],[0.00896,0.2191],[0.00842,0.2476],[0.00807,0.2760],[0.00763,0.3045],[0.00717,0.3331],[0.00718,0.3608],[0.00726,0.3884],[0.00740,0.4162],[0.00750,0.4437],[0.00763,0.4712],[0.00769,0.4988],[0.00781,0.5267],[0.00787,0.5542],[0.00796,0.5821],[0.00806,0.6098],[0.00812,0.6374],[0.00822,0.6652],[0.00829,0.6924],[0.00837,0.7201],[0.00845,0.7472],[0.00849,0.7742],[0.00860,0.8020],[0.00861,0.8288],[0.00870,0.8557],[0.00874,0.8825],[0.00884,0.9098],[0.00887,0.9362],[0.00895,0.9626],[0.00903,0.9891],[0.00910,1.0157],[0.00918,1.0414],[0.00928,1.0670],[0.00939,1.0925],[0.00949,1.1168],[0.00964,1.1412],[0.00985,1.1638],[0.01027,1.1829],[0.01103,1.1978],[0.01188,1.2127],[0.01264,1.2277],[0.01332,1.2428],[0.01387,1.2559],[0.01441,1.2706],[0.01507,1.2896],[0.01576,1.3071],[0.01639,1.3236],[0.01703,1.3390],[0.01762,1.3551],[0.01833,1.3689],[0.01896,1.3839],[0.01982,1.3953],[0.02043,1.4109],[0.02128,1.4225],[0.02237,1.4307],[0.02309,1.4451],[0.02397,1.4574],[0.02520,1.4649],[0.02676,1.4688],[0.02763,1.4826],[0.02865,1.4948],[0.02986,1.5049],[0.03191,1.5057],[0.03317,1.5165],[0.03448,1.5272],[0.03592,1.5368],[0.03758,1.5445],[0.03992,1.5459],[0.04237,1.5473],[0.04406,1.5564],[0.04595,1.5639],[0.04794,1.5710],[0.05041,1.5743],[0.05425,1.5666],[0.05623,1.5753],[0.05864,1.5809],[0.06129,1.5850],[0.06461,1.5845],[0.06939,1.5741],[0.07247,1.5771],[0.07608,1.5769],[0.07997,1.5753],[0.08437,1.5711],[0.08979,1.5613],[0.09589,1.5484],],[[0.08589,-0.3485],[0.08028,-0.3383],[0.02733,-0.4374],[0.02385,-0.4203],[0.01944,-0.3946],[0.01826,-0.3615],[0.01740,-0.3396],[0.01652,-0.3076],[0.01567,-0.2779],[0.01475,-0.2416],[0.01391,-0.1989],[0.01345,-0.1584],[0.01131,-0.1194],[0.01062,-0.0833],[0.01023,-0.0519],[0.00992,-0.0233],[0.00959,0.0039],[0.00931,0.0306],[0.00907,0.0573],[0.00888,0.0842],[0.00846,0.1114],[0.00824,0.1387],[0.00811,0.1661],[0.00800,0.1936],[0.00786,0.2215],[0.00766,0.2495],[0.00733,0.2776],[0.00705,0.3062],[0.00678,0.3346],[0.00647,0.3636],[0.00613,0.3924],[0.00591,0.4214],[0.00594,0.4494],[0.00598,0.4778],[0.00604,0.5058],[0.00611,0.5338],[0.00615,0.5621],[0.00623,0.5900],[0.00629,0.6182],[0.00634,0.6461],[0.00643,0.6738],[0.00647,0.7017],[0.00656,0.7291],[0.00662,0.7572],[0.00674,0.8121],[0.00684,0.8395],[0.00687,0.8673],[0.00696,0.8942],[0.00701,0.9220],[0.00712,0.9489],[0.00719,0.9764],[0.00727,1.0033],[0.00739,1.0297],[0.00753,1.0560],[0.00771,1.0817],[0.00798,1.1057],[0.00856,1.1259],[0.00922,1.1457],[0.00987,1.1654],[0.01048,1.1855],[0.01105,1.2060],[0.01157,1.2265],[0.01203,1.2478],[0.01293,1.2899],[0.01335,1.3106],[0.01377,1.3311],[0.01419,1.3510],[0.01454,1.3712],[0.01492,1.3888],[0.01512,1.4030],[0.01565,1.4196],[0.01603,1.4383],[0.01655,1.4541],[0.01712,1.4692],[0.01755,1.4866],[0.01812,1.5018],[0.01887,1.5138],[0.01934,1.5309],[0.01993,1.5457],[0.02065,1.5588],[0.02159,1.5687],[0.02237,1.5814],[0.02310,1.5951],[0.02392,1.6078],[0.02489,1.6187],[0.02614,1.6264],[0.02730,1.6359],[0.02830,1.6479],[0.02946,1.6583],[0.03080,1.6670],[0.03248,1.6725],[0.03403,1.6801],[0.03544,1.6897],[0.03709,1.6971],[0.03911,1.7014],[0.04119,1.7058],[0.04313,1.7120],[0.04542,1.7155],[0.04826,1.7149],[0.05068,1.7186],[0.05343,1.7200],[0.05662,1.7187],[0.06057,1.7124],[0.06374,1.7128],[0.06730,1.7110],[0.07112,1.7080],[0.07529,1.7036],[0.07980,1.6976],[0.08471,1.6898],[0.09020,1.6796],[0.09644,1.6661],[0.10349,1.6492],],],
{"title":"Cl v Cd","sortData":false,"legend":{"show":false,"placement":"insideGrid","location":"ne"},"series":[{"showLabel":true,"index":0,"showLine":true,"trendline":{"type":"none","show":false},"color":"#4bb2c5"},{"showLabel":true,"index":0,"showLine":true,"trendline":{"type":"none","show":false},"color":"#EAA228"},{"showLabel":true,"index":0,"showLine":true,"trendline":{"type":"none","show":false},"color":"#839557"},{"showLabel":true,"index":0,"showLine":true,"trendline":{"type":"none","show":false},"color":"#953579"},{"showLabel":true,"index":0,"showLine":true,"trendline":{"type":"none","show":false},"color":"#d8b83f"}],"show":"$.jqplot.config.enablePlugins","axes":{"xaxis":{"max":0.16,"min":0,"tickInterval":0.02,"tickOptions":{"formatString":"%.2f"},"forceTickAt0":true,"rendererOptions":{"forceTickAt0":true}},"yaxis":{"max":2,"min":-0.5,"tickInterval":0.5,"tickOptions":{"formatString":"%.2f"},"forceTickAt0":true,"rendererOptions":{"forceTickAt0":true}}},"seriesDefaults":{"lineWidth":1,"showLabel":true,"markerOptions":{"size":5,"show":false}}});
jqplots.push(p);

var p = $.jqplot('liftaoa',[[[-8.750,-0.3353],[-8.500,-0.3294],[-8.250,-0.3446],[-8.000,-0.3311],[-7.750,-0.3320],[-7.500,-0.3571],[-7.250,-0.3465],[-7.000,-0.3428],[-6.750,-0.3606],[-6.500,-0.3806],[-6.250,-0.3746],[-6.000,-0.3823],[-5.750,-0.4348],[-5.500,-0.4386],[-5.250,-0.4499],[-4.500,-0.4200],[-4.000,-0.3374],[-3.750,-0.3073],[-3.500,-0.2770],[-3.250,-0.2480],[-3.000,-0.2209],[-2.750,-0.1976],[-2.500,-0.1732],[-2.250,-0.1514],[-2.000,-0.1298],[-1.750,-0.1001],[-1.500,-0.0952],[-1.250,-0.1078],[-1.000,-0.1194],[-0.750,-0.1217],[-0.500,-0.0744],[-0.250,-0.0325],[0.000,0.0072],[0.250,0.0487],[0.500,0.0813],[0.750,0.1215],[1.000,0.1500],[1.250,0.1892],[1.500,0.2148],[1.750,0.2537],[2.000,0.2765],[2.250,0.3176],[2.500,0.3360],[2.750,0.3724],[3.000,0.3960],[3.250,0.4247],[3.500,0.4629],[3.750,0.4858],[4.000,0.5112],[4.250,0.5407],[4.500,0.5714],[4.750,0.6020],[5.000,0.6317],[5.250,0.6614],[5.500,0.6936],[5.750,0.7324],[6.000,0.7741],[6.250,0.7928],[6.500,0.8386],[6.750,0.8734],[7.000,0.9216],[7.250,0.9721],[7.500,1.0807],[7.750,1.1756],[8.000,1.2272],[8.250,1.2378],[8.500,1.2497],[8.750,1.2603],[9.000,1.2785],[9.250,1.3039],[9.500,1.3350],[9.750,1.3607],[10.000,1.3836],[10.250,1.4134],[10.500,1.4178],[10.750,1.4395],[11.000,1.4363],[11.250,1.4347],[11.500,1.4567],[11.750,1.4373],[12.000,1.4146],[12.250,1.3893],[12.500,1.3620],[12.750,1.3331],[13.000,1.3036],[13.250,1.2760],[13.500,1.0486],[13.750,1.0503],],[[-9.250,-0.3442],[-9.000,-0.3695],[-8.750,-0.3970],[-8.500,-0.3531],[-8.250,-0.3519],[-8.000,-0.3617],[-7.750,-0.3873],[-7.500,-0.4220],[-7.250,-0.4544],[-7.000,-0.4883],[-6.750,-0.4591],[-6.500,-0.4621],[-6.250,-0.4553],[-6.000,-0.4292],[-5.750,-0.4045],[-5.500,-0.3777],[-5.250,-0.3485],[-5.000,-0.2829],[-4.750,-0.2353],[-4.500,-0.1896],[-4.250,-0.1570],[-4.000,-0.1141],[-3.750,-0.0791],[-3.500,-0.0427],[-3.250,0.0001],[-3.000,0.0278],[-2.750,0.0704],[-2.500,0.1062],[-2.250,0.1208],[-2.000,0.1468],[-1.750,0.1571],[-1.500,0.1815],[-1.250,0.1865],[-1.000,0.2102],[-0.750,0.2153],[-0.500,0.2382],[-0.250,0.2507],[0.000,0.2840],[0.250,0.3531],[0.500,0.4143],[0.750,0.4139],[1.000,0.4594],[1.250,0.4796],[1.500,0.5175],[1.750,0.5645],[2.000,0.5827],[2.250,0.6258],[2.500,0.6747],[2.750,0.6907],[3.000,0.7392],[3.250,0.7593],[3.500,0.8077],[3.750,0.8312],[4.000,0.8814],[4.250,0.9072],[4.500,0.9435],[4.750,0.9893],[5.000,1.0179],[5.250,1.0488],[5.500,1.0803],[5.750,1.1114],[6.000,1.1418],[6.250,1.1719],[6.500,1.1955],[6.750,1.2191],[7.000,1.2378],[7.250,1.2529],[7.500,1.2633],[7.750,1.2653],[8.000,1.2619],[8.250,1.2592],[8.500,1.2603],[8.750,1.2654],[9.000,1.2742],[9.250,1.2862],[9.500,1.3015],[9.750,1.3204],[10.000,1.3417],[10.250,1.3730],[10.500,1.3904],[10.750,1.4236],[11.000,1.4405],[11.250,1.4646],[11.500,1.4808],[11.750,1.4860],[12.000,1.4944],[12.250,1.5211],[12.500,1.5075],[12.750,1.4928],[13.000,1.4761],[13.250,1.4578],[13.500,1.4375],[13.750,1.4150],[14.000,1.3894],[14.250,1.3602],[14.500,1.3283],[14.750,1.2953],[15.000,1.2630],[15.250,1.2336],[15.500,1.2087],],[[-9.500,-0.3587],[-9.250,-0.3733],[-9.000,-0.3837],[-8.750,-0.3853],[-8.500,-0.3777],[-8.250,-0.3757],[-8.000,-0.3844],[-7.750,-0.4009],[-7.500,-0.3938],[-7.250,-0.3782],[-7.000,-0.3592],[-6.750,-0.3361],[-6.250,-0.2846],[-6.000,-0.2499],[-5.750,-0.2124],[-5.500,-0.1754],[-5.250,-0.1394],[-5.000,-0.1024],[-4.750,-0.0620],[-4.500,-0.0196],[-4.250,0.0126],[-4.000,0.0537],[-3.750,0.0973],[-3.500,0.1303],[-3.250,0.1745],[-3.000,0.2088],[-2.750,0.2452],[-2.500,0.2733],[-2.250,0.3022],[-2.000,0.3317],[-1.750,0.3562],[-1.500,0.3836],[-1.250,0.4088],[-1.000,0.4346],[-0.750,0.4616],[-0.500,0.4858],[-0.250,0.5111],[0.000,0.5378],[0.250,0.5615],[0.500,0.5886],[0.750,0.6130],[1.000,0.6409],[1.250,0.6660],[1.500,0.6941],[1.750,0.7209],[2.000,0.7473],[2.250,0.7758],[2.500,0.7998],[2.750,0.8289],[3.000,0.8519],[3.250,0.8812],[3.500,0.9025],[3.750,0.9287],[4.000,0.9530],[4.250,0.9754],[4.500,1.0039],[4.750,1.0369],[5.000,1.0664],[5.250,1.0955],[5.500,1.1238],[5.750,1.1508],[6.000,1.1766],[6.250,1.2000],[6.500,1.2216],[6.750,1.2397],[7.000,1.2502],[7.250,1.2563],[7.500,1.2626],[7.750,1.2687],[8.000,1.2749],[8.250,1.2813],[8.500,1.2893],[8.750,1.2971],[9.250,1.3148],[9.500,1.3224],[9.750,1.3327],[10.000,1.3408],[10.250,1.3525],[10.500,1.3621],[10.750,1.3749],[11.000,1.3871],[11.250,1.3988],[11.500,1.4165],[11.750,1.4278],[12.000,1.4387],[12.250,1.4508],[12.500,1.4694],[12.750,1.4749],[13.000,1.4810],[13.250,1.4864],[13.500,1.4983],[13.750,1.4980],[14.000,1.4959],[14.250,1.4946],[14.500,1.4937],[14.750,1.4966],[15.000,1.4932],[15.250,1.4814],[15.500,1.4691],[15.750,1.4572],],[[-9.500,-0.2635],[-9.250,-0.2693],[-8.000,-0.3634],[-7.750,-0.3371],[-7.500,-0.3189],[-7.250,-0.2918],[-7.000,-0.2748],[-6.750,-0.2480],[-6.500,-0.2201],[-6.250,-0.1849],[-6.000,-0.1507],[-5.750,-0.1140],[-5.500,-0.0718],[-5.250,-0.0353],[-5.000,0.0035],[-4.750,0.0403],[-4.500,0.0731],[-4.250,0.1041],[-4.000,0.1336],[-3.750,0.1624],[-3.500,0.1906],[-3.250,0.2191],[-3.000,0.2476],[-2.750,0.2760],[-2.500,0.3045],[-2.250,0.3331],[-2.000,0.3608],[-1.750,0.3884],[-1.500,0.4162],[-1.250,0.4437],[-1.000,0.4712],[-0.750,0.4988],[-0.500,0.5267],[-0.250,0.5542],[0.000,0.5821],[0.250,0.6098],[0.500,0.6374],[0.750,0.6652],[1.000,0.6924],[1.250,0.7201],[1.500,0.7472],[1.750,0.7742],[2.000,0.8020],[2.250,0.8288],[2.500,0.8557],[2.750,0.8825],[3.000,0.9098],[3.250,0.9362],[3.500,0.9626],[3.750,0.9891],[4.000,1.0157],[4.250,1.0414],[4.500,1.0670],[4.750,1.0925],[5.000,1.1168],[5.250,1.1412],[5.500,1.1638],[5.750,1.1829],[6.000,1.1978],[6.250,1.2127],[6.500,1.2277],[6.750,1.2428],[7.000,1.2559],[7.250,1.2706],[7.500,1.2896],[7.750,1.3071],[8.000,1.3236],[8.250,1.3390],[8.500,1.3551],[8.750,1.3689],[9.000,1.3839],[9.250,1.3953],[9.500,1.4109],[9.750,1.4225],[10.000,1.4307],[10.250,1.4451],[10.500,1.4574],[10.750,1.4649],[11.000,1.4688],[11.250,1.4826],[11.500,1.4948],[11.750,1.5049],[12.000,1.5057],[12.250,1.5165],[12.500,1.5272],[12.750,1.5368],[13.000,1.5445],[13.250,1.5459],[13.500,1.5473],[13.750,1.5564],[14.000,1.5639],[14.250,1.5710],[14.500,1.5743],[14.750,1.5666],[15.000,1.5753],[15.250,1.5809],[15.500,1.5850],[15.750,1.5845],[16.000,1.5741],[16.250,1.5771],[16.500,1.5769],[16.750,1.5753],[17.000,1.5711],[17.250,1.5613],[17.500,1.5484],],[[-9.250,-0.3485],[-9.000,-0.3383],[-8.750,-0.4374],[-8.500,-0.4203],[-8.250,-0.3946],[-8.000,-0.3615],[-7.750,-0.3396],[-7.500,-0.3076],[-7.250,-0.2779],[-7.000,-0.2416],[-6.750,-0.1989],[-6.500,-0.1584],[-6.250,-0.1194],[-6.000,-0.0833],[-5.750,-0.0519],[-5.500,-0.0233],[-5.250,0.0039],[-5.000,0.0306],[-4.750,0.0573],[-4.500,0.0842],[-4.250,0.1114],[-4.000,0.1387],[-3.750,0.1661],[-3.500,0.1936],[-3.250,0.2215],[-3.000,0.2495],[-2.750,0.2776],[-2.500,0.3062],[-2.250,0.3346],[-2.000,0.3636],[-1.750,0.3924],[-1.500,0.4214],[-1.250,0.4494],[-1.000,0.4778],[-0.750,0.5058],[-0.500,0.5338],[-0.250,0.5621],[0.000,0.5900],[0.250,0.6182],[0.500,0.6461],[0.750,0.6738],[1.000,0.7017],[1.250,0.7291],[1.500,0.7572],[2.000,0.8121],[2.250,0.8395],[2.500,0.8673],[2.750,0.8942],[3.000,0.9220],[3.250,0.9489],[3.500,0.9764],[3.750,1.0033],[4.000,1.0297],[4.250,1.0560],[4.500,1.0817],[4.750,1.1057],[5.000,1.1259],[5.250,1.1457],[5.500,1.1654],[5.750,1.1855],[6.000,1.2060],[6.250,1.2265],[6.500,1.2478],[7.000,1.2899],[7.250,1.3106],[7.500,1.3311],[7.750,1.3510],[8.000,1.3712],[8.250,1.3888],[8.500,1.4030],[8.750,1.4196],[9.000,1.4383],[9.250,1.4541],[9.500,1.4692],[9.750,1.4866],[10.000,1.5018],[10.250,1.5138],[10.500,1.5309],[10.750,1.5457],[11.000,1.5588],[11.250,1.5687],[11.500,1.5814],[11.750,1.5951],[12.000,1.6078],[12.250,1.6187],[12.500,1.6264],[12.750,1.6359],[13.000,1.6479],[13.250,1.6583],[13.500,1.6670],[13.750,1.6725],[14.000,1.6801],[14.250,1.6897],[14.500,1.6971],[14.750,1.7014],[15.000,1.7058],[15.250,1.7120],[15.500,1.7155],[15.750,1.7149],[16.000,1.7186],[16.250,1.7200],[16.500,1.7187],[16.750,1.7124],[17.000,1.7128],[17.250,1.7110],[17.500,1.7080],[17.750,1.7036],[18.000,1.6976],[18.250,1.6898],[18.500,1.6796],[18.750,1.6661],[19.000,1.6492],],],
{"title":"Cl v Alpha","sortData":false,"legend":{"show":false,"placement":"insideGrid","location":"ne"},"series":[{"showLabel":true,"index":0,"showLine":true,"trendline":{"type":"none","show":false},"color":"#4bb2c5"},{"showLabel":true,"index":0,"showLine":true,"trendline":{"type":"none","show":false},"color":"#EAA228"},{"showLabel":true,"index":0,"showLine":true,"trendline":{"type":"none","show":false},"color":"#839557"},{"showLabel":true,"index":0,"showLine":true,"trendline":{"type":"none","show":false},"color":"#953579"},{"showLabel":true,"index":0,"showLine":true,"trendline":{"type":"none","show":false},"color":"#d8b83f"}],"show":"$.jqplot.config.enablePlugins","axes":{"xaxis":{"max":20,"min":-10,"tickInterval":5,"tickOptions":{"formatString":"%.1f"},"forceTickAt0":true,"rendererOptions":{"forceTickAt0":true}},"yaxis":{"max":2,"min":-0.5,"tickInterval":0.5,"tickOptions":{"formatString":"%.2f"},"forceTickAt0":true,"rendererOptions":{"forceTickAt0":true}}},"seriesDefaults":{"lineWidth":1,"showLabel":true,"markerOptions":{"size":5,"show":false}}});
jqplots.push(p);

var p = $.jqplot('momentaoa',[[[-8.750,-0.0321],[-8.500,-0.0310],[-8.250,-0.0301],[-8.000,-0.0283],[-7.750,-0.0267],[-7.500,-0.0245],[-7.250,-0.0223],[-7.000,-0.0199],[-6.750,-0.0167],[-6.500,-0.0127],[-6.250,-0.0100],[-6.000,-0.0065],[-5.750,-0.0011],[-5.500,0.0023],[-5.250,0.0056],[-4.500,-0.0492],[-4.000,-0.0639],[-3.750,-0.0663],[-3.500,-0.0682],[-3.250,-0.0694],[-3.000,-0.0699],[-2.750,-0.0699],[-2.500,-0.0698],[-2.250,-0.0690],[-2.000,-0.0682],[-1.750,-0.0690],[-1.500,-0.0611],[-1.250,-0.0512],[-1.000,-0.0422],[-0.750,-0.0371],[-0.500,-0.0430],[-0.250,-0.0478],[0.000,-0.0521],[0.250,-0.0566],[0.500,-0.0595],[0.750,-0.0637],[1.000,-0.0657],[1.250,-0.0696],[1.500,-0.0711],[1.750,-0.0748],[2.000,-0.0758],[2.250,-0.0797],[2.500,-0.0800],[2.750,-0.0830],[3.000,-0.0840],[3.250,-0.0858],[3.500,-0.0888],[3.750,-0.0896],[4.000,-0.0907],[4.250,-0.0922],[4.500,-0.0938],[4.750,-0.0953],[5.000,-0.0964],[5.250,-0.0974],[5.500,-0.0985],[5.750,-0.0999],[6.000,-0.1012],[6.250,-0.1003],[6.500,-0.1011],[6.750,-0.1007],[7.000,-0.1004],[7.250,-0.0994],[7.500,-0.0994],[7.750,-0.0994],[8.000,-0.0965],[8.250,-0.0912],[8.500,-0.0870],[8.750,-0.0841],[9.000,-0.0826],[9.250,-0.0821],[9.500,-0.0826],[9.750,-0.0824],[10.000,-0.0819],[10.250,-0.0825],[10.500,-0.0796],[10.750,-0.0793],[11.000,-0.0760],[11.250,-0.0732],[11.500,-0.0734],[11.750,-0.0692],[12.000,-0.0651],[12.250,-0.0617],[12.500,-0.0593],[12.750,-0.0582],[13.000,-0.0582],[13.250,-0.0594],[13.500,-0.0926],[13.750,-0.0950],],[[-9.250,-0.0404],[-9.000,-0.0431],[-8.750,-0.0444],[-8.500,-0.0393],[-8.250,-0.0378],[-8.000,-0.0368],[-7.750,-0.0357],[-7.500,-0.0331],[-7.250,-0.0339],[-7.000,-0.0399],[-6.750,-0.0265],[-6.500,-0.0232],[-6.250,-0.0455],[-6.000,-0.0381],[-5.750,-0.0484],[-5.500,-0.0571],[-5.250,-0.0634],[-5.000,-0.0864],[-4.750,-0.0915],[-4.500,-0.0957],[-4.250,-0.0972],[-4.000,-0.1001],[-3.750,-0.1018],[-3.500,-0.1035],[-3.250,-0.1061],[-3.000,-0.1062],[-2.750,-0.1095],[-2.500,-0.1110],[-2.250,-0.1070],[-2.000,-0.1046],[-1.750,-0.1004],[-1.500,-0.0979],[-1.250,-0.0931],[-1.000,-0.0910],[-0.750,-0.0868],[-0.500,-0.0849],[-0.250,-0.0822],[0.000,-0.0831],[0.250,-0.0908],[0.500,-0.0973],[0.750,-0.0941],[1.000,-0.0978],[1.250,-0.0979],[1.500,-0.1004],[1.750,-0.1040],[2.000,-0.1039],[2.250,-0.1068],[2.500,-0.1104],[2.750,-0.1098],[3.000,-0.1131],[3.250,-0.1129],[3.500,-0.1158],[3.750,-0.1157],[4.000,-0.1186],[4.250,-0.1184],[4.500,-0.1192],[4.750,-0.1210],[5.000,-0.1207],[5.250,-0.1206],[5.500,-0.1204],[5.750,-0.1201],[6.000,-0.1197],[6.250,-0.1191],[6.500,-0.1177],[6.750,-0.1161],[7.000,-0.1137],[7.250,-0.1108],[7.500,-0.1072],[7.750,-0.1024],[8.000,-0.0975],[8.250,-0.0929],[8.500,-0.0891],[8.750,-0.0861],[9.000,-0.0837],[9.250,-0.0818],[9.500,-0.0804],[9.750,-0.0794],[10.000,-0.0788],[10.250,-0.0797],[10.500,-0.0784],[10.750,-0.0798],[11.000,-0.0785],[11.250,-0.0786],[11.500,-0.0777],[11.750,-0.0751],[12.000,-0.0731],[12.250,-0.0746],[12.500,-0.0700],[12.750,-0.0661],[13.000,-0.0629],[13.250,-0.0603],[13.500,-0.0584],[13.750,-0.0574],[14.000,-0.0572],[14.250,-0.0580],[14.500,-0.0601],[14.750,-0.0635],[15.000,-0.0681],[15.250,-0.0735],[15.500,-0.0793],],[[-9.500,-0.0434],[-9.250,-0.0460],[-9.000,-0.0468],[-8.750,-0.0446],[-8.500,-0.0414],[-8.250,-0.0387],[-8.000,-0.0365],[-7.750,-0.0339],[-7.500,-0.0405],[-7.250,-0.0781],[-7.000,-0.0753],[-6.750,-0.0777],[-6.250,-0.0960],[-6.000,-0.1000],[-5.750,-0.1073],[-5.500,-0.1109],[-5.250,-0.1130],[-5.000,-0.1148],[-4.750,-0.1173],[-4.500,-0.1200],[-4.250,-0.1207],[-4.000,-0.1233],[-3.750,-0.1266],[-3.500,-0.1278],[-3.250,-0.1318],[-3.000,-0.1341],[-2.750,-0.1357],[-2.500,-0.1351],[-2.250,-0.1346],[-2.000,-0.1342],[-1.750,-0.1329],[-1.500,-0.1322],[-1.250,-0.1312],[-1.000,-0.1304],[-0.750,-0.1300],[-0.500,-0.1289],[-0.250,-0.1280],[0.000,-0.1277],[0.250,-0.1266],[0.500,-0.1263],[0.750,-0.1256],[1.000,-0.1255],[1.250,-0.1250],[1.500,-0.1252],[1.750,-0.1249],[2.000,-0.1248],[2.250,-0.1248],[2.500,-0.1241],[2.750,-0.1244],[3.000,-0.1234],[3.250,-0.1236],[3.500,-0.1222],[3.750,-0.1217],[4.000,-0.1209],[4.250,-0.1196],[4.500,-0.1197],[4.750,-0.1209],[5.000,-0.1214],[5.250,-0.1219],[5.500,-0.1221],[5.750,-0.1221],[6.000,-0.1217],[6.250,-0.1209],[6.500,-0.1197],[6.750,-0.1179],[7.000,-0.1148],[7.250,-0.1113],[7.500,-0.1080],[7.750,-0.1046],[8.000,-0.1014],[8.250,-0.0982],[8.500,-0.0954],[8.750,-0.0926],[9.250,-0.0878],[9.500,-0.0853],[9.750,-0.0834],[10.000,-0.0813],[10.250,-0.0796],[10.500,-0.0779],[10.750,-0.0765],[11.000,-0.0751],[11.250,-0.0738],[11.500,-0.0729],[11.750,-0.0716],[12.000,-0.0703],[12.250,-0.0693],[12.500,-0.0687],[12.750,-0.0672],[13.000,-0.0660],[13.250,-0.0650],[13.500,-0.0644],[13.750,-0.0632],[14.000,-0.0622],[14.250,-0.0615],[14.500,-0.0611],[14.750,-0.0609],[15.000,-0.0606],[15.250,-0.0608],[15.500,-0.0614],[15.750,-0.0625],],[[-9.500,-0.0487],[-9.250,-0.0561],[-8.000,-0.0951],[-7.750,-0.0993],[-7.500,-0.1015],[-7.250,-0.1073],[-7.000,-0.1138],[-6.750,-0.1176],[-6.500,-0.1187],[-6.250,-0.1209],[-6.000,-0.1225],[-5.750,-0.1246],[-5.500,-0.1277],[-5.250,-0.1296],[-5.000,-0.1321],[-4.750,-0.1344],[-4.500,-0.1356],[-4.250,-0.1363],[-4.000,-0.1367],[-3.750,-0.1369],[-3.500,-0.1370],[-3.250,-0.1373],[-3.000,-0.1379],[-2.750,-0.1384],[-2.500,-0.1390],[-2.250,-0.1396],[-2.000,-0.1395],[-1.750,-0.1393],[-1.500,-0.1391],[-1.250,-0.1389],[-1.000,-0.1386],[-0.750,-0.1385],[-0.500,-0.1384],[-0.250,-0.1382],[0.000,-0.1381],[0.250,-0.1380],[0.500,-0.1379],[0.750,-0.1378],[1.000,-0.1376],[1.250,-0.1375],[1.500,-0.1373],[1.750,-0.1371],[2.000,-0.1371],[2.250,-0.1368],[2.500,-0.1366],[2.750,-0.1363],[3.000,-0.1362],[3.250,-0.1359],[3.500,-0.1356],[3.750,-0.1353],[4.000,-0.1351],[4.250,-0.1346],[4.500,-0.1341],[4.750,-0.1337],[5.000,-0.1329],[5.250,-0.1323],[5.500,-0.1313],[5.750,-0.1296],[6.000,-0.1274],[6.250,-0.1252],[6.500,-0.1231],[6.750,-0.1209],[7.000,-0.1183],[7.250,-0.1160],[7.500,-0.1148],[7.750,-0.1133],[8.000,-0.1115],[8.250,-0.1095],[8.500,-0.1077],[8.750,-0.1055],[9.000,-0.1035],[9.250,-0.1010],[9.500,-0.0993],[9.750,-0.0970],[10.000,-0.0944],[10.250,-0.0927],[10.500,-0.0908],[10.750,-0.0884],[11.000,-0.0858],[11.250,-0.0844],[11.500,-0.0830],[11.750,-0.0815],[12.000,-0.0793],[12.250,-0.0780],[12.500,-0.0769],[12.750,-0.0758],[13.000,-0.0747],[13.250,-0.0734],[13.500,-0.0722],[13.750,-0.0715],[14.000,-0.0709],[14.250,-0.0704],[14.500,-0.0699],[14.750,-0.0693],[15.000,-0.0692],[15.250,-0.0691],[15.500,-0.0692],[15.750,-0.0694],[16.000,-0.0699],[16.250,-0.0704],[16.500,-0.0710],[16.750,-0.0720],[17.000,-0.0732],[17.250,-0.0748],[17.500,-0.0769],],[[-9.250,-0.0529],[-9.000,-0.0591],[-8.750,-0.1139],[-8.500,-0.1155],[-8.250,-0.1187],[-8.000,-0.1209],[-7.750,-0.1203],[-7.500,-0.1218],[-7.250,-0.1226],[-7.000,-0.1248],[-6.750,-0.1284],[-6.500,-0.1313],[-6.250,-0.1346],[-6.000,-0.1367],[-5.750,-0.1377],[-5.500,-0.1379],[-5.250,-0.1379],[-5.000,-0.1378],[-4.750,-0.1376],[-4.500,-0.1374],[-4.250,-0.1375],[-4.000,-0.1374],[-3.750,-0.1374],[-3.500,-0.1373],[-3.250,-0.1373],[-3.000,-0.1374],[-2.750,-0.1378],[-2.500,-0.1382],[-2.250,-0.1386],[-2.000,-0.1392],[-1.750,-0.1397],[-1.500,-0.1401],[-1.250,-0.1401],[-1.000,-0.1402],[-0.750,-0.1401],[-0.500,-0.1401],[-0.250,-0.1401],[0.000,-0.1401],[0.250,-0.1401],[0.500,-0.1400],[0.750,-0.1400],[1.000,-0.1399],[1.250,-0.1398],[1.500,-0.1398],[2.000,-0.1396],[2.250,-0.1394],[2.500,-0.1394],[2.750,-0.1392],[3.000,-0.1392],[3.250,-0.1390],[3.500,-0.1390],[3.750,-0.1388],[4.000,-0.1385],[4.250,-0.1382],[4.500,-0.1378],[4.750,-0.1371],[5.000,-0.1358],[5.250,-0.1344],[5.500,-0.1331],[5.750,-0.1319],[6.000,-0.1307],[6.250,-0.1295],[6.500,-0.1284],[7.000,-0.1262],[7.250,-0.1250],[7.500,-0.1238],[7.750,-0.1225],[8.000,-0.1212],[8.250,-0.1194],[8.500,-0.1168],[8.750,-0.1150],[9.000,-0.1135],[9.250,-0.1115],[9.500,-0.1094],[9.750,-0.1078],[10.000,-0.1059],[10.250,-0.1035],[10.500,-0.1020],[10.750,-0.1002],[11.000,-0.0982],[11.250,-0.0958],[11.500,-0.0939],[11.750,-0.0922],[12.000,-0.0905],[12.250,-0.0887],[12.500,-0.0866],[12.750,-0.0849],[13.000,-0.0835],[13.250,-0.0821],[13.500,-0.0806],[13.750,-0.0790],[14.000,-0.0777],[14.250,-0.0767],[14.500,-0.0756],[14.750,-0.0745],[15.000,-0.0735],[15.250,-0.0728],[15.500,-0.0720],[15.750,-0.0714],[16.000,-0.0709],[16.250,-0.0706],[16.500,-0.0704],[16.750,-0.0704],[17.000,-0.0706],[17.250,-0.0709],[17.500,-0.0715],[17.750,-0.0723],[18.000,-0.0733],[18.250,-0.0747],[18.500,-0.0764],[18.750,-0.0787],[19.000,-0.0816],],],
{"title":"Cm v Alpha","sortData":false,"legend":{"show":false,"placement":"insideGrid","location":"ne"},"series":[{"showLabel":true,"index":0,"showLine":true,"trendline":{"type":"none","show":false},"color":"#4bb2c5"},{"showLabel":true,"index":0,"showLine":true,"trendline":{"type":"none","show":false},"color":"#EAA228"},{"showLabel":true,"index":0,"showLine":true,"trendline":{"type":"none","show":false},"color":"#839557"},{"showLabel":true,"index":0,"showLine":true,"trendline":{"type":"none","show":false},"color":"#953579"},{"showLabel":true,"index":0,"showLine":true,"trendline":{"type":"none","show":false},"color":"#d8b83f"}],"show":"$.jqplot.config.enablePlugins","axes":{"xaxis":{"max":20,"min":-10,"tickInterval":5,"tickOptions":{"formatString":"%.1f"},"forceTickAt0":true,"rendererOptions":{"forceTickAt0":true}},"yaxis":{"max":0.02,"min":-0.16,"tickInterval":0.02,"tickOptions":{"formatString":"%.2f"},"forceTickAt0":true,"rendererOptions":{"forceTickAt0":true}}},"seriesDefaults":{"lineWidth":1,"showLabel":true,"markerOptions":{"size":5,"show":false}}});
jqplots.push(p);

var p = $.jqplot('dragaoa',[[[-8.750,0.11182],[-8.500,0.10841],[-8.250,0.10778],[-8.000,0.10395],[-7.750,0.10144],[-7.500,0.10156],[-7.250,0.09823],[-7.000,0.09551],[-6.750,0.09449],[-6.500,0.09420],[-6.250,0.09139],[-6.000,0.08972],[-5.750,0.09168],[-5.500,0.08978],[-5.250,0.08840],[-4.500,0.05737],[-4.000,0.04400],[-3.750,0.04105],[-3.500,0.03866],[-3.250,0.03668],[-3.000,0.03498],[-2.750,0.03371],[-2.500,0.03281],[-2.250,0.03204],[-2.000,0.03117],[-1.750,0.02999],[-1.500,0.02850],[-1.250,0.02878],[-1.000,0.02847],[-0.750,0.02723],[-0.500,0.02839],[-0.250,0.02942],[0.000,0.03045],[0.250,0.03161],[0.500,0.03249],[0.750,0.03370],[1.000,0.03456],[1.250,0.03582],[1.500,0.03671],[1.750,0.03803],[2.000,0.03896],[2.250,0.04038],[2.500,0.04130],[2.750,0.04266],[3.000,0.04377],[3.250,0.04504],[3.500,0.04643],[3.750,0.04761],[4.000,0.04888],[4.250,0.05018],[4.500,0.05147],[4.750,0.05270],[5.000,0.05391],[5.250,0.05505],[5.500,0.05606],[5.750,0.05679],[6.000,0.05721],[6.250,0.05825],[6.500,0.05793],[6.750,0.05782],[7.000,0.05640],[7.250,0.05412],[7.500,0.04545],[7.750,0.03759],[8.000,0.03295],[8.250,0.03207],[8.500,0.03273],[8.750,0.03479],[9.000,0.03706],[9.250,0.03946],[9.500,0.04197],[9.750,0.04466],[10.000,0.04737],[10.250,0.05057],[10.500,0.05350],[10.750,0.05685],[11.000,0.06038],[11.250,0.06401],[11.500,0.06800],[11.750,0.07172],[12.000,0.07553],[12.250,0.07970],[12.500,0.08445],[12.750,0.08990],[13.000,0.09613],[13.250,0.10313],[13.500,0.15004],[13.750,0.15679],],[[-9.250,0.10854],[-9.000,0.10739],[-8.750,0.10616],[-8.500,0.09990],[-8.250,0.09761],[-8.000,0.09560],[-7.750,0.09445],[-7.500,0.09402],[-7.250,0.09257],[-7.000,0.08959],[-6.750,0.08753],[-6.500,0.08608],[-6.250,0.07710],[-6.000,0.07650],[-5.750,0.07040],[-5.500,0.06502],[-5.250,0.06051],[-5.000,0.04103],[-4.750,0.03567],[-4.500,0.03275],[-4.250,0.03029],[-4.000,0.02832],[-3.750,0.02637],[-3.500,0.02533],[-3.250,0.02398],[-3.000,0.02325],[-2.750,0.02151],[-2.500,0.01985],[-2.250,0.02058],[-2.000,0.02092],[-1.750,0.02134],[-1.500,0.02130],[-1.250,0.02157],[-1.000,0.02133],[-0.750,0.02159],[-0.500,0.02125],[-0.250,0.02137],[0.000,0.02125],[0.250,0.02097],[0.500,0.02072],[0.750,0.02150],[1.000,0.02139],[1.250,0.02204],[1.500,0.02219],[1.750,0.02201],[2.000,0.02291],[2.250,0.02284],[2.500,0.02252],[2.750,0.02353],[3.000,0.02313],[3.250,0.02396],[3.500,0.02343],[3.750,0.02401],[4.000,0.02321],[4.250,0.02352],[4.500,0.02321],[4.750,0.02235],[5.000,0.02227],[5.250,0.02204],[5.500,0.02171],[5.750,0.02134],[6.000,0.02096],[6.250,0.02053],[6.500,0.02032],[6.750,0.02003],[7.000,0.01988],[7.250,0.01985],[7.500,0.02004],[7.750,0.02100],[8.000,0.02269],[8.250,0.02443],[8.500,0.02616],[8.750,0.02786],[9.000,0.02949],[9.250,0.03113],[9.500,0.03273],[9.750,0.03435],[10.000,0.03609],[10.250,0.03813],[10.500,0.03978],[10.750,0.04219],[11.000,0.04422],[11.250,0.04639],[11.500,0.04935],[11.750,0.05183],[12.000,0.05416],[12.250,0.05837],[12.500,0.06078],[12.750,0.06378],[13.000,0.06721],[13.250,0.07106],[13.500,0.07534],[13.750,0.08015],[14.000,0.08566],[14.250,0.09208],[14.500,0.09943],[14.750,0.10768],[15.000,0.11676],[15.250,0.12649],[15.500,0.13664],],[[-9.500,0.10496],[-9.250,0.10188],[-9.000,0.09886],[-8.750,0.09410],[-8.500,0.09230],[-8.250,0.09094],[-8.000,0.08928],[-7.750,0.08771],[-7.500,0.08318],[-7.250,0.06807],[-7.000,0.06335],[-6.750,0.06036],[-6.250,0.04722],[-6.000,0.04402],[-5.750,0.03185],[-5.500,0.02673],[-5.250,0.02315],[-5.000,0.02099],[-4.750,0.01947],[-4.500,0.01821],[-4.250,0.01713],[-4.000,0.01579],[-3.750,0.01467],[-3.500,0.01390],[-3.250,0.01236],[-3.000,0.01124],[-2.750,0.01064],[-2.500,0.01086],[-2.250,0.01109],[-2.000,0.01126],[-1.750,0.01147],[-1.500,0.01162],[-1.250,0.01175],[-1.000,0.01188],[-0.750,0.01198],[-0.500,0.01208],[-0.250,0.01216],[0.000,0.01226],[0.250,0.01233],[0.500,0.01240],[0.750,0.01248],[1.000,0.01253],[1.250,0.01261],[1.500,0.01268],[1.750,0.01274],[2.000,0.01283],[2.250,0.01286],[2.500,0.01293],[2.750,0.01297],[3.000,0.01300],[3.250,0.01301],[3.500,0.01299],[3.750,0.01298],[4.000,0.01293],[4.250,0.01288],[4.500,0.01281],[4.750,0.01283],[5.000,0.01293],[5.250,0.01302],[5.500,0.01311],[5.750,0.01321],[6.000,0.01332],[6.250,0.01346],[6.500,0.01365],[6.750,0.01400],[7.000,0.01479],[7.250,0.01600],[7.500,0.01727],[7.750,0.01852],[8.000,0.01969],[8.250,0.02090],[8.500,0.02205],[8.750,0.02325],[9.250,0.02565],[9.500,0.02706],[9.750,0.02828],[10.000,0.02985],[10.250,0.03108],[10.500,0.03269],[10.750,0.03420],[11.000,0.03554],[11.250,0.03704],[11.500,0.03890],[11.750,0.04037],[12.000,0.04193],[12.250,0.04357],[12.500,0.04586],[12.750,0.04771],[13.000,0.04969],[13.250,0.05165],[13.500,0.05395],[13.750,0.05687],[14.000,0.05963],[14.250,0.06244],[14.500,0.06518],[14.750,0.06775],[15.000,0.07222],[15.250,0.07646],[15.500,0.08118],[15.750,0.08608],],[[-9.500,0.08699],[-9.250,0.07815],[-8.000,0.05008],[-7.750,0.04747],[-7.500,0.04520],[-7.250,0.04099],[-7.000,0.03281],[-6.750,0.02405],[-6.500,0.02045],[-6.250,0.01764],[-6.000,0.01602],[-5.750,0.01486],[-5.500,0.01385],[-5.250,0.01296],[-5.000,0.01194],[-4.750,0.01099],[-4.500,0.01052],[-4.250,0.01019],[-4.000,0.00990],[-3.750,0.00954],[-3.500,0.00933],[-3.250,0.00896],[-3.000,0.00842],[-2.750,0.00807],[-2.500,0.00763],[-2.250,0.00717],[-2.000,0.00718],[-1.750,0.00726],[-1.500,0.00740],[-1.250,0.00750],[-1.000,0.00763],[-0.750,0.00769],[-0.500,0.00781],[-0.250,0.00787],[0.000,0.00796],[0.250,0.00806],[0.500,0.00812],[0.750,0.00822],[1.000,0.00829],[1.250,0.00837],[1.500,0.00845],[1.750,0.00849],[2.000,0.00860],[2.250,0.00861],[2.500,0.00870],[2.750,0.00874],[3.000,0.00884],[3.250,0.00887],[3.500,0.00895],[3.750,0.00903],[4.000,0.00910],[4.250,0.00918],[4.500,0.00928],[4.750,0.00939],[5.000,0.00949],[5.250,0.00964],[5.500,0.00985],[5.750,0.01027],[6.000,0.01103],[6.250,0.01188],[6.500,0.01264],[6.750,0.01332],[7.000,0.01387],[7.250,0.01441],[7.500,0.01507],[7.750,0.01576],[8.000,0.01639],[8.250,0.01703],[8.500,0.01762],[8.750,0.01833],[9.000,0.01896],[9.250,0.01982],[9.500,0.02043],[9.750,0.02128],[10.000,0.02237],[10.250,0.02309],[10.500,0.02397],[10.750,0.02520],[11.000,0.02676],[11.250,0.02763],[11.500,0.02865],[11.750,0.02986],[12.000,0.03191],[12.250,0.03317],[12.500,0.03448],[12.750,0.03592],[13.000,0.03758],[13.250,0.03992],[13.500,0.04237],[13.750,0.04406],[14.000,0.04595],[14.250,0.04794],[14.500,0.05041],[14.750,0.05425],[15.000,0.05623],[15.250,0.05864],[15.500,0.06129],[15.750,0.06461],[16.000,0.06939],[16.250,0.07247],[16.500,0.07608],[16.750,0.07997],[17.000,0.08437],[17.250,0.08979],[17.500,0.09589],],[[-9.250,0.08589],[-9.000,0.08028],[-8.750,0.02733],[-8.500,0.02385],[-8.250,0.01944],[-8.000,0.01826],[-7.750,0.01740],[-7.500,0.01652],[-7.250,0.01567],[-7.000,0.01475],[-6.750,0.01391],[-6.500,0.01345],[-6.250,0.01131],[-6.000,0.01062],[-5.750,0.01023],[-5.500,0.00992],[-5.250,0.00959],[-5.000,0.00931],[-4.750,0.00907],[-4.500,0.00888],[-4.250,0.00846],[-4.000,0.00824],[-3.750,0.00811],[-3.500,0.00800],[-3.250,0.00786],[-3.000,0.00766],[-2.750,0.00733],[-2.500,0.00705],[-2.250,0.00678],[-2.000,0.00647],[-1.750,0.00613],[-1.500,0.00591],[-1.250,0.00594],[-1.000,0.00598],[-0.750,0.00604],[-0.500,0.00611],[-0.250,0.00615],[0.000,0.00623],[0.250,0.00629],[0.500,0.00634],[0.750,0.00643],[1.000,0.00647],[1.250,0.00656],[1.500,0.00662],[2.000,0.00674],[2.250,0.00684],[2.500,0.00687],[2.750,0.00696],[3.000,0.00701],[3.250,0.00712],[3.500,0.00719],[3.750,0.00727],[4.000,0.00739],[4.250,0.00753],[4.500,0.00771],[4.750,0.00798],[5.000,0.00856],[5.250,0.00922],[5.500,0.00987],[5.750,0.01048],[6.000,0.01105],[6.250,0.01157],[6.500,0.01203],[7.000,0.01293],[7.250,0.01335],[7.500,0.01377],[7.750,0.01419],[8.000,0.01454],[8.250,0.01492],[8.500,0.01512],[8.750,0.01565],[9.000,0.01603],[9.250,0.01655],[9.500,0.01712],[9.750,0.01755],[10.000,0.01812],[10.250,0.01887],[10.500,0.01934],[10.750,0.01993],[11.000,0.02065],[11.250,0.02159],[11.500,0.02237],[11.750,0.02310],[12.000,0.02392],[12.250,0.02489],[12.500,0.02614],[12.750,0.02730],[13.000,0.02830],[13.250,0.02946],[13.500,0.03080],[13.750,0.03248],[14.000,0.03403],[14.250,0.03544],[14.500,0.03709],[14.750,0.03911],[15.000,0.04119],[15.250,0.04313],[15.500,0.04542],[15.750,0.04826],[16.000,0.05068],[16.250,0.05343],[16.500,0.05662],[16.750,0.06057],[17.000,0.06374],[17.250,0.06730],[17.500,0.07112],[17.750,0.07529],[18.000,0.07980],[18.250,0.08471],[18.500,0.09020],[18.750,0.09644],[19.000,0.10349],],],
{"title":"Cd v Alpha","sortData":false,"legend":{"show":false,"placement":"insideGrid","location":"ne"},"series":[{"showLabel":true,"index":0,"showLine":true,"trendline":{"type":"none","show":false},"color":"#4bb2c5"},{"showLabel":true,"index":0,"showLine":true,"trendline":{"type":"none","show":false},"color":"#EAA228"},{"showLabel":true,"index":0,"showLine":true,"trendline":{"type":"none","show":false},"color":"#839557"},{"showLabel":true,"index":0,"showLine":true,"trendline":{"type":"none","show":false},"color":"#953579"},{"showLabel":true,"index":0,"showLine":true,"trendline":{"type":"none","show":false},"color":"#d8b83f"}],"show":"$.jqplot.config.enablePlugins","axes":{"xaxis":{"max":20,"min":-10,"tickInterval":5,"tickOptions":{"formatString":"%.1f"},"forceTickAt0":true,"rendererOptions":{"forceTickAt0":true}},"yaxis":{"max":0.16,"min":0,"tickInterval":0.02,"tickOptions":{"formatString":"%.2f"},"forceTickAt0":true,"rendererOptions":{"forceTickAt0":true}}},"seriesDefaults":{"lineWidth":1,"showLabel":true,"markerOptions":{"size":5,"show":false}}});
jqplots.push(p);

var p = $.jqplot('effaoa',[[[-8.750,-2.9985691289573],[-8.500,-3.0384650862467],[-8.250,-3.1972536648729],[-8.000,-3.1851851851852],[-7.750,-3.2728706624606],[-7.500,-3.5161480897991],[-7.250,-3.5274356103024],[-7.000,-3.5891529682756],[-6.750,-3.8162768546936],[-6.500,-4.0403397027601],[-6.250,-4.0989167304957],[-6.000,-4.2610343290236],[-5.750,-4.7425828970332],[-5.500,-4.8852751169526],[-5.250,-5.0893665158371],[-4.500,-7.3208994247865],[-4.000,-7.6681818181818],[-3.750,-7.4859926918392],[-3.500,-7.1650284531816],[-3.250,-6.7611777535442],[-3.000,-6.3150371640938],[-2.750,-5.8617620884011],[-2.500,-5.2788783907345],[-2.250,-4.7253433208489],[-2.000,-4.1642605068977],[-1.750,-3.3377792597533],[-1.500,-3.340350877193],[-1.250,-3.7456567060459],[-1.000,-4.1938883034773],[-0.750,-4.4693352919574],[-0.500,-2.6206410707996],[-0.250,-1.1046906866077],[0.000,0.23645320197044],[0.250,1.5406516925024],[0.500,2.5023084025854],[0.750,3.6053412462908],[1.000,4.3402777777778],[1.250,5.2819653824679],[1.500,5.851266684827],[1.750,6.6710491717065],[2.000,7.097022587269],[2.250,7.8652798415057],[2.500,8.135593220339],[2.750,8.7294889826535],[3.000,9.0472926662097],[3.250,9.4293960923623],[3.500,9.9698470816283],[3.750,10.203738710355],[4.000,10.458265139116],[4.250,10.775209246712],[4.500,11.101612589858],[4.750,11.423149905123],[5.000,11.717677610833],[5.250,12.014532243415],[5.500,12.372458080628],[5.750,12.896636731819],[6.000,13.530851249782],[6.250,13.610300429185],[6.500,14.476091834973],[6.750,15.105499827049],[7.000,16.340425531915],[7.250,17.961936437546],[7.500,23.777777777778],[7.750,31.274275073158],[8.000,37.244309559939],[8.250,38.596819457437],[8.500,38.18209593645],[8.750,36.225926990515],[9.000,34.498111171074],[9.250,33.043588443994],[9.500,31.80843459614],[9.750,30.467980295567],[10.000,29.208359721343],[10.250,27.949377101048],[10.500,26.500934579439],[10.750,25.321020228672],[11.000,23.787678039086],[11.250,22.413685361662],[11.500,21.422058823529],[11.750,20.040435025098],[12.000,18.728981861512],[12.250,17.431618569636],[12.500,16.127886323268],[12.750,14.828698553949],[13.000,13.560803079164],[13.250,12.372733443227],[13.500,6.9888029858704],[13.750,6.6987690541489],],[[-9.250,-3.1711811313801],[-9.000,-3.4407300493528],[-8.750,-3.7396382818387],[-8.500,-3.5345345345345],[-8.250,-3.6051634053888],[-8.000,-3.7834728033473],[-7.750,-4.1005823186871],[-7.500,-4.488406721974],[-7.250,-4.9087177271254],[-7.000,-5.4503850876214],[-6.750,-5.2450588369702],[-6.500,-5.3682620817844],[-6.250,-5.905317769131],[-6.000,-5.6104575163399],[-5.750,-5.7457386363636],[-5.500,-5.8089818517379],[-5.250,-5.7593786151049],[-5.000,-6.8949549110407],[-4.750,-6.596579758901],[-4.500,-5.7893129770992],[-4.250,-5.183228788379],[-4.000,-4.0289548022599],[-3.750,-2.9996207811907],[-3.500,-1.6857481247533],[-3.250,0.0041701417848207],[-3.000,1.1956989247312],[-2.750,3.2728963272896],[-2.500,5.3501259445844],[-2.250,5.8697764820214],[-2.000,7.0172084130019],[-1.750,7.3617619493908],[-1.500,8.5211267605634],[-1.250,8.6462679647659],[-1.000,9.8546647913737],[-0.750,9.9722093561834],[-0.500,11.209411764706],[-0.250,11.731399157698],[0.000,13.364705882353],[0.250,16.838340486409],[0.500,19.995173745174],[0.750,19.251162790698],[1.000,21.477325853202],[1.250,21.760435571688],[1.500,23.321315908067],[1.750,25.647432985007],[2.000,25.434308162375],[2.250,27.399299474606],[2.500,29.960035523979],[2.750,29.354016149596],[3.000,31.958495460441],[3.250,31.690317195326],[3.500,34.472897994025],[3.750,34.618908788005],[4.000,37.975010771219],[4.250,38.571428571429],[4.500,40.650581645842],[4.750,44.263982102908],[5.000,45.707229456668],[5.250,47.586206896552],[5.500,49.760479041916],[5.750,52.080599812559],[6.000,54.475190839695],[6.250,57.082318558207],[6.500,58.833661417323],[6.750,60.863704443335],[7.000,62.263581488934],[7.250,63.11838790932],[7.500,63.038922155689],[7.750,60.252380952381],[8.000,55.614808285588],[8.250,51.543184609087],[8.500,48.176605504587],[8.750,45.419956927495],[9.000,43.207867073584],[9.250,41.317057500803],[9.500,39.76474182707],[9.750,38.439592430859],[10.000,37.176503186478],[10.250,36.008392341988],[10.500,34.952237305178],[10.750,33.742593031524],[11.000,32.575757575758],[11.250,31.571459366243],[11.500,30.006079027356],[11.750,28.670654061354],[12.000,27.592319054653],[12.250,26.059619667637],[12.500,24.802566633761],[12.750,23.40545625588],[13.000,21.962505579527],[13.250,20.51505769772],[13.500,19.080169896469],[13.750,17.654398003743],[14.000,16.219939294887],[14.250,14.771937445699],[14.500,13.359147138691],[14.750,12.029160475483],[15.000,10.817060637205],[15.250,9.7525496086647],[15.500,8.8458723653396],],[[-9.500,-3.4174923780488],[-9.250,-3.66411464468],[-9.000,-3.881246206757],[-8.750,-4.0945802337938],[-8.500,-4.092091007584],[-8.250,-4.1312953595777],[-8.000,-4.3055555555556],[-7.750,-4.5707444989169],[-7.500,-4.7343111324838],[-7.250,-5.5560452475393],[-7.000,-5.6700868192581],[-6.750,-5.5682571239231],[-6.250,-6.0271071579839],[-6.000,-5.6769650159019],[-5.750,-6.668759811617],[-5.500,-6.5619154508043],[-5.250,-6.0215982721382],[-5.000,-4.8785135778942],[-4.750,-3.1843862352337],[-4.500,-1.0763316858869],[-4.250,0.73555166374781],[-4.000,3.4008866371121],[-3.750,6.6325835037491],[-3.500,9.3741007194245],[-3.250,14.118122977346],[-3.000,18.576512455516],[-2.750,23.045112781955],[-2.500,25.165745856354],[-2.250,27.249774571686],[-2.000,29.458259325044],[-1.750,31.054925893636],[-1.500,33.012048192771],[-1.250,34.791489361702],[-1.000,36.582491582492],[-0.750,38.530884808013],[-0.500,40.215231788079],[-0.250,42.03125],[0.000,43.866231647635],[0.250,45.539334955393],[0.500,47.467741935484],[0.750,49.11858974359],[1.000,51.149241819633],[1.250,52.815226011102],[1.500,54.739747634069],[1.750,56.585557299843],[2.000,58.246297739673],[2.250,60.326594090202],[2.500,61.856148491879],[2.750,63.909020817271],[3.000,65.530769230769],[3.250,67.732513451191],[3.500,69.476520400308],[3.750,71.548536209553],[4.000,73.704563031709],[4.250,75.729813664596],[4.500,78.368462138954],[4.750,80.818394388153],[5.000,82.474864655839],[5.250,84.139784946237],[5.500,85.720823798627],[5.750,87.115821347464],[6.000,88.333333333333],[6.250,89.153046062407],[6.500,89.494505494505],[6.750,88.55],[7.000,84.530087897228],[7.250,78.51875],[7.500,73.109438332368],[7.750,68.504319654428],[8.000,64.748603351955],[8.250,61.306220095694],[8.500,58.471655328798],[8.750,55.789247311828],[9.250,51.259259259259],[9.500,48.869179600887],[9.750,47.125176803395],[10.000,44.917922948074],[10.250,43.516731016731],[10.500,41.667176506577],[10.750,40.201754385965],[11.000,39.029262802476],[11.250,37.764578833693],[11.500,36.413881748072],[11.750,35.367847411444],[12.000,34.311948485571],[12.250,33.298140922653],[12.500,32.040994330571],[12.750,30.913854537833],[13.000,29.804789696116],[13.250,28.778315585673],[13.500,27.772011121409],[13.750,26.340777211183],[14.000,25.086365923193],[14.250,23.936579115951],[14.500,22.916538815588],[14.750,22.090036900369],[15.000,20.675713098865],[15.250,19.374836515825],[15.500,18.09682187731],[15.750,16.92843866171],],[[-9.500,-3.0290838027359],[-9.250,-3.445937300064],[-8.000,-7.2563897763578],[-7.750,-7.101327153992],[-7.500,-7.0553097345133],[-7.250,-7.1188094657233],[-7.000,-8.3754952758305],[-6.750,-10.31185031185],[-6.500,-10.762836185819],[-6.250,-10.481859410431],[-6.000,-9.4069912609238],[-5.750,-7.671601615074],[-5.500,-5.1841155234657],[-5.250,-2.7237654320988],[-5.000,0.29313232830821],[-4.750,3.6669699727025],[-4.500,6.9486692015209],[-4.250,10.215897939156],[-4.000,13.494949494949],[-3.750,17.023060796646],[-3.500,20.42872454448],[-3.250,24.453125],[-3.000,29.406175771971],[-2.750,34.200743494424],[-2.500,39.908256880734],[-2.250,46.457461645746],[-2.000,50.25069637883],[-1.750,53.498622589532],[-1.500,56.243243243243],[-1.250,59.16],[-1.000,61.75622542595],[-0.750,64.863459037711],[-0.500,67.439180537772],[-0.250,70.419313850064],[0.000,73.128140703518],[0.250,75.657568238213],[0.500,78.497536945813],[0.750,80.924574209246],[1.000,83.522316043426],[1.250,86.033452807646],[1.500,88.426035502959],[1.750,91.189634864547],[2.000,93.255813953488],[2.250,96.260162601626],[2.500,98.35632183908],[2.750,100.97254004577],[3.000,102.9185520362],[3.250,105.54678692221],[3.500,107.5530726257],[3.750,109.53488372093],[4.000,111.61538461538],[4.250,113.44226579521],[4.500,114.97844827586],[4.750,116.34717784878],[5.000,117.68177028451],[5.250,118.38174273859],[5.500,118.15228426396],[5.750,115.18013631938],[6.000,108.59474161378],[6.250,102.07912457912],[6.500,97.128164556962],[6.750,93.303303303303],[7.000,90.547945205479],[7.250,88.174878556558],[7.500,85.57398805574],[7.750,82.937817258883],[8.000,80.756558877364],[8.250,78.625954198473],[8.500,76.906923950057],[8.750,74.68085106383],[9.000,72.990506329114],[9.250,70.39858728557],[9.500,69.060205580029],[9.750,66.846804511278],[10.000,63.956191327671],[10.250,62.585534863577],[10.500,60.801001251564],[10.750,58.130952380952],[11.000,54.887892376682],[11.250,53.659066232356],[11.500,52.174520069808],[11.750,50.398526456798],[12.000,47.185835161391],[12.250,45.719023213747],[12.500,44.292343387471],[12.750,42.783964365256],[13.000,41.098988823842],[13.250,38.7249498998],[13.500,36.518763275903],[13.750,35.324557421698],[14.000,34.034820457019],[14.250,32.770129328327],[14.500,31.229914699464],[14.750,28.877419354839],[15.000,28.015294326872],[15.250,26.959413369714],[15.500,25.860662424539],[15.750,24.524067481814],[16.000,22.684824902724],[16.250,21.762108458673],[16.500,20.726866456362],[16.750,19.698636988871],[17.000,18.621547943582],[17.250,17.388350595835],[17.500,16.147669204297],],[[-9.250,-4.0575154267086],[-9.000,-4.2140009965122],[-8.750,-16.004390779363],[-8.500,-17.622641509434],[-8.250,-20.298353909465],[-8.000,-19.797371303395],[-7.750,-19.51724137931],[-7.500,-18.61985472155],[-7.250,-17.734524569241],[-7.000,-16.379661016949],[-6.750,-14.299065420561],[-6.500,-11.776951672862],[-6.250,-10.557029177719],[-6.000,-7.8436911487759],[-5.750,-5.0733137829912],[-5.500,-2.3487903225806],[-5.250,0.40667361835245],[-5.000,3.2867883995704],[-4.750,6.3175303197354],[-4.500,9.481981981982],[-4.250,13.167848699764],[-4.000,16.832524271845],[-3.750,20.480887792848],[-3.500,24.2],[-3.250,28.180661577608],[-3.000,32.57180156658],[-2.750,37.871759890859],[-2.500,43.432624113475],[-2.250,49.351032448378],[-2.000,56.197836166924],[-1.750,64.013050570962],[-1.500,71.302876480541],[-1.250,75.656565656566],[-1.000,79.899665551839],[-0.750,83.741721854305],[-0.500,87.364975450082],[-0.250,91.39837398374],[0.000,94.70304975923],[0.250,98.282988871224],[0.500,101.90851735016],[0.750,104.7900466563],[1.000,108.4544049459],[1.250,111.14329268293],[1.500,114.38066465257],[2.000,120.48961424332],[2.250,122.73391812865],[2.500,126.24454148472],[2.750,128.47701149425],[3.000,131.52639087019],[3.250,133.27247191011],[3.500,135.79972183588],[3.750,138.00550206327],[4.000,139.33694181326],[4.250,140.2390438247],[4.500,140.29831387808],[4.750,138.55889724311],[5.000,131.53037383178],[5.250,124.26247288503],[5.500,118.07497467072],[5.750,113.12022900763],[6.000,109.14027149321],[6.250,106.00691443388],[6.500,103.72402327515],[7.000,99.760247486466],[7.250,98.172284644195],[7.500,96.666666666667],[7.750,95.207892882311],[8.000,94.305364511692],[8.250,93.083109919571],[8.500,92.791005291005],[8.750,90.709265175719],[9.000,89.725514660012],[9.250,87.861027190332],[9.500,85.817757009346],[9.750,84.706552706553],[10.000,82.880794701987],[10.250,80.222575516693],[10.500,79.157187176836],[10.750,77.556447566483],[11.000,75.486682808717],[11.250,72.658638258453],[11.500,70.692892266428],[11.750,69.051948051948],[12.000,67.215719063545],[12.250,65.034150261149],[12.500,62.218821729151],[12.750,59.923076923077],[13.000,58.229681978799],[13.250,56.289884589274],[13.500,54.123376623377],[13.750,51.493226600985],[14.000,49.371143109021],[14.250,47.67776523702],[14.500,45.756268535994],[14.750,43.502940424444],[15.000,41.412964311726],[15.250,39.693948527707],[15.500,37.769704975782],[15.750,35.534604227103],[16.000,33.910812943962],[16.250,32.191652629609],[16.500,30.35499823384],[16.750,28.27142149579],[17.000,26.871666143709],[17.250,25.423476968796],[17.500,24.015748031496],[17.750,22.627174923629],[18.000,21.273182957393],[18.250,19.94805808051],[18.500,18.620842572062],[18.750,17.276026545002],[19.000,15.935839211518],],],
{"title":"Cl\/Cd v Alpha","sortData":false,"legend":{"show":false,"placement":"insideGrid","location":"ne"},"series":[{"showLabel":true,"index":0,"showLine":true,"trendline":{"type":"none","show":false},"color":"#4bb2c5"},{"showLabel":true,"index":0,"showLine":true,"trendline":{"type":"none","show":false},"color":"#EAA228"},{"showLabel":true,"index":0,"showLine":true,"trendline":{"type":"none","show":false},"color":"#839557"},{"showLabel":true,"index":0,"showLine":true,"trendline":{"type":"none","show":false},"color":"#953579"},{"showLabel":true,"index":0,"showLine":true,"trendline":{"type":"none","show":false},"color":"#d8b83f"}],"show":"$.jqplot.config.enablePlugins","axes":{"xaxis":{"max":20,"min":-10,"tickInterval":5,"tickOptions":{"formatString":"%.1f"},"forceTickAt0":true,"rendererOptions":{"forceTickAt0":true}},"yaxis":{"max":160,"min":-40,"tickInterval":20,"tickOptions":{"formatString":"%d"},"forceTickAt0":true,"rendererOptions":{"forceTickAt0":true}}},"seriesDefaults":{"lineWidth":1,"showLabel":true,"markerOptions":{"size":5,"show":false}}});
jqplots.push(p);

});
/*]]>*/
</script>
</body>
</html>