<!DOCTYPE html>
<html lang="en">
<head>
<link rel="stylesheet" type="text/css" href="/assets/62ff72f1/jquery.jqplot.min.css" media="screen, projection, print" />
<style type="text/css">
/*<![CDATA[*/
.jqplot-title {font-size:1.8em;padding:3px;}.jqplot-xaxis {font-size:0.8em;padding-top:3px;}.jqplot-yaxis {font-size:0.8em;padding-right:3px;}
/*]]>*/
</style>
<!--[if lt IE 9]><script type="text/javascript" src="/assets/62ff72f1/excanvas.min.js"></script></script><![endif]-->
<script type="text/javascript" src="/assets/780cfc96/jquery.min.js"></script>
<script type="text/javascript" src="/assets/62ff72f1/jquery.min.js"></script>
<script type="text/javascript" src="/assets/62ff72f1/jquery.jqplot.min.js"></script>
<script type="text/javascript">
/*<![CDATA[*/
var jqplots = [];

/*]]>*/
</script>
<title>Airfoil polar plot</title>
<meta http-equiv="Content-Language" content="en-gb"/>
<meta http-equiv="Content-Type" content="text/html; charset=windows-1252"/>
<meta content="none" name="robots" />
<meta name="copyright" content="Copyright 2010-2013. All Rights Reserved" />
</head>
<body>

<table style="width:800px;">
<tr><td>
<div id="liftdrag" style="height:400px;width:398px;margin:auto;display:inline-block;"></div>
</td><td>
<div id="liftaoa" style="height:400px;width:398px;margin:auto;display:inline-block;"></div>
</td></tr>
<tr><td>
<div id="effaoa" style="height:400px;width:398px;margin:auto;display:inline-block;"></div>
</td><td>
<div id="dragaoa" style="height:400px;width:398px;margin:auto;display:inline-block;"></div>
</td></tr>
<tr><td>
<div id="momentaoa" style="height:400px;width:398px;margin:auto;display:inline-block;"></div>
</td><td>
</td></tr>

</table>
<script type="text/javascript">
/*<![CDATA[*/
jQuery(window).load(function() {
var p = $.jqplot('liftdrag',[[[0.12967,-0.4091],[0.12785,-0.4067],[0.12679,-0.4077],[0.11964,-0.3866],[0.11564,-0.3742],[0.11307,-0.3691],[0.11185,-0.3709],[0.10630,-0.3546],[0.10290,-0.3448],[0.10129,-0.3471],[0.10107,-0.3626],[0.10114,-0.3833],[0.10117,-0.4043],[0.10113,-0.4235],[0.09493,-0.4081],[0.09340,-0.4005],[0.08764,-0.3786],[0.08451,-0.3660],[0.08271,-0.3561],[0.07820,-0.3352],[0.07489,-0.3256],[0.04816,0.0552],[0.04541,0.0843],[0.04277,0.1147],[0.04056,0.1418],[0.05332,-0.1266],[0.04533,0.0316],[0.05780,-0.2995],[0.05568,-0.3038],[0.05408,-0.3128],[0.05177,-0.3144],[0.04989,-0.3136],[0.04817,-0.3125],[0.04604,-0.3036],[0.04445,-0.2951],[0.04296,-0.2756],[0.04192,-0.2376],[0.04368,-0.1446],[0.04426,-0.0874],[0.04475,-0.0457],[0.04386,-0.0247],[0.04355,-0.0029],[0.04344,0.0195],[0.04294,0.0425],[0.04288,0.0444],[0.04276,0.0721],[0.04282,0.1078],[0.04294,0.1386],[0.04136,0.3119],[0.04248,0.3237],[0.04369,0.3356],[0.04036,0.0596],[0.04091,0.0827],[0.04151,0.1050],[0.04228,0.1927],[0.04348,0.2083],[0.04473,0.2230],[0.04605,0.2374],[0.04961,0.2951],[0.05343,0.3572],[0.05650,0.3972],[0.05862,0.4221],[0.06044,0.4388],[0.06297,0.4655],[0.06557,0.4895],[0.06698,0.4995],[0.06908,0.5193],[0.07174,0.5457],[0.07427,0.5665],[0.07569,0.5729],[0.07781,0.5913],[0.08102,0.6240],[0.08265,0.6281],[0.08442,0.6380],[0.07915,0.7477],[0.08081,0.7575],[0.08215,0.7726],[0.08272,0.8015],[0.08353,0.8221],[0.08541,0.8264],[0.08576,0.8484],[0.08513,0.8761],[0.07969,0.9343],[0.08254,0.9272],[0.04569,1.1183],[0.04818,1.1197],[0.05027,1.1465],[0.05281,1.1764],[0.05585,1.2076],[0.05933,1.2116],[0.06304,1.2126],[0.06694,1.2086],[0.07107,1.1977],[0.07567,1.1777],[0.08107,1.1493],[0.08737,1.1170],[0.09471,1.0832],[0.10274,1.0518],[0.11123,1.0248],[0.11965,1.0044],[0.14377,0.9266],],[[0.10597,-0.3381],[0.10444,-0.3399],[0.10273,-0.3386],[0.10082,-0.3345],[0.09105,-0.3132],[0.08816,-0.3081],[0.08553,-0.3033],[0.08273,-0.2964],[0.08011,-0.2893],[0.07754,-0.2806],[0.07554,-0.2680],[0.07575,-0.2536],[0.07054,-0.2414],[0.06618,-0.2325],[0.06359,-0.2203],[0.06106,-0.2014],[0.06006,-0.1806],[0.05602,-0.1708],[0.05540,-0.1462],[0.05154,-0.1343],[0.04973,-0.1167],[0.04868,-0.0942],[0.04231,-0.0426],[0.04061,-0.0259],[0.03868,-0.0117],[0.01870,-0.0008],[0.01704,0.0114],[0.01546,0.0246],[0.01484,0.0396],[0.03339,0.1179],[0.03251,0.1591],[0.03156,0.1888],[0.03078,0.2177],[0.03036,0.2448],[0.03022,0.2698],[0.02949,0.2969],[0.02902,0.3243],[0.02957,0.3466],[0.02932,0.3745],[0.02658,0.5342],[0.02766,0.5548],[0.02821,0.5758],[0.02822,0.5980],[0.02974,0.6155],[0.02989,0.6377],[0.03095,0.6555],[0.03145,0.6758],[0.03119,0.7004],[0.03282,0.7138],[0.03243,0.7394],[0.03395,0.7523],[0.03329,0.7797],[0.03465,0.7927],[0.03369,0.8220],[0.03490,0.8355],[0.03364,0.8664],[0.03458,0.8814],[0.03401,0.9068],[0.03370,0.9300],[0.03239,0.9601],[0.03209,0.9825],[0.03186,1.0040],[0.02907,1.0418],[0.02799,1.0672],[0.02665,1.0942],[0.02441,1.1247],[0.02276,1.1489],[0.02246,1.1672],[0.02251,1.1834],[0.02354,1.1903],[0.02580,1.1830],[0.02863,1.1646],[0.03161,1.1426],[0.03488,1.1241],[0.03771,1.1143],[0.04012,1.1105],[0.04202,1.1138],[0.04340,1.1257],[0.04447,1.1474],[0.04581,1.1685],[0.04767,1.1991],[0.05001,1.2205],[0.05283,1.2372],[0.05555,1.2451],[0.05842,1.2505],[0.06290,1.2588],[0.06707,1.2522],[0.07090,1.2402],[0.07482,1.2254],[0.07923,1.2078],[0.08345,1.1875],[0.08853,1.1609],[0.09601,1.1176],[0.10558,1.0728],[0.11702,1.0293],[0.12902,0.9943],[0.13845,0.9751],[0.14653,0.9638],[0.15659,0.7110],],[[0.08931,-0.3168],[0.08636,-0.3198],[0.08341,-0.3223],[0.08010,-0.3209],[0.07663,-0.3171],[0.06981,-0.3122],[0.06525,-0.3049],[0.06142,-0.2986],[0.05773,-0.2918],[0.05398,-0.2815],[0.05027,-0.2706],[0.04667,-0.2584],[0.04314,-0.2439],[0.03985,-0.2252],[0.03824,-0.1974],[0.03588,-0.1766],[0.03038,-0.1651],[0.02665,-0.1511],[0.02394,-0.1338],[0.02156,-0.1140],[0.01984,-0.0896],[0.01766,-0.0649],[0.01528,-0.0476],[0.01562,-0.0182],[0.01210,-0.0023],[0.01137,0.0226],[0.00981,0.0445],[0.00889,0.0680],[0.00805,0.0908],[0.02327,0.1208],[0.02179,0.1437],[0.02028,0.1870],[0.01901,0.2193],[0.01803,0.2485],[0.01734,0.2757],[0.01685,0.3017],[0.01645,0.3265],[0.01612,0.3502],[0.01359,0.5050],[0.01362,0.5299],[0.01384,0.5554],[0.01400,0.5808],[0.01408,0.6059],[0.01413,0.6308],[0.01443,0.6563],[0.01457,0.6815],[0.01460,0.7066],[0.01476,0.7317],[0.01496,0.7568],[0.01491,0.7819],[0.01500,0.8069],[0.01508,0.8318],[0.01494,0.8571],[0.01511,0.8818],[0.01500,0.9071],[0.01509,0.9318],[0.01499,0.9570],[0.01497,0.9817],[0.01466,1.0070],[0.01454,1.0315],[0.01435,1.0560],[0.01411,1.0799],[0.01401,1.1036],[0.01415,1.1268],[0.01455,1.1478],[0.01557,1.1640],[0.01706,1.1761],[0.01905,1.1819],[0.02181,1.1760],[0.02455,1.1633],[0.02659,1.1516],[0.02864,1.1460],[0.03089,1.1407],[0.03301,1.1387],[0.03478,1.1418],[0.03663,1.1446],[0.03867,1.1454],[0.04055,1.1486],[0.04191,1.1589],[0.04321,1.1710],[0.04459,1.1834],[0.04612,1.1942],[0.04775,1.2046],[0.04942,1.2194],[0.05258,1.2394],[0.05483,1.2364],[0.05767,1.2368],[0.06089,1.2343],[0.06449,1.2278],[0.06847,1.2188],[0.07276,1.2068],[0.07697,1.1941],[0.08254,1.1760],[0.08799,1.1588],[0.09373,1.1412],[0.10124,1.1171],[0.10831,1.0966],[0.11665,1.0727],[0.12653,1.0452],[0.13596,1.0222],[0.14621,0.9987],],[[0.08829,-0.3768],[0.08545,-0.3770],[0.08275,-0.3767],[0.07968,-0.3719],[0.07654,-0.3649],[0.07326,-0.3559],[0.06998,-0.3451],[0.06669,-0.3319],[0.06370,-0.3078],[0.06044,-0.2895],[0.05733,-0.2717],[0.05420,-0.2533],[0.04971,-0.2437],[0.04694,-0.2277],[0.04435,-0.2091],[0.04187,-0.1892],[0.03936,-0.1679],[0.03691,-0.1454],[0.03461,-0.1194],[0.03299,-0.0900],[0.02949,-0.0704],[0.02709,-0.0518],[0.02551,-0.0292],[0.02400,-0.0035],[0.02398,0.0268],[0.02041,0.0452],[0.01941,0.0706],[0.01983,0.1003],[0.01688,0.1236],[0.01579,0.1498],[0.01501,0.1771],[0.01297,0.2090],[0.01217,0.2361],[0.01149,0.2627],[0.01102,0.2885],[0.01074,0.3142],[0.01039,0.3396],[0.01014,0.3656],[0.00993,0.3916],[0.00804,0.5561],[0.00807,0.5819],[0.00810,0.6077],[0.00815,0.6334],[0.00824,0.6591],[0.00826,0.6850],[0.00829,0.7108],[0.00834,0.7365],[0.00839,0.7623],[0.00841,0.7881],[0.00847,0.8138],[0.00853,0.8396],[0.00856,0.8654],[0.00864,0.8910],[0.00865,0.9168],[0.00869,0.9422],[0.00872,0.9676],[0.00879,0.9930],[0.00889,1.0183],[0.00914,1.0425],[0.00964,1.0654],[0.01035,1.0870],[0.01117,1.1079],[0.01219,1.1273],[0.01336,1.1450],[0.01478,1.1599],[0.01662,1.1696],[0.01799,1.1814],[0.01921,1.1938],[0.02027,1.2061],[0.02145,1.2148],[0.02275,1.2119],[0.02424,1.2094],[0.02585,1.2096],[0.02788,1.2066],[0.03017,1.2020],[0.03170,1.2077],[0.03330,1.2128],[0.03507,1.2166],[0.03684,1.2207],[0.03857,1.2257],[0.04040,1.2297],[0.04227,1.2337],[0.04425,1.2369],[0.04635,1.2391],[0.04867,1.2384],[0.05080,1.2413],[0.05285,1.2464],[0.05504,1.2506],[0.05738,1.2535],[0.05983,1.2562],[0.06249,1.2577],[0.06529,1.2581],[0.06824,1.2575],[0.07167,1.2526],[0.07610,1.2423],[0.07992,1.2386],[0.08410,1.2335],[0.08883,1.2248],[0.09342,1.2177],[0.09893,1.2060],[0.10460,1.1946],[0.11036,1.1836],[0.11627,1.1726],[0.12074,1.1700],[0.12963,1.1462],[0.13878,1.1237],[0.14801,1.1029],[0.15833,1.0803],],[[0.09035,-0.3751],[0.08736,-0.3790],[0.08447,-0.3827],[0.06956,-0.3336],[0.06651,-0.3358],[0.06296,-0.3357],[0.05949,-0.3311],[0.05580,-0.3249],[0.05198,-0.3166],[0.04814,-0.3062],[0.04429,-0.2938],[0.04050,-0.2795],[0.03679,-0.2596],[0.03319,-0.2394],[0.02980,-0.2205],[0.02657,-0.2014],[0.02347,-0.1816],[0.02059,-0.1615],[0.01646,-0.1460],[0.01439,-0.1265],[0.01264,-0.1055],[0.01097,-0.0834],[0.00943,-0.0605],[0.00813,-0.0329],[0.00684,-0.0078],[0.12948,-0.0109],[0.01172,0.1133],[0.01008,0.1766],[0.00970,0.2034],[0.00927,0.2294],[0.00918,0.2564],[0.00853,0.2804],[0.00835,0.3070],[0.00824,0.3337],[0.00811,0.3598],[0.00799,0.3867],[0.00786,0.4135],[0.00621,0.5232],[0.00634,0.5912],[0.00626,0.6390],[0.00625,0.6683],[0.00628,0.6941],[0.00634,0.7196],[0.00635,0.7457],[0.00638,0.7716],[0.00644,0.7972],[0.00648,0.8231],[0.00651,0.8491],[0.00658,0.8748],[0.00665,0.9004],[0.00673,0.9260],[0.00685,0.9514],[0.00708,0.9762],[0.00754,0.9994],[0.00814,1.0219],[0.00869,1.0448],[0.00932,1.0672],[0.01008,1.0887],[0.01090,1.1096],[0.01190,1.1290],[0.01301,1.1471],[0.01407,1.1649],[0.01475,1.1848],[0.01529,1.2053],[0.01593,1.2244],[0.01670,1.2419],[0.01762,1.2575],[0.01895,1.2675],[0.02015,1.2759],[0.02110,1.2779],[0.02215,1.2794],[0.02334,1.2837],[0.02465,1.2884],[0.02597,1.2944],[0.02753,1.2983],[0.02881,1.3063],[0.03048,1.3103],[0.03233,1.3126],[0.03470,1.3098],[0.03727,1.3056],[0.03943,1.3061],[0.04156,1.3079],[0.04283,1.3194],[0.04473,1.3244],[0.04640,1.3325],[0.04877,1.3340],[0.05080,1.3394],[0.05289,1.3448],[0.05570,1.3440],[0.06005,1.3299],[0.06251,1.3334],[0.06561,1.3319],[0.06657,1.3489],[0.06923,1.3519],[0.07222,1.3526],[0.07528,1.3529],[0.07869,1.3514],[0.08260,1.3468],[0.08692,1.3396],],],
{"title":"Cl v Cd","sortData":false,"legend":{"show":false,"placement":"insideGrid","location":"ne"},"series":[{"showLabel":true,"index":0,"showLine":true,"trendline":{"type":"none","show":false},"color":"#4bb2c5"},{"showLabel":true,"index":0,"showLine":true,"trendline":{"type":"none","show":false},"color":"#EAA228"},{"showLabel":true,"index":0,"showLine":true,"trendline":{"type":"none","show":false},"color":"#839557"},{"showLabel":true,"index":0,"showLine":true,"trendline":{"type":"none","show":false},"color":"#953579"},{"showLabel":true,"index":0,"showLine":true,"trendline":{"type":"none","show":false},"color":"#d8b83f"}],"show":"$.jqplot.config.enablePlugins","axes":{"xaxis":{"max":0.16,"min":0,"tickInterval":0.02,"tickOptions":{"formatString":"%.2f"},"forceTickAt0":true,"rendererOptions":{"forceTickAt0":true}},"yaxis":{"max":1.4,"min":-0.6,"tickInterval":0.2,"tickOptions":{"formatString":"%.2f"},"forceTickAt0":true,"rendererOptions":{"forceTickAt0":true}}},"seriesDefaults":{"lineWidth":1,"showLabel":true,"markerOptions":{"size":5,"show":false}}});
jqplots.push(p);

var p = $.jqplot('liftaoa',[[[-10.500,-0.4091],[-10.250,-0.4067],[-10.000,-0.4077],[-9.750,-0.3866],[-9.500,-0.3742],[-9.250,-0.3691],[-9.000,-0.3709],[-8.750,-0.3546],[-8.500,-0.3448],[-8.250,-0.3471],[-8.000,-0.3626],[-7.750,-0.3833],[-7.500,-0.4043],[-7.250,-0.4235],[-7.000,-0.4081],[-6.750,-0.4005],[-6.500,-0.3786],[-6.250,-0.3660],[-6.000,-0.3561],[-5.750,-0.3352],[-5.500,-0.3256],[-5.250,0.0552],[-5.000,0.0843],[-4.750,0.1147],[-4.500,0.1418],[-4.250,-0.1266],[-4.000,0.0316],[-3.750,-0.2995],[-3.500,-0.3038],[-3.250,-0.3128],[-3.000,-0.3144],[-2.750,-0.3136],[-2.500,-0.3125],[-2.250,-0.3036],[-2.000,-0.2951],[-1.750,-0.2756],[-1.500,-0.2376],[-1.250,-0.1446],[-1.000,-0.0874],[-0.750,-0.0457],[-0.500,-0.0247],[-0.250,-0.0029],[0.000,0.0195],[0.250,0.0425],[0.500,0.0444],[0.750,0.0721],[1.000,0.1078],[1.250,0.1386],[1.500,0.3119],[1.750,0.3237],[2.000,0.3356],[2.250,0.0596],[2.500,0.0827],[2.750,0.1050],[3.000,0.1927],[3.250,0.2083],[3.500,0.2230],[3.750,0.2374],[4.000,0.2951],[4.250,0.3572],[4.500,0.3972],[4.750,0.4221],[5.000,0.4388],[5.250,0.4655],[5.500,0.4895],[5.750,0.4995],[6.000,0.5193],[6.250,0.5457],[6.500,0.5665],[6.750,0.5729],[7.000,0.5913],[7.250,0.6240],[7.500,0.6281],[7.750,0.6380],[8.000,0.7477],[8.250,0.7575],[8.500,0.7726],[8.750,0.8015],[9.000,0.8221],[9.250,0.8264],[9.500,0.8484],[9.750,0.8761],[10.000,0.9343],[10.250,0.9272],[10.500,1.1183],[10.750,1.1197],[11.000,1.1465],[11.250,1.1764],[11.500,1.2076],[11.750,1.2116],[12.000,1.2126],[12.250,1.2086],[12.500,1.1977],[12.750,1.1777],[13.000,1.1493],[13.250,1.1170],[13.500,1.0832],[13.750,1.0518],[14.000,1.0248],[14.250,1.0044],[14.500,0.9266],],[[-8.750,-0.3381],[-8.500,-0.3399],[-8.250,-0.3386],[-8.000,-0.3345],[-7.750,-0.3132],[-7.500,-0.3081],[-7.250,-0.3033],[-7.000,-0.2964],[-6.750,-0.2893],[-6.500,-0.2806],[-6.250,-0.2680],[-6.000,-0.2536],[-5.750,-0.2414],[-5.500,-0.2325],[-5.250,-0.2203],[-5.000,-0.2014],[-4.750,-0.1806],[-4.500,-0.1708],[-4.250,-0.1462],[-4.000,-0.1343],[-3.750,-0.1167],[-3.500,-0.0942],[-2.750,-0.0426],[-2.500,-0.0259],[-2.250,-0.0117],[-2.000,-0.0008],[-1.750,0.0114],[-1.500,0.0246],[-1.250,0.0396],[-1.000,0.1179],[-0.750,0.1591],[-0.500,0.1888],[-0.250,0.2177],[0.000,0.2448],[0.250,0.2698],[0.500,0.2969],[0.750,0.3243],[1.000,0.3466],[1.250,0.3745],[1.500,0.5342],[1.750,0.5548],[2.000,0.5758],[2.250,0.5980],[2.500,0.6155],[2.750,0.6377],[3.000,0.6555],[3.250,0.6758],[3.500,0.7004],[3.750,0.7138],[4.000,0.7394],[4.250,0.7523],[4.500,0.7797],[4.750,0.7927],[5.000,0.8220],[5.250,0.8355],[5.500,0.8664],[5.750,0.8814],[6.000,0.9068],[6.250,0.9300],[6.500,0.9601],[6.750,0.9825],[7.000,1.0040],[7.250,1.0418],[7.500,1.0672],[7.750,1.0942],[8.000,1.1247],[8.250,1.1489],[8.500,1.1672],[8.750,1.1834],[9.000,1.1903],[9.250,1.1830],[9.500,1.1646],[9.750,1.1426],[10.000,1.1241],[10.250,1.1143],[10.500,1.1105],[10.750,1.1138],[11.000,1.1257],[11.250,1.1474],[11.500,1.1685],[11.750,1.1991],[12.000,1.2205],[12.250,1.2372],[12.500,1.2451],[12.750,1.2505],[13.000,1.2588],[13.250,1.2522],[13.500,1.2402],[13.750,1.2254],[14.000,1.2078],[14.250,1.1875],[14.500,1.1609],[14.750,1.1176],[15.000,1.0728],[15.250,1.0293],[15.500,0.9943],[15.750,0.9751],[16.000,0.9638],[16.250,0.7110],],[[-8.000,-0.3168],[-7.750,-0.3198],[-7.500,-0.3223],[-7.250,-0.3209],[-7.000,-0.3171],[-6.750,-0.3122],[-6.500,-0.3049],[-6.250,-0.2986],[-6.000,-0.2918],[-5.750,-0.2815],[-5.500,-0.2706],[-5.250,-0.2584],[-5.000,-0.2439],[-4.750,-0.2252],[-4.500,-0.1974],[-4.250,-0.1766],[-4.000,-0.1651],[-3.750,-0.1511],[-3.500,-0.1338],[-3.250,-0.1140],[-3.000,-0.0896],[-2.750,-0.0649],[-2.500,-0.0476],[-2.250,-0.0182],[-2.000,-0.0023],[-1.750,0.0226],[-1.500,0.0445],[-1.250,0.0680],[-1.000,0.0908],[-0.750,0.1208],[-0.500,0.1437],[-0.250,0.1870],[0.000,0.2193],[0.250,0.2485],[0.500,0.2757],[0.750,0.3017],[1.000,0.3265],[1.250,0.3502],[1.500,0.5050],[1.750,0.5299],[2.000,0.5554],[2.250,0.5808],[2.500,0.6059],[2.750,0.6308],[3.000,0.6563],[3.250,0.6815],[3.500,0.7066],[3.750,0.7317],[4.000,0.7568],[4.250,0.7819],[4.500,0.8069],[4.750,0.8318],[5.000,0.8571],[5.250,0.8818],[5.500,0.9071],[5.750,0.9318],[6.000,0.9570],[6.250,0.9817],[6.500,1.0070],[6.750,1.0315],[7.000,1.0560],[7.250,1.0799],[7.500,1.1036],[7.750,1.1268],[8.000,1.1478],[8.250,1.1640],[8.500,1.1761],[8.750,1.1819],[9.000,1.1760],[9.250,1.1633],[9.500,1.1516],[9.750,1.1460],[10.000,1.1407],[10.250,1.1387],[10.500,1.1418],[10.750,1.1446],[11.000,1.1454],[11.250,1.1486],[11.500,1.1589],[11.750,1.1710],[12.000,1.1834],[12.250,1.1942],[12.500,1.2046],[12.750,1.2194],[13.000,1.2394],[13.250,1.2364],[13.500,1.2368],[13.750,1.2343],[14.000,1.2278],[14.250,1.2188],[14.500,1.2068],[14.750,1.1941],[15.000,1.1760],[15.250,1.1588],[15.500,1.1412],[15.750,1.1171],[16.000,1.0966],[16.250,1.0727],[16.500,1.0452],[16.750,1.0222],[17.000,0.9987],],[[-7.750,-0.3768],[-7.500,-0.3770],[-7.250,-0.3767],[-7.000,-0.3719],[-6.750,-0.3649],[-6.500,-0.3559],[-6.250,-0.3451],[-6.000,-0.3319],[-5.750,-0.3078],[-5.500,-0.2895],[-5.250,-0.2717],[-5.000,-0.2533],[-4.750,-0.2437],[-4.500,-0.2277],[-4.250,-0.2091],[-4.000,-0.1892],[-3.750,-0.1679],[-3.500,-0.1454],[-3.250,-0.1194],[-3.000,-0.0900],[-2.750,-0.0704],[-2.500,-0.0518],[-2.250,-0.0292],[-2.000,-0.0035],[-1.750,0.0268],[-1.500,0.0452],[-1.250,0.0706],[-1.000,0.1003],[-0.750,0.1236],[-0.500,0.1498],[-0.250,0.1771],[0.000,0.2090],[0.250,0.2361],[0.500,0.2627],[0.750,0.2885],[1.000,0.3142],[1.250,0.3396],[1.500,0.3656],[1.750,0.3916],[2.000,0.5561],[2.250,0.5819],[2.500,0.6077],[2.750,0.6334],[3.000,0.6591],[3.250,0.6850],[3.500,0.7108],[3.750,0.7365],[4.000,0.7623],[4.250,0.7881],[4.500,0.8138],[4.750,0.8396],[5.000,0.8654],[5.250,0.8910],[5.500,0.9168],[5.750,0.9422],[6.000,0.9676],[6.250,0.9930],[6.500,1.0183],[6.750,1.0425],[7.000,1.0654],[7.250,1.0870],[7.500,1.1079],[7.750,1.1273],[8.000,1.1450],[8.250,1.1599],[8.500,1.1696],[8.750,1.1814],[9.000,1.1938],[9.250,1.2061],[9.500,1.2148],[9.750,1.2119],[10.000,1.2094],[10.250,1.2096],[10.500,1.2066],[10.750,1.2020],[11.000,1.2077],[11.250,1.2128],[11.500,1.2166],[11.750,1.2207],[12.000,1.2257],[12.250,1.2297],[12.500,1.2337],[12.750,1.2369],[13.000,1.2391],[13.250,1.2384],[13.500,1.2413],[13.750,1.2464],[14.000,1.2506],[14.250,1.2535],[14.500,1.2562],[14.750,1.2577],[15.000,1.2581],[15.250,1.2575],[15.500,1.2526],[15.750,1.2423],[16.000,1.2386],[16.250,1.2335],[16.500,1.2248],[16.750,1.2177],[17.000,1.2060],[17.250,1.1946],[17.500,1.1836],[17.750,1.1726],[18.000,1.1700],[18.250,1.1462],[18.500,1.1237],[18.750,1.1029],[19.000,1.0803],],[[-8.000,-0.3751],[-7.750,-0.3790],[-7.500,-0.3827],[-7.250,-0.3336],[-7.000,-0.3358],[-6.750,-0.3357],[-6.500,-0.3311],[-6.250,-0.3249],[-6.000,-0.3166],[-5.750,-0.3062],[-5.500,-0.2938],[-5.250,-0.2795],[-5.000,-0.2596],[-4.750,-0.2394],[-4.500,-0.2205],[-4.250,-0.2014],[-4.000,-0.1816],[-3.750,-0.1615],[-3.500,-0.1460],[-3.250,-0.1265],[-3.000,-0.1055],[-2.750,-0.0834],[-2.500,-0.0605],[-2.250,-0.0329],[-2.000,-0.0078],[-1.250,-0.0109],[-0.750,0.1133],[-0.250,0.1766],[0.000,0.2034],[0.250,0.2294],[0.500,0.2564],[0.750,0.2804],[1.000,0.3070],[1.250,0.3337],[1.500,0.3598],[1.750,0.3867],[2.000,0.4135],[2.250,0.5232],[2.500,0.5912],[2.750,0.6390],[3.000,0.6683],[3.250,0.6941],[3.500,0.7196],[3.750,0.7457],[4.000,0.7716],[4.250,0.7972],[4.500,0.8231],[4.750,0.8491],[5.000,0.8748],[5.250,0.9004],[5.500,0.9260],[5.750,0.9514],[6.000,0.9762],[6.250,0.9994],[6.500,1.0219],[6.750,1.0448],[7.000,1.0672],[7.250,1.0887],[7.500,1.1096],[7.750,1.1290],[8.000,1.1471],[8.250,1.1649],[8.500,1.1848],[8.750,1.2053],[9.000,1.2244],[9.250,1.2419],[9.500,1.2575],[9.750,1.2675],[10.000,1.2759],[10.250,1.2779],[10.500,1.2794],[10.750,1.2837],[11.000,1.2884],[11.250,1.2944],[11.500,1.2983],[11.750,1.3063],[12.000,1.3103],[12.250,1.3126],[12.500,1.3098],[12.750,1.3056],[13.000,1.3061],[13.250,1.3079],[13.500,1.3194],[13.750,1.3244],[14.000,1.3325],[14.250,1.3340],[14.500,1.3394],[14.750,1.3448],[15.000,1.3440],[15.250,1.3299],[15.500,1.3334],[15.750,1.3319],[16.000,1.3489],[16.250,1.3519],[16.500,1.3526],[16.750,1.3529],[17.000,1.3514],[17.250,1.3468],[17.500,1.3396],],],
{"title":"Cl v Alpha","sortData":false,"legend":{"show":false,"placement":"insideGrid","location":"ne"},"series":[{"showLabel":true,"index":0,"showLine":true,"trendline":{"type":"none","show":false},"color":"#4bb2c5"},{"showLabel":true,"index":0,"showLine":true,"trendline":{"type":"none","show":false},"color":"#EAA228"},{"showLabel":true,"index":0,"showLine":true,"trendline":{"type":"none","show":false},"color":"#839557"},{"showLabel":true,"index":0,"showLine":true,"trendline":{"type":"none","show":false},"color":"#953579"},{"showLabel":true,"index":0,"showLine":true,"trendline":{"type":"none","show":false},"color":"#d8b83f"}],"show":"$.jqplot.config.enablePlugins","axes":{"xaxis":{"max":20,"min":-15,"tickInterval":5,"tickOptions":{"formatString":"%.1f"},"forceTickAt0":true,"rendererOptions":{"forceTickAt0":true}},"yaxis":{"max":1.4,"min":-0.6,"tickInterval":0.2,"tickOptions":{"formatString":"%.2f"},"forceTickAt0":true,"rendererOptions":{"forceTickAt0":true}}},"seriesDefaults":{"lineWidth":1,"showLabel":true,"markerOptions":{"size":5,"show":false}}});
jqplots.push(p);

var p = $.jqplot('momentaoa',[[[-10.500,0.0010],[-10.250,-0.0028],[-10.000,-0.0074],[-9.750,-0.0073],[-9.500,-0.0091],[-9.250,-0.0127],[-9.000,-0.0180],[-8.750,-0.0186],[-8.500,-0.0207],[-8.250,-0.0247],[-8.000,-0.0266],[-7.750,-0.0245],[-7.500,-0.0221],[-7.250,-0.0203],[-7.000,-0.0159],[-6.750,-0.0245],[-6.500,-0.0250],[-6.250,-0.0305],[-6.000,-0.0344],[-5.750,-0.0367],[-5.500,-0.0369],[-5.250,-0.0373],[-5.000,-0.0436],[-4.750,-0.0501],[-4.500,-0.0558],[-4.250,-0.0157],[-4.000,-0.0347],[-3.750,-0.0221],[-3.500,-0.0160],[-3.250,-0.0105],[-3.000,-0.0040],[-2.750,-0.0001],[-2.500,0.0022],[-2.250,0.0053],[-2.000,0.0050],[-1.750,0.0022],[-1.500,-0.0052],[-1.250,-0.0240],[-1.000,-0.0291],[-0.750,-0.0299],[-0.500,-0.0289],[-0.250,-0.0279],[0.000,-0.0269],[0.250,-0.0265],[0.500,-0.0231],[0.750,-0.0238],[1.000,-0.0260],[1.250,-0.0277],[1.500,-0.0532],[1.750,-0.0510],[2.000,-0.0497],[2.250,-0.0008],[2.500,-0.0010],[2.750,-0.0014],[3.000,-0.0148],[3.250,-0.0141],[3.500,-0.0139],[3.750,-0.0137],[4.000,-0.0228],[4.250,-0.0318],[4.500,-0.0360],[4.750,-0.0374],[5.000,-0.0375],[5.250,-0.0391],[5.500,-0.0403],[5.750,-0.0393],[6.000,-0.0397],[6.250,-0.0410],[6.500,-0.0415],[6.750,-0.0401],[7.000,-0.0402],[7.250,-0.0417],[7.500,-0.0403],[7.750,-0.0394],[8.000,-0.0355],[8.250,-0.0344],[8.500,-0.0332],[8.750,-0.0321],[9.000,-0.0307],[9.250,-0.0294],[9.500,-0.0278],[9.750,-0.0255],[10.000,-0.0209],[10.250,-0.0198],[10.500,0.0046],[10.750,0.0073],[11.000,0.0097],[11.250,0.0112],[11.500,0.0119],[11.750,0.0134],[12.000,0.0148],[12.250,0.0159],[12.500,0.0168],[12.750,0.0170],[13.000,0.0163],[13.250,0.0145],[13.500,0.0116],[13.750,0.0081],[14.000,0.0042],[14.250,0.0006],[14.500,-0.0149],],[[-8.750,-0.0287],[-8.500,-0.0317],[-8.250,-0.0340],[-8.000,-0.0365],[-7.750,-0.0308],[-7.500,-0.0310],[-7.250,-0.0320],[-7.000,-0.0338],[-6.750,-0.0354],[-6.500,-0.0373],[-6.250,-0.0404],[-6.000,-0.0433],[-5.750,-0.0443],[-5.500,-0.0431],[-5.250,-0.0428],[-5.000,-0.0443],[-4.750,-0.0452],[-4.500,-0.0441],[-4.250,-0.0453],[-4.000,-0.0446],[-3.750,-0.0436],[-3.500,-0.0441],[-2.750,-0.0417],[-2.500,-0.0413],[-2.250,-0.0397],[-2.000,-0.0400],[-1.750,-0.0377],[-1.500,-0.0349],[-1.250,-0.0347],[-1.000,-0.0351],[-0.750,-0.0358],[-0.500,-0.0351],[-0.250,-0.0341],[0.000,-0.0336],[0.250,-0.0344],[0.500,-0.0341],[0.750,-0.0331],[1.000,-0.0341],[1.250,-0.0342],[1.500,-0.0580],[1.750,-0.0584],[2.000,-0.0576],[2.250,-0.0555],[2.500,-0.0563],[2.750,-0.0547],[3.000,-0.0543],[3.250,-0.0532],[3.500,-0.0511],[3.750,-0.0512],[4.000,-0.0491],[4.250,-0.0488],[4.500,-0.0466],[4.750,-0.0460],[5.000,-0.0438],[5.250,-0.0430],[5.500,-0.0406],[5.750,-0.0396],[6.000,-0.0377],[6.250,-0.0361],[6.500,-0.0339],[6.750,-0.0323],[7.000,-0.0307],[7.250,-0.0280],[7.500,-0.0261],[7.750,-0.0241],[8.000,-0.0217],[8.250,-0.0195],[8.500,-0.0180],[8.750,-0.0162],[9.000,-0.0140],[9.250,-0.0113],[9.500,-0.0080],[9.750,-0.0044],[10.000,-0.0017],[10.250,0.0006],[10.500,0.0026],[10.750,0.0047],[11.000,0.0071],[11.250,0.0092],[11.500,0.0109],[11.750,0.0124],[12.000,0.0137],[12.250,0.0149],[12.500,0.0161],[12.750,0.0171],[13.000,0.0178],[13.250,0.0188],[13.500,0.0197],[13.750,0.0201],[14.000,0.0200],[14.250,0.0194],[14.500,0.0180],[14.750,0.0143],[15.000,0.0089],[15.250,0.0020],[15.500,-0.0046],[15.750,-0.0092],[16.000,-0.0125],[16.250,-0.0142],],[[-8.000,-0.0085],[-7.750,-0.0109],[-7.500,-0.0124],[-7.250,-0.0141],[-7.000,-0.0154],[-6.750,-0.0147],[-6.500,-0.0140],[-6.250,-0.0143],[-6.000,-0.0148],[-5.750,-0.0162],[-5.500,-0.0173],[-5.250,-0.0181],[-5.000,-0.0189],[-4.750,-0.0201],[-4.500,-0.0211],[-4.250,-0.0206],[-4.000,-0.0206],[-3.750,-0.0207],[-3.500,-0.0204],[-3.250,-0.0198],[-3.000,-0.0188],[-2.750,-0.0180],[-2.500,-0.0180],[-2.250,-0.0163],[-2.000,-0.0160],[-1.750,-0.0153],[-1.500,-0.0151],[-1.250,-0.0145],[-1.000,-0.0137],[-0.750,-0.0132],[-0.500,-0.0126],[-0.250,-0.0106],[0.000,-0.0104],[0.250,-0.0102],[0.500,-0.0097],[0.750,-0.0090],[1.000,-0.0083],[1.250,-0.0076],[1.500,-0.0343],[1.750,-0.0335],[2.000,-0.0333],[2.250,-0.0330],[2.500,-0.0324],[2.750,-0.0317],[3.000,-0.0317],[3.250,-0.0313],[3.500,-0.0307],[3.750,-0.0302],[4.000,-0.0300],[4.250,-0.0292],[4.500,-0.0287],[4.750,-0.0283],[5.000,-0.0274],[5.250,-0.0271],[5.500,-0.0264],[5.750,-0.0259],[6.000,-0.0252],[6.250,-0.0246],[6.500,-0.0237],[6.750,-0.0230],[7.000,-0.0223],[7.250,-0.0215],[7.500,-0.0208],[7.750,-0.0202],[8.000,-0.0195],[8.250,-0.0186],[8.500,-0.0176],[8.750,-0.0163],[9.000,-0.0143],[9.250,-0.0114],[9.500,-0.0077],[9.750,-0.0052],[10.000,-0.0031],[10.250,-0.0014],[10.500,0.0001],[10.750,0.0014],[11.000,0.0029],[11.250,0.0051],[11.500,0.0065],[11.750,0.0080],[12.000,0.0095],[12.250,0.0107],[12.500,0.0119],[12.750,0.0134],[13.000,0.0155],[13.250,0.0160],[13.500,0.0168],[13.750,0.0174],[14.000,0.0178],[14.250,0.0179],[14.500,0.0176],[14.750,0.0168],[15.000,0.0157],[15.250,0.0140],[15.500,0.0118],[15.750,0.0087],[16.000,0.0052],[16.250,0.0008],[16.500,-0.0045],[16.750,-0.0095],[17.000,-0.0143],],[[-7.750,-0.0037],[-7.500,-0.0046],[-7.250,-0.0053],[-7.000,-0.0069],[-6.750,-0.0086],[-6.500,-0.0104],[-6.250,-0.0120],[-6.000,-0.0136],[-5.750,-0.0167],[-5.500,-0.0177],[-5.250,-0.0181],[-5.000,-0.0182],[-4.750,-0.0182],[-4.500,-0.0181],[-4.250,-0.0179],[-4.000,-0.0176],[-3.750,-0.0172],[-3.500,-0.0165],[-3.250,-0.0155],[-3.000,-0.0139],[-2.750,-0.0123],[-2.500,-0.0118],[-2.250,-0.0111],[-2.000,-0.0099],[-1.750,-0.0083],[-1.500,-0.0075],[-1.250,-0.0069],[-1.000,-0.0060],[-0.750,-0.0049],[-0.500,-0.0046],[-0.250,-0.0041],[0.000,-0.0029],[0.250,-0.0028],[0.500,-0.0022],[0.750,-0.0016],[1.000,-0.0010],[1.250,-0.0004],[1.500,0.0001],[1.750,0.0006],[2.000,-0.0299],[2.250,-0.0295],[2.500,-0.0292],[2.750,-0.0288],[3.000,-0.0284],[3.250,-0.0281],[3.500,-0.0278],[3.750,-0.0274],[4.000,-0.0271],[4.250,-0.0268],[4.500,-0.0264],[4.750,-0.0261],[5.000,-0.0258],[5.250,-0.0255],[5.500,-0.0252],[5.750,-0.0248],[6.000,-0.0245],[6.250,-0.0242],[6.500,-0.0239],[6.750,-0.0235],[7.000,-0.0231],[7.250,-0.0227],[7.500,-0.0223],[7.750,-0.0219],[8.000,-0.0214],[8.250,-0.0207],[8.500,-0.0197],[8.750,-0.0185],[9.000,-0.0174],[9.250,-0.0163],[9.500,-0.0148],[9.750,-0.0116],[10.000,-0.0088],[10.250,-0.0067],[10.500,-0.0047],[10.750,-0.0028],[11.000,-0.0016],[11.250,-0.0004],[11.500,0.0007],[11.750,0.0018],[12.000,0.0027],[12.250,0.0036],[12.500,0.0044],[12.750,0.0053],[13.000,0.0061],[13.250,0.0078],[13.500,0.0093],[13.750,0.0092],[14.000,0.0094],[14.250,0.0098],[14.500,0.0099],[14.750,0.0094],[15.000,0.0093],[15.250,0.0092],[15.500,0.0095],[15.750,0.0095],[16.000,0.0081],[16.250,0.0066],[16.500,0.0054],[16.750,0.0037],[17.000,0.0019],[17.250,-0.0004],[17.500,-0.0029],[17.750,-0.0056],[18.000,-0.0080],[18.250,-0.0121],[18.500,-0.0168],[18.750,-0.0218],[19.000,-0.0276],],[[-8.000,-0.0040],[-7.750,-0.0056],[-7.500,-0.0065],[-7.250,-0.0031],[-7.000,-0.0032],[-6.750,-0.0044],[-6.500,-0.0057],[-6.250,-0.0072],[-6.000,-0.0087],[-5.750,-0.0100],[-5.500,-0.0112],[-5.250,-0.0123],[-5.000,-0.0134],[-4.750,-0.0141],[-4.500,-0.0143],[-4.250,-0.0141],[-4.000,-0.0138],[-3.750,-0.0132],[-3.500,-0.0124],[-3.250,-0.0120],[-3.000,-0.0114],[-2.750,-0.0106],[-2.500,-0.0097],[-2.250,-0.0081],[-2.000,-0.0066],[-1.250,0.0061],[-0.750,-0.0019],[-0.250,-0.0010],[0.000,-0.0007],[0.250,-0.0002],[0.500,0.0001],[0.750,0.0010],[1.000,0.0014],[1.250,0.0017],[1.500,0.0021],[1.750,0.0024],[2.000,0.0026],[2.250,-0.0162],[2.500,-0.0251],[2.750,-0.0297],[3.000,-0.0301],[3.250,-0.0297],[3.500,-0.0293],[3.750,-0.0291],[4.000,-0.0287],[4.250,-0.0284],[4.500,-0.0281],[4.750,-0.0279],[5.000,-0.0275],[5.250,-0.0272],[5.500,-0.0270],[5.750,-0.0267],[6.000,-0.0263],[6.250,-0.0259],[6.500,-0.0255],[6.750,-0.0251],[7.000,-0.0248],[7.250,-0.0244],[7.500,-0.0240],[7.750,-0.0235],[8.000,-0.0229],[8.250,-0.0223],[8.500,-0.0216],[8.750,-0.0210],[9.000,-0.0203],[9.250,-0.0194],[9.500,-0.0186],[9.750,-0.0174],[10.000,-0.0159],[10.250,-0.0131],[10.500,-0.0104],[10.750,-0.0084],[11.000,-0.0067],[11.250,-0.0053],[11.500,-0.0039],[11.750,-0.0029],[12.000,-0.0018],[12.250,-0.0008],[12.500,0.0004],[12.750,0.0015],[13.000,0.0024],[13.250,0.0031],[13.500,0.0033],[13.750,0.0037],[14.000,0.0039],[14.250,0.0042],[14.500,0.0043],[14.750,0.0042],[15.000,0.0042],[15.250,0.0042],[15.500,0.0040],[15.750,0.0037],[16.000,0.0032],[16.250,0.0027],[16.500,0.0022],[16.750,0.0015],[17.000,0.0007],[17.250,-0.0003],[17.500,-0.0015],],],
{"title":"Cm v Alpha","sortData":false,"legend":{"show":false,"placement":"insideGrid","location":"ne"},"series":[{"showLabel":true,"index":0,"showLine":true,"trendline":{"type":"none","show":false},"color":"#4bb2c5"},{"showLabel":true,"index":0,"showLine":true,"trendline":{"type":"none","show":false},"color":"#EAA228"},{"showLabel":true,"index":0,"showLine":true,"trendline":{"type":"none","show":false},"color":"#839557"},{"showLabel":true,"index":0,"showLine":true,"trendline":{"type":"none","show":false},"color":"#953579"},{"showLabel":true,"index":0,"showLine":true,"trendline":{"type":"none","show":false},"color":"#d8b83f"}],"show":"$.jqplot.config.enablePlugins","axes":{"xaxis":{"max":20,"min":-15,"tickInterval":5,"tickOptions":{"formatString":"%.1f"},"forceTickAt0":true,"rendererOptions":{"forceTickAt0":true}},"yaxis":{"max":0.03,"min":-0.06,"tickInterval":0.01,"tickOptions":{"formatString":"%.2f"},"forceTickAt0":true,"rendererOptions":{"forceTickAt0":true}}},"seriesDefaults":{"lineWidth":1,"showLabel":true,"markerOptions":{"size":5,"show":false}}});
jqplots.push(p);

var p = $.jqplot('dragaoa',[[[-10.500,0.12967],[-10.250,0.12785],[-10.000,0.12679],[-9.750,0.11964],[-9.500,0.11564],[-9.250,0.11307],[-9.000,0.11185],[-8.750,0.10630],[-8.500,0.10290],[-8.250,0.10129],[-8.000,0.10107],[-7.750,0.10114],[-7.500,0.10117],[-7.250,0.10113],[-7.000,0.09493],[-6.750,0.09340],[-6.500,0.08764],[-6.250,0.08451],[-6.000,0.08271],[-5.750,0.07820],[-5.500,0.07489],[-5.250,0.04816],[-5.000,0.04541],[-4.750,0.04277],[-4.500,0.04056],[-4.250,0.05332],[-4.000,0.04533],[-3.750,0.05780],[-3.500,0.05568],[-3.250,0.05408],[-3.000,0.05177],[-2.750,0.04989],[-2.500,0.04817],[-2.250,0.04604],[-2.000,0.04445],[-1.750,0.04296],[-1.500,0.04192],[-1.250,0.04368],[-1.000,0.04426],[-0.750,0.04475],[-0.500,0.04386],[-0.250,0.04355],[0.000,0.04344],[0.250,0.04294],[0.500,0.04288],[0.750,0.04276],[1.000,0.04282],[1.250,0.04294],[1.500,0.04136],[1.750,0.04248],[2.000,0.04369],[2.250,0.04036],[2.500,0.04091],[2.750,0.04151],[3.000,0.04228],[3.250,0.04348],[3.500,0.04473],[3.750,0.04605],[4.000,0.04961],[4.250,0.05343],[4.500,0.05650],[4.750,0.05862],[5.000,0.06044],[5.250,0.06297],[5.500,0.06557],[5.750,0.06698],[6.000,0.06908],[6.250,0.07174],[6.500,0.07427],[6.750,0.07569],[7.000,0.07781],[7.250,0.08102],[7.500,0.08265],[7.750,0.08442],[8.000,0.07915],[8.250,0.08081],[8.500,0.08215],[8.750,0.08272],[9.000,0.08353],[9.250,0.08541],[9.500,0.08576],[9.750,0.08513],[10.000,0.07969],[10.250,0.08254],[10.500,0.04569],[10.750,0.04818],[11.000,0.05027],[11.250,0.05281],[11.500,0.05585],[11.750,0.05933],[12.000,0.06304],[12.250,0.06694],[12.500,0.07107],[12.750,0.07567],[13.000,0.08107],[13.250,0.08737],[13.500,0.09471],[13.750,0.10274],[14.000,0.11123],[14.250,0.11965],[14.500,0.14377],],[[-8.750,0.10597],[-8.500,0.10444],[-8.250,0.10273],[-8.000,0.10082],[-7.750,0.09105],[-7.500,0.08816],[-7.250,0.08553],[-7.000,0.08273],[-6.750,0.08011],[-6.500,0.07754],[-6.250,0.07554],[-6.000,0.07575],[-5.750,0.07054],[-5.500,0.06618],[-5.250,0.06359],[-5.000,0.06106],[-4.750,0.06006],[-4.500,0.05602],[-4.250,0.05540],[-4.000,0.05154],[-3.750,0.04973],[-3.500,0.04868],[-2.750,0.04231],[-2.500,0.04061],[-2.250,0.03868],[-2.000,0.01870],[-1.750,0.01704],[-1.500,0.01546],[-1.250,0.01484],[-1.000,0.03339],[-0.750,0.03251],[-0.500,0.03156],[-0.250,0.03078],[0.000,0.03036],[0.250,0.03022],[0.500,0.02949],[0.750,0.02902],[1.000,0.02957],[1.250,0.02932],[1.500,0.02658],[1.750,0.02766],[2.000,0.02821],[2.250,0.02822],[2.500,0.02974],[2.750,0.02989],[3.000,0.03095],[3.250,0.03145],[3.500,0.03119],[3.750,0.03282],[4.000,0.03243],[4.250,0.03395],[4.500,0.03329],[4.750,0.03465],[5.000,0.03369],[5.250,0.03490],[5.500,0.03364],[5.750,0.03458],[6.000,0.03401],[6.250,0.03370],[6.500,0.03239],[6.750,0.03209],[7.000,0.03186],[7.250,0.02907],[7.500,0.02799],[7.750,0.02665],[8.000,0.02441],[8.250,0.02276],[8.500,0.02246],[8.750,0.02251],[9.000,0.02354],[9.250,0.02580],[9.500,0.02863],[9.750,0.03161],[10.000,0.03488],[10.250,0.03771],[10.500,0.04012],[10.750,0.04202],[11.000,0.04340],[11.250,0.04447],[11.500,0.04581],[11.750,0.04767],[12.000,0.05001],[12.250,0.05283],[12.500,0.05555],[12.750,0.05842],[13.000,0.06290],[13.250,0.06707],[13.500,0.07090],[13.750,0.07482],[14.000,0.07923],[14.250,0.08345],[14.500,0.08853],[14.750,0.09601],[15.000,0.10558],[15.250,0.11702],[15.500,0.12902],[15.750,0.13845],[16.000,0.14653],[16.250,0.15659],],[[-8.000,0.08931],[-7.750,0.08636],[-7.500,0.08341],[-7.250,0.08010],[-7.000,0.07663],[-6.750,0.06981],[-6.500,0.06525],[-6.250,0.06142],[-6.000,0.05773],[-5.750,0.05398],[-5.500,0.05027],[-5.250,0.04667],[-5.000,0.04314],[-4.750,0.03985],[-4.500,0.03824],[-4.250,0.03588],[-4.000,0.03038],[-3.750,0.02665],[-3.500,0.02394],[-3.250,0.02156],[-3.000,0.01984],[-2.750,0.01766],[-2.500,0.01528],[-2.250,0.01562],[-2.000,0.01210],[-1.750,0.01137],[-1.500,0.00981],[-1.250,0.00889],[-1.000,0.00805],[-0.750,0.02327],[-0.500,0.02179],[-0.250,0.02028],[0.000,0.01901],[0.250,0.01803],[0.500,0.01734],[0.750,0.01685],[1.000,0.01645],[1.250,0.01612],[1.500,0.01359],[1.750,0.01362],[2.000,0.01384],[2.250,0.01400],[2.500,0.01408],[2.750,0.01413],[3.000,0.01443],[3.250,0.01457],[3.500,0.01460],[3.750,0.01476],[4.000,0.01496],[4.250,0.01491],[4.500,0.01500],[4.750,0.01508],[5.000,0.01494],[5.250,0.01511],[5.500,0.01500],[5.750,0.01509],[6.000,0.01499],[6.250,0.01497],[6.500,0.01466],[6.750,0.01454],[7.000,0.01435],[7.250,0.01411],[7.500,0.01401],[7.750,0.01415],[8.000,0.01455],[8.250,0.01557],[8.500,0.01706],[8.750,0.01905],[9.000,0.02181],[9.250,0.02455],[9.500,0.02659],[9.750,0.02864],[10.000,0.03089],[10.250,0.03301],[10.500,0.03478],[10.750,0.03663],[11.000,0.03867],[11.250,0.04055],[11.500,0.04191],[11.750,0.04321],[12.000,0.04459],[12.250,0.04612],[12.500,0.04775],[12.750,0.04942],[13.000,0.05258],[13.250,0.05483],[13.500,0.05767],[13.750,0.06089],[14.000,0.06449],[14.250,0.06847],[14.500,0.07276],[14.750,0.07697],[15.000,0.08254],[15.250,0.08799],[15.500,0.09373],[15.750,0.10124],[16.000,0.10831],[16.250,0.11665],[16.500,0.12653],[16.750,0.13596],[17.000,0.14621],],[[-7.750,0.08829],[-7.500,0.08545],[-7.250,0.08275],[-7.000,0.07968],[-6.750,0.07654],[-6.500,0.07326],[-6.250,0.06998],[-6.000,0.06669],[-5.750,0.06370],[-5.500,0.06044],[-5.250,0.05733],[-5.000,0.05420],[-4.750,0.04971],[-4.500,0.04694],[-4.250,0.04435],[-4.000,0.04187],[-3.750,0.03936],[-3.500,0.03691],[-3.250,0.03461],[-3.000,0.03299],[-2.750,0.02949],[-2.500,0.02709],[-2.250,0.02551],[-2.000,0.02400],[-1.750,0.02398],[-1.500,0.02041],[-1.250,0.01941],[-1.000,0.01983],[-0.750,0.01688],[-0.500,0.01579],[-0.250,0.01501],[0.000,0.01297],[0.250,0.01217],[0.500,0.01149],[0.750,0.01102],[1.000,0.01074],[1.250,0.01039],[1.500,0.01014],[1.750,0.00993],[2.000,0.00804],[2.250,0.00807],[2.500,0.00810],[2.750,0.00815],[3.000,0.00824],[3.250,0.00826],[3.500,0.00829],[3.750,0.00834],[4.000,0.00839],[4.250,0.00841],[4.500,0.00847],[4.750,0.00853],[5.000,0.00856],[5.250,0.00864],[5.500,0.00865],[5.750,0.00869],[6.000,0.00872],[6.250,0.00879],[6.500,0.00889],[6.750,0.00914],[7.000,0.00964],[7.250,0.01035],[7.500,0.01117],[7.750,0.01219],[8.000,0.01336],[8.250,0.01478],[8.500,0.01662],[8.750,0.01799],[9.000,0.01921],[9.250,0.02027],[9.500,0.02145],[9.750,0.02275],[10.000,0.02424],[10.250,0.02585],[10.500,0.02788],[10.750,0.03017],[11.000,0.03170],[11.250,0.03330],[11.500,0.03507],[11.750,0.03684],[12.000,0.03857],[12.250,0.04040],[12.500,0.04227],[12.750,0.04425],[13.000,0.04635],[13.250,0.04867],[13.500,0.05080],[13.750,0.05285],[14.000,0.05504],[14.250,0.05738],[14.500,0.05983],[14.750,0.06249],[15.000,0.06529],[15.250,0.06824],[15.500,0.07167],[15.750,0.07610],[16.000,0.07992],[16.250,0.08410],[16.500,0.08883],[16.750,0.09342],[17.000,0.09893],[17.250,0.10460],[17.500,0.11036],[17.750,0.11627],[18.000,0.12074],[18.250,0.12963],[18.500,0.13878],[18.750,0.14801],[19.000,0.15833],],[[-8.000,0.09035],[-7.750,0.08736],[-7.500,0.08447],[-7.250,0.06956],[-7.000,0.06651],[-6.750,0.06296],[-6.500,0.05949],[-6.250,0.05580],[-6.000,0.05198],[-5.750,0.04814],[-5.500,0.04429],[-5.250,0.04050],[-5.000,0.03679],[-4.750,0.03319],[-4.500,0.02980],[-4.250,0.02657],[-4.000,0.02347],[-3.750,0.02059],[-3.500,0.01646],[-3.250,0.01439],[-3.000,0.01264],[-2.750,0.01097],[-2.500,0.00943],[-2.250,0.00813],[-2.000,0.00684],[-1.250,0.12948],[-0.750,0.01172],[-0.250,0.01008],[0.000,0.00970],[0.250,0.00927],[0.500,0.00918],[0.750,0.00853],[1.000,0.00835],[1.250,0.00824],[1.500,0.00811],[1.750,0.00799],[2.000,0.00786],[2.250,0.00621],[2.500,0.00634],[2.750,0.00626],[3.000,0.00625],[3.250,0.00628],[3.500,0.00634],[3.750,0.00635],[4.000,0.00638],[4.250,0.00644],[4.500,0.00648],[4.750,0.00651],[5.000,0.00658],[5.250,0.00665],[5.500,0.00673],[5.750,0.00685],[6.000,0.00708],[6.250,0.00754],[6.500,0.00814],[6.750,0.00869],[7.000,0.00932],[7.250,0.01008],[7.500,0.01090],[7.750,0.01190],[8.000,0.01301],[8.250,0.01407],[8.500,0.01475],[8.750,0.01529],[9.000,0.01593],[9.250,0.01670],[9.500,0.01762],[9.750,0.01895],[10.000,0.02015],[10.250,0.02110],[10.500,0.02215],[10.750,0.02334],[11.000,0.02465],[11.250,0.02597],[11.500,0.02753],[11.750,0.02881],[12.000,0.03048],[12.250,0.03233],[12.500,0.03470],[12.750,0.03727],[13.000,0.03943],[13.250,0.04156],[13.500,0.04283],[13.750,0.04473],[14.000,0.04640],[14.250,0.04877],[14.500,0.05080],[14.750,0.05289],[15.000,0.05570],[15.250,0.06005],[15.500,0.06251],[15.750,0.06561],[16.000,0.06657],[16.250,0.06923],[16.500,0.07222],[16.750,0.07528],[17.000,0.07869],[17.250,0.08260],[17.500,0.08692],],],
{"title":"Cd v Alpha","sortData":false,"legend":{"show":false,"placement":"insideGrid","location":"ne"},"series":[{"showLabel":true,"index":0,"showLine":true,"trendline":{"type":"none","show":false},"color":"#4bb2c5"},{"showLabel":true,"index":0,"showLine":true,"trendline":{"type":"none","show":false},"color":"#EAA228"},{"showLabel":true,"index":0,"showLine":true,"trendline":{"type":"none","show":false},"color":"#839557"},{"showLabel":true,"index":0,"showLine":true,"trendline":{"type":"none","show":false},"color":"#953579"},{"showLabel":true,"index":0,"showLine":true,"trendline":{"type":"none","show":false},"color":"#d8b83f"}],"show":"$.jqplot.config.enablePlugins","axes":{"xaxis":{"max":20,"min":-15,"tickInterval":5,"tickOptions":{"formatString":"%.1f"},"forceTickAt0":true,"rendererOptions":{"forceTickAt0":true}},"yaxis":{"max":0.16,"min":0,"tickInterval":0.02,"tickOptions":{"formatString":"%.2f"},"forceTickAt0":true,"rendererOptions":{"forceTickAt0":true}}},"seriesDefaults":{"lineWidth":1,"showLabel":true,"markerOptions":{"size":5,"show":false}}});
jqplots.push(p);

var p = $.jqplot('effaoa',[[[-10.500,-3.1549317498265],[-10.250,-3.181071568244],[-10.000,-3.2155532770723],[-9.750,-3.2313607489134],[-9.500,-3.235904531304],[-9.250,-3.2643495179977],[-9.000,-3.316048278945],[-8.750,-3.3358419567262],[-8.500,-3.3508260447036],[-8.250,-3.4267943528483],[-8.000,-3.5876125457604],[-7.750,-3.78979632193],[-7.500,-3.9962439458337],[-7.250,-4.1876792247602],[-7.000,-4.2989571263036],[-6.750,-4.2880085653105],[-6.500,-4.3199452304884],[-6.250,-4.3308484203053],[-6.000,-4.3054044250997],[-5.750,-4.2864450127877],[-5.500,-4.3477099746295],[-5.250,1.1461794019934],[-5.000,1.8564192909051],[-4.750,2.6817862988076],[-4.500,3.4960552268245],[-4.250,-2.3743435858965],[-4.000,0.69711008162365],[-3.750,-5.181660899654],[-3.500,-5.4561781609195],[-3.250,-5.7840236686391],[-3.000,-6.073015259803],[-2.750,-6.2858288234115],[-2.500,-6.4874403155491],[-2.250,-6.5942658557776],[-2.000,-6.6389201349831],[-1.750,-6.415270018622],[-1.500,-5.6679389312977],[-1.250,-3.3104395604396],[-1.000,-1.9746949841844],[-0.750,-1.0212290502793],[-0.500,-0.56315549475604],[-0.250,-0.066590126291619],[0.000,0.44889502762431],[0.250,0.98975314392175],[0.500,1.035447761194],[0.750,1.6861552853134],[1.000,2.5175151798225],[1.250,3.2277596646483],[1.500,7.5411025145068],[1.750,7.6200564971751],[2.000,7.681391622797],[2.250,1.4767096134787],[2.500,2.021510633097],[2.750,2.5295109612142],[3.000,4.5577105014191],[3.250,4.7907083716651],[3.500,4.9854683657501],[3.750,5.1552660152009],[4.000,5.9483975005039],[4.250,6.6853827437769],[4.500,7.0300884955752],[4.750,7.2006141248721],[5.000,7.2600926538716],[5.250,7.3924090836906],[5.500,7.4653042549947],[5.750,7.4574499850702],[6.000,7.517371163868],[6.250,7.60663507109],[6.500,7.6275750639558],[6.750,7.5690315761659],[7.000,7.5992802981622],[7.250,7.7018020241916],[7.500,7.599516031458],[7.750,7.5574508410329],[8.000,9.4466203411244],[8.250,9.3738398713031],[8.500,9.4047474132684],[8.750,9.6893133462282],[9.000,9.8419729438525],[9.250,9.6756820044491],[9.500,9.892723880597],[9.750,10.291319158933],[10.000,11.724181202158],[10.250,11.233341410225],[10.500,24.475815276866],[10.750,23.239933582399],[11.000,22.806843047543],[11.250,22.276084074986],[11.500,21.622202327663],[11.750,20.42137198719],[12.000,19.235406091371],[12.250,18.054974604123],[12.500,16.852399043197],[12.750,15.563631558081],[13.000,14.176637473788],[13.250,12.784708710084],[13.500,11.437018266287],[13.750,10.237492700019],[14.000,9.2133417243549],[14.250,8.3944839114083],[14.500,6.4450163455519],],[[-8.750,-3.1905256204586],[-8.500,-3.2545001914975],[-8.250,-3.2960186897693],[-8.000,-3.3177940884745],[-7.750,-3.4398682042834],[-7.500,-3.4947822141561],[-7.250,-3.546124166959],[-7.000,-3.5827390305814],[-6.750,-3.6112844838347],[-6.500,-3.6187774052102],[-6.250,-3.5477892507281],[-6.000,-3.3478547854785],[-5.750,-3.4221718174086],[-5.500,-3.5131459655485],[-5.250,-3.4643811920113],[-5.000,-3.2983950212905],[-4.750,-3.006993006993],[-4.500,-3.0489111031774],[-4.250,-2.6389891696751],[-4.000,-2.6057431121459],[-3.750,-2.3466720289564],[-3.500,-1.9350862777321],[-2.750,-1.0068541715906],[-2.500,-0.63777394730362],[-2.250,-0.30248190279214],[-2.000,-0.042780748663102],[-1.750,0.66901408450704],[-1.500,1.5912031047865],[-1.250,2.6684636118598],[-1.000,3.5309973045822],[-0.750,4.8938788065211],[-0.500,5.9822560202788],[-0.250,7.0727745289149],[0.000,8.0632411067194],[0.250,8.9278623428193],[0.500,10.067819599864],[0.750,11.175051688491],[1.000,11.72133919513],[1.250,12.772851296044],[1.500,20.097817908202],[1.750,20.057845263919],[2.000,20.411201701524],[2.250,21.190644932672],[2.500,20.696032279758],[2.750,21.334894613583],[3.000,21.179321486268],[3.250,21.488076311606],[3.500,22.455915357486],[3.750,21.748933577087],[4.000,22.799876657416],[4.250,22.159057437408],[4.500,23.421447882247],[4.750,22.877344877345],[5.000,24.39893143366],[5.250,23.939828080229],[5.500,25.755053507729],[5.750,25.488721804511],[6.000,26.662746251103],[6.250,27.596439169139],[6.500,29.641864773078],[6.750,30.617014646307],[7.000,31.512868801004],[7.250,35.837633298934],[7.500,38.127902822437],[7.750,41.058161350844],[8.000,46.075378943056],[8.250,50.478910369069],[8.500,51.967943009795],[8.750,52.572190137717],[9.000,50.564995751912],[9.250,45.852713178295],[9.500,40.67761089766],[9.750,36.146788990826],[10.000,32.227637614679],[10.250,29.549191195969],[10.500,27.679461615155],[10.750,26.506425511661],[11.000,25.937788018433],[11.250,25.801664043175],[11.500,25.507531106745],[11.750,25.154185022026],[12.000,24.405118976205],[12.250,23.418512208972],[12.500,22.41404140414],[12.750,21.405340636768],[13.000,20.012718600954],[13.250,18.670046220367],[13.500,17.492242595205],[13.750,16.377973803796],[14.000,15.244225672094],[14.250,14.230077890953],[14.500,13.113069016153],[14.750,11.640454119363],[15.000,10.161015343815],[15.250,8.7959323192617],[15.500,7.7065571229267],[15.750,7.0429758035392],[16.000,6.5774926636184],[16.250,4.5405198288524],],[[-8.000,-3.5471951629157],[-7.750,-3.7031032885595],[-7.500,-3.8640450785278],[-7.250,-4.0062421972534],[-7.000,-4.1380660315803],[-6.750,-4.4721386620828],[-6.500,-4.6727969348659],[-6.250,-4.8616085965484],[-6.000,-5.0545643512905],[-5.750,-5.2148944053353],[-5.500,-5.382932166302],[-5.250,-5.5367473751875],[-5.000,-5.653685674548],[-4.750,-5.6511919698871],[-4.500,-5.1621338912134],[-4.250,-4.9219620958751],[-4.000,-5.4344963791968],[-3.750,-5.6697936210131],[-3.500,-5.5889724310777],[-3.250,-5.2875695732839],[-3.000,-4.5161290322581],[-2.750,-3.6749716874292],[-2.500,-3.1151832460733],[-2.250,-1.1651728553137],[-2.000,-0.1900826446281],[-1.750,1.9876868953386],[-1.500,4.5361875637105],[-1.250,7.6490438695163],[-1.000,11.27950310559],[-0.750,5.1912333476579],[-0.500,6.594768242313],[-0.250,9.2209072978304],[0.000,11.536033666491],[0.250,13.782584581253],[0.500,15.899653979239],[0.750,17.905044510386],[1.000,19.848024316109],[1.250,21.724565756824],[1.500,37.159676232524],[1.750,38.906020558003],[2.000,40.130057803468],[2.250,41.485714285714],[2.500,43.032670454545],[2.750,44.642604387827],[3.000,45.481635481635],[3.250,46.774193548387],[3.500,48.397260273973],[3.750,49.573170731707],[4.000,50.588235294118],[4.250,52.441314553991],[4.500,53.793333333333],[4.750,55.159151193634],[5.000,57.369477911647],[5.250,58.358702845797],[5.500,60.473333333333],[5.750,61.749502982107],[6.000,63.842561707805],[6.250,65.577822311289],[6.500,68.69031377899],[6.750,70.942228335626],[7.000,73.588850174216],[7.250,76.534372785259],[7.500,78.772305496074],[7.750,79.632508833922],[8.000,78.886597938144],[8.250,74.7591522158],[8.500,68.939038686987],[8.750,62.041994750656],[9.000,53.920220082531],[9.250,47.384928716904],[9.500,43.309514855209],[9.750,40.013966480447],[10.000,36.927808352218],[10.250,34.495607391699],[10.500,32.829212190914],[10.750,31.247611247611],[11.000,29.619860356866],[11.250,28.32552404439],[11.500,27.65211166786],[11.750,27.100208285119],[12.000,26.539582866113],[12.250,25.893321769297],[12.500,25.22722513089],[12.750,24.674220963173],[13.000,23.571700266261],[13.250,22.549699069852],[13.500,21.44615918155],[13.750,20.270980456561],[14.000,19.038610637308],[14.250,17.80049656784],[14.500,16.586036283672],[14.750,15.513836559699],[15.000,14.247637509087],[15.250,13.169678372542],[15.500,12.175397418116],[15.750,11.034176214935],[16.000,10.124642230634],[16.250,9.1958851264466],[16.500,8.2604915830238],[16.750,7.5183877611062],[17.000,6.8305861432187],],[[-7.750,-4.2677539925246],[-7.500,-4.4119368051492],[-7.250,-4.5522658610272],[-7.000,-4.6674196787149],[-6.750,-4.7674418604651],[-6.500,-4.8580398580399],[-6.250,-4.9314089739926],[-6.000,-4.9767581346529],[-5.750,-4.8320251177394],[-5.500,-4.78987425546],[-5.250,-4.7392290249433],[-5.000,-4.6734317343173],[-4.750,-4.9024341178837],[-4.500,-4.8508734554751],[-4.250,-4.7147688838782],[-4.000,-4.5187485072845],[-3.750,-4.2657520325203],[-3.500,-3.9393118396099],[-3.250,-3.4498699797746],[-3.000,-2.7280994240679],[-2.750,-2.3872499152255],[-2.500,-1.9121447028424],[-2.250,-1.1446491571933],[-2.000,-0.14583333333333],[-1.750,1.1175979983319],[-1.500,2.2146006859383],[-1.250,3.6373003606388],[-1.000,5.0579929399899],[-0.750,7.3222748815166],[-0.500,9.48701709943],[-0.250,11.798800799467],[0.000,16.114109483423],[0.250,19.400164338537],[0.500,22.863359442994],[0.750,26.179673321234],[1.000,29.255121042831],[1.250,32.685274302214],[1.500,36.055226824458],[1.750,39.436052366566],[2.000,69.166666666667],[2.250,72.106567534077],[2.500,75.024691358025],[2.750,77.717791411043],[3.000,79.98786407767],[3.250,82.929782082324],[3.500,85.741857659831],[3.750,88.309352517986],[4.000,90.858164481526],[4.250,93.709869203329],[4.500,96.080283353011],[4.750,98.429073856975],[5.000,101.09813084112],[5.250,103.125],[5.500,105.98843930636],[5.750,108.42347525892],[6.000,110.96330275229],[6.250,112.96928327645],[6.500,114.54443194601],[6.750,114.0590809628],[7.000,110.51867219917],[7.250,105.02415458937],[7.500,99.185317815577],[7.750,92.477440525021],[8.000,85.703592814371],[8.250,78.477672530447],[8.500,70.373044524669],[8.750,65.669816564758],[9.000,62.144716293597],[9.250,59.501726689689],[9.500,56.634032634033],[9.750,53.27032967033],[10.000,49.892739273927],[10.250,46.793036750484],[10.500,43.278335724534],[10.750,39.840901557839],[11.000,38.097791798107],[11.250,36.42042042042],[11.500,34.690618762475],[11.750,33.135179153094],[12.000,31.778584392015],[12.250,30.438118811881],[12.500,29.186184054885],[12.750,27.952542372881],[13.000,26.733549083064],[13.250,25.444832545716],[13.500,24.435039370079],[13.750,23.583727530747],[14.000,22.721656976744],[14.250,21.845590798188],[14.500,20.996155774695],[14.750,20.126420227236],[15.000,19.26941338643],[15.250,18.427608440797],[15.500,17.47732663597],[15.750,16.324572930355],[16.000,15.497997997998],[16.250,14.667063020214],[16.500,13.788134639198],[16.750,13.034682080925],[17.000,12.19043768321],[17.250,11.420650095602],[17.500,10.724900326205],[17.750,10.085146641438],[18.000,9.6902434984264],[18.250,8.8420890226028],[18.500,8.0969880386223],[18.750,7.4515235457064],[19.000,6.8230910124424],],[[-8.000,-4.1516325401217],[-7.750,-4.33836996337],[-7.500,-4.5306025807979],[-7.250,-4.7958596894767],[-7.000,-5.048864832356],[-6.750,-5.331956797967],[-6.500,-5.5656412842495],[-6.250,-5.8225806451613],[-6.000,-6.0908041554444],[-5.750,-6.3606148732862],[-5.500,-6.6335515917814],[-5.250,-6.9012345679012],[-5.000,-7.0562652894808],[-4.750,-7.2130159686653],[-4.500,-7.3993288590604],[-4.250,-7.5799774181408],[-4.000,-7.7375372816361],[-3.750,-7.8436134045653],[-3.500,-8.8699878493317],[-3.250,-8.7908269631689],[-3.000,-8.3465189873418],[-2.750,-7.6025524156791],[-2.500,-6.4156945917285],[-2.250,-4.0467404674047],[-2.000,-1.140350877193],[-1.250,-0.084182885387705],[-0.750,9.6672354948805],[-0.250,17.519841269841],[0.000,20.969072164948],[0.250,24.746494066882],[0.500,27.930283224401],[0.750,32.872215709261],[1.000,36.766467065868],[1.250,40.497572815534],[1.500,44.364981504316],[1.750,48.397997496871],[2.000,52.608142493639],[2.250,84.251207729469],[2.500,93.249211356467],[2.750,102.07667731629],[3.000,106.928],[3.250,110.52547770701],[3.500,113.50157728707],[3.750,117.43307086614],[4.000,120.94043887147],[4.250,123.78881987578],[4.500,127.02160493827],[4.750,130.43010752688],[5.000,132.94832826748],[5.250,135.3984962406],[5.500,137.59286775632],[5.750,138.89051094891],[6.000,137.8813559322],[6.250,132.54641909814],[6.500,125.54054054054],[6.750,120.23014959724],[7.000,114.50643776824],[7.250,108.00595238095],[7.500,101.79816513761],[7.750,94.873949579832],[8.000,88.170637970792],[8.250,82.793176972281],[8.500,80.325423728814],[8.750,78.829300196207],[9.000,76.861268047709],[9.250,74.365269461078],[9.500,71.367763904654],[9.750,66.88654353562],[10.000,63.320099255583],[10.250,60.563981042654],[10.500,57.76072234763],[10.750,55],[11.000,52.267748478702],[11.250,49.842125529457],[11.500,47.159462404649],[11.750,45.341895175286],[12.000,42.988845144357],[12.250,40.600061862048],[12.500,37.746397694524],[12.750,35.030855916287],[13.000,33.124524473751],[13.250,31.470163618864],[13.500,30.805510156432],[13.750,29.608763693271],[14.000,28.717672413793],[14.250,27.352880869387],[14.500,26.366141732283],[14.750,25.426356589147],[15.000,24.129263913824],[15.250,22.146544546211],[15.500,21.330987042073],[15.750,20.300259106843],[16.000,20.262881177708],[16.250,19.52766141846],[16.500,18.72888396566],[16.750,17.971572794899],[17.000,17.173719659423],[17.250,16.305084745763],[17.500,15.411872986654],],],
{"title":"Cl\/Cd v Alpha","sortData":false,"legend":{"show":false,"placement":"insideGrid","location":"ne"},"series":[{"showLabel":true,"index":0,"showLine":true,"trendline":{"type":"none","show":false},"color":"#4bb2c5"},{"showLabel":true,"index":0,"showLine":true,"trendline":{"type":"none","show":false},"color":"#EAA228"},{"showLabel":true,"index":0,"showLine":true,"trendline":{"type":"none","show":false},"color":"#839557"},{"showLabel":true,"index":0,"showLine":true,"trendline":{"type":"none","show":false},"color":"#953579"},{"showLabel":true,"index":0,"showLine":true,"trendline":{"type":"none","show":false},"color":"#d8b83f"}],"show":"$.jqplot.config.enablePlugins","axes":{"xaxis":{"max":20,"min":-15,"tickInterval":5,"tickOptions":{"formatString":"%.1f"},"forceTickAt0":true,"rendererOptions":{"forceTickAt0":true}},"yaxis":{"max":140,"min":-20,"tickInterval":20,"tickOptions":{"formatString":"%d"},"forceTickAt0":true,"rendererOptions":{"forceTickAt0":true}}},"seriesDefaults":{"lineWidth":1,"showLabel":true,"markerOptions":{"size":5,"show":false}}});
jqplots.push(p);

});
/*]]>*/
</script>
</body>
</html>