<!DOCTYPE html>
<html lang="en">
<head>
<link rel="stylesheet" type="text/css" href="/assets/62ff72f1/jquery.jqplot.min.css" media="screen, projection, print" />
<style type="text/css">
/*<![CDATA[*/
.jqplot-title {font-size:1.8em;padding:3px;}.jqplot-xaxis {font-size:0.8em;padding-top:3px;}.jqplot-yaxis {font-size:0.8em;padding-right:3px;}
/*]]>*/
</style>
<!--[if lt IE 9]><script type="text/javascript" src="/assets/62ff72f1/excanvas.min.js"></script></script><![endif]-->
<script type="text/javascript" src="/assets/780cfc96/jquery.min.js"></script>
<script type="text/javascript" src="/assets/62ff72f1/jquery.min.js"></script>
<script type="text/javascript" src="/assets/62ff72f1/jquery.jqplot.min.js"></script>
<script type="text/javascript">
/*<![CDATA[*/
var jqplots = [];

/*]]>*/
</script>
<title>Airfoil polar plot</title>
<meta http-equiv="Content-Language" content="en-gb"/>
<meta http-equiv="Content-Type" content="text/html; charset=windows-1252"/>
<meta content="none" name="robots" />
<meta name="copyright" content="Copyright 2010-2013. All Rights Reserved" />
</head>
<body>

<table style="width:800px;">
<tr><td>
<div id="liftdrag" style="height:400px;width:398px;margin:auto;display:inline-block;"></div>
</td><td>
<div id="liftaoa" style="height:400px;width:398px;margin:auto;display:inline-block;"></div>
</td></tr>
<tr><td>
<div id="effaoa" style="height:400px;width:398px;margin:auto;display:inline-block;"></div>
</td><td>
<div id="dragaoa" style="height:400px;width:398px;margin:auto;display:inline-block;"></div>
</td></tr>
<tr><td>
<div id="momentaoa" style="height:400px;width:398px;margin:auto;display:inline-block;"></div>
</td><td>
</td></tr>

</table>
<script type="text/javascript">
/*<![CDATA[*/
jQuery(window).load(function() {
var p = $.jqplot('liftdrag',[[[0.12211,-0.3563],[0.11726,-0.3575],[0.11191,-0.3665],[0.10577,-0.3843],[0.06027,-0.8513],[0.05922,-0.8926],[0.05783,-0.9300],[0.05659,-0.8978],[0.05499,-0.9273],[0.05320,-0.9504],[0.05123,-0.9722],[0.04968,-0.9696],[0.04833,-0.9679],[0.04655,-0.9728],[0.04546,-0.9654],[0.04442,-0.9573],[0.04329,-0.9529],[0.04235,-0.9479],[0.04157,-0.9432],[0.04136,-0.9361],[0.04179,-0.9241],[0.04996,-0.8437],[0.07817,-0.5216],[0.07759,-0.5106],[0.07772,-0.4957],[0.08145,-0.3792],[0.08140,-0.3520],[0.08119,-0.3248],[0.08546,-0.1669],[0.08402,-0.1648],[0.08281,-0.0770],[0.08164,-0.0576],[0.08018,-0.0305],[0.07869,0.0090],[0.07814,0.0156],[0.07797,0.0247],[0.07459,0.0925],[0.07416,0.1043],[0.07282,0.1354],[0.07133,-0.5869],[0.06932,-0.6074],[0.06926,-0.5902],[0.06803,-0.5924],[0.06710,-0.5895],[0.06562,-0.5938],[0.06502,-0.5840],[0.06305,-0.5951],[0.06292,-0.5774],[0.06114,-0.5848],[0.06079,-0.5704],[0.05998,-0.5631],[0.05973,-0.5454],[0.06042,-0.5156],[0.06060,-0.4953],[0.06127,-0.4651],[0.06125,-0.4463],[0.06219,-0.4193],[0.06210,-0.3983],[0.06232,-0.3808],[0.06295,-0.3545],[0.06301,-0.3384],[0.06403,-0.3107],[0.06393,-0.2966],[0.06516,-0.2684],[0.06507,-0.2549],[0.06639,-0.2263],[0.06654,-0.2126],[0.06762,-0.1864],[0.06856,-0.1652],[0.06937,-0.1407],[0.07177,-0.1057],[0.07213,-0.0818],[0.07616,-0.0296],[0.07603,-0.0100],[0.08117,0.0558],[0.08092,0.0717],[0.08627,0.1378],[0.08561,0.1428],[0.08778,0.1596],[0.08529,0.1354],[0.08847,0.1692],[0.08799,0.1655],[0.09189,0.2070],[0.09207,0.2077],[0.09657,0.2530],[0.09669,0.2514],[0.10228,0.3030],[0.10176,0.2957],[0.10613,0.3302],[0.10728,0.3402],[0.10986,0.3532],[0.11357,0.3872],[0.11494,0.3863],[0.12058,0.4320],[0.12068,0.4234],[0.12407,0.4397],[0.12732,0.4658],[0.12912,0.4631],[0.13453,0.5036],[0.13499,0.4941],[0.13881,0.5114],[0.14177,0.5318],[0.14391,0.5289],[0.14920,0.5657],],[[0.07968,-0.7934],[0.07326,-0.8290],[0.06782,-0.8633],[0.06727,-0.8252],[0.06385,-0.8349],[0.06014,-0.8515],[0.05674,-0.8683],[0.05367,-0.8845],[0.05097,-0.9004],[0.04874,-0.9167],[0.04724,-0.8859],[0.04587,-0.8845],[0.04487,-0.8952],[0.04487,-0.9267],[0.04473,-0.9558],[0.04361,-0.9599],[0.04176,-0.9129],[0.04018,-0.8787],[0.03863,-0.8327],[0.03720,-0.8009],[0.03590,-0.7570],[0.03452,-0.7203],[0.03308,-0.6910],[0.03132,-0.6573],[0.02993,-0.6466],[0.02849,-0.6357],[0.02735,-0.6315],[0.02694,-0.6348],[0.02662,-0.6169],[0.02687,-0.6159],[0.02739,-0.5858],[0.02818,-0.5724],[0.02924,-0.5400],[0.03088,-0.4906],[0.03153,-0.4837],[0.03416,-0.4213],[0.03546,-0.3791],[0.03924,-0.2902],[0.04042,-0.2707],[0.03989,-0.2484],[0.04102,-0.2216],[0.03908,-0.2395],[0.04103,-0.1731],[0.04295,-0.1330],[0.04206,-0.1394],[0.04268,-0.0927],[0.04367,-0.0593],[0.04207,-0.1025],[0.04264,-0.0491],[0.04128,-0.1055],[0.04180,-0.0727],[0.04211,-0.0291],[0.04172,0.0012],[0.04161,-0.0614],[0.04178,-0.0254],[0.04135,0.0108],[0.04145,-0.0465],[0.04165,-0.0165],[0.04143,0.0197],[0.04263,-0.0476],[0.04245,-0.0177],[0.04231,0.0236],[0.04414,-0.0255],[0.04400,-0.0033],[0.04407,0.0244],[0.04384,0.0647],[0.04635,0.0236],[0.04654,0.0503],[0.04655,0.0789],[0.04626,0.1187],[0.04903,0.0849],[0.04947,0.1105],[0.04963,0.1371],[0.04941,0.1772],[0.05219,0.1491],[0.05298,0.1689],[0.05309,0.1988],[0.05264,0.2456],[0.05589,0.2150],[0.05647,0.2329],[0.05608,0.2756],[0.05854,0.2644],[0.05949,0.2783],[0.05928,0.3157],[0.06139,0.3144],[0.06234,0.3252],[0.06204,0.3652],[0.06440,0.3570],[0.06498,0.3753],[0.06438,0.4197],[0.06732,0.3974],[0.06720,0.4310],[0.06599,0.4748],[0.06955,0.4494],[0.06854,0.4890],[0.07135,0.4726],[0.07047,0.5063],[0.06864,0.5540],[0.07206,0.5437],[0.07015,0.6065],[0.07400,0.5995],[0.07205,0.6599],[0.07587,0.6541],[0.07368,0.7119],[0.07737,0.7074],[0.07470,0.7640],[0.07831,0.7597],[0.07512,0.8154],[0.07077,0.8773],[0.06552,0.9419],[0.05872,1.0191],[0.04720,1.1469],[0.05112,1.1250],[0.05235,1.1309],[0.05031,1.1680],[0.04934,1.1959],[0.04966,1.2123],[0.05073,1.2223],[0.05241,1.2274],[0.05442,1.2303],[0.05675,1.2312],[0.05928,1.2312],[0.06196,1.2309],[0.06466,1.2312],[0.06737,1.2322],[0.06991,1.2354],[0.07212,1.2417],[0.07470,1.2455],[0.07779,1.2466],[0.07946,1.2592],[0.08252,1.2610],[0.08423,1.2743],[0.08754,1.2749],[0.08795,1.2996],[0.09245,1.2913],[0.09530,1.2959],[0.09600,1.3189],[0.10132,1.3048],[0.10617,1.2951],],[[0.10571,-0.8146],[0.09466,-0.8620],[0.08747,-0.8886],[0.08147,-0.9095],[0.07580,-0.9306],[0.07077,-0.9493],[0.06615,-0.9680],[0.06586,-0.9400],[0.06355,-0.9366],[0.06093,-0.9360],[0.05802,-0.9399],[0.05497,-0.9475],[0.05396,-0.9268],[0.05256,-0.9151],[0.05068,-0.9095],[0.04876,-0.9051],[0.04670,-0.9043],[0.04613,-0.8789],[0.04494,-0.8663],[0.04351,-0.8575],[0.04198,-0.8512],[0.04121,-0.8320],[0.04022,-0.8193],[0.03909,-0.8104],[0.03794,-0.8057],[0.03764,-0.7991],[0.03632,-0.7685],[0.03486,-0.7353],[0.03350,-0.7022],[0.03200,-0.6695],[0.03041,-0.6421],[0.02885,-0.6230],[0.02745,-0.6114],[0.02617,-0.6055],[0.02488,-0.6044],[0.02353,-0.6068],[0.02225,-0.6088],[0.02100,-0.6121],[0.01985,-0.6168],[0.01897,-0.6260],[0.01818,-0.6256],[0.01750,-0.6199],[0.01698,-0.6076],[0.01659,-0.5690],[0.01653,-0.5459],[0.01653,-0.5210],[0.01664,-0.4959],[0.01674,-0.4705],[0.01684,-0.4446],[0.01713,-0.4158],[0.01723,-0.3904],[0.01748,-0.3621],[0.01748,-0.3351],[0.01778,-0.3059],[0.01786,-0.2795],[0.01784,-0.2520],[0.01799,-0.2227],[0.01810,-0.1946],[0.01821,-0.1682],[0.01845,-0.1399],[0.01841,-0.1113],[0.01825,-0.0826],[0.01833,-0.0564],[0.01840,-0.0288],[0.01835,-0.0002],[0.01817,0.0294],[0.01820,0.0564],[0.01828,0.0829],[0.01828,0.1111],[0.01816,0.1408],[0.01808,0.1706],[0.01817,0.1956],[0.01824,0.2228],[0.01822,0.2518],[0.01813,0.2825],[0.01817,0.3102],[0.01829,0.3353],[0.01833,0.3629],[0.01828,0.3929],[0.01826,0.4247],[0.01841,0.4490],[0.01857,0.4744],[0.01862,0.5024],[0.01859,0.5333],[0.01865,0.5647],[0.01887,0.5863],[0.01899,0.6123],[0.01901,0.6415],[0.01901,0.6745],[0.01922,0.6984],[0.01946,0.7213],[0.01955,0.7487],[0.01956,0.7804],[0.01961,0.8116],[0.01999,0.8299],[0.02019,0.8545],[0.02023,0.8848],[0.02020,0.9150],[0.02049,0.9380],[0.02076,0.9597],[0.02070,0.9877],[0.02045,1.0216],[0.02072,1.0379],[0.02067,1.0645],[0.02051,1.0955],[0.02078,1.1136],[0.02082,1.1362],[0.02060,1.1667],[0.02083,1.1817],[0.02073,1.2043],[0.02069,1.2270],[0.02083,1.2408],[0.02065,1.2634],[0.02085,1.2688],[0.02080,1.2778],[0.02105,1.2783],[0.02140,1.2813],[0.02171,1.2853],[0.02242,1.2805],[0.02296,1.2819],[0.02368,1.2835],[0.02510,1.2907],[0.02670,1.2953],[0.02854,1.2963],[0.03061,1.2948],[0.03287,1.2916],[0.03531,1.2873],[0.03794,1.2821],[0.04071,1.2767],[0.04364,1.2711],[0.04670,1.2653],[0.04981,1.2603],[0.05290,1.2568],[0.05604,1.2536],[0.05931,1.2500],[0.06270,1.2459],[0.06610,1.2426],[0.06944,1.2409],[0.07284,1.2389],[0.07948,1.2376],[0.08265,1.2381],[0.08572,1.2404],[0.08858,1.2438],[0.09152,1.2475],[0.09399,1.2532],],[[0.09125,-0.9816],[0.08738,-0.9846],[0.08491,-0.9809],[0.08226,-0.9775],[0.07929,-0.9757],[0.07650,-0.9730],[0.07363,-0.9707],[0.07066,-0.9688],[0.06872,-0.9628],[0.06635,-0.9583],[0.06410,-0.9528],[0.06182,-0.9473],[0.05956,-0.9413],[0.05739,-0.9350],[0.05558,-0.9290],[0.05361,-0.9225],[0.05170,-0.9152],[0.04990,-0.9072],[0.04819,-0.8986],[0.04651,-0.8895],[0.04469,-0.8848],[0.04294,-0.8781],[0.04135,-0.8701],[0.03982,-0.8617],[0.03838,-0.8527],[0.03610,-0.8166],[0.03391,-0.7754],[0.03233,-0.7395],[0.03092,-0.7271],[0.02957,-0.7212],[0.02839,-0.7139],[0.02744,-0.7034],[0.02594,-0.7016],[0.02476,-0.6954],[0.02373,-0.6862],[0.02239,-0.6835],[0.02133,-0.6762],[0.02014,-0.6715],[0.01905,-0.6667],[0.01801,-0.6610],[0.01700,-0.6561],[0.01611,-0.6517],[0.01536,-0.6499],[0.01468,-0.6422],[0.01406,-0.6296],[0.01342,-0.6146],[0.01278,-0.5974],[0.01217,-0.5782],[0.01166,-0.5571],[0.01115,-0.5344],[0.01076,-0.5098],[0.01054,-0.4832],[0.01041,-0.4557],[0.01027,-0.4276],[0.01016,-0.3992],[0.01012,-0.3703],[0.01011,-0.3416],[0.01005,-0.3126],[0.01005,-0.2833],[0.01002,-0.2541],[0.01006,-0.2248],[0.01006,-0.1951],[0.00999,-0.1658],[0.00998,-0.1364],[0.01002,-0.1068],[0.01004,-0.0772],[0.01002,-0.0478],[0.01002,-0.0182],[0.01003,0.0116],[0.01005,0.0411],[0.01000,0.0705],[0.00999,0.1001],[0.01000,0.1298],[0.01004,0.1596],[0.01007,0.1891],[0.01004,0.2184],[0.01005,0.2479],[0.01007,0.2776],[0.01013,0.3074],[0.01016,0.3367],[0.01014,0.3658],[0.01016,0.3952],[0.01020,0.4247],[0.01028,0.4543],[0.01032,0.4835],[0.01033,0.5124],[0.01037,0.5415],[0.01042,0.5707],[0.01055,0.6002],[0.01054,0.6285],[0.01057,0.6571],[0.01063,0.6858],[0.01074,0.7148],[0.01085,0.7437],[0.01088,0.7716],[0.01095,0.7999],[0.01104,0.8283],[0.01121,0.8572],[0.01126,0.8847],[0.01133,0.9122],[0.01140,0.9396],[0.01158,0.9673],[0.01159,0.9932],[0.01167,1.0198],[0.01180,1.0465],[0.01196,1.0730],[0.01202,1.0984],[0.01214,1.1233],[0.01231,1.1480],[0.01243,1.1722],[0.01262,1.1940],[0.01276,1.2160],[0.01304,1.2347],[0.01322,1.2540],[0.01349,1.2693],[0.01375,1.2841],[0.01411,1.2963],[0.01458,1.3055],[0.01516,1.3143],[0.01592,1.3187],[0.01694,1.3195],[0.01814,1.3199],[0.01946,1.3191],[0.02097,1.3182],[0.02256,1.3163],[0.02443,1.3127],[0.02629,1.3093],[0.02834,1.3053],[0.03029,1.3034],[0.03246,1.2983],[0.03441,1.2940],[0.03670,1.2940],[0.03922,1.2937],[0.04169,1.2945],[0.04413,1.2963],[0.04670,1.2974],[0.04946,1.2970],[0.05225,1.2970],[0.05494,1.2987],[0.05787,1.2986],[0.06092,1.2979],[0.06396,1.2981],[0.06694,1.2994],[0.07026,1.2980],[0.07315,1.3009],[0.07664,1.2993],[0.07958,1.3026],[0.08278,1.3041],[0.08648,1.3022],[0.08937,1.3066],[0.09270,1.3082],[0.09629,1.3080],],[[0.08309,-1.0779],[0.07923,-1.0835],[0.07621,-1.0828],[0.07315,-1.0825],[0.07080,-1.0768],[0.06825,-1.0728],[0.06608,-1.0658],[0.06275,-1.0692],[0.06012,-1.0668],[0.05780,-1.0618],[0.05574,-1.0549],[0.05360,-1.0485],[0.05191,-1.0383],[0.04973,-1.0333],[0.04721,-1.0319],[0.04514,-1.0264],[0.04333,-1.0187],[0.04163,-1.0099],[0.04001,-1.0006],[0.03846,-0.9909],[0.03625,-0.9620],[0.03387,-0.9132],[0.03205,-0.8646],[0.03095,-0.8474],[0.02989,-0.8378],[0.02843,-0.8342],[0.02713,-0.8284],[0.02598,-0.8209],[0.02494,-0.8108],[0.02399,-0.8005],[0.02308,-0.7884],[0.02186,-0.7828],[0.02087,-0.7737],[0.02001,-0.7621],[0.01918,-0.7512],[0.01819,-0.7431],[0.01740,-0.7317],[0.01656,-0.7228],[0.01580,-0.7122],[0.01496,-0.7049],[0.01422,-0.6996],[0.01368,-0.6951],[0.01314,-0.6806],[0.01265,-0.6637],[0.01220,-0.6450],[0.01175,-0.6241],[0.01133,-0.6018],[0.01095,-0.5788],[0.01056,-0.5554],[0.01006,-0.5316],[0.00957,-0.5073],[0.00917,-0.4820],[0.00881,-0.4557],[0.00844,-0.4284],[0.00820,-0.4003],[0.00804,-0.3716],[0.00797,-0.3426],[0.00785,-0.3130],[0.00776,-0.2833],[0.00772,-0.2536],[0.00767,-0.2242],[0.00766,-0.1942],[0.00759,-0.1642],[0.00756,-0.1343],[0.00758,-0.1043],[0.00759,-0.0748],[0.00753,-0.0446],[0.00752,-0.0143],[0.00755,0.0159],[0.00752,0.0454],[0.00754,0.0751],[0.00753,0.1055],[0.00754,0.1358],[0.00753,0.1657],[0.00753,0.1953],[0.00758,0.2249],[0.00758,0.2552],[0.00760,0.2854],[0.00758,0.3152],[0.00761,0.3447],[0.00767,0.3741],[0.00769,0.4043],[0.00772,0.4344],[0.00772,0.4640],[0.00776,0.4932],[0.00783,0.5225],[0.00785,0.5524],[0.00790,0.5820],[0.00793,0.6110],[0.00803,0.6397],[0.00805,0.6695],[0.00810,0.6990],[0.00816,0.7280],[0.00824,0.7563],[0.00831,0.7853],[0.00835,0.8146],[0.00843,0.8434],[0.00853,0.8711],[0.00860,0.8995],[0.00866,0.9280],[0.00879,0.9555],[0.00891,0.9830],[0.00896,1.0114],[0.00908,1.0387],[0.00926,1.0646],[0.00935,1.0925],[0.00949,1.1181],[0.00965,1.1439],[0.00982,1.1692],[0.01003,1.1935],[0.01023,1.2169],[0.01043,1.2406],[0.01072,1.2614],[0.01108,1.2794],[0.01149,1.2917],[0.01206,1.2970],[0.01274,1.3019],[0.01349,1.3066],[0.01438,1.3093],[0.01541,1.3117],[0.01653,1.3136],[0.01782,1.3144],[0.01916,1.3162],[0.02056,1.3182],[0.02201,1.3208],[0.02347,1.3246],[0.02502,1.3275],[0.02671,1.3295],[0.02842,1.3319],[0.03011,1.3354],[0.03199,1.3374],[0.03402,1.3384],[0.03595,1.3411],[0.03800,1.3430],[0.04013,1.3441],[0.04221,1.3433],[0.04440,1.3468],[0.04671,1.3504],[0.04923,1.3523],[0.05171,1.3551],[0.05412,1.3592],[0.05674,1.3618],[0.05913,1.3669],[0.06176,1.3702],[0.06448,1.3731],[0.06702,1.3781],[0.06962,1.3828],[0.07250,1.3854],[0.07559,1.3868],[0.07821,1.3921],[0.08106,1.3962],[0.08391,1.4002],[0.08722,1.4011],[0.09052,1.4023],],],
{"title":"Cl v Cd","sortData":false,"legend":{"show":false,"placement":"insideGrid","location":"ne"},"series":[{"showLabel":true,"index":0,"showLine":true,"trendline":{"type":"none","show":false},"color":"#4bb2c5"},{"showLabel":true,"index":0,"showLine":true,"trendline":{"type":"none","show":false},"color":"#EAA228"},{"showLabel":true,"index":0,"showLine":true,"trendline":{"type":"none","show":false},"color":"#839557"},{"showLabel":true,"index":0,"showLine":true,"trendline":{"type":"none","show":false},"color":"#953579"},{"showLabel":true,"index":0,"showLine":true,"trendline":{"type":"none","show":false},"color":"#d8b83f"}],"show":"$.jqplot.config.enablePlugins","axes":{"xaxis":{"max":0.16,"min":0,"tickInterval":0.02,"tickOptions":{"formatString":"%.2f"},"forceTickAt0":true,"rendererOptions":{"forceTickAt0":true}},"yaxis":{"max":1.5,"min":-1.5,"tickInterval":0.5,"tickOptions":{"formatString":"%.2f"},"forceTickAt0":true,"rendererOptions":{"forceTickAt0":true}}},"seriesDefaults":{"lineWidth":1,"showLabel":true,"markerOptions":{"size":5,"show":false}}});
jqplots.push(p);

var p = $.jqplot('liftaoa',[[[-13.000,-0.3563],[-12.750,-0.3575],[-12.500,-0.3665],[-12.250,-0.3843],[-12.000,-0.8513],[-11.750,-0.8926],[-11.500,-0.9300],[-11.250,-0.8978],[-11.000,-0.9273],[-10.750,-0.9504],[-10.500,-0.9722],[-10.250,-0.9696],[-10.000,-0.9679],[-9.750,-0.9728],[-9.500,-0.9654],[-9.250,-0.9573],[-9.000,-0.9529],[-8.750,-0.9479],[-8.500,-0.9432],[-8.250,-0.9361],[-8.000,-0.9241],[-7.750,-0.8437],[-7.500,-0.5216],[-7.250,-0.5106],[-7.000,-0.4957],[-6.750,-0.3792],[-6.500,-0.3520],[-6.250,-0.3248],[-6.000,-0.1669],[-5.750,-0.1648],[-5.500,-0.0770],[-5.250,-0.0576],[-5.000,-0.0305],[-4.750,0.0090],[-4.500,0.0156],[-4.250,0.0247],[-4.000,0.0925],[-3.750,0.1043],[-3.500,0.1354],[-3.250,-0.5869],[-3.000,-0.6074],[-2.750,-0.5902],[-2.500,-0.5924],[-2.250,-0.5895],[-2.000,-0.5938],[-1.750,-0.5840],[-1.500,-0.5951],[-1.250,-0.5774],[-1.000,-0.5848],[-0.750,-0.5704],[-0.500,-0.5631],[-0.250,-0.5454],[0.000,-0.5156],[0.250,-0.4953],[0.500,-0.4651],[0.750,-0.4463],[1.000,-0.4193],[1.250,-0.3983],[1.500,-0.3808],[1.750,-0.3545],[2.000,-0.3384],[2.250,-0.3107],[2.500,-0.2966],[2.750,-0.2684],[3.000,-0.2549],[3.250,-0.2263],[3.500,-0.2126],[3.750,-0.1864],[4.000,-0.1652],[4.250,-0.1407],[4.500,-0.1057],[4.750,-0.0818],[5.000,-0.0296],[5.250,-0.0100],[5.500,0.0558],[5.750,0.0717],[6.000,0.1378],[6.250,0.1428],[6.500,0.1596],[6.750,0.1354],[7.000,0.1692],[7.250,0.1655],[7.500,0.2070],[7.750,0.2077],[8.000,0.2530],[8.250,0.2514],[8.500,0.3030],[8.750,0.2957],[9.000,0.3302],[9.250,0.3402],[9.500,0.3532],[9.750,0.3872],[10.000,0.3863],[10.250,0.4320],[10.500,0.4234],[10.750,0.4397],[11.000,0.4658],[11.250,0.4631],[11.500,0.5036],[11.750,0.4941],[12.000,0.5114],[12.250,0.5318],[12.500,0.5289],[12.750,0.5657],],[[-16.000,-0.7934],[-15.750,-0.8290],[-15.500,-0.8633],[-15.250,-0.8252],[-15.000,-0.8349],[-14.750,-0.8515],[-14.500,-0.8683],[-14.250,-0.8845],[-14.000,-0.9004],[-13.750,-0.9167],[-13.500,-0.8859],[-13.250,-0.8845],[-13.000,-0.8952],[-12.750,-0.9267],[-12.500,-0.9558],[-12.250,-0.9599],[-12.000,-0.9129],[-11.750,-0.8787],[-11.500,-0.8327],[-11.250,-0.8009],[-11.000,-0.7570],[-10.750,-0.7203],[-10.500,-0.6910],[-10.250,-0.6573],[-10.000,-0.6466],[-9.750,-0.6357],[-9.500,-0.6315],[-9.250,-0.6348],[-9.000,-0.6169],[-8.750,-0.6159],[-8.500,-0.5858],[-8.250,-0.5724],[-8.000,-0.5400],[-7.750,-0.4906],[-7.500,-0.4837],[-7.250,-0.4213],[-7.000,-0.3791],[-6.750,-0.2902],[-6.500,-0.2707],[-6.000,-0.2484],[-5.750,-0.2216],[-5.500,-0.2395],[-5.250,-0.1731],[-5.000,-0.1330],[-4.750,-0.1394],[-4.500,-0.0927],[-4.250,-0.0593],[-4.000,-0.1025],[-3.750,-0.0491],[-3.500,-0.1055],[-3.250,-0.0727],[-3.000,-0.0291],[-2.750,0.0012],[-2.500,-0.0614],[-2.250,-0.0254],[-2.000,0.0108],[-1.750,-0.0465],[-1.500,-0.0165],[-1.250,0.0197],[-1.000,-0.0476],[-0.750,-0.0177],[-0.500,0.0236],[-0.250,-0.0255],[0.000,-0.0033],[0.250,0.0244],[0.500,0.0647],[0.750,0.0236],[1.000,0.0503],[1.250,0.0789],[1.500,0.1187],[1.750,0.0849],[2.000,0.1105],[2.250,0.1371],[2.500,0.1772],[2.750,0.1491],[3.000,0.1689],[3.250,0.1988],[3.500,0.2456],[3.750,0.2150],[4.000,0.2329],[4.250,0.2756],[4.500,0.2644],[4.750,0.2783],[5.000,0.3157],[5.250,0.3144],[5.500,0.3252],[5.750,0.3652],[6.000,0.3570],[6.250,0.3753],[6.500,0.4197],[6.750,0.3974],[7.000,0.4310],[7.250,0.4748],[7.500,0.4494],[7.750,0.4890],[8.000,0.4726],[8.250,0.5063],[8.500,0.5540],[8.750,0.5437],[9.000,0.6065],[9.250,0.5995],[9.500,0.6599],[9.750,0.6541],[10.000,0.7119],[10.250,0.7074],[10.500,0.7640],[10.750,0.7597],[11.000,0.8154],[11.250,0.8773],[11.500,0.9419],[11.750,1.0191],[12.000,1.1469],[12.250,1.1250],[12.500,1.1309],[12.750,1.1680],[13.000,1.1959],[13.250,1.2123],[13.500,1.2223],[13.750,1.2274],[14.000,1.2303],[14.250,1.2312],[14.500,1.2312],[14.750,1.2309],[15.000,1.2312],[15.250,1.2322],[15.500,1.2354],[15.750,1.2417],[16.000,1.2455],[16.250,1.2466],[16.500,1.2592],[16.750,1.2610],[17.000,1.2743],[17.250,1.2749],[17.500,1.2996],[17.750,1.2913],[18.000,1.2959],[18.250,1.3189],[18.500,1.3048],[18.750,1.2951],],[[-19.000,-0.8146],[-18.750,-0.8620],[-18.500,-0.8886],[-18.250,-0.9095],[-18.000,-0.9306],[-17.750,-0.9493],[-17.500,-0.9680],[-17.250,-0.9400],[-17.000,-0.9366],[-16.750,-0.9360],[-16.500,-0.9399],[-16.250,-0.9475],[-16.000,-0.9268],[-15.750,-0.9151],[-15.500,-0.9095],[-15.250,-0.9051],[-15.000,-0.9043],[-14.750,-0.8789],[-14.500,-0.8663],[-14.250,-0.8575],[-14.000,-0.8512],[-13.750,-0.8320],[-13.500,-0.8193],[-13.250,-0.8104],[-13.000,-0.8057],[-12.750,-0.7991],[-12.500,-0.7685],[-12.250,-0.7353],[-12.000,-0.7022],[-11.750,-0.6695],[-11.500,-0.6421],[-11.250,-0.6230],[-11.000,-0.6114],[-10.750,-0.6055],[-10.500,-0.6044],[-10.250,-0.6068],[-10.000,-0.6088],[-9.750,-0.6121],[-9.500,-0.6168],[-9.250,-0.6260],[-9.000,-0.6256],[-8.750,-0.6199],[-8.500,-0.6076],[-8.000,-0.5690],[-7.750,-0.5459],[-7.500,-0.5210],[-7.250,-0.4959],[-7.000,-0.4705],[-6.750,-0.4446],[-6.500,-0.4158],[-6.250,-0.3904],[-6.000,-0.3621],[-5.750,-0.3351],[-5.500,-0.3059],[-5.250,-0.2795],[-5.000,-0.2520],[-4.750,-0.2227],[-4.500,-0.1946],[-4.250,-0.1682],[-4.000,-0.1399],[-3.750,-0.1113],[-3.500,-0.0826],[-3.250,-0.0564],[-3.000,-0.0288],[-2.750,-0.0002],[-2.500,0.0294],[-2.250,0.0564],[-2.000,0.0829],[-1.750,0.1111],[-1.500,0.1408],[-1.250,0.1706],[-1.000,0.1956],[-0.750,0.2228],[-0.500,0.2518],[-0.250,0.2825],[0.000,0.3102],[0.250,0.3353],[0.500,0.3629],[0.750,0.3929],[1.000,0.4247],[1.250,0.4490],[1.500,0.4744],[1.750,0.5024],[2.000,0.5333],[2.250,0.5647],[2.500,0.5863],[2.750,0.6123],[3.000,0.6415],[3.250,0.6745],[3.500,0.6984],[3.750,0.7213],[4.000,0.7487],[4.250,0.7804],[4.500,0.8116],[4.750,0.8299],[5.000,0.8545],[5.250,0.8848],[5.500,0.9150],[5.750,0.9380],[6.000,0.9597],[6.250,0.9877],[6.500,1.0216],[6.750,1.0379],[7.000,1.0645],[7.250,1.0955],[7.500,1.1136],[7.750,1.1362],[8.000,1.1667],[8.250,1.1817],[8.500,1.2043],[8.750,1.2270],[9.000,1.2408],[9.250,1.2634],[9.500,1.2688],[9.750,1.2778],[10.000,1.2783],[10.250,1.2813],[10.500,1.2853],[10.750,1.2805],[11.000,1.2819],[11.250,1.2835],[11.500,1.2907],[11.750,1.2953],[12.000,1.2963],[12.250,1.2948],[12.500,1.2916],[12.750,1.2873],[13.000,1.2821],[13.250,1.2767],[13.500,1.2711],[13.750,1.2653],[14.000,1.2603],[14.250,1.2568],[14.500,1.2536],[14.750,1.2500],[15.000,1.2459],[15.250,1.2426],[15.500,1.2409],[15.750,1.2389],[16.250,1.2376],[16.500,1.2381],[16.750,1.2404],[17.000,1.2438],[17.250,1.2475],[17.500,1.2532],],[[-19.750,-0.9816],[-19.500,-0.9846],[-19.250,-0.9809],[-19.000,-0.9775],[-18.750,-0.9757],[-18.500,-0.9730],[-18.250,-0.9707],[-18.000,-0.9688],[-17.750,-0.9628],[-17.500,-0.9583],[-17.250,-0.9528],[-17.000,-0.9473],[-16.750,-0.9413],[-16.500,-0.9350],[-16.250,-0.9290],[-16.000,-0.9225],[-15.750,-0.9152],[-15.500,-0.9072],[-15.250,-0.8986],[-15.000,-0.8895],[-14.750,-0.8848],[-14.500,-0.8781],[-14.250,-0.8701],[-14.000,-0.8617],[-13.750,-0.8527],[-13.500,-0.8166],[-13.250,-0.7754],[-13.000,-0.7395],[-12.750,-0.7271],[-12.500,-0.7212],[-12.250,-0.7139],[-12.000,-0.7034],[-11.750,-0.7016],[-11.500,-0.6954],[-11.250,-0.6862],[-11.000,-0.6835],[-10.750,-0.6762],[-10.500,-0.6715],[-10.250,-0.6667],[-10.000,-0.6610],[-9.750,-0.6561],[-9.500,-0.6517],[-9.250,-0.6499],[-9.000,-0.6422],[-8.750,-0.6296],[-8.500,-0.6146],[-8.250,-0.5974],[-8.000,-0.5782],[-7.750,-0.5571],[-7.500,-0.5344],[-7.250,-0.5098],[-7.000,-0.4832],[-6.750,-0.4557],[-6.500,-0.4276],[-6.250,-0.3992],[-6.000,-0.3703],[-5.750,-0.3416],[-5.500,-0.3126],[-5.250,-0.2833],[-5.000,-0.2541],[-4.750,-0.2248],[-4.500,-0.1951],[-4.250,-0.1658],[-4.000,-0.1364],[-3.750,-0.1068],[-3.500,-0.0772],[-3.250,-0.0478],[-3.000,-0.0182],[-2.750,0.0116],[-2.500,0.0411],[-2.250,0.0705],[-2.000,0.1001],[-1.750,0.1298],[-1.500,0.1596],[-1.250,0.1891],[-1.000,0.2184],[-0.750,0.2479],[-0.500,0.2776],[-0.250,0.3074],[0.000,0.3367],[0.250,0.3658],[0.500,0.3952],[0.750,0.4247],[1.000,0.4543],[1.250,0.4835],[1.500,0.5124],[1.750,0.5415],[2.000,0.5707],[2.250,0.6002],[2.500,0.6285],[2.750,0.6571],[3.000,0.6858],[3.250,0.7148],[3.500,0.7437],[3.750,0.7716],[4.000,0.7999],[4.250,0.8283],[4.500,0.8572],[4.750,0.8847],[5.000,0.9122],[5.250,0.9396],[5.500,0.9673],[5.750,0.9932],[6.000,1.0198],[6.250,1.0465],[6.500,1.0730],[6.750,1.0984],[7.000,1.1233],[7.250,1.1480],[7.500,1.1722],[7.750,1.1940],[8.000,1.2160],[8.250,1.2347],[8.500,1.2540],[8.750,1.2693],[9.000,1.2841],[9.250,1.2963],[9.500,1.3055],[9.750,1.3143],[10.000,1.3187],[10.250,1.3195],[10.500,1.3199],[10.750,1.3191],[11.000,1.3182],[11.250,1.3163],[11.500,1.3127],[11.750,1.3093],[12.000,1.3053],[12.250,1.3034],[12.500,1.2983],[12.750,1.2940],[13.000,1.2940],[13.250,1.2937],[13.500,1.2945],[13.750,1.2963],[14.000,1.2974],[14.250,1.2970],[14.500,1.2970],[14.750,1.2987],[15.000,1.2986],[15.250,1.2979],[15.500,1.2981],[15.750,1.2994],[16.000,1.2980],[16.250,1.3009],[16.500,1.2993],[16.750,1.3026],[17.000,1.3041],[17.250,1.3022],[17.500,1.3066],[17.750,1.3082],[18.000,1.3080],],[[-19.750,-1.0779],[-19.500,-1.0835],[-19.250,-1.0828],[-19.000,-1.0825],[-18.750,-1.0768],[-18.500,-1.0728],[-18.250,-1.0658],[-18.000,-1.0692],[-17.750,-1.0668],[-17.500,-1.0618],[-17.250,-1.0549],[-17.000,-1.0485],[-16.750,-1.0383],[-16.500,-1.0333],[-16.250,-1.0319],[-16.000,-1.0264],[-15.750,-1.0187],[-15.500,-1.0099],[-15.250,-1.0006],[-15.000,-0.9909],[-14.750,-0.9620],[-14.500,-0.9132],[-14.250,-0.8646],[-14.000,-0.8474],[-13.750,-0.8378],[-13.500,-0.8342],[-13.250,-0.8284],[-13.000,-0.8209],[-12.750,-0.8108],[-12.500,-0.8005],[-12.250,-0.7884],[-12.000,-0.7828],[-11.750,-0.7737],[-11.500,-0.7621],[-11.250,-0.7512],[-11.000,-0.7431],[-10.750,-0.7317],[-10.500,-0.7228],[-10.250,-0.7122],[-10.000,-0.7049],[-9.750,-0.6996],[-9.500,-0.6951],[-9.250,-0.6806],[-9.000,-0.6637],[-8.750,-0.6450],[-8.500,-0.6241],[-8.250,-0.6018],[-8.000,-0.5788],[-7.750,-0.5554],[-7.500,-0.5316],[-7.250,-0.5073],[-7.000,-0.4820],[-6.750,-0.4557],[-6.500,-0.4284],[-6.250,-0.4003],[-6.000,-0.3716],[-5.750,-0.3426],[-5.500,-0.3130],[-5.250,-0.2833],[-5.000,-0.2536],[-4.750,-0.2242],[-4.500,-0.1942],[-4.250,-0.1642],[-4.000,-0.1343],[-3.750,-0.1043],[-3.500,-0.0748],[-3.250,-0.0446],[-3.000,-0.0143],[-2.750,0.0159],[-2.500,0.0454],[-2.250,0.0751],[-2.000,0.1055],[-1.750,0.1358],[-1.500,0.1657],[-1.250,0.1953],[-1.000,0.2249],[-0.750,0.2552],[-0.500,0.2854],[-0.250,0.3152],[0.000,0.3447],[0.250,0.3741],[0.500,0.4043],[0.750,0.4344],[1.000,0.4640],[1.250,0.4932],[1.500,0.5225],[1.750,0.5524],[2.000,0.5820],[2.250,0.6110],[2.500,0.6397],[2.750,0.6695],[3.000,0.6990],[3.250,0.7280],[3.500,0.7563],[3.750,0.7853],[4.000,0.8146],[4.250,0.8434],[4.500,0.8711],[4.750,0.8995],[5.000,0.9280],[5.250,0.9555],[5.500,0.9830],[5.750,1.0114],[6.000,1.0387],[6.250,1.0646],[6.500,1.0925],[6.750,1.1181],[7.000,1.1439],[7.250,1.1692],[7.500,1.1935],[7.750,1.2169],[8.000,1.2406],[8.250,1.2614],[8.500,1.2794],[8.750,1.2917],[9.000,1.2970],[9.250,1.3019],[9.500,1.3066],[9.750,1.3093],[10.000,1.3117],[10.250,1.3136],[10.500,1.3144],[10.750,1.3162],[11.000,1.3182],[11.250,1.3208],[11.500,1.3246],[11.750,1.3275],[12.000,1.3295],[12.250,1.3319],[12.500,1.3354],[12.750,1.3374],[13.000,1.3384],[13.250,1.3411],[13.500,1.3430],[13.750,1.3441],[14.000,1.3433],[14.250,1.3468],[14.500,1.3504],[14.750,1.3523],[15.000,1.3551],[15.250,1.3592],[15.500,1.3618],[15.750,1.3669],[16.000,1.3702],[16.250,1.3731],[16.500,1.3781],[16.750,1.3828],[17.000,1.3854],[17.250,1.3868],[17.500,1.3921],[17.750,1.3962],[18.000,1.4002],[18.250,1.4011],[18.500,1.4023],],],
{"title":"Cl v Alpha","sortData":false,"legend":{"show":false,"placement":"insideGrid","location":"ne"},"series":[{"showLabel":true,"index":0,"showLine":true,"trendline":{"type":"none","show":false},"color":"#4bb2c5"},{"showLabel":true,"index":0,"showLine":true,"trendline":{"type":"none","show":false},"color":"#EAA228"},{"showLabel":true,"index":0,"showLine":true,"trendline":{"type":"none","show":false},"color":"#839557"},{"showLabel":true,"index":0,"showLine":true,"trendline":{"type":"none","show":false},"color":"#953579"},{"showLabel":true,"index":0,"showLine":true,"trendline":{"type":"none","show":false},"color":"#d8b83f"}],"show":"$.jqplot.config.enablePlugins","axes":{"xaxis":{"max":20,"min":-20,"tickInterval":5,"tickOptions":{"formatString":"%.1f"},"forceTickAt0":true,"rendererOptions":{"forceTickAt0":true}},"yaxis":{"max":1.5,"min":-1.5,"tickInterval":0.5,"tickOptions":{"formatString":"%.2f"},"forceTickAt0":true,"rendererOptions":{"forceTickAt0":true}}},"seriesDefaults":{"lineWidth":1,"showLabel":true,"markerOptions":{"size":5,"show":false}}});
jqplots.push(p);

var p = $.jqplot('momentaoa',[[[-13.000,-0.0480],[-12.750,-0.0494],[-12.500,-0.0512],[-12.250,-0.0532],[-12.000,-0.0630],[-11.750,-0.0568],[-11.500,-0.0511],[-11.250,-0.0507],[-11.000,-0.0458],[-10.750,-0.0416],[-10.500,-0.0376],[-10.250,-0.0352],[-10.000,-0.0327],[-9.750,-0.0299],[-9.500,-0.0277],[-9.250,-0.0254],[-9.000,-0.0229],[-8.750,-0.0204],[-8.500,-0.0177],[-8.250,-0.0149],[-8.000,-0.0126],[-7.750,-0.0120],[-7.500,-0.0185],[-7.250,-0.0185],[-7.000,-0.0176],[-6.750,-0.0235],[-6.500,-0.0240],[-6.250,-0.0247],[-6.000,-0.0320],[-5.750,-0.0314],[-5.500,-0.0385],[-5.250,-0.0392],[-5.000,-0.0413],[-4.750,-0.0459],[-4.500,-0.0445],[-4.250,-0.0438],[-4.000,-0.0536],[-3.750,-0.0534],[-3.500,-0.0569],[-3.250,0.0445],[-3.000,0.0488],[-2.750,0.0496],[-2.500,0.0521],[-2.250,0.0540],[-2.000,0.0564],[-1.750,0.0576],[-1.500,0.0602],[-1.250,0.0607],[-1.000,0.0627],[-0.750,0.0634],[-0.500,0.0643],[-0.250,0.0627],[0.000,0.0602],[0.250,0.0575],[0.500,0.0553],[0.750,0.0542],[1.000,0.0514],[1.250,0.0505],[1.500,0.0493],[1.750,0.0475],[2.000,0.0471],[2.250,0.0444],[2.500,0.0447],[2.750,0.0420],[3.000,0.0423],[3.250,0.0398],[3.500,0.0397],[3.750,0.0377],[4.000,0.0363],[4.250,0.0343],[4.500,0.0303],[4.750,0.0279],[5.000,0.0206],[5.250,0.0181],[5.500,0.0082],[5.750,0.0059],[6.000,-0.0042],[6.250,-0.0048],[6.500,-0.0053],[6.750,-0.0007],[7.000,-0.0044],[7.250,-0.0037],[7.500,-0.0087],[7.750,-0.0089],[8.000,-0.0143],[8.250,-0.0144],[8.500,-0.0203],[8.750,-0.0197],[9.000,-0.0237],[9.250,-0.0248],[9.500,-0.0266],[9.750,-0.0298],[10.000,-0.0304],[10.250,-0.0344],[10.500,-0.0342],[10.750,-0.0360],[11.000,-0.0381],[11.250,-0.0388],[11.500,-0.0416],[11.750,-0.0418],[12.000,-0.0436],[12.250,-0.0450],[12.500,-0.0460],[12.750,-0.0480],],[[-16.000,-0.0791],[-15.750,-0.0815],[-15.500,-0.0831],[-15.250,-0.0824],[-15.000,-0.0830],[-14.750,-0.0835],[-14.500,-0.0835],[-14.250,-0.0831],[-14.000,-0.0820],[-13.750,-0.0803],[-13.500,-0.0804],[-13.250,-0.0787],[-13.000,-0.0753],[-12.750,-0.0686],[-12.500,-0.0624],[-12.250,-0.0605],[-12.000,-0.0642],[-11.750,-0.0672],[-11.500,-0.0706],[-11.250,-0.0733],[-11.000,-0.0764],[-10.750,-0.0792],[-10.500,-0.0815],[-10.250,-0.0852],[-10.000,-0.0855],[-9.750,-0.0860],[-9.500,-0.0850],[-9.250,-0.0817],[-9.000,-0.0813],[-8.750,-0.0776],[-8.500,-0.0777],[-8.250,-0.0752],[-8.000,-0.0748],[-7.750,-0.0758],[-7.500,-0.0726],[-7.250,-0.0737],[-7.000,-0.0738],[-6.750,-0.0759],[-6.500,-0.0735],[-6.000,-0.0699],[-5.750,-0.0681],[-5.500,-0.0653],[-5.250,-0.0662],[-5.000,-0.0650],[-4.750,-0.0622],[-4.500,-0.0626],[-4.250,-0.0618],[-4.000,-0.0564],[-3.750,-0.0575],[-3.500,-0.0512],[-3.250,-0.0503],[-3.000,-0.0508],[-2.750,-0.0510],[-2.500,-0.0431],[-2.250,-0.0430],[-2.000,-0.0437],[-1.750,-0.0370],[-1.500,-0.0362],[-1.250,-0.0368],[-1.000,-0.0291],[-0.750,-0.0294],[-0.500,-0.0302],[-0.250,-0.0230],[0.000,-0.0255],[0.250,-0.0246],[0.500,-0.0254],[0.750,-0.0207],[1.000,-0.0231],[1.250,-0.0224],[1.500,-0.0231],[1.750,-0.0199],[2.000,-0.0219],[2.250,-0.0211],[2.500,-0.0218],[2.750,-0.0196],[3.000,-0.0205],[3.250,-0.0202],[3.500,-0.0215],[3.750,-0.0201],[4.000,-0.0190],[4.250,-0.0197],[4.500,-0.0191],[4.750,-0.0185],[5.000,-0.0186],[5.250,-0.0185],[5.500,-0.0172],[5.750,-0.0178],[6.000,-0.0169],[6.250,-0.0160],[6.500,-0.0167],[6.750,-0.0146],[7.000,-0.0149],[7.250,-0.0142],[7.500,-0.0131],[7.750,-0.0125],[8.000,-0.0110],[8.250,-0.0102],[8.500,-0.0098],[8.750,-0.0108],[9.000,-0.0136],[9.250,-0.0155],[9.500,-0.0177],[9.750,-0.0194],[10.000,-0.0209],[10.250,-0.0223],[10.500,-0.0232],[10.750,-0.0242],[11.000,-0.0245],[11.250,-0.0244],[11.500,-0.0239],[11.750,-0.0235],[12.000,-0.0240],[12.250,-0.0229],[12.500,-0.0223],[12.750,-0.0219],[13.000,-0.0214],[13.250,-0.0208],[13.500,-0.0202],[13.750,-0.0196],[14.000,-0.0191],[14.250,-0.0188],[14.500,-0.0185],[14.750,-0.0183],[15.000,-0.0183],[15.250,-0.0182],[15.500,-0.0182],[15.750,-0.0182],[16.000,-0.0183],[16.250,-0.0187],[16.500,-0.0186],[16.750,-0.0191],[17.000,-0.0190],[17.250,-0.0197],[17.500,-0.0193],[17.750,-0.0205],[18.000,-0.0211],[18.250,-0.0209],[18.500,-0.0226],[18.750,-0.0244],],[[-19.000,-0.0606],[-18.750,-0.0669],[-18.500,-0.0708],[-18.250,-0.0738],[-18.000,-0.0765],[-17.750,-0.0786],[-17.500,-0.0805],[-17.250,-0.0797],[-17.000,-0.0803],[-16.750,-0.0810],[-16.500,-0.0817],[-16.250,-0.0823],[-16.000,-0.0819],[-15.750,-0.0819],[-15.500,-0.0820],[-15.250,-0.0819],[-15.000,-0.0819],[-14.750,-0.0813],[-14.500,-0.0810],[-14.250,-0.0807],[-14.000,-0.0804],[-13.750,-0.0796],[-13.500,-0.0790],[-13.250,-0.0784],[-13.000,-0.0774],[-12.750,-0.0749],[-12.500,-0.0777],[-12.250,-0.0814],[-12.000,-0.0847],[-11.750,-0.0885],[-11.500,-0.0917],[-11.250,-0.0936],[-11.000,-0.0939],[-10.750,-0.0930],[-10.500,-0.0913],[-10.250,-0.0892],[-10.000,-0.0869],[-9.750,-0.0844],[-9.500,-0.0814],[-9.250,-0.0774],[-9.000,-0.0744],[-8.750,-0.0721],[-8.500,-0.0703],[-8.000,-0.0684],[-7.750,-0.0678],[-7.500,-0.0673],[-7.250,-0.0669],[-7.000,-0.0666],[-6.750,-0.0663],[-6.500,-0.0660],[-6.250,-0.0658],[-6.000,-0.0654],[-5.750,-0.0653],[-5.500,-0.0650],[-5.250,-0.0649],[-5.000,-0.0649],[-4.750,-0.0647],[-4.500,-0.0647],[-4.250,-0.0645],[-4.000,-0.0642],[-3.750,-0.0643],[-3.500,-0.0648],[-3.250,-0.0645],[-3.000,-0.0644],[-2.750,-0.0646],[-2.500,-0.0653],[-2.250,-0.0652],[-2.000,-0.0650],[-1.750,-0.0650],[-1.500,-0.0656],[-1.250,-0.0662],[-1.000,-0.0658],[-0.750,-0.0657],[-0.500,-0.0660],[-0.250,-0.0668],[0.000,-0.0671],[0.250,-0.0667],[0.500,-0.0668],[0.750,-0.0672],[1.000,-0.0683],[1.250,-0.0680],[1.500,-0.0676],[1.750,-0.0677],[2.000,-0.0684],[2.250,-0.0693],[2.500,-0.0685],[2.750,-0.0683],[3.000,-0.0686],[3.250,-0.0697],[3.500,-0.0692],[3.750,-0.0686],[4.000,-0.0687],[4.250,-0.0696],[4.500,-0.0701],[4.750,-0.0688],[5.000,-0.0685],[5.250,-0.0692],[5.500,-0.0694],[5.750,-0.0689],[6.000,-0.0683],[6.250,-0.0683],[6.500,-0.0689],[6.750,-0.0674],[7.000,-0.0673],[7.250,-0.0675],[7.500,-0.0662],[7.750,-0.0655],[8.000,-0.0656],[8.250,-0.0639],[8.500,-0.0630],[8.750,-0.0620],[9.000,-0.0600],[9.250,-0.0589],[9.500,-0.0556],[9.750,-0.0524],[10.000,-0.0483],[10.250,-0.0448],[10.500,-0.0414],[10.750,-0.0374],[11.000,-0.0341],[11.250,-0.0319],[11.500,-0.0317],[11.750,-0.0312],[12.000,-0.0303],[12.250,-0.0292],[12.500,-0.0282],[12.750,-0.0271],[13.000,-0.0262],[13.250,-0.0255],[13.500,-0.0249],[13.750,-0.0244],[14.000,-0.0242],[14.250,-0.0241],[14.500,-0.0241],[14.750,-0.0243],[15.000,-0.0245],[15.250,-0.0249],[15.500,-0.0254],[15.750,-0.0259],[16.250,-0.0271],[16.500,-0.0277],[16.750,-0.0284],[17.000,-0.0291],[17.250,-0.0299],[17.500,-0.0304],],[[-19.750,-0.0591],[-19.500,-0.0609],[-19.250,-0.0617],[-19.000,-0.0627],[-18.750,-0.0640],[-18.500,-0.0651],[-18.250,-0.0662],[-18.000,-0.0674],[-17.750,-0.0676],[-17.500,-0.0684],[-17.250,-0.0690],[-17.000,-0.0697],[-16.750,-0.0704],[-16.500,-0.0710],[-16.250,-0.0710],[-16.000,-0.0714],[-15.750,-0.0717],[-15.500,-0.0720],[-15.250,-0.0722],[-15.000,-0.0724],[-14.750,-0.0722],[-14.500,-0.0722],[-14.250,-0.0722],[-14.000,-0.0721],[-13.750,-0.0720],[-13.500,-0.0781],[-13.250,-0.0853],[-13.000,-0.0904],[-12.750,-0.0910],[-12.500,-0.0903],[-12.250,-0.0894],[-12.000,-0.0885],[-11.750,-0.0873],[-11.500,-0.0861],[-11.250,-0.0851],[-11.000,-0.0836],[-10.750,-0.0823],[-10.500,-0.0808],[-10.250,-0.0791],[-10.000,-0.0774],[-9.750,-0.0755],[-9.500,-0.0732],[-9.250,-0.0703],[-9.000,-0.0682],[-8.750,-0.0667],[-8.500,-0.0655],[-8.250,-0.0646],[-8.000,-0.0639],[-7.750,-0.0634],[-7.500,-0.0632],[-7.250,-0.0631],[-7.000,-0.0632],[-6.750,-0.0633],[-6.500,-0.0635],[-6.250,-0.0638],[-6.000,-0.0640],[-5.750,-0.0643],[-5.500,-0.0646],[-5.250,-0.0649],[-5.000,-0.0652],[-4.750,-0.0655],[-4.500,-0.0659],[-4.250,-0.0663],[-4.000,-0.0666],[-3.750,-0.0670],[-3.500,-0.0673],[-3.250,-0.0676],[-3.000,-0.0680],[-2.750,-0.0684],[-2.500,-0.0688],[-2.250,-0.0691],[-2.000,-0.0695],[-1.750,-0.0699],[-1.500,-0.0703],[-1.250,-0.0707],[-1.000,-0.0711],[-0.750,-0.0714],[-0.500,-0.0718],[-0.250,-0.0723],[0.000,-0.0726],[0.250,-0.0730],[0.500,-0.0733],[0.750,-0.0737],[1.000,-0.0741],[1.250,-0.0745],[1.500,-0.0747],[1.750,-0.0751],[2.000,-0.0754],[2.250,-0.0758],[2.500,-0.0760],[2.750,-0.0762],[3.000,-0.0765],[3.250,-0.0768],[3.500,-0.0771],[3.750,-0.0773],[4.000,-0.0774],[4.250,-0.0777],[4.500,-0.0780],[4.750,-0.0781],[5.000,-0.0781],[5.250,-0.0782],[5.500,-0.0783],[5.750,-0.0781],[6.000,-0.0780],[6.250,-0.0779],[6.500,-0.0779],[6.750,-0.0776],[7.000,-0.0772],[7.250,-0.0768],[7.500,-0.0764],[7.750,-0.0755],[8.000,-0.0746],[8.250,-0.0733],[8.500,-0.0720],[8.750,-0.0701],[9.000,-0.0680],[9.250,-0.0657],[9.500,-0.0630],[9.750,-0.0605],[10.000,-0.0575],[10.250,-0.0543],[10.500,-0.0515],[10.750,-0.0486],[11.000,-0.0461],[11.250,-0.0436],[11.500,-0.0413],[11.750,-0.0391],[12.000,-0.0371],[12.250,-0.0353],[12.500,-0.0334],[12.750,-0.0312],[13.000,-0.0308],[13.250,-0.0303],[13.500,-0.0299],[13.750,-0.0296],[14.000,-0.0294],[14.250,-0.0292],[14.500,-0.0292],[14.750,-0.0292],[15.000,-0.0294],[15.250,-0.0296],[15.500,-0.0299],[15.750,-0.0303],[16.000,-0.0308],[16.250,-0.0313],[16.500,-0.0320],[16.750,-0.0327],[17.000,-0.0335],[17.250,-0.0345],[17.500,-0.0353],[17.750,-0.0363],[18.000,-0.0374],],[[-19.750,-0.0563],[-19.500,-0.0578],[-19.250,-0.0590],[-19.000,-0.0601],[-18.750,-0.0609],[-18.500,-0.0618],[-18.250,-0.0625],[-18.000,-0.0636],[-17.750,-0.0644],[-17.500,-0.0651],[-17.250,-0.0656],[-17.000,-0.0662],[-16.750,-0.0666],[-16.500,-0.0670],[-16.250,-0.0675],[-16.000,-0.0679],[-15.750,-0.0681],[-15.500,-0.0684],[-15.250,-0.0685],[-15.000,-0.0686],[-14.750,-0.0732],[-14.500,-0.0823],[-14.250,-0.0902],[-14.000,-0.0910],[-13.750,-0.0903],[-13.500,-0.0893],[-13.250,-0.0884],[-13.000,-0.0874],[-12.750,-0.0867],[-12.500,-0.0858],[-12.250,-0.0850],[-12.000,-0.0838],[-11.750,-0.0827],[-11.500,-0.0817],[-11.250,-0.0806],[-11.000,-0.0792],[-10.750,-0.0780],[-10.500,-0.0764],[-10.250,-0.0750],[-10.000,-0.0730],[-9.750,-0.0706],[-9.500,-0.0678],[-9.250,-0.0664],[-9.000,-0.0653],[-8.750,-0.0644],[-8.500,-0.0638],[-8.250,-0.0634],[-8.000,-0.0630],[-7.750,-0.0628],[-7.500,-0.0627],[-7.250,-0.0626],[-7.000,-0.0627],[-6.750,-0.0628],[-6.500,-0.0631],[-6.250,-0.0635],[-6.000,-0.0638],[-5.750,-0.0642],[-5.500,-0.0646],[-5.250,-0.0651],[-5.000,-0.0655],[-4.750,-0.0659],[-4.500,-0.0663],[-4.250,-0.0668],[-4.000,-0.0672],[-3.750,-0.0676],[-3.500,-0.0680],[-3.250,-0.0685],[-3.000,-0.0690],[-2.750,-0.0695],[-2.500,-0.0699],[-2.250,-0.0703],[-2.000,-0.0708],[-1.750,-0.0713],[-1.500,-0.0717],[-1.250,-0.0721],[-1.000,-0.0725],[-0.750,-0.0730],[-0.500,-0.0735],[-0.250,-0.0739],[0.000,-0.0743],[0.250,-0.0747],[0.500,-0.0752],[0.750,-0.0756],[1.000,-0.0760],[1.250,-0.0764],[1.500,-0.0767],[1.750,-0.0772],[2.000,-0.0776],[2.250,-0.0779],[2.500,-0.0782],[2.750,-0.0786],[3.000,-0.0790],[3.250,-0.0793],[3.500,-0.0795],[3.750,-0.0798],[4.000,-0.0802],[4.250,-0.0805],[4.500,-0.0806],[4.750,-0.0808],[5.000,-0.0811],[5.250,-0.0811],[5.500,-0.0812],[5.750,-0.0815],[6.000,-0.0815],[6.250,-0.0813],[6.500,-0.0815],[6.750,-0.0813],[7.000,-0.0811],[7.250,-0.0808],[7.500,-0.0804],[7.750,-0.0798],[8.000,-0.0793],[8.250,-0.0783],[8.500,-0.0769],[8.750,-0.0744],[9.000,-0.0708],[9.250,-0.0674],[9.500,-0.0642],[9.750,-0.0609],[10.000,-0.0579],[10.250,-0.0551],[10.500,-0.0524],[10.750,-0.0500],[11.000,-0.0478],[11.250,-0.0458],[11.500,-0.0441],[11.750,-0.0424],[12.000,-0.0408],[12.250,-0.0393],[12.500,-0.0381],[12.750,-0.0368],[13.000,-0.0357],[13.250,-0.0347],[13.500,-0.0338],[13.750,-0.0328],[14.000,-0.0315],[14.250,-0.0314],[14.500,-0.0312],[14.750,-0.0310],[15.000,-0.0310],[15.250,-0.0310],[15.500,-0.0311],[15.750,-0.0312],[16.000,-0.0315],[16.250,-0.0318],[16.500,-0.0322],[16.750,-0.0326],[17.000,-0.0332],[17.250,-0.0338],[17.500,-0.0344],[17.750,-0.0351],[18.000,-0.0359],[18.250,-0.0368],[18.500,-0.0378],],],
{"title":"Cm v Alpha","sortData":false,"legend":{"show":false,"placement":"insideGrid","location":"ne"},"series":[{"showLabel":true,"index":0,"showLine":true,"trendline":{"type":"none","show":false},"color":"#4bb2c5"},{"showLabel":true,"index":0,"showLine":true,"trendline":{"type":"none","show":false},"color":"#EAA228"},{"showLabel":true,"index":0,"showLine":true,"trendline":{"type":"none","show":false},"color":"#839557"},{"showLabel":true,"index":0,"showLine":true,"trendline":{"type":"none","show":false},"color":"#953579"},{"showLabel":true,"index":0,"showLine":true,"trendline":{"type":"none","show":false},"color":"#d8b83f"}],"show":"$.jqplot.config.enablePlugins","axes":{"xaxis":{"max":20,"min":-20,"tickInterval":5,"tickOptions":{"formatString":"%.1f"},"forceTickAt0":true,"rendererOptions":{"forceTickAt0":true}},"yaxis":{"max":0.08,"min":-0.1,"tickInterval":0.02,"tickOptions":{"formatString":"%.2f"},"forceTickAt0":true,"rendererOptions":{"forceTickAt0":true}}},"seriesDefaults":{"lineWidth":1,"showLabel":true,"markerOptions":{"size":5,"show":false}}});
jqplots.push(p);

var p = $.jqplot('dragaoa',[[[-13.000,0.12211],[-12.750,0.11726],[-12.500,0.11191],[-12.250,0.10577],[-12.000,0.06027],[-11.750,0.05922],[-11.500,0.05783],[-11.250,0.05659],[-11.000,0.05499],[-10.750,0.05320],[-10.500,0.05123],[-10.250,0.04968],[-10.000,0.04833],[-9.750,0.04655],[-9.500,0.04546],[-9.250,0.04442],[-9.000,0.04329],[-8.750,0.04235],[-8.500,0.04157],[-8.250,0.04136],[-8.000,0.04179],[-7.750,0.04996],[-7.500,0.07817],[-7.250,0.07759],[-7.000,0.07772],[-6.750,0.08145],[-6.500,0.08140],[-6.250,0.08119],[-6.000,0.08546],[-5.750,0.08402],[-5.500,0.08281],[-5.250,0.08164],[-5.000,0.08018],[-4.750,0.07869],[-4.500,0.07814],[-4.250,0.07797],[-4.000,0.07459],[-3.750,0.07416],[-3.500,0.07282],[-3.250,0.07133],[-3.000,0.06932],[-2.750,0.06926],[-2.500,0.06803],[-2.250,0.06710],[-2.000,0.06562],[-1.750,0.06502],[-1.500,0.06305],[-1.250,0.06292],[-1.000,0.06114],[-0.750,0.06079],[-0.500,0.05998],[-0.250,0.05973],[0.000,0.06042],[0.250,0.06060],[0.500,0.06127],[0.750,0.06125],[1.000,0.06219],[1.250,0.06210],[1.500,0.06232],[1.750,0.06295],[2.000,0.06301],[2.250,0.06403],[2.500,0.06393],[2.750,0.06516],[3.000,0.06507],[3.250,0.06639],[3.500,0.06654],[3.750,0.06762],[4.000,0.06856],[4.250,0.06937],[4.500,0.07177],[4.750,0.07213],[5.000,0.07616],[5.250,0.07603],[5.500,0.08117],[5.750,0.08092],[6.000,0.08627],[6.250,0.08561],[6.500,0.08778],[6.750,0.08529],[7.000,0.08847],[7.250,0.08799],[7.500,0.09189],[7.750,0.09207],[8.000,0.09657],[8.250,0.09669],[8.500,0.10228],[8.750,0.10176],[9.000,0.10613],[9.250,0.10728],[9.500,0.10986],[9.750,0.11357],[10.000,0.11494],[10.250,0.12058],[10.500,0.12068],[10.750,0.12407],[11.000,0.12732],[11.250,0.12912],[11.500,0.13453],[11.750,0.13499],[12.000,0.13881],[12.250,0.14177],[12.500,0.14391],[12.750,0.14920],],[[-16.000,0.07968],[-15.750,0.07326],[-15.500,0.06782],[-15.250,0.06727],[-15.000,0.06385],[-14.750,0.06014],[-14.500,0.05674],[-14.250,0.05367],[-14.000,0.05097],[-13.750,0.04874],[-13.500,0.04724],[-13.250,0.04587],[-13.000,0.04487],[-12.750,0.04487],[-12.500,0.04473],[-12.250,0.04361],[-12.000,0.04176],[-11.750,0.04018],[-11.500,0.03863],[-11.250,0.03720],[-11.000,0.03590],[-10.750,0.03452],[-10.500,0.03308],[-10.250,0.03132],[-10.000,0.02993],[-9.750,0.02849],[-9.500,0.02735],[-9.250,0.02694],[-9.000,0.02662],[-8.750,0.02687],[-8.500,0.02739],[-8.250,0.02818],[-8.000,0.02924],[-7.750,0.03088],[-7.500,0.03153],[-7.250,0.03416],[-7.000,0.03546],[-6.750,0.03924],[-6.500,0.04042],[-6.000,0.03989],[-5.750,0.04102],[-5.500,0.03908],[-5.250,0.04103],[-5.000,0.04295],[-4.750,0.04206],[-4.500,0.04268],[-4.250,0.04367],[-4.000,0.04207],[-3.750,0.04264],[-3.500,0.04128],[-3.250,0.04180],[-3.000,0.04211],[-2.750,0.04172],[-2.500,0.04161],[-2.250,0.04178],[-2.000,0.04135],[-1.750,0.04145],[-1.500,0.04165],[-1.250,0.04143],[-1.000,0.04263],[-0.750,0.04245],[-0.500,0.04231],[-0.250,0.04414],[0.000,0.04400],[0.250,0.04407],[0.500,0.04384],[0.750,0.04635],[1.000,0.04654],[1.250,0.04655],[1.500,0.04626],[1.750,0.04903],[2.000,0.04947],[2.250,0.04963],[2.500,0.04941],[2.750,0.05219],[3.000,0.05298],[3.250,0.05309],[3.500,0.05264],[3.750,0.05589],[4.000,0.05647],[4.250,0.05608],[4.500,0.05854],[4.750,0.05949],[5.000,0.05928],[5.250,0.06139],[5.500,0.06234],[5.750,0.06204],[6.000,0.06440],[6.250,0.06498],[6.500,0.06438],[6.750,0.06732],[7.000,0.06720],[7.250,0.06599],[7.500,0.06955],[7.750,0.06854],[8.000,0.07135],[8.250,0.07047],[8.500,0.06864],[8.750,0.07206],[9.000,0.07015],[9.250,0.07400],[9.500,0.07205],[9.750,0.07587],[10.000,0.07368],[10.250,0.07737],[10.500,0.07470],[10.750,0.07831],[11.000,0.07512],[11.250,0.07077],[11.500,0.06552],[11.750,0.05872],[12.000,0.04720],[12.250,0.05112],[12.500,0.05235],[12.750,0.05031],[13.000,0.04934],[13.250,0.04966],[13.500,0.05073],[13.750,0.05241],[14.000,0.05442],[14.250,0.05675],[14.500,0.05928],[14.750,0.06196],[15.000,0.06466],[15.250,0.06737],[15.500,0.06991],[15.750,0.07212],[16.000,0.07470],[16.250,0.07779],[16.500,0.07946],[16.750,0.08252],[17.000,0.08423],[17.250,0.08754],[17.500,0.08795],[17.750,0.09245],[18.000,0.09530],[18.250,0.09600],[18.500,0.10132],[18.750,0.10617],],[[-19.000,0.10571],[-18.750,0.09466],[-18.500,0.08747],[-18.250,0.08147],[-18.000,0.07580],[-17.750,0.07077],[-17.500,0.06615],[-17.250,0.06586],[-17.000,0.06355],[-16.750,0.06093],[-16.500,0.05802],[-16.250,0.05497],[-16.000,0.05396],[-15.750,0.05256],[-15.500,0.05068],[-15.250,0.04876],[-15.000,0.04670],[-14.750,0.04613],[-14.500,0.04494],[-14.250,0.04351],[-14.000,0.04198],[-13.750,0.04121],[-13.500,0.04022],[-13.250,0.03909],[-13.000,0.03794],[-12.750,0.03764],[-12.500,0.03632],[-12.250,0.03486],[-12.000,0.03350],[-11.750,0.03200],[-11.500,0.03041],[-11.250,0.02885],[-11.000,0.02745],[-10.750,0.02617],[-10.500,0.02488],[-10.250,0.02353],[-10.000,0.02225],[-9.750,0.02100],[-9.500,0.01985],[-9.250,0.01897],[-9.000,0.01818],[-8.750,0.01750],[-8.500,0.01698],[-8.000,0.01659],[-7.750,0.01653],[-7.500,0.01653],[-7.250,0.01664],[-7.000,0.01674],[-6.750,0.01684],[-6.500,0.01713],[-6.250,0.01723],[-6.000,0.01748],[-5.750,0.01748],[-5.500,0.01778],[-5.250,0.01786],[-5.000,0.01784],[-4.750,0.01799],[-4.500,0.01810],[-4.250,0.01821],[-4.000,0.01845],[-3.750,0.01841],[-3.500,0.01825],[-3.250,0.01833],[-3.000,0.01840],[-2.750,0.01835],[-2.500,0.01817],[-2.250,0.01820],[-2.000,0.01828],[-1.750,0.01828],[-1.500,0.01816],[-1.250,0.01808],[-1.000,0.01817],[-0.750,0.01824],[-0.500,0.01822],[-0.250,0.01813],[0.000,0.01817],[0.250,0.01829],[0.500,0.01833],[0.750,0.01828],[1.000,0.01826],[1.250,0.01841],[1.500,0.01857],[1.750,0.01862],[2.000,0.01859],[2.250,0.01865],[2.500,0.01887],[2.750,0.01899],[3.000,0.01901],[3.250,0.01901],[3.500,0.01922],[3.750,0.01946],[4.000,0.01955],[4.250,0.01956],[4.500,0.01961],[4.750,0.01999],[5.000,0.02019],[5.250,0.02023],[5.500,0.02020],[5.750,0.02049],[6.000,0.02076],[6.250,0.02070],[6.500,0.02045],[6.750,0.02072],[7.000,0.02067],[7.250,0.02051],[7.500,0.02078],[7.750,0.02082],[8.000,0.02060],[8.250,0.02083],[8.500,0.02073],[8.750,0.02069],[9.000,0.02083],[9.250,0.02065],[9.500,0.02085],[9.750,0.02080],[10.000,0.02105],[10.250,0.02140],[10.500,0.02171],[10.750,0.02242],[11.000,0.02296],[11.250,0.02368],[11.500,0.02510],[11.750,0.02670],[12.000,0.02854],[12.250,0.03061],[12.500,0.03287],[12.750,0.03531],[13.000,0.03794],[13.250,0.04071],[13.500,0.04364],[13.750,0.04670],[14.000,0.04981],[14.250,0.05290],[14.500,0.05604],[14.750,0.05931],[15.000,0.06270],[15.250,0.06610],[15.500,0.06944],[15.750,0.07284],[16.250,0.07948],[16.500,0.08265],[16.750,0.08572],[17.000,0.08858],[17.250,0.09152],[17.500,0.09399],],[[-19.750,0.09125],[-19.500,0.08738],[-19.250,0.08491],[-19.000,0.08226],[-18.750,0.07929],[-18.500,0.07650],[-18.250,0.07363],[-18.000,0.07066],[-17.750,0.06872],[-17.500,0.06635],[-17.250,0.06410],[-17.000,0.06182],[-16.750,0.05956],[-16.500,0.05739],[-16.250,0.05558],[-16.000,0.05361],[-15.750,0.05170],[-15.500,0.04990],[-15.250,0.04819],[-15.000,0.04651],[-14.750,0.04469],[-14.500,0.04294],[-14.250,0.04135],[-14.000,0.03982],[-13.750,0.03838],[-13.500,0.03610],[-13.250,0.03391],[-13.000,0.03233],[-12.750,0.03092],[-12.500,0.02957],[-12.250,0.02839],[-12.000,0.02744],[-11.750,0.02594],[-11.500,0.02476],[-11.250,0.02373],[-11.000,0.02239],[-10.750,0.02133],[-10.500,0.02014],[-10.250,0.01905],[-10.000,0.01801],[-9.750,0.01700],[-9.500,0.01611],[-9.250,0.01536],[-9.000,0.01468],[-8.750,0.01406],[-8.500,0.01342],[-8.250,0.01278],[-8.000,0.01217],[-7.750,0.01166],[-7.500,0.01115],[-7.250,0.01076],[-7.000,0.01054],[-6.750,0.01041],[-6.500,0.01027],[-6.250,0.01016],[-6.000,0.01012],[-5.750,0.01011],[-5.500,0.01005],[-5.250,0.01005],[-5.000,0.01002],[-4.750,0.01006],[-4.500,0.01006],[-4.250,0.00999],[-4.000,0.00998],[-3.750,0.01002],[-3.500,0.01004],[-3.250,0.01002],[-3.000,0.01002],[-2.750,0.01003],[-2.500,0.01005],[-2.250,0.01000],[-2.000,0.00999],[-1.750,0.01000],[-1.500,0.01004],[-1.250,0.01007],[-1.000,0.01004],[-0.750,0.01005],[-0.500,0.01007],[-0.250,0.01013],[0.000,0.01016],[0.250,0.01014],[0.500,0.01016],[0.750,0.01020],[1.000,0.01028],[1.250,0.01032],[1.500,0.01033],[1.750,0.01037],[2.000,0.01042],[2.250,0.01055],[2.500,0.01054],[2.750,0.01057],[3.000,0.01063],[3.250,0.01074],[3.500,0.01085],[3.750,0.01088],[4.000,0.01095],[4.250,0.01104],[4.500,0.01121],[4.750,0.01126],[5.000,0.01133],[5.250,0.01140],[5.500,0.01158],[5.750,0.01159],[6.000,0.01167],[6.250,0.01180],[6.500,0.01196],[6.750,0.01202],[7.000,0.01214],[7.250,0.01231],[7.500,0.01243],[7.750,0.01262],[8.000,0.01276],[8.250,0.01304],[8.500,0.01322],[8.750,0.01349],[9.000,0.01375],[9.250,0.01411],[9.500,0.01458],[9.750,0.01516],[10.000,0.01592],[10.250,0.01694],[10.500,0.01814],[10.750,0.01946],[11.000,0.02097],[11.250,0.02256],[11.500,0.02443],[11.750,0.02629],[12.000,0.02834],[12.250,0.03029],[12.500,0.03246],[12.750,0.03441],[13.000,0.03670],[13.250,0.03922],[13.500,0.04169],[13.750,0.04413],[14.000,0.04670],[14.250,0.04946],[14.500,0.05225],[14.750,0.05494],[15.000,0.05787],[15.250,0.06092],[15.500,0.06396],[15.750,0.06694],[16.000,0.07026],[16.250,0.07315],[16.500,0.07664],[16.750,0.07958],[17.000,0.08278],[17.250,0.08648],[17.500,0.08937],[17.750,0.09270],[18.000,0.09629],],[[-19.750,0.08309],[-19.500,0.07923],[-19.250,0.07621],[-19.000,0.07315],[-18.750,0.07080],[-18.500,0.06825],[-18.250,0.06608],[-18.000,0.06275],[-17.750,0.06012],[-17.500,0.05780],[-17.250,0.05574],[-17.000,0.05360],[-16.750,0.05191],[-16.500,0.04973],[-16.250,0.04721],[-16.000,0.04514],[-15.750,0.04333],[-15.500,0.04163],[-15.250,0.04001],[-15.000,0.03846],[-14.750,0.03625],[-14.500,0.03387],[-14.250,0.03205],[-14.000,0.03095],[-13.750,0.02989],[-13.500,0.02843],[-13.250,0.02713],[-13.000,0.02598],[-12.750,0.02494],[-12.500,0.02399],[-12.250,0.02308],[-12.000,0.02186],[-11.750,0.02087],[-11.500,0.02001],[-11.250,0.01918],[-11.000,0.01819],[-10.750,0.01740],[-10.500,0.01656],[-10.250,0.01580],[-10.000,0.01496],[-9.750,0.01422],[-9.500,0.01368],[-9.250,0.01314],[-9.000,0.01265],[-8.750,0.01220],[-8.500,0.01175],[-8.250,0.01133],[-8.000,0.01095],[-7.750,0.01056],[-7.500,0.01006],[-7.250,0.00957],[-7.000,0.00917],[-6.750,0.00881],[-6.500,0.00844],[-6.250,0.00820],[-6.000,0.00804],[-5.750,0.00797],[-5.500,0.00785],[-5.250,0.00776],[-5.000,0.00772],[-4.750,0.00767],[-4.500,0.00766],[-4.250,0.00759],[-4.000,0.00756],[-3.750,0.00758],[-3.500,0.00759],[-3.250,0.00753],[-3.000,0.00752],[-2.750,0.00755],[-2.500,0.00752],[-2.250,0.00754],[-2.000,0.00753],[-1.750,0.00754],[-1.500,0.00753],[-1.250,0.00753],[-1.000,0.00758],[-0.750,0.00758],[-0.500,0.00760],[-0.250,0.00758],[0.000,0.00761],[0.250,0.00767],[0.500,0.00769],[0.750,0.00772],[1.000,0.00772],[1.250,0.00776],[1.500,0.00783],[1.750,0.00785],[2.000,0.00790],[2.250,0.00793],[2.500,0.00803],[2.750,0.00805],[3.000,0.00810],[3.250,0.00816],[3.500,0.00824],[3.750,0.00831],[4.000,0.00835],[4.250,0.00843],[4.500,0.00853],[4.750,0.00860],[5.000,0.00866],[5.250,0.00879],[5.500,0.00891],[5.750,0.00896],[6.000,0.00908],[6.250,0.00926],[6.500,0.00935],[6.750,0.00949],[7.000,0.00965],[7.250,0.00982],[7.500,0.01003],[7.750,0.01023],[8.000,0.01043],[8.250,0.01072],[8.500,0.01108],[8.750,0.01149],[9.000,0.01206],[9.250,0.01274],[9.500,0.01349],[9.750,0.01438],[10.000,0.01541],[10.250,0.01653],[10.500,0.01782],[10.750,0.01916],[11.000,0.02056],[11.250,0.02201],[11.500,0.02347],[11.750,0.02502],[12.000,0.02671],[12.250,0.02842],[12.500,0.03011],[12.750,0.03199],[13.000,0.03402],[13.250,0.03595],[13.500,0.03800],[13.750,0.04013],[14.000,0.04221],[14.250,0.04440],[14.500,0.04671],[14.750,0.04923],[15.000,0.05171],[15.250,0.05412],[15.500,0.05674],[15.750,0.05913],[16.000,0.06176],[16.250,0.06448],[16.500,0.06702],[16.750,0.06962],[17.000,0.07250],[17.250,0.07559],[17.500,0.07821],[17.750,0.08106],[18.000,0.08391],[18.250,0.08722],[18.500,0.09052],],],
{"title":"Cd v Alpha","sortData":false,"legend":{"show":false,"placement":"insideGrid","location":"ne"},"series":[{"showLabel":true,"index":0,"showLine":true,"trendline":{"type":"none","show":false},"color":"#4bb2c5"},{"showLabel":true,"index":0,"showLine":true,"trendline":{"type":"none","show":false},"color":"#EAA228"},{"showLabel":true,"index":0,"showLine":true,"trendline":{"type":"none","show":false},"color":"#839557"},{"showLabel":true,"index":0,"showLine":true,"trendline":{"type":"none","show":false},"color":"#953579"},{"showLabel":true,"index":0,"showLine":true,"trendline":{"type":"none","show":false},"color":"#d8b83f"}],"show":"$.jqplot.config.enablePlugins","axes":{"xaxis":{"max":20,"min":-20,"tickInterval":5,"tickOptions":{"formatString":"%.1f"},"forceTickAt0":true,"rendererOptions":{"forceTickAt0":true}},"yaxis":{"max":0.16,"min":0,"tickInterval":0.02,"tickOptions":{"formatString":"%.2f"},"forceTickAt0":true,"rendererOptions":{"forceTickAt0":true}}},"seriesDefaults":{"lineWidth":1,"showLabel":true,"markerOptions":{"size":5,"show":false}}});
jqplots.push(p);

var p = $.jqplot('effaoa',[[[-13.000,-2.9178609450495],[-12.750,-3.0487804878049],[-12.500,-3.2749530873023],[-12.250,-3.633355393779],[-12.000,-14.124771859963],[-11.750,-15.072610604525],[-11.500,-16.081618537091],[-11.250,-15.864993815162],[-11.000,-16.863066012002],[-10.750,-17.864661654135],[-10.500,-18.977161819247],[-10.250,-19.51690821256],[-10.000,-20.026898406787],[-9.750,-20.897959183673],[-9.500,-21.236251649802],[-9.250,-21.551103106709],[-9.000,-22.012012012012],[-8.750,-22.382526564345],[-8.500,-22.689439499639],[-8.250,-22.632978723404],[-8.000,-22.112945680785],[-7.750,-16.887510008006],[-7.500,-6.6726365613407],[-7.250,-6.5807449413584],[-7.000,-6.3780236747298],[-6.750,-4.6556169429098],[-6.500,-4.3243243243243],[-6.250,-4.0004926715113],[-6.000,-1.952960449333],[-5.750,-1.961437752916],[-5.500,-0.92983939137785],[-5.250,-0.70553650171485],[-5.000,-0.3803941132452],[-4.750,0.11437285550896],[-4.500,0.19964166879959],[-4.250,0.31678850840067],[-4.000,1.2401126156321],[-3.750,1.4064185544768],[-3.500,1.8593792914035],[-3.250,-8.2279545773167],[-3.000,-8.7622619734564],[-2.750,-8.5215131388969],[-2.500,-8.707922975158],[-2.250,-8.7853949329359],[-2.000,-9.0490704053642],[-1.750,-8.9818517379268],[-1.500,-9.4385408406027],[-1.250,-9.1767323585505],[-1.000,-9.5649329407916],[-0.750,-9.38312222405],[-0.500,-9.3881293764588],[-0.250,-9.1310899045706],[0.000,-8.5335981463092],[0.250,-8.1732673267327],[0.500,-7.5909906969153],[0.750,-7.2865306122449],[1.000,-6.7422415179289],[1.250,-6.4138486312399],[1.500,-6.1103979460847],[1.750,-5.6314535345512],[2.000,-5.3705760990319],[2.250,-4.8524129314384],[2.500,-4.6394493977788],[2.750,-4.1190914671578],[3.000,-3.917319809436],[3.250,-3.4086458804037],[3.500,-3.195070634205],[3.750,-2.7565808932269],[4.000,-2.4095682613769],[4.250,-2.0282542885974],[4.500,-1.4727602062143],[4.750,-1.1340634964647],[5.000,-0.38865546218487],[5.250,-0.13152702880442],[5.500,0.68744610077615],[5.750,0.88606030647553],[6.000,1.5973107685174],[6.250,1.6680294358136],[6.500,1.8181818181818],[6.750,1.5875249149959],[7.000,1.912512716175],[7.250,1.8808955563132],[7.500,2.2526934378061],[7.750,2.2558922558923],[8.000,2.6198612405509],[8.250,2.600062053987],[8.500,2.9624560031287],[8.750,2.905856918239],[9.000,3.1112786205597],[9.250,3.1711409395973],[9.500,3.2150009102494],[9.750,3.4093510610196],[10.000,3.3608839394467],[10.250,3.5826836954719],[10.500,3.5084521047398],[10.750,3.5439671153381],[11.000,3.6584982720704],[11.250,3.5865861214374],[11.500,3.7434029584479],[11.750,3.6602711311949],[12.000,3.6841726100425],[12.250,3.7511462227552],[12.500,3.6752136752137],[12.750,3.7915549597855],],[[-16.000,-9.9573293172691],[-15.750,-11.315861315861],[-15.500,-12.729283397228],[-15.250,-12.26698379664],[-15.000,-13.075959279561],[-14.750,-14.158629863651],[-14.500,-15.303137116673],[-14.250,-16.480342835849],[-14.000,-17.66529330979],[-13.750,-18.807960607304],[-13.500,-18.753175275191],[-13.250,-19.282755613691],[-13.000,-19.95096946735],[-12.750,-20.652997548473],[-12.500,-21.368209255533],[-12.250,-22.011006649851],[-12.000,-21.860632183908],[-11.750,-21.869089099054],[-11.500,-21.555785658814],[-11.250,-21.529569892473],[-11.000,-21.08635097493],[-10.750,-20.866164542294],[-10.500,-20.888754534462],[-10.250,-20.986590038314],[-10.000,-21.603742064818],[-9.750,-22.313092313092],[-9.500,-23.08957952468],[-9.250,-23.563474387528],[-9.000,-23.174305033809],[-8.750,-22.92147376256],[-8.500,-21.387367652428],[-8.250,-20.312278211498],[-8.000,-18.467852257182],[-7.750,-15.887305699482],[-7.500,-15.340945131621],[-7.250,-12.333138173302],[-7.000,-10.690919345742],[-6.750,-7.3955147808359],[-6.500,-6.6971796140524],[-6.000,-6.2271245926297],[-5.750,-5.4022428083862],[-5.500,-6.1284544524053],[-5.250,-4.2188642456739],[-5.000,-3.0966239813737],[-4.750,-3.3143128863528],[-4.500,-2.1719775070291],[-4.250,-1.3579116098008],[-4.000,-2.4364154979796],[-3.750,-1.1515009380863],[-3.500,-2.5557170542636],[-3.250,-1.7392344497608],[-3.000,-0.69104725718357],[-2.750,0.028763183125599],[-2.500,-1.4756068252824],[-2.250,-0.60794638583054],[-2.000,0.26118500604595],[-1.750,-1.1218335343788],[-1.500,-0.39615846338535],[-1.250,0.47550084479846],[-1.000,-1.1165845648604],[-0.750,-0.41696113074205],[-0.500,0.55778775703143],[-0.250,-0.57770729497055],[0.000,-0.075],[0.250,0.55366462446108],[0.500,1.4758211678832],[0.750,0.5091693635383],[1.000,1.0807907176622],[1.250,1.6949516648765],[1.500,2.5659316904453],[1.750,1.7315929023047],[2.000,2.233676975945],[2.250,2.7624420713278],[2.500,3.5863185589962],[2.750,2.8568691320176],[3.000,3.1879954699887],[3.250,3.7445846675457],[3.500,4.6656534954407],[3.750,3.8468420110932],[4.000,4.1243137949354],[4.250,4.9144079885877],[4.500,4.5165698667578],[4.750,4.6780971591864],[5.000,5.3255735492578],[5.250,5.1213552695879],[5.500,5.2165543792108],[5.750,5.886524822695],[6.000,5.5434782608696],[6.250,5.7756232686981],[6.500,6.5191053122088],[6.750,5.9031491384433],[7.000,6.4136904761905],[7.250,7.1950295499318],[7.500,6.4615384615385],[7.750,7.134519988328],[8.000,6.6236860546601],[8.250,7.1846175677593],[8.500,8.0710955710956],[8.750,7.5451013044685],[9.000,8.6457590876693],[9.250,8.1013513513514],[9.500,9.1589174184594],[9.750,8.6213259522868],[10.000,9.6620521172638],[10.250,9.1430787126793],[10.500,10.227576974565],[10.750,9.7011875877921],[11.000,10.854632587859],[11.250,12.396495690264],[11.500,14.375763125763],[11.750,17.355245231608],[12.000,24.298728813559],[12.250,22.007042253521],[12.500,21.602674307545],[12.750,23.216060425363],[13.000,24.237940818808],[13.250,24.412001610954],[13.500,24.094224324857],[13.750,23.419194810151],[14.000,22.60749724366],[14.250,21.695154185022],[14.500,20.769230769231],[14.750,19.866042608134],[15.000,19.041138261676],[15.250,18.290040077186],[15.500,17.671291660707],[15.750,17.217138103161],[16.000,16.673360107095],[16.250,16.025196040622],[16.500,15.846967027435],[16.750,15.281143965099],[17.000,15.128813961771],[17.250,14.563628055746],[17.500,14.77657760091],[17.750,13.967550027042],[18.000,13.598111227702],[18.250,13.738541666667],[18.500,12.878010264508],[18.750,12.19836111896],],[[-19.000,-7.7059880805979],[-18.750,-9.1062750897951],[-18.500,-10.158911626843],[-18.250,-11.163618509881],[-18.000,-12.277044854881],[-17.750,-13.413875936131],[-17.500,-14.633408919123],[-17.250,-14.272699665958],[-17.000,-14.738001573564],[-16.750,-15.361890694239],[-16.500,-16.199586349535],[-16.250,-17.236674549754],[-16.000,-17.175685693106],[-15.750,-17.410578386606],[-15.500,-17.945935280189],[-15.250,-18.562346185398],[-15.000,-19.364025695931],[-14.750,-19.052677216562],[-14.500,-19.27681352915],[-14.250,-19.708113077453],[-14.000,-20.276322058123],[-13.750,-20.18927444795],[-13.500,-20.370462456489],[-13.250,-20.731644921975],[-13.000,-21.236162361624],[-12.750,-21.230074388948],[-12.500,-21.159140969163],[-12.250,-21.092943201377],[-12.000,-20.961194029851],[-11.750,-20.921875],[-11.500,-21.114764879974],[-11.250,-21.59445407279],[-11.000,-22.273224043716],[-10.750,-23.137179977073],[-10.500,-24.292604501608],[-10.250,-25.788355291118],[-10.000,-27.361797752809],[-9.750,-29.147619047619],[-9.500,-31.073047858942],[-9.250,-32.999472851871],[-9.000,-34.411441144114],[-8.750,-35.422857142857],[-8.500,-35.783274440518],[-8.000,-34.297769740808],[-7.750,-33.02480338778],[-7.500,-31.518451300665],[-7.250,-29.801682692308],[-7.000,-28.10633213859],[-6.750,-26.401425178147],[-6.500,-24.273204903678],[-6.250,-22.658154381892],[-6.000,-20.715102974828],[-5.750,-19.170480549199],[-5.500,-17.204724409449],[-5.250,-15.649496080627],[-5.000,-14.125560538117],[-4.750,-12.379099499722],[-4.500,-10.75138121547],[-4.250,-9.2366831411312],[-4.000,-7.5826558265583],[-3.750,-6.0456273764259],[-3.500,-4.5260273972603],[-3.250,-3.0769230769231],[-3.000,-1.5652173913043],[-2.750,-0.010899182561308],[-2.500,1.6180517336269],[-2.250,3.0989010989011],[-2.000,4.535010940919],[-1.750,6.0776805251641],[-1.500,7.7533039647577],[-1.250,9.4358407079646],[-1.000,10.764997248211],[-0.750,12.214912280702],[-0.500,13.819978046103],[-0.250,15.581908439051],[0.000,17.072096862961],[0.250,18.332422088573],[0.500,19.798145117294],[0.750,21.493435448578],[1.000,23.258488499452],[1.250,24.388919065725],[1.500,25.546580506193],[1.750,26.981740064447],[2.000,28.687466379774],[2.250,30.278820375335],[2.500,31.070482246953],[2.750,32.243285939968],[3.000,33.74539715939],[3.250,35.481325618096],[3.500,36.33714880333],[3.750,37.065775950668],[4.000,38.296675191816],[4.250,39.897750511247],[4.500,41.387047424783],[4.750,41.515757878939],[5.000,42.322932144626],[5.250,43.737024221453],[5.500,45.29702970297],[5.750,45.778428501708],[6.000,46.228323699422],[6.250,47.714975845411],[6.500,49.955990220049],[6.750,50.091698841699],[7.000,51.499758103532],[7.250,53.412969283276],[7.500,53.589990375361],[7.750,54.572526416907],[8.000,56.635922330097],[8.250,56.730676908305],[8.500,58.094548962856],[8.750,59.304011599807],[9.000,59.567930868939],[9.250,61.181598062954],[9.500,60.853717026379],[9.750,61.432692307692],[10.000,60.726840855107],[10.250,59.873831775701],[10.500,59.203132197144],[10.750,57.114183764496],[11.000,55.831881533101],[11.250,54.201858108108],[11.500,51.422310756972],[11.750,48.513108614232],[12.000,45.42046250876],[12.250,42.299901992813],[12.500,39.294189230301],[12.750,36.457094307562],[13.000,33.792830785451],[13.250,31.360845001228],[13.500,29.126947754354],[13.750,27.094218415418],[14.000,25.302148163019],[14.250,23.758034026465],[14.500,22.369735902926],[14.750,21.075703928511],[15.000,19.870813397129],[15.250,18.798789712557],[15.500,17.870103686636],[15.750,17.0085118067],[16.250,15.571212883744],[16.500,14.980036297641],[16.750,14.470368642091],[17.000,14.041544366674],[17.250,13.63090034965],[17.500,13.333333333333],],[[-19.750,-10.757260273973],[-19.500,-11.268024719615],[-19.250,-11.55223177482],[-19.000,-11.883053732069],[-18.750,-12.305460966074],[-18.500,-12.718954248366],[-18.250,-13.18348499253],[-18.000,-13.710727427116],[-17.750,-14.010477299185],[-17.500,-14.443104747551],[-17.250,-14.864274570983],[-17.000,-15.323519896474],[-16.750,-15.804231027535],[-16.500,-16.292036940233],[-16.250,-16.714645555955],[-16.000,-17.207610520425],[-15.750,-17.702127659574],[-15.500,-18.180360721443],[-15.250,-18.647022203777],[-15.000,-19.124919372178],[-14.750,-19.798612665026],[-14.500,-20.449464368887],[-14.250,-21.042321644498],[-14.000,-21.639879457559],[-13.750,-22.217300677436],[-13.500,-22.620498614958],[-13.250,-22.866411088175],[-13.000,-22.873492112589],[-12.750,-23.51552393273],[-12.500,-24.389584037876],[-12.250,-25.146178231772],[-12.000,-25.634110787172],[-11.750,-27.047031611411],[-11.500,-28.085621970921],[-11.250,-28.916982722292],[-11.000,-30.527020991514],[-10.750,-31.701828410689],[-10.500,-33.341608738828],[-10.250,-34.997375328084],[-10.000,-36.70183231538],[-9.750,-38.594117647059],[-9.500,-40.453134698945],[-9.250,-42.311197916667],[-9.000,-43.74659400545],[-8.750,-44.779516358464],[-8.500,-45.797317436662],[-8.250,-46.744913928013],[-8.000,-47.510271158587],[-7.750,-47.778730703259],[-7.500,-47.928251121076],[-7.250,-47.379182156134],[-7.000,-45.84440227704],[-6.750,-43.775216138329],[-6.500,-41.635832521908],[-6.250,-39.291338582677],[-6.000,-36.590909090909],[-5.750,-33.788328387735],[-5.500,-31.10447761194],[-5.250,-28.189054726368],[-5.000,-25.359281437126],[-4.750,-22.34592445328],[-4.500,-19.393638170974],[-4.250,-16.596596596597],[-4.000,-13.667334669339],[-3.750,-10.658682634731],[-3.500,-7.6892430278884],[-3.250,-4.7704590818363],[-3.000,-1.8163672654691],[-2.750,1.1565304087737],[-2.500,4.089552238806],[-2.250,7.05],[-2.000,10.02002002002],[-1.750,12.98],[-1.500,15.896414342629],[-1.250,18.778550148957],[-1.000,21.752988047809],[-0.750,24.666666666667],[-0.500,27.567030784508],[-0.250,30.345508390918],[0.000,33.139763779528],[0.250,36.074950690335],[0.500,38.897637795276],[0.750,41.637254901961],[1.000,44.192607003891],[1.250,46.850775193798],[1.500,49.603097773475],[1.750,52.21793635487],[2.000,54.769673704415],[2.250,56.890995260664],[2.500,59.629981024668],[2.750,62.166508987701],[3.000,64.515522107244],[3.250,66.554934823091],[3.500,68.543778801843],[3.750,70.919117647059],[4.000,73.050228310502],[4.250,75.027173913043],[4.500,76.467439785905],[4.750,78.570159857904],[5.000,80.511915269197],[5.250,82.421052631579],[5.500,83.53195164076],[5.750,85.694564279551],[6.000,87.38646101114],[6.250,88.686440677966],[6.500,89.715719063545],[6.750,91.381031613977],[7.000,92.528830313015],[7.250,93.257514216084],[7.500,94.304102976669],[7.750,94.611727416799],[8.000,95.297805642633],[8.250,94.685582822086],[8.500,94.856278366112],[8.750,94.091919940697],[9.000,93.389090909091],[9.250,91.871013465627],[9.500,89.540466392318],[9.750,86.695250659631],[10.000,82.832914572864],[10.250,77.892561983471],[10.500,72.761852260198],[10.750,67.7852004111],[11.000,62.861230329041],[11.250,58.346631205674],[11.500,53.733115022513],[11.750,49.802206162039],[12.000,46.05857445307],[12.250,43.030703202377],[12.500,39.996919285274],[12.750,37.605347282767],[13.000,35.258855585831],[13.250,32.985721570627],[13.500,31.050611657472],[13.750,29.374575118967],[14.000,27.781584582441],[14.250,26.223210675293],[14.500,24.822966507177],[14.750,23.638514743356],[15.000,22.43995161569],[15.250,21.304990151018],[15.500,20.295497185741],[15.750,19.411413205856],[16.000,18.474238542556],[16.250,17.784005468216],[16.500,16.953288100209],[16.750,16.36843427997],[17.000,15.753805266973],[17.250,15.057816836263],[17.500,14.620118608034],[17.750,14.112189859763],[18.000,13.583965105411],],[[-19.750,-12.972680226261],[-19.500,-13.675375489082],[-19.250,-14.208109172025],[-19.000,-14.798359535202],[-18.750,-15.209039548023],[-18.500,-15.718681318681],[-18.250,-16.128934624697],[-18.000,-17.039043824701],[-17.750,-17.744510978044],[-17.500,-18.370242214533],[-17.250,-18.925367778974],[-17.000,-19.561567164179],[-16.750,-20.001926411096],[-16.500,-20.778202292379],[-16.250,-21.857657276001],[-16.000,-22.73814798405],[-15.750,-23.510270020771],[-15.500,-24.258947874129],[-15.250,-25.008747813047],[-15.000,-25.764430577223],[-14.750,-26.537931034483],[-14.500,-26.96191319752],[-14.250,-26.976599063963],[-14.000,-27.379644588045],[-13.750,-28.029441284711],[-13.500,-29.342244108336],[-13.250,-30.534463693328],[-13.000,-31.597382602002],[-12.750,-32.510024057739],[-12.500,-33.368070029179],[-12.250,-34.159445407279],[-12.000,-35.809698078683],[-11.750,-37.07235265932],[-11.500,-38.085957021489],[-11.250,-39.165797705944],[-11.000,-40.852116547554],[-10.750,-42.051724137931],[-10.500,-43.647342995169],[-10.250,-45.075949367089],[-10.000,-47.118983957219],[-9.750,-49.198312236287],[-9.500,-50.811403508772],[-9.250,-51.79604261796],[-9.000,-52.466403162055],[-8.750,-52.868852459016],[-8.500,-53.114893617021],[-8.250,-53.115622241836],[-8.000,-52.858447488584],[-7.750,-52.594696969697],[-7.500,-52.842942345924],[-7.250,-53.009404388715],[-7.000,-52.562704471101],[-6.750,-51.725312145289],[-6.500,-50.758293838863],[-6.250,-48.817073170732],[-6.000,-46.218905472637],[-5.750,-42.986198243413],[-5.500,-39.872611464968],[-5.250,-36.507731958763],[-5.000,-32.849740932642],[-4.750,-29.230769230769],[-4.500,-25.352480417755],[-4.250,-21.63372859025],[-4.000,-17.76455026455],[-3.750,-13.759894459103],[-3.500,-9.8550724637681],[-3.250,-5.9229747675963],[-3.000,-1.9015957446809],[-2.750,2.1059602649007],[-2.500,6.0372340425532],[-2.250,9.9602122015915],[-2.000,14.010624169987],[-1.750,18.010610079576],[-1.500,22.005312084993],[-1.250,25.93625498008],[-1.000,29.67018469657],[-0.750,33.667546174142],[-0.500,37.552631578947],[-0.250,41.583113456464],[0.000,45.295663600526],[0.250,48.77444589309],[0.500,52.57477243173],[0.750,56.269430051813],[1.000,60.103626943005],[1.250,63.556701030928],[1.500,66.730523627075],[1.750,70.369426751592],[2.000,73.670886075949],[2.250,77.049180327869],[2.500,79.663760896638],[2.750,83.167701863354],[3.000,86.296296296296],[3.250,89.21568627451],[3.500,91.783980582524],[3.750,94.500601684717],[4.000,97.556886227545],[4.250,100.04744958482],[4.500,102.12192262603],[4.750,104.59302325581],[5.000,107.15935334873],[5.250,108.70307167235],[5.500,110.32547699214],[5.750,112.87946428571],[6.000,114.39427312775],[6.250,114.96760259179],[6.500,116.8449197861],[6.750,117.81875658588],[7.000,118.53886010363],[7.250,119.06313645621],[7.500,118.99302093719],[7.750,118.95405669599],[8.000,118.94534995206],[8.250,117.66791044776],[8.500,115.46931407942],[8.750,112.41949521323],[9.000,107.5456053068],[9.250,102.18995290424],[9.500,96.856931060044],[9.750,91.050069541029],[10.000,85.120051914341],[10.250,79.467634603751],[10.500,73.759820426487],[10.750,68.695198329854],[11.000,64.114785992218],[11.250,60.009086778737],[11.500,56.438005965062],[11.750,53.057553956835],[12.000,49.775365031823],[12.250,46.864883884588],[12.500,44.350714048489],[12.750,41.806814629572],[13.000,39.341563786008],[13.250,37.304589707928],[13.500,35.342105263158],[13.750,33.493645651632],[14.000,31.824212271973],[14.250,30.333333333333],[14.500,28.910297580818],[14.750,27.469022953484],[15.000,26.205762908528],[15.250,25.114560236511],[15.500,24.000704970039],[15.750,23.116861153391],[16.000,22.185880829016],[16.250,21.294975186104],[16.500,20.562518651149],[16.750,19.862108589486],[17.000,19.108965517241],[17.250,18.346342108745],[17.500,17.799514128628],[17.750,17.224278312361],[18.000,16.686926468836],[18.250,16.063976152259],[18.500,15.4916040654],],],
{"title":"Cl\/Cd v Alpha","sortData":false,"legend":{"show":false,"placement":"insideGrid","location":"ne"},"series":[{"showLabel":true,"index":0,"showLine":true,"trendline":{"type":"none","show":false},"color":"#4bb2c5"},{"showLabel":true,"index":0,"showLine":true,"trendline":{"type":"none","show":false},"color":"#EAA228"},{"showLabel":true,"index":0,"showLine":true,"trendline":{"type":"none","show":false},"color":"#839557"},{"showLabel":true,"index":0,"showLine":true,"trendline":{"type":"none","show":false},"color":"#953579"},{"showLabel":true,"index":0,"showLine":true,"trendline":{"type":"none","show":false},"color":"#d8b83f"}],"show":"$.jqplot.config.enablePlugins","axes":{"xaxis":{"max":20,"min":-20,"tickInterval":5,"tickOptions":{"formatString":"%.1f"},"forceTickAt0":true,"rendererOptions":{"forceTickAt0":true}},"yaxis":{"max":120,"min":-60,"tickInterval":20,"tickOptions":{"formatString":"%d"},"forceTickAt0":true,"rendererOptions":{"forceTickAt0":true}}},"seriesDefaults":{"lineWidth":1,"showLabel":true,"markerOptions":{"size":5,"show":false}}});
jqplots.push(p);

});
/*]]>*/
</script>
</body>
</html>