<!DOCTYPE html>
<html lang="en">
<head>
<link rel="stylesheet" type="text/css" href="/assets/62ff72f1/jquery.jqplot.min.css" media="screen, projection, print" />
<style type="text/css">
/*<![CDATA[*/
.jqplot-title {font-size:1.8em;padding:3px;}.jqplot-xaxis {font-size:0.8em;padding-top:3px;}.jqplot-yaxis {font-size:0.8em;padding-right:3px;}
/*]]>*/
</style>
<!--[if lt IE 9]><script type="text/javascript" src="/assets/62ff72f1/excanvas.min.js"></script></script><![endif]-->
<script type="text/javascript" src="/assets/780cfc96/jquery.min.js"></script>
<script type="text/javascript" src="/assets/62ff72f1/jquery.min.js"></script>
<script type="text/javascript" src="/assets/62ff72f1/jquery.jqplot.min.js"></script>
<script type="text/javascript">
/*<![CDATA[*/
var jqplots = [];

/*]]>*/
</script>
<title>Airfoil polar plot</title>
<meta http-equiv="Content-Language" content="en-gb"/>
<meta http-equiv="Content-Type" content="text/html; charset=windows-1252"/>
<meta content="none" name="robots" />
<meta name="copyright" content="Copyright 2010-2013. All Rights Reserved" />
</head>
<body>

<table style="width:800px;">
<tr><td>
<div id="liftdrag" style="height:400px;width:398px;margin:auto;display:inline-block;"></div>
</td><td>
<div id="liftaoa" style="height:400px;width:398px;margin:auto;display:inline-block;"></div>
</td></tr>
<tr><td>
<div id="effaoa" style="height:400px;width:398px;margin:auto;display:inline-block;"></div>
</td><td>
<div id="dragaoa" style="height:400px;width:398px;margin:auto;display:inline-block;"></div>
</td></tr>
<tr><td>
<div id="momentaoa" style="height:400px;width:398px;margin:auto;display:inline-block;"></div>
</td><td>
</td></tr>

</table>
<script type="text/javascript">
/*<![CDATA[*/
jQuery(window).load(function() {
var p = $.jqplot('liftdrag',[[[0.11302,-0.6663],[0.08126,-0.7694],[0.07464,-0.7697],[0.06713,-0.7758],[0.05919,-0.7822],[0.05229,-0.7810],[0.04640,-0.7728],[0.04261,-0.7561],[0.03962,-0.7358],[0.03698,-0.7141],[0.03431,-0.6918],[0.03235,-0.6679],[0.03069,-0.6434],[0.02924,-0.6187],[0.02793,-0.5940],[0.02683,-0.5693],[0.02596,-0.5447],[0.02521,-0.5205],[0.02445,-0.4964],[0.02365,-0.4725],[0.02286,-0.4486],[0.02208,-0.4247],[0.02136,-0.4011],[0.02066,-0.3777],[0.02001,-0.3549],[0.01939,-0.3323],[0.01880,-0.3099],[0.01824,-0.2883],[0.01773,-0.2675],[0.01728,-0.2447],[0.01697,-0.2063],[0.01685,-0.1066],[0.01593,-0.0472],[0.01542,-0.0372],[0.01525,-0.0197],[0.01521,0.0000],[0.01525,0.0197],[0.01542,0.0372],[0.01593,0.0472],[0.01685,0.1065],[0.01697,0.2063],[0.01728,0.2448],[0.01773,0.2675],[0.01824,0.2883],[0.01880,0.3100],[0.01939,0.3324],[0.02001,0.3550],[0.02066,0.3778],[0.02136,0.4012],[0.02208,0.4247],[0.02286,0.4486],[0.02365,0.4726],[0.02445,0.4965],[0.02521,0.5205],[0.02596,0.5448],[0.02683,0.5693],[0.02793,0.5941],[0.02924,0.6188],[0.03069,0.6434],[0.03235,0.6680],[0.03431,0.6919],[0.03698,0.7142],[0.03962,0.7359],[0.04261,0.7561],[0.04640,0.7729],[0.05229,0.7811],[0.05920,0.7823],[0.06713,0.7760],[0.07465,0.7699],[0.08127,0.7697],[0.11311,0.6677],],[[0.08352,-0.8494],[0.07779,-0.8530],[0.07173,-0.8655],[0.06453,-0.8837],[0.05706,-0.9005],[0.05051,-0.9069],[0.04510,-0.9036],[0.04084,-0.8930],[0.03749,-0.8784],[0.03438,-0.8594],[0.03239,-0.8367],[0.03050,-0.8139],[0.02835,-0.7905],[0.02689,-0.7657],[0.02525,-0.7407],[0.02402,-0.7152],[0.02271,-0.6898],[0.02151,-0.6640],[0.02046,-0.6383],[0.01949,-0.6126],[0.01861,-0.5866],[0.01781,-0.5610],[0.01713,-0.5352],[0.01658,-0.5092],[0.01616,-0.4832],[0.01584,-0.4570],[0.01555,-0.4306],[0.01522,-0.4044],[0.01486,-0.3782],[0.01450,-0.3519],[0.01415,-0.3257],[0.01376,-0.2998],[0.01339,-0.2738],[0.01303,-0.2479],[0.01267,-0.2225],[0.01230,-0.1975],[0.01192,-0.1735],[0.01156,-0.1506],[0.01123,-0.1292],[0.01105,-0.0919],[0.01098,-0.0183],[0.01091,0.0000],[0.01098,0.0183],[0.01105,0.0919],[0.01123,0.1293],[0.01156,0.1507],[0.01192,0.1736],[0.01230,0.1975],[0.01267,0.2225],[0.01303,0.2480],[0.01339,0.2738],[0.01376,0.2998],[0.01415,0.3257],[0.01450,0.3520],[0.01486,0.3783],[0.01522,0.4044],[0.01555,0.4307],[0.01584,0.4570],[0.01616,0.4833],[0.01658,0.5093],[0.01713,0.5353],[0.01781,0.5611],[0.01860,0.5867],[0.01949,0.6127],[0.02046,0.6384],[0.02151,0.6641],[0.02270,0.6898],[0.02402,0.7153],[0.02525,0.7408],[0.02689,0.7658],[0.02835,0.7906],[0.03049,0.8139],[0.03239,0.8368],[0.03438,0.8595],[0.03749,0.8785],[0.04084,0.8931],[0.04510,0.9037],[0.05051,0.9070],[0.05707,0.9006],[0.06454,0.8840],[0.07175,0.8659],[0.07782,0.8534],[0.08355,0.8498],],[[0.10077,-0.8675],[0.09023,-0.8918],[0.07321,-0.9471],[0.06095,-0.9970],[0.05442,-1.0321],[0.04885,-1.0489],[0.04446,-1.0515],[0.04084,-1.0460],[0.03787,-1.0353],[0.03529,-1.0216],[0.03275,-1.0057],[0.03026,-0.9859],[0.02877,-0.9639],[0.02736,-0.9412],[0.02612,-0.9179],[0.02433,-0.8951],[0.02321,-0.8709],[0.02220,-0.8460],[0.02106,-0.8211],[0.02002,-0.7964],[0.01926,-0.7705],[0.01815,-0.7458],[0.01751,-0.7195],[0.01658,-0.6943],[0.01584,-0.6682],[0.01524,-0.6416],[0.01453,-0.6155],[0.01385,-0.5892],[0.01331,-0.5623],[0.01276,-0.5357],[0.01229,-0.5088],[0.01191,-0.4816],[0.01158,-0.4544],[0.01131,-0.4271],[0.01109,-0.3996],[0.01091,-0.3720],[0.01072,-0.3446],[0.01053,-0.3171],[0.01034,-0.2897],[0.01012,-0.2626],[0.00992,-0.2355],[0.00970,-0.2086],[0.00948,-0.1819],[0.00925,-0.1554],[0.00902,-0.1294],[0.00876,-0.1040],[0.00847,-0.0796],[0.00811,-0.0374],[0.00792,0.0000],[0.00811,0.0374],[0.00847,0.0797],[0.00876,0.1040],[0.00902,0.1294],[0.00925,0.1555],[0.00948,0.1820],[0.00970,0.2086],[0.00992,0.2356],[0.01012,0.2627],[0.01034,0.2898],[0.01053,0.3172],[0.01072,0.3446],[0.01091,0.3721],[0.01109,0.3996],[0.01131,0.4271],[0.01158,0.4545],[0.01191,0.4817],[0.01229,0.5088],[0.01276,0.5358],[0.01331,0.5624],[0.01385,0.5893],[0.01453,0.6156],[0.01524,0.6417],[0.01584,0.6682],[0.01658,0.6943],[0.01751,0.7196],[0.01815,0.7459],[0.01926,0.7706],[0.02002,0.7965],[0.02107,0.8212],[0.02220,0.8461],[0.02321,0.8710],[0.02433,0.8952],[0.02613,0.9180],[0.02736,0.9413],[0.02878,0.9640],[0.03026,0.9860],[0.03274,1.0058],[0.03529,1.0218],[0.03786,1.0355],[0.04084,1.0461],[0.04446,1.0517],[0.04886,1.0490],[0.05444,1.0323],[0.06097,0.9974],[0.07338,0.9471],[0.09035,0.8923],[0.10082,0.8683],[0.15050,0.7416],[0.14192,0.6109],],[[0.08697,-1.1549],[0.07503,-1.1967],[0.06618,-1.2233],[0.05888,-1.2414],[0.05272,-1.2538],[0.04761,-1.2628],[0.04355,-1.2699],[0.04048,-1.2754],[0.03818,-1.2783],[0.03617,-1.2748],[0.03427,-1.2666],[0.03253,-1.2553],[0.03099,-1.2413],[0.02969,-1.2248],[0.02750,-1.2117],[0.02610,-1.1940],[0.02517,-1.1733],[0.02428,-1.1518],[0.02335,-1.1300],[0.02244,-1.1076],[0.02170,-1.0840],[0.02015,-1.0642],[0.01938,-1.0405],[0.01872,-1.0160],[0.01812,-0.9909],[0.01742,-0.9660],[0.01653,-0.9420],[0.01600,-0.9162],[0.01553,-0.8898],[0.01474,-0.8647],[0.01426,-0.8383],[0.01391,-0.8112],[0.01323,-0.7852],[0.01285,-0.7580],[0.01234,-0.7311],[0.01198,-0.7037],[0.01151,-0.6765],[0.01115,-0.6489],[0.01080,-0.6212],[0.01041,-0.5937],[0.01002,-0.5660],[0.00966,-0.5383],[0.00934,-0.5105],[0.00902,-0.4827],[0.00873,-0.4547],[0.00847,-0.4267],[0.00821,-0.3988],[0.00800,-0.3707],[0.00780,-0.3427],[0.00762,-0.3147],[0.00747,-0.2866],[0.00735,-0.2586],[0.00722,-0.2307],[0.00710,-0.2030],[0.00699,-0.1704],[0.00690,-0.1289],[0.00698,-0.1039],[0.00719,-0.0809],[0.00739,-0.0549],[0.00750,-0.0276],[0.00753,0.0000],[0.00750,0.0277],[0.00739,0.0550],[0.00719,0.0810],[0.00698,0.1040],[0.00690,0.1290],[0.00699,0.1705],[0.00710,0.2031],[0.00722,0.2308],[0.00735,0.2587],[0.00747,0.2867],[0.00762,0.3147],[0.00780,0.3428],[0.00800,0.3708],[0.00821,0.3989],[0.00847,0.4268],[0.00873,0.4548],[0.00902,0.4827],[0.00934,0.5106],[0.00966,0.5384],[0.01002,0.5661],[0.01041,0.5937],[0.01080,0.6213],[0.01115,0.6490],[0.01151,0.6766],[0.01198,0.7037],[0.01234,0.7312],[0.01284,0.7581],[0.01323,0.7852],[0.01391,0.8112],[0.01426,0.8384],[0.01474,0.8648],[0.01553,0.8899],[0.01600,0.9163],[0.01654,0.9421],[0.01742,0.9661],[0.01812,0.9910],[0.01871,1.0161],[0.01938,1.0406],[0.02015,1.0643],[0.02170,1.0841],[0.02244,1.1077],[0.02335,1.1301],[0.02429,1.1519],[0.02517,1.1734],[0.02610,1.1942],[0.02750,1.2119],[0.02969,1.2250],[0.03099,1.2415],[0.03254,1.2555],[0.03427,1.2669],[0.03617,1.2752],[0.03818,1.2788],[0.04048,1.2760],[0.04355,1.2706],[0.04759,1.2637],[0.05269,1.2550],[0.05883,1.2427],[0.06608,1.2250],[0.07487,1.1990],[0.08701,1.1561],],[[0.12715,-1.1950],[0.11730,-1.2232],[0.10791,-1.2506],[0.09888,-1.2778],[0.08994,-1.3071],[0.08131,-1.3364],[0.07296,-1.3646],[0.06495,-1.3906],[0.05743,-1.4125],[0.05050,-1.4284],[0.04429,-1.4380],[0.03919,-1.4436],[0.03554,-1.4471],[0.03305,-1.4488],[0.03130,-1.4481],[0.02983,-1.4394],[0.02855,-1.4266],[0.02746,-1.4111],[0.02649,-1.3936],[0.02562,-1.3747],[0.02387,-1.3623],[0.02255,-1.3454],[0.02165,-1.3250],[0.02089,-1.3030],[0.02019,-1.2804],[0.01952,-1.2573],[0.01888,-1.2337],[0.01830,-1.2095],[0.01782,-1.1845],[0.01672,-1.1628],[0.01616,-1.1378],[0.01568,-1.1123],[0.01523,-1.0865],[0.01483,-1.0602],[0.01416,-1.0351],[0.01365,-1.0090],[0.01327,-0.9823],[0.01294,-0.9553],[0.01246,-0.9288],[0.01206,-0.9019],[0.01177,-0.8744],[0.01139,-0.8472],[0.01103,-0.8198],[0.01077,-0.7920],[0.01040,-0.7645],[0.01014,-0.7366],[0.00982,-0.7088],[0.00957,-0.6808],[0.00926,-0.6528],[0.00900,-0.6247],[0.00875,-0.5965],[0.00849,-0.5684],[0.00822,-0.5402],[0.00795,-0.5120],[0.00768,-0.4837],[0.00744,-0.4554],[0.00721,-0.4271],[0.00698,-0.3988],[0.00678,-0.3704],[0.00657,-0.3421],[0.00640,-0.3137],[0.00622,-0.2844],[0.00612,-0.2466],[0.00617,-0.2231],[0.00632,-0.1985],[0.00651,-0.1716],[0.00667,-0.1436],[0.00678,-0.1151],[0.00685,-0.0864],[0.00689,-0.0576],[0.00692,-0.0288],[0.00693,0.0001],[0.00692,0.0289],[0.00689,0.0577],[0.00685,0.0865],[0.00678,0.1152],[0.00667,0.1437],[0.00651,0.1717],[0.00632,0.1986],[0.00617,0.2232],[0.00612,0.2467],[0.00622,0.2844],[0.00657,0.3422],[0.00678,0.3705],[0.00698,0.3989],[0.00722,0.4272],[0.00744,0.4555],[0.00768,0.4838],[0.00795,0.5121],[0.00822,0.5403],[0.00849,0.5685],[0.00875,0.5966],[0.00900,0.6248],[0.00926,0.6529],[0.00957,0.6809],[0.00982,0.7089],[0.01014,0.7367],[0.01040,0.7646],[0.01077,0.7921],[0.01103,0.8199],[0.01140,0.8473],[0.01177,0.8745],[0.01206,0.9019],[0.01246,0.9289],[0.01294,0.9554],[0.01327,0.9824],[0.01365,1.0092],[0.01416,1.0352],[0.01483,1.0604],[0.01523,1.0866],[0.01569,1.1124],[0.01616,1.1380],[0.01672,1.1629],[0.01782,1.1846],[0.01830,1.2096],[0.01888,1.2338],[0.01952,1.2574],[0.02019,1.2806],[0.02090,1.3032],[0.02165,1.3252],[0.02255,1.3456],[0.02387,1.3625],[0.02562,1.3750],[0.02648,1.3940],[0.02744,1.4116],[0.02854,1.4271],[0.02982,1.4400],[0.03130,1.4487],[0.03303,1.4498],[0.03551,1.4481],[0.03915,1.4447],[0.04424,1.4393],[0.05040,1.4300],[0.05735,1.4143],[0.06486,1.3926],[0.07289,1.3665],[0.08126,1.3383],[0.08989,1.3091],],],
{"title":"Cl v Cd","sortData":false,"legend":{"show":false,"placement":"insideGrid","location":"ne"},"series":[{"showLabel":true,"index":0,"showLine":true,"trendline":{"type":"none","show":false},"color":"#4bb2c5"},{"showLabel":true,"index":0,"showLine":true,"trendline":{"type":"none","show":false},"color":"#EAA228"},{"showLabel":true,"index":0,"showLine":true,"trendline":{"type":"none","show":false},"color":"#839557"},{"showLabel":true,"index":0,"showLine":true,"trendline":{"type":"none","show":false},"color":"#953579"},{"showLabel":true,"index":0,"showLine":true,"trendline":{"type":"none","show":false},"color":"#d8b83f"}],"show":"$.jqplot.config.enablePlugins","axes":{"xaxis":{"max":0.16,"min":0,"tickInterval":0.02,"tickOptions":{"formatString":"%.2f"},"forceTickAt0":true,"rendererOptions":{"forceTickAt0":true}},"yaxis":{"max":1.5,"min":-1.5,"tickInterval":0.5,"tickOptions":{"formatString":"%.2f"},"forceTickAt0":true,"rendererOptions":{"forceTickAt0":true}}},"seriesDefaults":{"lineWidth":1,"showLabel":true,"markerOptions":{"size":5,"show":false}}});
jqplots.push(p);

var p = $.jqplot('liftaoa',[[[-8.750,-0.6663],[-8.500,-0.7694],[-8.250,-0.7697],[-8.000,-0.7758],[-7.750,-0.7822],[-7.500,-0.7810],[-7.250,-0.7728],[-7.000,-0.7561],[-6.750,-0.7358],[-6.500,-0.7141],[-6.250,-0.6918],[-6.000,-0.6679],[-5.750,-0.6434],[-5.500,-0.6187],[-5.250,-0.5940],[-5.000,-0.5693],[-4.750,-0.5447],[-4.500,-0.5205],[-4.250,-0.4964],[-4.000,-0.4725],[-3.750,-0.4486],[-3.500,-0.4247],[-3.250,-0.4011],[-3.000,-0.3777],[-2.750,-0.3549],[-2.500,-0.3323],[-2.250,-0.3099],[-2.000,-0.2883],[-1.750,-0.2675],[-1.500,-0.2447],[-1.250,-0.2063],[-1.000,-0.1066],[-0.750,-0.0472],[-0.500,-0.0372],[-0.250,-0.0197],[0.000,0.0000],[0.250,0.0197],[0.500,0.0372],[0.750,0.0472],[1.000,0.1065],[1.250,0.2063],[1.500,0.2448],[1.750,0.2675],[2.000,0.2883],[2.250,0.3100],[2.500,0.3324],[2.750,0.3550],[3.000,0.3778],[3.250,0.4012],[3.500,0.4247],[3.750,0.4486],[4.000,0.4726],[4.250,0.4965],[4.500,0.5205],[4.750,0.5448],[5.000,0.5693],[5.250,0.5941],[5.500,0.6188],[5.750,0.6434],[6.000,0.6680],[6.250,0.6919],[6.500,0.7142],[6.750,0.7359],[7.000,0.7561],[7.250,0.7729],[7.500,0.7811],[7.750,0.7823],[8.000,0.7760],[8.250,0.7699],[8.500,0.7697],[8.750,0.6677],],[[-10.250,-0.8494],[-10.000,-0.8530],[-9.750,-0.8655],[-9.500,-0.8837],[-9.250,-0.9005],[-9.000,-0.9069],[-8.750,-0.9036],[-8.500,-0.8930],[-8.250,-0.8784],[-8.000,-0.8594],[-7.750,-0.8367],[-7.500,-0.8139],[-7.250,-0.7905],[-7.000,-0.7657],[-6.750,-0.7407],[-6.500,-0.7152],[-6.250,-0.6898],[-6.000,-0.6640],[-5.750,-0.6383],[-5.500,-0.6126],[-5.250,-0.5866],[-5.000,-0.5610],[-4.750,-0.5352],[-4.500,-0.5092],[-4.250,-0.4832],[-4.000,-0.4570],[-3.750,-0.4306],[-3.500,-0.4044],[-3.250,-0.3782],[-3.000,-0.3519],[-2.750,-0.3257],[-2.500,-0.2998],[-2.250,-0.2738],[-2.000,-0.2479],[-1.750,-0.2225],[-1.500,-0.1975],[-1.250,-0.1735],[-1.000,-0.1506],[-0.750,-0.1292],[-0.500,-0.0919],[-0.250,-0.0183],[0.000,0.0000],[0.250,0.0183],[0.500,0.0919],[0.750,0.1293],[1.000,0.1507],[1.250,0.1736],[1.500,0.1975],[1.750,0.2225],[2.000,0.2480],[2.250,0.2738],[2.500,0.2998],[2.750,0.3257],[3.000,0.3520],[3.250,0.3783],[3.500,0.4044],[3.750,0.4307],[4.000,0.4570],[4.250,0.4833],[4.500,0.5093],[4.750,0.5353],[5.000,0.5611],[5.250,0.5867],[5.500,0.6127],[5.750,0.6384],[6.000,0.6641],[6.250,0.6898],[6.500,0.7153],[6.750,0.7408],[7.000,0.7658],[7.250,0.7906],[7.500,0.8139],[7.750,0.8368],[8.000,0.8595],[8.250,0.8785],[8.500,0.8931],[8.750,0.9037],[9.000,0.9070],[9.250,0.9006],[9.500,0.8840],[9.750,0.8659],[10.000,0.8534],[10.250,0.8498],],[[-12.000,-0.8675],[-11.750,-0.8918],[-11.500,-0.9471],[-11.250,-0.9970],[-11.000,-1.0321],[-10.750,-1.0489],[-10.500,-1.0515],[-10.250,-1.0460],[-10.000,-1.0353],[-9.750,-1.0216],[-9.500,-1.0057],[-9.250,-0.9859],[-9.000,-0.9639],[-8.750,-0.9412],[-8.500,-0.9179],[-8.250,-0.8951],[-8.000,-0.8709],[-7.750,-0.8460],[-7.500,-0.8211],[-7.250,-0.7964],[-7.000,-0.7705],[-6.750,-0.7458],[-6.500,-0.7195],[-6.250,-0.6943],[-6.000,-0.6682],[-5.750,-0.6416],[-5.500,-0.6155],[-5.250,-0.5892],[-5.000,-0.5623],[-4.750,-0.5357],[-4.500,-0.5088],[-4.250,-0.4816],[-4.000,-0.4544],[-3.750,-0.4271],[-3.500,-0.3996],[-3.250,-0.3720],[-3.000,-0.3446],[-2.750,-0.3171],[-2.500,-0.2897],[-2.250,-0.2626],[-2.000,-0.2355],[-1.750,-0.2086],[-1.500,-0.1819],[-1.250,-0.1554],[-1.000,-0.1294],[-0.750,-0.1040],[-0.500,-0.0796],[-0.250,-0.0374],[0.000,0.0000],[0.250,0.0374],[0.500,0.0797],[0.750,0.1040],[1.000,0.1294],[1.250,0.1555],[1.500,0.1820],[1.750,0.2086],[2.000,0.2356],[2.250,0.2627],[2.500,0.2898],[2.750,0.3172],[3.000,0.3446],[3.250,0.3721],[3.500,0.3996],[3.750,0.4271],[4.000,0.4545],[4.250,0.4817],[4.500,0.5088],[4.750,0.5358],[5.000,0.5624],[5.250,0.5893],[5.500,0.6156],[5.750,0.6417],[6.000,0.6682],[6.250,0.6943],[6.500,0.7196],[6.750,0.7459],[7.000,0.7706],[7.250,0.7965],[7.500,0.8212],[7.750,0.8461],[8.000,0.8710],[8.250,0.8952],[8.500,0.9180],[8.750,0.9413],[9.000,0.9640],[9.250,0.9860],[9.500,1.0058],[9.750,1.0218],[10.000,1.0355],[10.250,1.0461],[10.500,1.0517],[10.750,1.0490],[11.000,1.0323],[11.250,0.9974],[11.500,0.9471],[11.750,0.8923],[12.000,0.8683],[12.500,0.7416],[12.750,0.6109],],[[-15.000,-1.1549],[-14.750,-1.1967],[-14.500,-1.2233],[-14.250,-1.2414],[-14.000,-1.2538],[-13.750,-1.2628],[-13.500,-1.2699],[-13.250,-1.2754],[-13.000,-1.2783],[-12.750,-1.2748],[-12.500,-1.2666],[-12.250,-1.2553],[-12.000,-1.2413],[-11.750,-1.2248],[-11.500,-1.2117],[-11.250,-1.1940],[-11.000,-1.1733],[-10.750,-1.1518],[-10.500,-1.1300],[-10.250,-1.1076],[-10.000,-1.0840],[-9.750,-1.0642],[-9.500,-1.0405],[-9.250,-1.0160],[-9.000,-0.9909],[-8.750,-0.9660],[-8.500,-0.9420],[-8.250,-0.9162],[-8.000,-0.8898],[-7.750,-0.8647],[-7.500,-0.8383],[-7.250,-0.8112],[-7.000,-0.7852],[-6.750,-0.7580],[-6.500,-0.7311],[-6.250,-0.7037],[-6.000,-0.6765],[-5.750,-0.6489],[-5.500,-0.6212],[-5.250,-0.5937],[-5.000,-0.5660],[-4.750,-0.5383],[-4.500,-0.5105],[-4.250,-0.4827],[-4.000,-0.4547],[-3.750,-0.4267],[-3.500,-0.3988],[-3.250,-0.3707],[-3.000,-0.3427],[-2.750,-0.3147],[-2.500,-0.2866],[-2.250,-0.2586],[-2.000,-0.2307],[-1.750,-0.2030],[-1.500,-0.1704],[-1.250,-0.1289],[-1.000,-0.1039],[-0.750,-0.0809],[-0.500,-0.0549],[-0.250,-0.0276],[0.000,0.0000],[0.250,0.0277],[0.500,0.0550],[0.750,0.0810],[1.000,0.1040],[1.250,0.1290],[1.500,0.1705],[1.750,0.2031],[2.000,0.2308],[2.250,0.2587],[2.500,0.2867],[2.750,0.3147],[3.000,0.3428],[3.250,0.3708],[3.500,0.3989],[3.750,0.4268],[4.000,0.4548],[4.250,0.4827],[4.500,0.5106],[4.750,0.5384],[5.000,0.5661],[5.250,0.5937],[5.500,0.6213],[5.750,0.6490],[6.000,0.6766],[6.250,0.7037],[6.500,0.7312],[6.750,0.7581],[7.000,0.7852],[7.250,0.8112],[7.500,0.8384],[7.750,0.8648],[8.000,0.8899],[8.250,0.9163],[8.500,0.9421],[8.750,0.9661],[9.000,0.9910],[9.250,1.0161],[9.500,1.0406],[9.750,1.0643],[10.000,1.0841],[10.250,1.1077],[10.500,1.1301],[10.750,1.1519],[11.000,1.1734],[11.250,1.1942],[11.500,1.2119],[11.750,1.2250],[12.000,1.2415],[12.250,1.2555],[12.500,1.2669],[12.750,1.2752],[13.000,1.2788],[13.250,1.2760],[13.500,1.2706],[13.750,1.2637],[14.000,1.2550],[14.250,1.2427],[14.500,1.2250],[14.750,1.1990],[15.000,1.1561],],[[-17.750,-1.1950],[-17.500,-1.2232],[-17.250,-1.2506],[-17.000,-1.2778],[-16.750,-1.3071],[-16.500,-1.3364],[-16.250,-1.3646],[-16.000,-1.3906],[-15.750,-1.4125],[-15.500,-1.4284],[-15.250,-1.4380],[-15.000,-1.4436],[-14.750,-1.4471],[-14.500,-1.4488],[-14.250,-1.4481],[-14.000,-1.4394],[-13.750,-1.4266],[-13.500,-1.4111],[-13.250,-1.3936],[-13.000,-1.3747],[-12.750,-1.3623],[-12.500,-1.3454],[-12.250,-1.3250],[-12.000,-1.3030],[-11.750,-1.2804],[-11.500,-1.2573],[-11.250,-1.2337],[-11.000,-1.2095],[-10.750,-1.1845],[-10.500,-1.1628],[-10.250,-1.1378],[-10.000,-1.1123],[-9.750,-1.0865],[-9.500,-1.0602],[-9.250,-1.0351],[-9.000,-1.0090],[-8.750,-0.9823],[-8.500,-0.9553],[-8.250,-0.9288],[-8.000,-0.9019],[-7.750,-0.8744],[-7.500,-0.8472],[-7.250,-0.8198],[-7.000,-0.7920],[-6.750,-0.7645],[-6.500,-0.7366],[-6.250,-0.7088],[-6.000,-0.6808],[-5.750,-0.6528],[-5.500,-0.6247],[-5.250,-0.5965],[-5.000,-0.5684],[-4.750,-0.5402],[-4.500,-0.5120],[-4.250,-0.4837],[-4.000,-0.4554],[-3.750,-0.4271],[-3.500,-0.3988],[-3.250,-0.3704],[-3.000,-0.3421],[-2.750,-0.3137],[-2.500,-0.2844],[-2.250,-0.2466],[-2.000,-0.2231],[-1.750,-0.1985],[-1.500,-0.1716],[-1.250,-0.1436],[-1.000,-0.1151],[-0.750,-0.0864],[-0.500,-0.0576],[-0.250,-0.0288],[0.000,0.0001],[0.250,0.0289],[0.500,0.0577],[0.750,0.0865],[1.000,0.1152],[1.250,0.1437],[1.500,0.1717],[1.750,0.1986],[2.000,0.2232],[2.250,0.2467],[2.500,0.2844],[3.000,0.3422],[3.250,0.3705],[3.500,0.3989],[3.750,0.4272],[4.000,0.4555],[4.250,0.4838],[4.500,0.5121],[4.750,0.5403],[5.000,0.5685],[5.250,0.5966],[5.500,0.6248],[5.750,0.6529],[6.000,0.6809],[6.250,0.7089],[6.500,0.7367],[6.750,0.7646],[7.000,0.7921],[7.250,0.8199],[7.500,0.8473],[7.750,0.8745],[8.000,0.9019],[8.250,0.9289],[8.500,0.9554],[8.750,0.9824],[9.000,1.0092],[9.250,1.0352],[9.500,1.0604],[9.750,1.0866],[10.000,1.1124],[10.250,1.1380],[10.500,1.1629],[10.750,1.1846],[11.000,1.2096],[11.250,1.2338],[11.500,1.2574],[11.750,1.2806],[12.000,1.3032],[12.250,1.3252],[12.500,1.3456],[12.750,1.3625],[13.000,1.3750],[13.250,1.3940],[13.500,1.4116],[13.750,1.4271],[14.000,1.4400],[14.250,1.4487],[14.500,1.4498],[14.750,1.4481],[15.000,1.4447],[15.250,1.4393],[15.500,1.4300],[15.750,1.4143],[16.000,1.3926],[16.250,1.3665],[16.500,1.3383],[16.750,1.3091],],],
{"title":"Cl v Alpha","sortData":false,"legend":{"show":false,"placement":"insideGrid","location":"ne"},"series":[{"showLabel":true,"index":0,"showLine":true,"trendline":{"type":"none","show":false},"color":"#4bb2c5"},{"showLabel":true,"index":0,"showLine":true,"trendline":{"type":"none","show":false},"color":"#EAA228"},{"showLabel":true,"index":0,"showLine":true,"trendline":{"type":"none","show":false},"color":"#839557"},{"showLabel":true,"index":0,"showLine":true,"trendline":{"type":"none","show":false},"color":"#953579"},{"showLabel":true,"index":0,"showLine":true,"trendline":{"type":"none","show":false},"color":"#d8b83f"}],"show":"$.jqplot.config.enablePlugins","axes":{"xaxis":{"max":20,"min":-20,"tickInterval":5,"tickOptions":{"formatString":"%.1f"},"forceTickAt0":true,"rendererOptions":{"forceTickAt0":true}},"yaxis":{"max":1.5,"min":-1.5,"tickInterval":0.5,"tickOptions":{"formatString":"%.2f"},"forceTickAt0":true,"rendererOptions":{"forceTickAt0":true}}},"seriesDefaults":{"lineWidth":1,"showLabel":true,"markerOptions":{"size":5,"show":false}}});
jqplots.push(p);

var p = $.jqplot('momentaoa',[[[-8.750,0.0453],[-8.500,0.0071],[-8.250,0.0042],[-8.000,0.0002],[-7.750,-0.0038],[-7.500,-0.0064],[-7.250,-0.0079],[-7.000,-0.0080],[-6.750,-0.0079],[-6.500,-0.0076],[-6.250,-0.0074],[-6.000,-0.0069],[-5.750,-0.0062],[-5.500,-0.0055],[-5.250,-0.0047],[-5.000,-0.0038],[-4.750,-0.0027],[-4.500,-0.0014],[-4.250,0.0000],[-4.000,0.0014],[-3.750,0.0028],[-3.500,0.0041],[-3.250,0.0058],[-3.000,0.0075],[-2.750,0.0094],[-2.500,0.0114],[-2.250,0.0134],[-2.000,0.0157],[-1.750,0.0185],[-1.500,0.0210],[-1.250,0.0207],[-1.000,0.0077],[-0.750,-0.0020],[-0.500,-0.0013],[-0.250,-0.0006],[0.000,0.0000],[0.250,0.0006],[0.500,0.0013],[0.750,0.0020],[1.000,-0.0077],[1.250,-0.0207],[1.500,-0.0210],[1.750,-0.0185],[2.000,-0.0157],[2.250,-0.0134],[2.500,-0.0114],[2.750,-0.0094],[3.000,-0.0076],[3.250,-0.0058],[3.500,-0.0042],[3.750,-0.0028],[4.000,-0.0014],[4.250,0.0000],[4.500,0.0014],[4.750,0.0027],[5.000,0.0038],[5.250,0.0047],[5.500,0.0055],[5.750,0.0062],[6.000,0.0068],[6.250,0.0073],[6.500,0.0076],[6.750,0.0079],[7.000,0.0080],[7.250,0.0078],[7.500,0.0063],[7.750,0.0038],[8.000,-0.0002],[8.250,-0.0042],[8.500,-0.0072],[8.750,-0.0454],],[[-10.250,-0.0002],[-10.000,-0.0024],[-9.750,-0.0048],[-9.500,-0.0079],[-9.250,-0.0102],[-9.000,-0.0112],[-8.750,-0.0114],[-8.500,-0.0111],[-8.250,-0.0105],[-8.000,-0.0101],[-7.750,-0.0097],[-7.500,-0.0092],[-7.250,-0.0087],[-7.000,-0.0083],[-6.750,-0.0078],[-6.500,-0.0074],[-6.250,-0.0070],[-6.000,-0.0066],[-5.750,-0.0062],[-5.500,-0.0058],[-5.250,-0.0054],[-5.000,-0.0049],[-4.750,-0.0045],[-4.500,-0.0041],[-4.250,-0.0036],[-4.000,-0.0031],[-3.750,-0.0026],[-3.500,-0.0020],[-3.250,-0.0014],[-3.000,-0.0008],[-2.750,-0.0003],[-2.500,0.0004],[-2.250,0.0011],[-2.000,0.0018],[-1.750,0.0026],[-1.500,0.0036],[-1.250,0.0049],[-1.000,0.0066],[-0.750,0.0090],[-0.500,0.0085],[-0.250,-0.0008],[0.000,0.0000],[0.250,0.0008],[0.500,-0.0085],[0.750,-0.0090],[1.000,-0.0066],[1.250,-0.0049],[1.500,-0.0036],[1.750,-0.0026],[2.000,-0.0018],[2.250,-0.0011],[2.500,-0.0005],[2.750,0.0002],[3.000,0.0008],[3.250,0.0014],[3.500,0.0020],[3.750,0.0026],[4.000,0.0031],[4.250,0.0036],[4.500,0.0041],[4.750,0.0045],[5.000,0.0049],[5.250,0.0053],[5.500,0.0057],[5.750,0.0062],[6.000,0.0066],[6.250,0.0070],[6.500,0.0074],[6.750,0.0078],[7.000,0.0083],[7.250,0.0087],[7.500,0.0091],[7.750,0.0097],[8.000,0.0101],[8.250,0.0105],[8.500,0.0110],[8.750,0.0113],[9.000,0.0112],[9.250,0.0102],[9.500,0.0079],[9.750,0.0047],[10.000,0.0023],[10.250,0.0001],],[[-12.000,0.0203],[-11.750,0.0145],[-11.500,0.0004],[-11.250,-0.0117],[-11.000,-0.0136],[-10.750,-0.0138],[-10.500,-0.0134],[-10.250,-0.0127],[-10.000,-0.0120],[-9.750,-0.0112],[-9.500,-0.0104],[-9.250,-0.0100],[-9.000,-0.0095],[-8.750,-0.0090],[-8.500,-0.0084],[-8.250,-0.0079],[-8.000,-0.0075],[-7.750,-0.0071],[-7.500,-0.0066],[-7.250,-0.0063],[-7.000,-0.0059],[-6.750,-0.0055],[-6.500,-0.0051],[-6.250,-0.0048],[-6.000,-0.0044],[-5.750,-0.0042],[-5.500,-0.0039],[-5.250,-0.0037],[-5.000,-0.0035],[-4.750,-0.0034],[-4.500,-0.0032],[-4.250,-0.0030],[-4.000,-0.0029],[-3.750,-0.0027],[-3.500,-0.0024],[-3.250,-0.0022],[-3.000,-0.0020],[-2.750,-0.0017],[-2.500,-0.0014],[-2.250,-0.0011],[-2.000,-0.0008],[-1.750,-0.0005],[-1.500,-0.0001],[-1.250,0.0004],[-1.000,0.0009],[-0.750,0.0015],[-0.500,0.0024],[-0.250,0.0001],[0.000,0.0000],[0.250,-0.0001],[0.500,-0.0025],[0.750,-0.0016],[1.000,-0.0009],[1.250,-0.0004],[1.500,0.0000],[1.750,0.0004],[2.000,0.0008],[2.250,0.0011],[2.500,0.0014],[2.750,0.0017],[3.000,0.0020],[3.250,0.0022],[3.500,0.0024],[3.750,0.0026],[4.000,0.0028],[4.250,0.0030],[4.500,0.0032],[4.750,0.0033],[5.000,0.0035],[5.250,0.0037],[5.500,0.0039],[5.750,0.0042],[6.000,0.0044],[6.250,0.0048],[6.500,0.0051],[6.750,0.0054],[7.000,0.0058],[7.250,0.0062],[7.500,0.0066],[7.750,0.0071],[8.000,0.0075],[8.250,0.0079],[8.500,0.0084],[8.750,0.0090],[9.000,0.0095],[9.250,0.0100],[9.500,0.0104],[9.750,0.0112],[10.000,0.0120],[10.250,0.0127],[10.500,0.0133],[10.750,0.0138],[11.000,0.0136],[11.250,0.0116],[11.500,-0.0007],[11.750,-0.0147],[12.000,-0.0205],[12.500,-0.0496],[12.750,-0.0245],],[[-15.000,0.0136],[-14.750,0.0054],[-14.500,-0.0009],[-14.250,-0.0064],[-14.000,-0.0113],[-13.750,-0.0153],[-13.500,-0.0176],[-13.250,-0.0180],[-13.000,-0.0167],[-12.750,-0.0155],[-12.500,-0.0144],[-12.250,-0.0135],[-12.000,-0.0125],[-11.750,-0.0117],[-11.500,-0.0107],[-11.250,-0.0100],[-11.000,-0.0094],[-10.750,-0.0089],[-10.500,-0.0083],[-10.250,-0.0078],[-10.000,-0.0073],[-9.750,-0.0066],[-9.500,-0.0061],[-9.250,-0.0058],[-9.000,-0.0054],[-8.750,-0.0050],[-8.500,-0.0046],[-8.250,-0.0044],[-8.000,-0.0041],[-7.750,-0.0038],[-7.500,-0.0036],[-7.250,-0.0034],[-7.000,-0.0031],[-6.750,-0.0030],[-6.500,-0.0028],[-6.250,-0.0027],[-6.000,-0.0025],[-5.750,-0.0024],[-5.500,-0.0023],[-5.250,-0.0022],[-5.000,-0.0021],[-4.750,-0.0020],[-4.500,-0.0020],[-4.250,-0.0019],[-4.000,-0.0019],[-3.750,-0.0018],[-3.500,-0.0017],[-3.250,-0.0016],[-3.000,-0.0015],[-2.750,-0.0014],[-2.500,-0.0013],[-2.250,-0.0012],[-2.000,-0.0010],[-1.750,-0.0008],[-1.500,-0.0016],[-1.250,-0.0043],[-1.000,-0.0029],[-0.750,-0.0012],[-0.500,-0.0005],[-0.250,-0.0002],[0.000,0.0000],[0.250,0.0002],[0.500,0.0005],[0.750,0.0012],[1.000,0.0028],[1.250,0.0042],[1.500,0.0016],[1.750,0.0008],[2.000,0.0010],[2.250,0.0011],[2.500,0.0013],[2.750,0.0014],[3.000,0.0015],[3.250,0.0016],[3.500,0.0017],[3.750,0.0018],[4.000,0.0018],[4.250,0.0019],[4.500,0.0020],[4.750,0.0020],[5.000,0.0021],[5.250,0.0022],[5.500,0.0023],[5.750,0.0024],[6.000,0.0025],[6.250,0.0026],[6.500,0.0028],[6.750,0.0030],[7.000,0.0031],[7.250,0.0034],[7.500,0.0035],[7.750,0.0037],[8.000,0.0041],[8.250,0.0044],[8.500,0.0046],[8.750,0.0050],[9.000,0.0054],[9.250,0.0057],[9.500,0.0061],[9.750,0.0065],[10.000,0.0072],[10.250,0.0077],[10.500,0.0083],[10.750,0.0088],[11.000,0.0094],[11.250,0.0099],[11.500,0.0107],[11.750,0.0117],[12.000,0.0125],[12.250,0.0134],[12.500,0.0144],[12.750,0.0154],[13.000,0.0167],[13.250,0.0179],[13.500,0.0175],[13.750,0.0151],[14.000,0.0112],[14.250,0.0063],[14.500,0.0008],[14.750,-0.0055],[15.000,-0.0138],],[[-17.750,0.0383],[-17.500,0.0329],[-17.250,0.0277],[-17.000,0.0228],[-16.750,0.0179],[-16.500,0.0133],[-16.250,0.0087],[-16.000,0.0040],[-15.750,-0.0006],[-15.500,-0.0055],[-15.250,-0.0105],[-15.000,-0.0149],[-14.750,-0.0170],[-14.500,-0.0168],[-14.250,-0.0151],[-14.000,-0.0139],[-13.750,-0.0130],[-13.500,-0.0121],[-13.250,-0.0114],[-13.000,-0.0107],[-12.750,-0.0096],[-12.500,-0.0087],[-12.250,-0.0081],[-12.000,-0.0076],[-11.750,-0.0071],[-11.500,-0.0066],[-11.250,-0.0062],[-11.000,-0.0058],[-10.750,-0.0055],[-10.500,-0.0049],[-10.250,-0.0046],[-10.000,-0.0043],[-9.750,-0.0040],[-9.500,-0.0038],[-9.250,-0.0035],[-9.000,-0.0032],[-8.750,-0.0031],[-8.500,-0.0029],[-8.250,-0.0027],[-8.000,-0.0025],[-7.750,-0.0024],[-7.500,-0.0022],[-7.250,-0.0021],[-7.000,-0.0020],[-6.750,-0.0019],[-6.500,-0.0018],[-6.250,-0.0017],[-6.000,-0.0016],[-5.750,-0.0016],[-5.500,-0.0015],[-5.250,-0.0014],[-5.000,-0.0014],[-4.750,-0.0014],[-4.500,-0.0013],[-4.250,-0.0013],[-4.000,-0.0013],[-3.750,-0.0013],[-3.500,-0.0012],[-3.250,-0.0012],[-3.000,-0.0012],[-2.750,-0.0011],[-2.500,-0.0013],[-2.250,-0.0032],[-2.000,-0.0017],[-1.750,-0.0006],[-1.500,-0.0001],[-1.250,0.0000],[-1.000,0.0000],[-0.750,0.0000],[-0.500,0.0000],[-0.250,0.0000],[0.000,0.0000],[0.250,0.0000],[0.500,0.0000],[0.750,-0.0001],[1.000,-0.0001],[1.250,0.0000],[1.500,0.0001],[1.750,0.0005],[2.000,0.0017],[2.250,0.0032],[2.500,0.0013],[3.000,0.0012],[3.250,0.0012],[3.500,0.0012],[3.750,0.0012],[4.000,0.0013],[4.250,0.0013],[4.500,0.0013],[4.750,0.0013],[5.000,0.0014],[5.250,0.0014],[5.500,0.0015],[5.750,0.0015],[6.000,0.0016],[6.250,0.0017],[6.500,0.0018],[6.750,0.0019],[7.000,0.0020],[7.250,0.0021],[7.500,0.0022],[7.750,0.0024],[8.000,0.0025],[8.250,0.0026],[8.500,0.0028],[8.750,0.0030],[9.000,0.0032],[9.250,0.0034],[9.500,0.0038],[9.750,0.0040],[10.000,0.0043],[10.250,0.0046],[10.500,0.0049],[10.750,0.0054],[11.000,0.0058],[11.250,0.0062],[11.500,0.0066],[11.750,0.0071],[12.000,0.0075],[12.250,0.0081],[12.500,0.0087],[12.750,0.0095],[13.000,0.0106],[13.250,0.0113],[13.500,0.0121],[13.750,0.0129],[14.000,0.0139],[14.250,0.0150],[14.500,0.0167],[14.750,0.0169],[15.000,0.0147],[15.250,0.0104],[15.500,0.0053],[15.750,0.0004],[16.000,-0.0042],[16.250,-0.0089],[16.500,-0.0135],[16.750,-0.0182],],],
{"title":"Cm v Alpha","sortData":false,"legend":{"show":false,"placement":"insideGrid","location":"ne"},"series":[{"showLabel":true,"index":0,"showLine":true,"trendline":{"type":"none","show":false},"color":"#4bb2c5"},{"showLabel":true,"index":0,"showLine":true,"trendline":{"type":"none","show":false},"color":"#EAA228"},{"showLabel":true,"index":0,"showLine":true,"trendline":{"type":"none","show":false},"color":"#839557"},{"showLabel":true,"index":0,"showLine":true,"trendline":{"type":"none","show":false},"color":"#953579"},{"showLabel":true,"index":0,"showLine":true,"trendline":{"type":"none","show":false},"color":"#d8b83f"}],"show":"$.jqplot.config.enablePlugins","axes":{"xaxis":{"max":20,"min":-20,"tickInterval":5,"tickOptions":{"formatString":"%.1f"},"forceTickAt0":true,"rendererOptions":{"forceTickAt0":true}},"yaxis":{"max":0.05,"min":-0.05,"tickInterval":0.01,"tickOptions":{"formatString":"%.2f"},"forceTickAt0":true,"rendererOptions":{"forceTickAt0":true}}},"seriesDefaults":{"lineWidth":1,"showLabel":true,"markerOptions":{"size":5,"show":false}}});
jqplots.push(p);

var p = $.jqplot('dragaoa',[[[-8.750,0.11302],[-8.500,0.08126],[-8.250,0.07464],[-8.000,0.06713],[-7.750,0.05919],[-7.500,0.05229],[-7.250,0.04640],[-7.000,0.04261],[-6.750,0.03962],[-6.500,0.03698],[-6.250,0.03431],[-6.000,0.03235],[-5.750,0.03069],[-5.500,0.02924],[-5.250,0.02793],[-5.000,0.02683],[-4.750,0.02596],[-4.500,0.02521],[-4.250,0.02445],[-4.000,0.02365],[-3.750,0.02286],[-3.500,0.02208],[-3.250,0.02136],[-3.000,0.02066],[-2.750,0.02001],[-2.500,0.01939],[-2.250,0.01880],[-2.000,0.01824],[-1.750,0.01773],[-1.500,0.01728],[-1.250,0.01697],[-1.000,0.01685],[-0.750,0.01593],[-0.500,0.01542],[-0.250,0.01525],[0.000,0.01521],[0.250,0.01525],[0.500,0.01542],[0.750,0.01593],[1.000,0.01685],[1.250,0.01697],[1.500,0.01728],[1.750,0.01773],[2.000,0.01824],[2.250,0.01880],[2.500,0.01939],[2.750,0.02001],[3.000,0.02066],[3.250,0.02136],[3.500,0.02208],[3.750,0.02286],[4.000,0.02365],[4.250,0.02445],[4.500,0.02521],[4.750,0.02596],[5.000,0.02683],[5.250,0.02793],[5.500,0.02924],[5.750,0.03069],[6.000,0.03235],[6.250,0.03431],[6.500,0.03698],[6.750,0.03962],[7.000,0.04261],[7.250,0.04640],[7.500,0.05229],[7.750,0.05920],[8.000,0.06713],[8.250,0.07465],[8.500,0.08127],[8.750,0.11311],],[[-10.250,0.08352],[-10.000,0.07779],[-9.750,0.07173],[-9.500,0.06453],[-9.250,0.05706],[-9.000,0.05051],[-8.750,0.04510],[-8.500,0.04084],[-8.250,0.03749],[-8.000,0.03438],[-7.750,0.03239],[-7.500,0.03050],[-7.250,0.02835],[-7.000,0.02689],[-6.750,0.02525],[-6.500,0.02402],[-6.250,0.02271],[-6.000,0.02151],[-5.750,0.02046],[-5.500,0.01949],[-5.250,0.01861],[-5.000,0.01781],[-4.750,0.01713],[-4.500,0.01658],[-4.250,0.01616],[-4.000,0.01584],[-3.750,0.01555],[-3.500,0.01522],[-3.250,0.01486],[-3.000,0.01450],[-2.750,0.01415],[-2.500,0.01376],[-2.250,0.01339],[-2.000,0.01303],[-1.750,0.01267],[-1.500,0.01230],[-1.250,0.01192],[-1.000,0.01156],[-0.750,0.01123],[-0.500,0.01105],[-0.250,0.01098],[0.000,0.01091],[0.250,0.01098],[0.500,0.01105],[0.750,0.01123],[1.000,0.01156],[1.250,0.01192],[1.500,0.01230],[1.750,0.01267],[2.000,0.01303],[2.250,0.01339],[2.500,0.01376],[2.750,0.01415],[3.000,0.01450],[3.250,0.01486],[3.500,0.01522],[3.750,0.01555],[4.000,0.01584],[4.250,0.01616],[4.500,0.01658],[4.750,0.01713],[5.000,0.01781],[5.250,0.01860],[5.500,0.01949],[5.750,0.02046],[6.000,0.02151],[6.250,0.02270],[6.500,0.02402],[6.750,0.02525],[7.000,0.02689],[7.250,0.02835],[7.500,0.03049],[7.750,0.03239],[8.000,0.03438],[8.250,0.03749],[8.500,0.04084],[8.750,0.04510],[9.000,0.05051],[9.250,0.05707],[9.500,0.06454],[9.750,0.07175],[10.000,0.07782],[10.250,0.08355],],[[-12.000,0.10077],[-11.750,0.09023],[-11.500,0.07321],[-11.250,0.06095],[-11.000,0.05442],[-10.750,0.04885],[-10.500,0.04446],[-10.250,0.04084],[-10.000,0.03787],[-9.750,0.03529],[-9.500,0.03275],[-9.250,0.03026],[-9.000,0.02877],[-8.750,0.02736],[-8.500,0.02612],[-8.250,0.02433],[-8.000,0.02321],[-7.750,0.02220],[-7.500,0.02106],[-7.250,0.02002],[-7.000,0.01926],[-6.750,0.01815],[-6.500,0.01751],[-6.250,0.01658],[-6.000,0.01584],[-5.750,0.01524],[-5.500,0.01453],[-5.250,0.01385],[-5.000,0.01331],[-4.750,0.01276],[-4.500,0.01229],[-4.250,0.01191],[-4.000,0.01158],[-3.750,0.01131],[-3.500,0.01109],[-3.250,0.01091],[-3.000,0.01072],[-2.750,0.01053],[-2.500,0.01034],[-2.250,0.01012],[-2.000,0.00992],[-1.750,0.00970],[-1.500,0.00948],[-1.250,0.00925],[-1.000,0.00902],[-0.750,0.00876],[-0.500,0.00847],[-0.250,0.00811],[0.000,0.00792],[0.250,0.00811],[0.500,0.00847],[0.750,0.00876],[1.000,0.00902],[1.250,0.00925],[1.500,0.00948],[1.750,0.00970],[2.000,0.00992],[2.250,0.01012],[2.500,0.01034],[2.750,0.01053],[3.000,0.01072],[3.250,0.01091],[3.500,0.01109],[3.750,0.01131],[4.000,0.01158],[4.250,0.01191],[4.500,0.01229],[4.750,0.01276],[5.000,0.01331],[5.250,0.01385],[5.500,0.01453],[5.750,0.01524],[6.000,0.01584],[6.250,0.01658],[6.500,0.01751],[6.750,0.01815],[7.000,0.01926],[7.250,0.02002],[7.500,0.02107],[7.750,0.02220],[8.000,0.02321],[8.250,0.02433],[8.500,0.02613],[8.750,0.02736],[9.000,0.02878],[9.250,0.03026],[9.500,0.03274],[9.750,0.03529],[10.000,0.03786],[10.250,0.04084],[10.500,0.04446],[10.750,0.04886],[11.000,0.05444],[11.250,0.06097],[11.500,0.07338],[11.750,0.09035],[12.000,0.10082],[12.500,0.15050],[12.750,0.14192],],[[-15.000,0.08697],[-14.750,0.07503],[-14.500,0.06618],[-14.250,0.05888],[-14.000,0.05272],[-13.750,0.04761],[-13.500,0.04355],[-13.250,0.04048],[-13.000,0.03818],[-12.750,0.03617],[-12.500,0.03427],[-12.250,0.03253],[-12.000,0.03099],[-11.750,0.02969],[-11.500,0.02750],[-11.250,0.02610],[-11.000,0.02517],[-10.750,0.02428],[-10.500,0.02335],[-10.250,0.02244],[-10.000,0.02170],[-9.750,0.02015],[-9.500,0.01938],[-9.250,0.01872],[-9.000,0.01812],[-8.750,0.01742],[-8.500,0.01653],[-8.250,0.01600],[-8.000,0.01553],[-7.750,0.01474],[-7.500,0.01426],[-7.250,0.01391],[-7.000,0.01323],[-6.750,0.01285],[-6.500,0.01234],[-6.250,0.01198],[-6.000,0.01151],[-5.750,0.01115],[-5.500,0.01080],[-5.250,0.01041],[-5.000,0.01002],[-4.750,0.00966],[-4.500,0.00934],[-4.250,0.00902],[-4.000,0.00873],[-3.750,0.00847],[-3.500,0.00821],[-3.250,0.00800],[-3.000,0.00780],[-2.750,0.00762],[-2.500,0.00747],[-2.250,0.00735],[-2.000,0.00722],[-1.750,0.00710],[-1.500,0.00699],[-1.250,0.00690],[-1.000,0.00698],[-0.750,0.00719],[-0.500,0.00739],[-0.250,0.00750],[0.000,0.00753],[0.250,0.00750],[0.500,0.00739],[0.750,0.00719],[1.000,0.00698],[1.250,0.00690],[1.500,0.00699],[1.750,0.00710],[2.000,0.00722],[2.250,0.00735],[2.500,0.00747],[2.750,0.00762],[3.000,0.00780],[3.250,0.00800],[3.500,0.00821],[3.750,0.00847],[4.000,0.00873],[4.250,0.00902],[4.500,0.00934],[4.750,0.00966],[5.000,0.01002],[5.250,0.01041],[5.500,0.01080],[5.750,0.01115],[6.000,0.01151],[6.250,0.01198],[6.500,0.01234],[6.750,0.01284],[7.000,0.01323],[7.250,0.01391],[7.500,0.01426],[7.750,0.01474],[8.000,0.01553],[8.250,0.01600],[8.500,0.01654],[8.750,0.01742],[9.000,0.01812],[9.250,0.01871],[9.500,0.01938],[9.750,0.02015],[10.000,0.02170],[10.250,0.02244],[10.500,0.02335],[10.750,0.02429],[11.000,0.02517],[11.250,0.02610],[11.500,0.02750],[11.750,0.02969],[12.000,0.03099],[12.250,0.03254],[12.500,0.03427],[12.750,0.03617],[13.000,0.03818],[13.250,0.04048],[13.500,0.04355],[13.750,0.04759],[14.000,0.05269],[14.250,0.05883],[14.500,0.06608],[14.750,0.07487],[15.000,0.08701],],[[-17.750,0.12715],[-17.500,0.11730],[-17.250,0.10791],[-17.000,0.09888],[-16.750,0.08994],[-16.500,0.08131],[-16.250,0.07296],[-16.000,0.06495],[-15.750,0.05743],[-15.500,0.05050],[-15.250,0.04429],[-15.000,0.03919],[-14.750,0.03554],[-14.500,0.03305],[-14.250,0.03130],[-14.000,0.02983],[-13.750,0.02855],[-13.500,0.02746],[-13.250,0.02649],[-13.000,0.02562],[-12.750,0.02387],[-12.500,0.02255],[-12.250,0.02165],[-12.000,0.02089],[-11.750,0.02019],[-11.500,0.01952],[-11.250,0.01888],[-11.000,0.01830],[-10.750,0.01782],[-10.500,0.01672],[-10.250,0.01616],[-10.000,0.01568],[-9.750,0.01523],[-9.500,0.01483],[-9.250,0.01416],[-9.000,0.01365],[-8.750,0.01327],[-8.500,0.01294],[-8.250,0.01246],[-8.000,0.01206],[-7.750,0.01177],[-7.500,0.01139],[-7.250,0.01103],[-7.000,0.01077],[-6.750,0.01040],[-6.500,0.01014],[-6.250,0.00982],[-6.000,0.00957],[-5.750,0.00926],[-5.500,0.00900],[-5.250,0.00875],[-5.000,0.00849],[-4.750,0.00822],[-4.500,0.00795],[-4.250,0.00768],[-4.000,0.00744],[-3.750,0.00721],[-3.500,0.00698],[-3.250,0.00678],[-3.000,0.00657],[-2.750,0.00640],[-2.500,0.00622],[-2.250,0.00612],[-2.000,0.00617],[-1.750,0.00632],[-1.500,0.00651],[-1.250,0.00667],[-1.000,0.00678],[-0.750,0.00685],[-0.500,0.00689],[-0.250,0.00692],[0.000,0.00693],[0.250,0.00692],[0.500,0.00689],[0.750,0.00685],[1.000,0.00678],[1.250,0.00667],[1.500,0.00651],[1.750,0.00632],[2.000,0.00617],[2.250,0.00612],[2.500,0.00622],[3.000,0.00657],[3.250,0.00678],[3.500,0.00698],[3.750,0.00722],[4.000,0.00744],[4.250,0.00768],[4.500,0.00795],[4.750,0.00822],[5.000,0.00849],[5.250,0.00875],[5.500,0.00900],[5.750,0.00926],[6.000,0.00957],[6.250,0.00982],[6.500,0.01014],[6.750,0.01040],[7.000,0.01077],[7.250,0.01103],[7.500,0.01140],[7.750,0.01177],[8.000,0.01206],[8.250,0.01246],[8.500,0.01294],[8.750,0.01327],[9.000,0.01365],[9.250,0.01416],[9.500,0.01483],[9.750,0.01523],[10.000,0.01569],[10.250,0.01616],[10.500,0.01672],[10.750,0.01782],[11.000,0.01830],[11.250,0.01888],[11.500,0.01952],[11.750,0.02019],[12.000,0.02090],[12.250,0.02165],[12.500,0.02255],[12.750,0.02387],[13.000,0.02562],[13.250,0.02648],[13.500,0.02744],[13.750,0.02854],[14.000,0.02982],[14.250,0.03130],[14.500,0.03303],[14.750,0.03551],[15.000,0.03915],[15.250,0.04424],[15.500,0.05040],[15.750,0.05735],[16.000,0.06486],[16.250,0.07289],[16.500,0.08126],[16.750,0.08989],],],
{"title":"Cd v Alpha","sortData":false,"legend":{"show":false,"placement":"insideGrid","location":"ne"},"series":[{"showLabel":true,"index":0,"showLine":true,"trendline":{"type":"none","show":false},"color":"#4bb2c5"},{"showLabel":true,"index":0,"showLine":true,"trendline":{"type":"none","show":false},"color":"#EAA228"},{"showLabel":true,"index":0,"showLine":true,"trendline":{"type":"none","show":false},"color":"#839557"},{"showLabel":true,"index":0,"showLine":true,"trendline":{"type":"none","show":false},"color":"#953579"},{"showLabel":true,"index":0,"showLine":true,"trendline":{"type":"none","show":false},"color":"#d8b83f"}],"show":"$.jqplot.config.enablePlugins","axes":{"xaxis":{"max":20,"min":-20,"tickInterval":5,"tickOptions":{"formatString":"%.1f"},"forceTickAt0":true,"rendererOptions":{"forceTickAt0":true}},"yaxis":{"max":0.16,"min":0,"tickInterval":0.02,"tickOptions":{"formatString":"%.2f"},"forceTickAt0":true,"rendererOptions":{"forceTickAt0":true}}},"seriesDefaults":{"lineWidth":1,"showLabel":true,"markerOptions":{"size":5,"show":false}}});
jqplots.push(p);

var p = $.jqplot('effaoa',[[[-8.750,-5.8954167403999],[-8.500,-9.4683731233079],[-8.250,-10.31216505895],[-8.000,-11.556681066587],[-7.750,-13.215070113195],[-7.500,-14.935934213043],[-7.250,-16.655172413793],[-7.000,-17.744660877728],[-6.750,-18.571428571429],[-6.500,-19.310438074635],[-6.250,-20.163217720781],[-6.000,-20.646058732612],[-5.750,-20.964483545129],[-5.500,-21.159370725034],[-5.250,-21.267454350161],[-5.000,-21.218784942229],[-4.750,-20.982280431433],[-4.500,-20.646568821896],[-4.250,-20.302658486708],[-4.000,-19.978858350951],[-3.750,-19.623797025372],[-3.500,-19.234601449275],[-3.250,-18.77808988764],[-3.000,-18.281703775411],[-2.750,-17.736131934033],[-2.500,-17.137699845281],[-2.250,-16.484042553191],[-2.000,-15.805921052632],[-1.750,-15.087422447829],[-1.500,-14.16087962963],[-1.250,-12.156747200943],[-1.000,-6.326409495549],[-0.750,-2.962962962963],[-0.500,-2.4124513618677],[-0.250,-1.2918032786885],[0.000,0],[0.250,1.2918032786885],[0.500,2.4124513618677],[0.750,2.962962962963],[1.000,6.3204747774481],[1.250,12.156747200943],[1.500,14.166666666667],[1.750,15.087422447829],[2.000,15.805921052632],[2.250,16.489361702128],[2.500,17.142857142857],[2.750,17.741129435282],[3.000,18.286544046467],[3.250,18.782771535581],[3.500,19.234601449275],[3.750,19.623797025372],[4.000,19.983086680761],[4.250,20.306748466258],[4.500,20.646568821896],[4.750,20.986132511556],[5.000,21.218784942229],[5.250,21.271034729681],[5.500,21.162790697674],[5.750,20.964483545129],[6.000,20.64914992272],[6.250,20.166132322938],[6.500,19.313142239048],[6.750,18.573952549218],[7.000,17.744660877728],[7.250,16.657327586207],[7.500,14.937846624594],[7.750,13.214527027027],[8.000,11.559660360495],[8.250,10.313462826524],[8.500,9.4708994708995],[8.750,5.9031031739015],],[[-10.250,-10.170019157088],[-10.000,-10.965419719758],[-9.750,-12.066081137599],[-9.500,-13.694405702774],[-9.250,-15.781633368384],[-9.000,-17.954860423678],[-8.750,-20.035476718404],[-8.500,-21.865817825661],[-8.250,-23.430248066151],[-8.000,-24.99709133217],[-7.750,-25.832046928064],[-7.500,-26.685245901639],[-7.250,-27.883597883598],[-7.000,-28.475269616958],[-6.750,-29.334653465347],[-6.500,-29.77518734388],[-6.250,-30.374284456187],[-6.000,-30.869363086936],[-5.750,-31.197458455523],[-5.500,-31.431503335044],[-5.250,-31.520687802257],[-5.000,-31.49915777653],[-4.750,-31.243432574431],[-4.500,-30.711700844391],[-4.250,-29.90099009901],[-4.000,-28.85101010101],[-3.750,-27.691318327974],[-3.500,-26.570302233903],[-3.250,-25.450874831763],[-3.000,-24.268965517241],[-2.750,-23.017667844523],[-2.500,-21.787790697674],[-2.250,-20.448095593727],[-2.000,-19.025326170376],[-1.750,-17.561168113654],[-1.500,-16.056910569106],[-1.250,-14.555369127517],[-1.000,-13.0276816609],[-0.750,-11.504897595726],[-0.500,-8.316742081448],[-0.250,-1.6666666666667],[0.000,0],[0.250,1.6666666666667],[0.500,8.316742081448],[0.750,11.513802315227],[1.000,13.036332179931],[1.250,14.563758389262],[1.500,16.056910569106],[1.750,17.561168113654],[2.000,19.03300076746],[2.250,20.448095593727],[2.500,21.787790697674],[2.750,23.017667844523],[3.000,24.275862068966],[3.250,25.457604306864],[3.500,26.570302233903],[3.750,27.697749196141],[4.000,28.85101010101],[4.250,29.907178217822],[4.500,30.717732207479],[4.750,31.249270286048],[5.000,31.504772599663],[5.250,31.543010752688],[5.500,31.43663417137],[5.750,31.202346041056],[6.000,30.874012087401],[6.250,30.387665198238],[6.500,29.779350541216],[6.750,29.338613861386],[7.000,28.478988471551],[7.250,27.887125220459],[7.500,26.693998032142],[7.750,25.83513430071],[8.000,25],[8.250,23.432915444118],[8.500,21.868266405485],[8.750,20.037694013304],[9.000,17.956840229657],[9.250,15.780620290871],[9.500,13.69693213511],[9.750,12.068292682927],[10.000,10.966332562323],[10.250,10.171154997008],],[[-12.000,-8.6087129105885],[-11.750,-9.8836307214895],[-11.500,-12.936757273597],[-11.250,-16.357670221493],[-11.000,-18.965453877251],[-10.750,-21.471852610031],[-10.500,-23.650472334683],[-10.250,-25.612144955926],[-10.000,-27.338262476895],[-9.750,-28.948710682913],[-9.500,-30.708396946565],[-9.250,-32.580964970258],[-9.000,-33.503649635036],[-8.750,-34.400584795322],[-8.500,-35.141653905054],[-8.250,-36.789971228935],[-8.000,-37.522619560534],[-7.750,-38.108108108108],[-7.500,-38.988603988604],[-7.250,-39.78021978022],[-7.000,-40.005192107996],[-6.750,-41.090909090909],[-6.500,-41.09080525414],[-6.250,-41.875753920386],[-6.000,-42.184343434343],[-5.750,-42.099737532808],[-5.500,-42.360633172746],[-5.250,-42.541516245487],[-5.000,-42.246431254696],[-4.750,-41.98275862069],[-4.500,-41.39951179821],[-4.250,-40.436607892527],[-4.000,-39.240069084629],[-3.750,-37.763041556145],[-3.500,-36.032461677187],[-3.250,-34.097158570119],[-3.000,-32.14552238806],[-2.750,-30.11396011396],[-2.500,-28.017408123791],[-2.250,-25.948616600791],[-2.000,-23.739919354839],[-1.750,-21.505154639175],[-1.500,-19.18776371308],[-1.250,-16.8],[-1.000,-14.345898004435],[-0.750,-11.872146118721],[-0.500,-9.3978748524203],[-0.250,-4.6115906288533],[0.000,0],[0.250,4.6115906288533],[0.500,9.409681227863],[0.750,11.872146118721],[1.000,14.345898004435],[1.250,16.810810810811],[1.500,19.198312236287],[1.750,21.505154639175],[2.000,23.75],[2.250,25.958498023715],[2.500,28.027079303675],[2.750,30.123456790123],[3.000,32.14552238806],[3.250,34.106324472961],[3.500,36.032461677187],[3.750,37.763041556145],[4.000,39.248704663212],[4.250,40.445004198153],[4.500,41.39951179821],[4.750,41.990595611285],[5.000,42.253944402705],[5.250,42.548736462094],[5.500,42.367515485203],[5.750,42.106299212598],[6.000,42.184343434343],[6.250,41.875753920386],[6.500,41.096516276413],[6.750,41.096418732782],[7.000,40.010384215992],[7.250,39.785214785215],[7.500,38.974845752254],[7.750,38.112612612613],[8.000,37.526928048255],[8.250,36.794081381011],[8.500,35.132032146958],[8.750,34.404239766082],[9.000,33.495482974288],[9.250,32.584269662921],[9.500,30.720830788027],[9.750,28.954378010768],[10.000,27.350765979926],[10.250,25.614593535749],[10.500,23.654970760234],[10.750,21.469504707327],[11.000,18.962160176341],[11.250,16.358865015581],[11.500,12.906786590352],[11.750,9.8760376314333],[12.000,8.6123784963301],[12.500,4.9275747508306],[12.750,4.3045377677565],],[[-15.000,-13.279291709785],[-14.750,-15.949620151939],[-14.500,-18.484436385615],[-14.250,-21.083559782609],[-14.000,-23.782245827011],[-13.750,-26.523839529511],[-13.500,-29.159586681975],[-13.250,-31.506916996047],[-13.000,-33.480880041907],[-12.750,-35.24467790987],[-12.500,-36.959439743216],[-12.250,-38.588994774055],[-12.000,-40.054856405292],[-11.750,-41.252947120243],[-11.500,-44.061818181818],[-11.250,-45.747126436782],[-11.000,-46.615017878427],[-10.750,-47.438220757825],[-10.500,-48.394004282655],[-10.250,-49.358288770053],[-10.000,-49.953917050691],[-9.750,-52.813895781638],[-9.500,-53.689370485036],[-9.250,-54.273504273504],[-9.000,-54.685430463576],[-8.750,-55.453501722158],[-8.500,-56.987295825771],[-8.250,-57.2625],[-8.000,-57.295556986478],[-7.750,-58.663500678426],[-7.500,-58.786816269285],[-7.250,-58.317757009346],[-7.000,-59.349962207105],[-6.750,-58.988326848249],[-6.500,-59.246353322528],[-6.250,-58.739565943239],[-6.000,-58.774978279757],[-5.750,-58.19730941704],[-5.500,-57.518518518519],[-5.250,-57.031700288184],[-5.000,-56.487025948104],[-4.750,-55.724637681159],[-4.500,-54.6573875803],[-4.250,-53.514412416851],[-4.000,-52.084765177549],[-3.750,-50.377804014168],[-3.500,-48.57490864799],[-3.250,-46.3375],[-3.000,-43.935897435897],[-2.750,-41.299212598425],[-2.500,-38.366800535475],[-2.250,-35.183673469388],[-2.000,-31.952908587258],[-1.750,-28.591549295775],[-1.500,-24.377682403433],[-1.250,-18.68115942029],[-1.000,-14.885386819484],[-0.750,-11.25173852573],[-0.500,-7.4289580514208],[-0.250,-3.68],[0.000,0],[0.250,3.6933333333333],[0.500,7.4424898511502],[0.750,11.265646731572],[1.000,14.899713467049],[1.250,18.695652173913],[1.500,24.391988555079],[1.750,28.605633802817],[2.000,31.96675900277],[2.250,35.197278911565],[2.500,38.380187416332],[2.750,41.299212598425],[3.000,43.948717948718],[3.250,46.35],[3.500,48.587088915956],[3.750,50.38961038961],[4.000,52.096219931271],[4.250,53.514412416851],[4.500,54.668094218415],[4.750,55.734989648033],[5.000,56.497005988024],[5.250,57.031700288184],[5.500,57.527777777778],[5.750,58.206278026906],[6.000,58.783666377063],[6.250,58.739565943239],[6.500,59.254457050243],[6.750,59.042056074766],[7.000,59.349962207105],[7.250,58.317757009346],[7.500,58.793828892006],[7.750,58.670284938942],[8.000,57.30199613651],[8.250,57.26875],[8.500,56.958887545345],[8.750,55.459242250287],[9.000,54.690949227373],[9.250,54.30785676109],[9.500,53.694530443756],[9.750,52.818858560794],[10.000,49.958525345622],[10.250,49.362745098039],[10.500,48.398286937902],[10.750,47.422807739811],[11.000,46.618990862137],[11.250,45.754789272031],[11.500,44.069090909091],[11.750,41.259683395083],[12.000,40.061310100032],[12.250,38.583282114321],[12.500,36.968193755471],[12.750,35.255736798452],[13.000,33.493975903614],[13.250,31.521739130435],[13.500,29.175660160735],[13.750,26.553897877705],[14.000,23.818561396849],[14.250,21.123576406595],[14.500,18.53813559322],[14.750,16.014425003339],[15.000,13.286978508217],],[[-17.750,-9.3983484073928],[-17.500,-10.427962489344],[-17.250,-11.589287369104],[-17.000,-12.922734627832],[-16.750,-14.533022014676],[-16.500,-16.43586274751],[-16.250,-18.703399122807],[-16.000,-21.410315627406],[-15.750,-24.595159324395],[-15.500,-28.285148514851],[-15.250,-32.467825694288],[-15.000,-36.835927532534],[-14.750,-40.717501406866],[-14.500,-43.836611195159],[-14.250,-46.26517571885],[-14.000,-48.253436138116],[-13.750,-49.968476357268],[-13.500,-51.387472687546],[-13.250,-52.608531521329],[-13.000,-53.657298985168],[-12.750,-57.07163803938],[-12.500,-59.662971175166],[-12.250,-61.200923787529],[-12.000,-62.37434179033],[-11.750,-63.417533432392],[-11.500,-64.410860655738],[-11.250,-65.344279661017],[-11.000,-66.092896174863],[-10.750,-66.470258136925],[-10.500,-69.545454545455],[-10.250,-70.408415841584],[-10.000,-70.9375],[-9.750,-71.339461588969],[-9.500,-71.490222521915],[-9.250,-73.100282485876],[-9.000,-73.919413919414],[-8.750,-74.024114544084],[-8.500,-73.825347758887],[-8.250,-74.54253611557],[-8.000,-74.784411276949],[-7.750,-74.29056924384],[-7.500,-74.381035996488],[-7.250,-74.324569356301],[-7.000,-73.537604456825],[-6.750,-73.509615384615],[-6.500,-72.642998027613],[-6.250,-72.179226069246],[-6.000,-71.138975966562],[-5.750,-70.496760259179],[-5.500,-69.411111111111],[-5.250,-68.171428571429],[-5.000,-66.949352179034],[-4.750,-65.717761557178],[-4.500,-64.40251572327],[-4.250,-62.981770833333],[-4.000,-61.209677419355],[-3.750,-59.237170596394],[-3.500,-57.134670487106],[-3.250,-54.631268436578],[-3.000,-52.0700152207],[-2.750,-49.015625],[-2.500,-45.72347266881],[-2.250,-40.294117647059],[-2.000,-36.158833063209],[-1.750,-31.408227848101],[-1.500,-26.359447004608],[-1.250,-21.529235382309],[-1.000,-16.976401179941],[-0.750,-12.613138686131],[-0.500,-8.3599419448476],[-0.250,-4.1618497109827],[0.000,0.014430014430014],[0.250,4.1763005780347],[0.500,8.3744557329463],[0.750,12.627737226277],[1.000,16.991150442478],[1.250,21.544227886057],[1.500,26.374807987711],[1.750,31.424050632911],[2.000,36.175040518639],[2.250,40.31045751634],[2.500,45.72347266881],[3.000,52.085235920852],[3.250,54.646017699115],[3.500,57.14899713467],[3.750,59.168975069252],[4.000,61.22311827957],[4.250,62.994791666667],[4.500,64.415094339623],[4.750,65.729927007299],[5.000,66.961130742049],[5.250,68.182857142857],[5.500,69.422222222222],[5.750,70.507559395248],[6.000,71.149425287356],[6.250,72.189409368635],[6.500,72.652859960552],[6.750,73.519230769231],[7.000,73.546889507892],[7.250,74.333635539438],[7.500,74.324561403509],[7.750,74.299065420561],[8.000,74.784411276949],[8.250,74.550561797753],[8.500,73.833075734158],[8.750,74.031650339111],[9.000,73.934065934066],[9.250,73.107344632768],[9.500,71.503708698584],[9.750,71.34602757715],[10.000,70.898661567878],[10.250,70.420792079208],[10.500,69.551435406699],[10.750,66.475869809203],[11.000,66.098360655738],[11.250,65.349576271186],[11.500,64.415983606557],[11.750,63.427439326399],[12.000,62.354066985646],[12.250,61.210161662818],[12.500,59.671840354767],[12.750,57.080016757436],[13.000,53.669008587041],[13.250,52.643504531722],[13.500,51.443148688047],[13.750,50.00350385424],[14.000,48.289738430583],[14.250,46.284345047923],[14.500,43.893430214956],[14.750,40.780061954379],[15.000,36.901660280971],[15.250,32.53390596745],[15.500,28.373015873016],[15.750,24.66085440279],[16.000,21.470860314524],[16.250,18.747427630676],[16.500,16.469357617524],[16.750,14.563355211926],],],
{"title":"Cl\/Cd v Alpha","sortData":false,"legend":{"show":false,"placement":"insideGrid","location":"ne"},"series":[{"showLabel":true,"index":0,"showLine":true,"trendline":{"type":"none","show":false},"color":"#4bb2c5"},{"showLabel":true,"index":0,"showLine":true,"trendline":{"type":"none","show":false},"color":"#EAA228"},{"showLabel":true,"index":0,"showLine":true,"trendline":{"type":"none","show":false},"color":"#839557"},{"showLabel":true,"index":0,"showLine":true,"trendline":{"type":"none","show":false},"color":"#953579"},{"showLabel":true,"index":0,"showLine":true,"trendline":{"type":"none","show":false},"color":"#d8b83f"}],"show":"$.jqplot.config.enablePlugins","axes":{"xaxis":{"max":20,"min":-20,"tickInterval":5,"tickOptions":{"formatString":"%.1f"},"forceTickAt0":true,"rendererOptions":{"forceTickAt0":true}},"yaxis":{"max":80,"min":-80,"tickInterval":20,"tickOptions":{"formatString":"%d"},"forceTickAt0":true,"rendererOptions":{"forceTickAt0":true}}},"seriesDefaults":{"lineWidth":1,"showLabel":true,"markerOptions":{"size":5,"show":false}}});
jqplots.push(p);

});
/*]]>*/
</script>
</body>
</html>