<!DOCTYPE html>
<html lang="en">
<head>
<link rel="stylesheet" type="text/css" href="/assets/62ff72f1/jquery.jqplot.min.css" media="screen, projection, print" />
<style type="text/css">
/*<![CDATA[*/
.jqplot-title {font-size:1.8em;padding:3px;}.jqplot-xaxis {font-size:0.8em;padding-top:3px;}.jqplot-yaxis {font-size:0.8em;padding-right:3px;}
/*]]>*/
</style>
<!--[if lt IE 9]><script type="text/javascript" src="/assets/62ff72f1/excanvas.min.js"></script></script><![endif]-->
<script type="text/javascript" src="/assets/780cfc96/jquery.min.js"></script>
<script type="text/javascript" src="/assets/62ff72f1/jquery.min.js"></script>
<script type="text/javascript" src="/assets/62ff72f1/jquery.jqplot.min.js"></script>
<script type="text/javascript">
/*<![CDATA[*/
var jqplots = [];

/*]]>*/
</script>
<title>Airfoil polar plot</title>
<meta http-equiv="Content-Language" content="en-gb"/>
<meta http-equiv="Content-Type" content="text/html; charset=windows-1252"/>
<meta content="none" name="robots" />
<meta name="copyright" content="Copyright 2010-2013. All Rights Reserved" />
</head>
<body>

<table style="width:800px;">
<tr><td>
<div id="liftdrag" style="height:400px;width:398px;margin:auto;display:inline-block;"></div>
</td><td>
<div id="liftaoa" style="height:400px;width:398px;margin:auto;display:inline-block;"></div>
</td></tr>
<tr><td>
<div id="effaoa" style="height:400px;width:398px;margin:auto;display:inline-block;"></div>
</td><td>
<div id="dragaoa" style="height:400px;width:398px;margin:auto;display:inline-block;"></div>
</td></tr>
<tr><td>
<div id="momentaoa" style="height:400px;width:398px;margin:auto;display:inline-block;"></div>
</td><td>
</td></tr>

</table>
<script type="text/javascript">
/*<![CDATA[*/
jQuery(window).load(function() {
var p = $.jqplot('liftdrag',[[[0.17038,-0.2503],[0.16982,-0.2461],[0.17104,-0.2481],[0.16826,-0.2400],[0.16086,-0.2156],[0.15742,-0.2017],[0.15503,-0.1922],[0.15274,-0.1816],[0.15259,-0.1801],[0.15490,-0.1897],[0.14611,-0.1577],[0.14232,-0.1415],[0.14015,-0.1330],[0.13823,-0.1229],[0.13889,-0.1253],[0.14084,-0.1355],[0.13149,-0.1000],[0.12797,-0.0805],[0.12594,-0.0704],[0.12589,-0.0713],[0.12802,-0.0849],[0.12007,-0.0484],[0.11722,-0.0311],[0.11623,-0.0268],[0.11832,-0.0420],[0.11293,-0.0188],[0.10994,0.0025],[0.10920,0.0054],[0.11127,-0.0153],[0.10647,0.0087],[0.10424,0.0220],[0.10411,0.0190],[0.10620,-0.0074],[0.10927,-0.0391],[0.12456,-0.2961],[0.12447,-0.2667],[0.11752,-0.2288],[0.10922,-0.1341],[0.10854,-0.1301],[0.11208,-0.3558],[0.10949,-0.3433],[0.10873,-0.3271],[0.10500,-0.2936],[0.10242,-0.2884],[0.10140,-0.2751],[0.10042,-0.2487],[0.09842,-0.2491],[0.09821,-0.2356],[0.09583,-0.2245],[0.09410,-0.2231],[0.09250,-0.2095],[0.09067,-0.2145],[0.08885,-0.2043],[0.08769,-0.1993],[0.08616,-0.1882],[0.08592,-0.1645],[0.08427,-0.1613],[0.08577,-0.1172],[0.08464,-0.1176],[0.08703,-0.0624],[0.09521,0.0856],[0.09382,0.0792],[0.09454,0.1108],[0.09542,0.1272],[0.09542,0.1412],[0.09793,0.1815],[0.09752,0.1762],[0.09858,0.1995],[0.10280,0.2534],[0.10156,0.2394],[0.10412,0.2765],[0.10896,0.3275],[0.10712,0.3049],[0.10920,0.3326],[0.11288,0.3729],[0.11196,0.3566],[0.11547,0.4252],[0.11951,0.4538],[0.12032,0.4463],[0.12142,0.4507],[0.12447,0.4732],[0.13013,0.5080],[0.12808,0.4809],[0.13009,0.4924],[0.13333,0.5138],[0.13911,0.5467],[0.13681,0.5202],[0.13890,0.5324],[0.14226,0.5532],[0.14789,0.5827],[0.14599,0.5602],[0.14779,0.5692],[0.15094,0.5884],[0.15656,0.6173],[0.15532,0.6003],[0.15682,0.6063],[0.15966,0.6225],[0.16456,0.6475],[0.16501,0.6415],[0.16591,0.6438],],[[0.16378,-0.3141],[0.16007,-0.3010],[0.15711,-0.2908],[0.15434,-0.2813],[0.15152,-0.2709],[0.14964,-0.2660],[0.14945,-0.2710],[0.14460,-0.2562],[0.14048,-0.2412],[0.13716,-0.2270],[0.13429,-0.2157],[0.13163,-0.2068],[0.12939,-0.2012],[0.12877,-0.2064],[0.12884,-0.2186],[0.12138,-0.1812],[0.11813,-0.1650],[0.11558,-0.1548],[0.11340,-0.1489],[0.11268,-0.1549],[0.11275,-0.1713],[0.10659,-0.1392],[0.10320,-0.1182],[0.10071,-0.1066],[0.09849,-0.0999],[0.09690,-0.1019],[0.09773,-0.1229],[0.09445,-0.1171],[0.09027,-0.0870],[0.08796,-0.0724],[0.08602,-0.0633],[0.08789,-0.0652],[0.08253,-0.0537],[0.07986,-0.0376],[0.07849,-0.0189],[0.07871,-0.0058],[0.07511,0.0061],[0.07270,0.0185],[0.07085,0.0320],[0.07191,0.0508],[0.06990,0.0629],[0.06829,0.0779],[0.06666,0.0956],[0.06813,0.0983],[0.06780,0.1081],[0.06663,0.1256],[0.06434,0.1444],[0.06339,0.1603],[0.08467,-0.0147],[0.07090,0.1144],[0.07112,0.1099],[0.06957,0.1384],[0.08289,0.0222],[0.08203,0.0466],[0.08115,0.0967],[0.08261,0.0613],[0.08257,0.0732],[0.08169,0.1096],[0.08162,0.1459],[0.07537,0.1888],[0.07582,0.2110],[0.07658,0.2294],[0.07732,0.2546],[0.07859,0.2793],[0.07794,0.2876],[0.07953,0.3063],[0.08123,0.3269],[0.08604,0.2731],[0.08707,0.2999],[0.08848,0.3501],[0.09133,0.3705],[0.09209,0.3316],[0.09382,0.3656],[0.09614,0.4663],[0.10099,0.4626],[0.10251,0.4732],[0.10433,0.4977],[0.10681,0.5300],[0.11014,0.5533],[0.11136,0.5031],[0.11319,0.5193],[0.11534,0.5444],[0.11842,0.5791],[0.12022,0.5383],[0.12213,0.5491],[0.12423,0.5671],[0.12682,0.5927],[0.13053,0.6265],[0.13121,0.5812],[0.13326,0.5963],[0.13564,0.6169],[0.13881,0.6428],[0.14062,0.6155],[0.14250,0.6263],],[[0.09689,-0.1666],[0.09458,-0.1721],[0.09289,-0.1973],[0.08915,-0.1803],[0.08613,-0.1611],[0.08384,-0.1520],[0.08136,-0.1426],[0.07880,-0.1334],[0.07612,-0.1239],[0.07238,-0.1158],[0.06965,-0.1016],[0.06731,-0.0866],[0.06509,-0.0709],[0.06286,-0.0539],[0.05906,-0.0305],[0.05693,-0.0134],[0.05506,0.0054],[0.05219,0.0324],[0.05011,0.0494],[0.04853,0.0686],[0.04629,0.0952],[0.04450,0.1156],[0.04452,0.1454],[0.04122,0.1633],[0.03972,0.1845],[0.03869,0.2096],[0.03685,0.2317],[0.03627,0.2578],[0.03484,0.2802],[0.03406,0.3052],[0.02705,0.3367],[0.02557,0.3649],[0.02434,0.3937],[0.02376,0.4221],[0.02357,0.4494],[0.02320,0.4776],[0.02270,0.5062],[0.02223,0.5348],[0.02168,0.5625],[0.02176,0.5880],[0.02173,0.6131],[0.02153,0.6391],[0.02118,0.6654],[0.02057,0.6893],[0.01939,0.8613],[0.01952,0.8865],[0.01950,0.9121],[0.01943,0.9379],[0.01967,0.9629],[0.02023,0.9860],[0.02038,1.0105],[0.02033,1.0360],[0.02023,1.0621],[0.02068,1.0850],[0.02119,1.1069],[0.02134,1.1310],[0.02132,1.1564],[0.02130,1.1826],[0.02208,1.2009],[0.02244,1.2222],[0.02247,1.2466],[0.02243,1.2727],[0.02307,1.2917],[0.02381,1.3079],[0.02409,1.3293],[0.02415,1.3540],[0.02428,1.3801],[0.02552,1.3858],[0.02611,1.4011],[0.02627,1.4233],[0.02631,1.4504],[0.02750,1.4564],[0.02897,1.4537],[0.02981,1.4628],[0.02998,1.4855],[0.02975,1.5209],[0.03268,1.4817],[0.03679,1.4414],[0.03762,1.4544],[0.03717,1.4858],[0.03621,1.5279],[0.05898,1.3040],[0.05602,1.3527],[0.05250,1.4085],[0.04997,1.4578],[0.04756,1.5094],[0.15983,0.7859],[0.16092,0.8028],],[[0.09717,-0.1977],[0.09327,-0.2165],[0.08986,-0.2224],[0.08679,-0.2108],[0.08434,-0.1992],[0.08194,-0.1937],[0.07974,-0.1870],[0.07727,-0.1786],[0.07474,-0.1696],[0.07217,-0.1595],[0.06945,-0.1482],[0.06650,-0.1354],[0.05940,-0.1229],[0.05726,-0.1069],[0.05524,-0.0892],[0.05326,-0.0706],[0.05110,-0.0509],[0.04306,-0.0249],[0.04154,-0.0063],[0.04034,0.0139],[0.03890,0.0359],[0.03739,0.0587],[0.03098,0.0805],[0.02985,0.1041],[0.02901,0.1285],[0.02803,0.1531],[0.02473,0.1755],[0.02389,0.2006],[0.02298,0.2267],[0.02145,0.2521],[0.01701,0.2787],[0.01624,0.3068],[0.01577,0.3352],[0.01524,0.3638],[0.01487,0.3923],[0.01445,0.4213],[0.01409,0.4501],[0.01381,0.4788],[0.01356,0.5073],[0.01319,0.5347],[0.01311,0.5622],[0.01294,0.5903],[0.01268,0.6173],[0.01254,0.6448],[0.01242,0.6720],[0.01240,0.6990],[0.01227,0.7256],[0.01205,0.7510],[0.01194,0.7772],[0.01082,0.8692],[0.01095,0.9818],[0.01104,1.0084],[0.01116,1.0349],[0.01132,1.0610],[0.01148,1.0872],[0.01161,1.1135],[0.01175,1.1394],[0.01196,1.1649],[0.01218,1.1904],[0.01235,1.2160],[0.01255,1.2412],[0.01281,1.2659],[0.01309,1.2901],[0.01331,1.3148],[0.01357,1.3389],[0.01390,1.3620],[0.01425,1.3848],[0.01454,1.4079],[0.01488,1.4300],[0.01529,1.4508],[0.01576,1.4706],[0.01615,1.4909],[0.01659,1.5097],[0.01714,1.5262],[0.01782,1.5397],[0.01851,1.5527],[0.01948,1.5577],[0.02056,1.5554],[0.02169,1.5580],[0.02278,1.5633],[0.02394,1.5697],[0.02524,1.5753],[0.02656,1.5813],[0.02792,1.5871],[0.02915,1.5943],[0.03027,1.6034],[0.03202,1.6066],[0.03370,1.6106],[0.03553,1.6131],[0.03709,1.6180],[0.03848,1.6252],[0.04085,1.6245],[0.04318,1.6247],[0.04498,1.6298],[0.04662,1.6360],[0.04850,1.6406],[0.05099,1.6407],[0.05368,1.6394],[0.05586,1.6424],[0.05759,1.6486],[0.05895,1.6579],[0.06209,1.6538],[0.06526,1.6497],[0.06797,1.6491],[0.07006,1.6531],[0.07214,1.6574],[0.07595,1.6491],[0.07928,1.6445],[0.08223,1.6429],[0.08405,1.6492],[0.08827,1.6388],],[[0.09904,-0.1903],[0.09463,-0.1925],[0.09053,-0.1909],[0.08659,-0.1849],[0.08390,-0.1733],[0.08107,-0.1655],[0.07822,-0.1585],[0.07539,-0.1525],[0.07236,-0.1489],[0.06947,-0.1463],[0.06655,-0.1481],[0.06365,-0.1515],[0.06029,-0.1469],[0.05669,-0.1406],[0.04874,-0.1393],[0.05065,-0.1198],[0.04879,-0.1006],[0.04704,-0.0803],[0.04506,-0.0593],[0.04303,-0.0375],[0.03078,-0.0237],[0.02983,-0.0003],[0.02860,0.0233],[0.02741,0.0473],[0.02039,0.0598],[0.01767,0.0809],[0.01554,0.1048],[0.01459,0.1316],[0.01382,0.1594],[0.01318,0.1876],[0.01266,0.2161],[0.01225,0.2447],[0.01195,0.2735],[0.01166,0.3020],[0.01125,0.3301],[0.01105,0.3588],[0.01085,0.3875],[0.01068,0.4161],[0.01053,0.4446],[0.01046,0.4730],[0.01024,0.5007],[0.01010,0.5291],[0.01002,0.5575],[0.00998,0.5860],[0.00990,0.6137],[0.00990,0.6418],[0.00985,0.6702],[0.00978,0.6980],[0.00976,0.7259],[0.00977,0.7533],[0.00958,0.7788],[0.00957,0.8066],[0.00958,0.8342],[0.00948,0.8594],[0.00848,0.9243],[0.00873,0.9805],[0.00900,1.0412],[0.00914,1.1051],[0.00920,1.1439],[0.00931,1.1776],[0.00949,1.2039],[0.00970,1.2300],[0.00982,1.2563],[0.00999,1.2824],[0.01023,1.3079],[0.01047,1.3333],[0.01063,1.3590],[0.01084,1.3842],[0.01113,1.4088],[0.01145,1.4329],[0.01164,1.4577],[0.01191,1.4818],[0.01226,1.5048],[0.01270,1.5265],[0.01294,1.5499],[0.01326,1.5720],[0.01369,1.5926],[0.01426,1.6107],[0.01476,1.6289],[0.01519,1.6474],[0.01583,1.6626],[0.01715,1.6689],[0.01908,1.6491],[0.02041,1.6502],[0.02157,1.6565],[0.02307,1.6591],[0.02493,1.6581],[0.02720,1.6524],[0.02876,1.6573],[0.03030,1.6626],[0.03214,1.6646],[0.03431,1.6632],[0.03705,1.6560],[0.03891,1.6595],[0.04067,1.6652],[0.04248,1.6702],[0.04481,1.6705],[0.04724,1.6696],[0.05007,1.6651],[0.05185,1.6717],[0.05380,1.6769],[0.05624,1.6775],[0.05877,1.6772],[0.06207,1.6701],[0.06400,1.6759],[0.06609,1.6805],[0.06904,1.6779],[0.07192,1.6755],[0.07524,1.6699],[0.07749,1.6738],[0.08033,1.6726],[0.08444,1.6613],[0.08713,1.6616],],],
{"title":"Cl v Cd","sortData":false,"legend":{"show":false,"placement":"insideGrid","location":"ne"},"series":[{"showLabel":true,"index":0,"showLine":true,"trendline":{"type":"none","show":false},"color":"#4bb2c5"},{"showLabel":true,"index":0,"showLine":true,"trendline":{"type":"none","show":false},"color":"#EAA228"},{"showLabel":true,"index":0,"showLine":true,"trendline":{"type":"none","show":false},"color":"#839557"},{"showLabel":true,"index":0,"showLine":true,"trendline":{"type":"none","show":false},"color":"#953579"},{"showLabel":true,"index":0,"showLine":true,"trendline":{"type":"none","show":false},"color":"#d8b83f"}],"show":"$.jqplot.config.enablePlugins","axes":{"xaxis":{"max":0.18,"min":0,"tickInterval":0.02,"tickOptions":{"formatString":"%.2f"},"forceTickAt0":true,"rendererOptions":{"forceTickAt0":true}},"yaxis":{"max":2,"min":-0.5,"tickInterval":0.5,"tickOptions":{"formatString":"%.2f"},"forceTickAt0":true,"rendererOptions":{"forceTickAt0":true}}},"seriesDefaults":{"lineWidth":1,"showLabel":true,"markerOptions":{"size":5,"show":false}}});
jqplots.push(p);

var p = $.jqplot('liftaoa',[[[-14.500,-0.2503],[-14.250,-0.2461],[-14.000,-0.2481],[-13.750,-0.2400],[-13.500,-0.2156],[-13.250,-0.2017],[-13.000,-0.1922],[-12.750,-0.1816],[-12.500,-0.1801],[-12.250,-0.1897],[-12.000,-0.1577],[-11.750,-0.1415],[-11.500,-0.1330],[-11.250,-0.1229],[-11.000,-0.1253],[-10.750,-0.1355],[-10.500,-0.1000],[-10.250,-0.0805],[-10.000,-0.0704],[-9.750,-0.0713],[-9.500,-0.0849],[-9.250,-0.0484],[-9.000,-0.0311],[-8.750,-0.0268],[-8.500,-0.0420],[-8.250,-0.0188],[-8.000,0.0025],[-7.750,0.0054],[-7.500,-0.0153],[-7.250,0.0087],[-7.000,0.0220],[-6.750,0.0190],[-6.500,-0.0074],[-6.250,-0.0391],[-5.750,-0.2961],[-5.500,-0.2667],[-5.250,-0.2288],[-5.000,-0.1341],[-4.750,-0.1301],[-3.500,-0.3558],[-3.250,-0.3433],[-3.000,-0.3271],[-2.500,-0.2936],[-2.250,-0.2884],[-2.000,-0.2751],[-1.750,-0.2487],[-1.500,-0.2491],[-1.250,-0.2356],[-1.000,-0.2245],[-0.750,-0.2231],[-0.500,-0.2095],[-0.250,-0.2145],[0.000,-0.2043],[0.250,-0.1993],[0.500,-0.1882],[0.750,-0.1645],[1.000,-0.1613],[1.250,-0.1172],[1.500,-0.1176],[1.750,-0.0624],[2.250,0.0856],[2.500,0.0792],[2.750,0.1108],[3.000,0.1272],[3.250,0.1412],[3.500,0.1815],[3.750,0.1762],[4.000,0.1995],[4.250,0.2534],[4.500,0.2394],[4.750,0.2765],[5.000,0.3275],[5.250,0.3049],[5.500,0.3326],[5.750,0.3729],[6.000,0.3566],[6.250,0.4252],[6.500,0.4538],[6.750,0.4463],[7.000,0.4507],[7.250,0.4732],[7.500,0.5080],[7.750,0.4809],[8.000,0.4924],[8.250,0.5138],[8.500,0.5467],[8.750,0.5202],[9.000,0.5324],[9.250,0.5532],[9.500,0.5827],[9.750,0.5602],[10.000,0.5692],[10.250,0.5884],[10.500,0.6173],[10.750,0.6003],[11.000,0.6063],[11.250,0.6225],[11.500,0.6475],[11.750,0.6415],[12.000,0.6438],],[[-13.250,-0.3141],[-13.000,-0.3010],[-12.750,-0.2908],[-12.500,-0.2813],[-12.250,-0.2709],[-12.000,-0.2660],[-11.750,-0.2710],[-11.500,-0.2562],[-11.250,-0.2412],[-11.000,-0.2270],[-10.750,-0.2157],[-10.500,-0.2068],[-10.250,-0.2012],[-10.000,-0.2064],[-9.750,-0.2186],[-9.500,-0.1812],[-9.250,-0.1650],[-9.000,-0.1548],[-8.750,-0.1489],[-8.500,-0.1549],[-8.250,-0.1713],[-8.000,-0.1392],[-7.750,-0.1182],[-7.500,-0.1066],[-7.250,-0.0999],[-7.000,-0.1019],[-6.750,-0.1229],[-6.500,-0.1171],[-6.250,-0.0870],[-6.000,-0.0724],[-5.750,-0.0633],[-5.500,-0.0652],[-5.250,-0.0537],[-5.000,-0.0376],[-4.750,-0.0189],[-4.500,-0.0058],[-4.250,0.0061],[-4.000,0.0185],[-3.750,0.0320],[-3.500,0.0508],[-3.250,0.0629],[-3.000,0.0779],[-2.750,0.0956],[-2.500,0.0983],[-2.250,0.1081],[-2.000,0.1256],[-1.750,0.1444],[-1.500,0.1603],[-0.750,-0.0147],[-0.500,0.1144],[-0.250,0.1099],[0.000,0.1384],[0.250,0.0222],[0.500,0.0466],[0.750,0.0967],[1.000,0.0613],[1.250,0.0732],[1.500,0.1096],[1.750,0.1459],[2.000,0.1888],[2.250,0.2110],[2.500,0.2294],[2.750,0.2546],[3.000,0.2793],[3.250,0.2876],[3.500,0.3063],[3.750,0.3269],[4.000,0.2731],[4.250,0.2999],[4.500,0.3501],[4.750,0.3705],[5.000,0.3316],[5.250,0.3656],[5.500,0.4663],[5.750,0.4626],[6.000,0.4732],[6.250,0.4977],[6.500,0.5300],[6.750,0.5533],[7.000,0.5031],[7.250,0.5193],[7.500,0.5444],[7.750,0.5791],[8.000,0.5383],[8.250,0.5491],[8.500,0.5671],[8.750,0.5927],[9.000,0.6265],[9.250,0.5812],[9.500,0.5963],[9.750,0.6169],[10.000,0.6428],[10.250,0.6155],[10.500,0.6263],],[[-7.750,-0.1666],[-7.500,-0.1721],[-7.250,-0.1973],[-7.000,-0.1803],[-6.750,-0.1611],[-6.500,-0.1520],[-6.250,-0.1426],[-6.000,-0.1334],[-5.750,-0.1239],[-5.500,-0.1158],[-5.250,-0.1016],[-5.000,-0.0866],[-4.750,-0.0709],[-4.500,-0.0539],[-4.250,-0.0305],[-4.000,-0.0134],[-3.750,0.0054],[-3.500,0.0324],[-3.250,0.0494],[-3.000,0.0686],[-2.750,0.0952],[-2.500,0.1156],[-2.250,0.1454],[-2.000,0.1633],[-1.750,0.1845],[-1.500,0.2096],[-1.250,0.2317],[-1.000,0.2578],[-0.750,0.2802],[-0.500,0.3052],[-0.250,0.3367],[0.000,0.3649],[0.250,0.3937],[0.500,0.4221],[0.750,0.4494],[1.000,0.4776],[1.250,0.5062],[1.500,0.5348],[1.750,0.5625],[2.000,0.5880],[2.250,0.6131],[2.500,0.6391],[2.750,0.6654],[3.000,0.6893],[3.250,0.8613],[3.500,0.8865],[3.750,0.9121],[4.000,0.9379],[4.250,0.9629],[4.500,0.9860],[4.750,1.0105],[5.000,1.0360],[5.250,1.0621],[5.500,1.0850],[5.750,1.1069],[6.000,1.1310],[6.250,1.1564],[6.500,1.1826],[6.750,1.2009],[7.000,1.2222],[7.250,1.2466],[7.500,1.2727],[7.750,1.2917],[8.000,1.3079],[8.250,1.3293],[8.500,1.3540],[8.750,1.3801],[9.000,1.3858],[9.250,1.4011],[9.500,1.4233],[9.750,1.4504],[10.000,1.4564],[10.250,1.4537],[10.500,1.4628],[10.750,1.4855],[11.000,1.5209],[11.250,1.4817],[11.500,1.4414],[11.750,1.4544],[12.000,1.4858],[12.250,1.5279],[12.500,1.3040],[12.750,1.3527],[13.000,1.4085],[13.250,1.4578],[13.500,1.5094],[13.750,0.7859],[14.000,0.8028],],[[-8.250,-0.1977],[-8.000,-0.2165],[-7.750,-0.2224],[-7.500,-0.2108],[-7.250,-0.1992],[-7.000,-0.1937],[-6.750,-0.1870],[-6.500,-0.1786],[-6.250,-0.1696],[-6.000,-0.1595],[-5.750,-0.1482],[-5.500,-0.1354],[-5.250,-0.1229],[-5.000,-0.1069],[-4.750,-0.0892],[-4.500,-0.0706],[-4.250,-0.0509],[-4.000,-0.0249],[-3.750,-0.0063],[-3.500,0.0139],[-3.250,0.0359],[-3.000,0.0587],[-2.750,0.0805],[-2.500,0.1041],[-2.250,0.1285],[-2.000,0.1531],[-1.750,0.1755],[-1.500,0.2006],[-1.250,0.2267],[-1.000,0.2521],[-0.750,0.2787],[-0.500,0.3068],[-0.250,0.3352],[0.000,0.3638],[0.250,0.3923],[0.500,0.4213],[0.750,0.4501],[1.000,0.4788],[1.250,0.5073],[1.500,0.5347],[1.750,0.5622],[2.000,0.5903],[2.250,0.6173],[2.500,0.6448],[2.750,0.6720],[3.000,0.6990],[3.250,0.7256],[3.500,0.7510],[3.750,0.7772],[4.000,0.8692],[4.250,0.9818],[4.500,1.0084],[4.750,1.0349],[5.000,1.0610],[5.250,1.0872],[5.500,1.1135],[5.750,1.1394],[6.000,1.1649],[6.250,1.1904],[6.500,1.2160],[6.750,1.2412],[7.000,1.2659],[7.250,1.2901],[7.500,1.3148],[7.750,1.3389],[8.000,1.3620],[8.250,1.3848],[8.500,1.4079],[8.750,1.4300],[9.000,1.4508],[9.250,1.4706],[9.500,1.4909],[9.750,1.5097],[10.000,1.5262],[10.250,1.5397],[10.500,1.5527],[10.750,1.5577],[11.000,1.5554],[11.250,1.5580],[11.500,1.5633],[11.750,1.5697],[12.000,1.5753],[12.250,1.5813],[12.500,1.5871],[12.750,1.5943],[13.000,1.6034],[13.250,1.6066],[13.500,1.6106],[13.750,1.6131],[14.000,1.6180],[14.250,1.6252],[14.500,1.6245],[14.750,1.6247],[15.000,1.6298],[15.250,1.6360],[15.500,1.6406],[15.750,1.6407],[16.000,1.6394],[16.250,1.6424],[16.500,1.6486],[16.750,1.6579],[17.000,1.6538],[17.250,1.6497],[17.500,1.6491],[17.750,1.6531],[18.000,1.6574],[18.250,1.6491],[18.500,1.6445],[18.750,1.6429],[19.000,1.6492],[19.250,1.6388],],[[-9.000,-0.1903],[-8.750,-0.1925],[-8.500,-0.1909],[-8.250,-0.1849],[-8.000,-0.1733],[-7.750,-0.1655],[-7.500,-0.1585],[-7.250,-0.1525],[-7.000,-0.1489],[-6.750,-0.1463],[-6.500,-0.1481],[-6.250,-0.1515],[-6.000,-0.1469],[-5.750,-0.1406],[-5.500,-0.1393],[-5.000,-0.1198],[-4.750,-0.1006],[-4.500,-0.0803],[-4.250,-0.0593],[-4.000,-0.0375],[-3.750,-0.0237],[-3.500,-0.0003],[-3.250,0.0233],[-3.000,0.0473],[-2.750,0.0598],[-2.500,0.0809],[-2.250,0.1048],[-2.000,0.1316],[-1.750,0.1594],[-1.500,0.1876],[-1.250,0.2161],[-1.000,0.2447],[-0.750,0.2735],[-0.500,0.3020],[-0.250,0.3301],[0.000,0.3588],[0.250,0.3875],[0.500,0.4161],[0.750,0.4446],[1.000,0.4730],[1.250,0.5007],[1.500,0.5291],[1.750,0.5575],[2.000,0.5860],[2.250,0.6137],[2.500,0.6418],[2.750,0.6702],[3.000,0.6980],[3.250,0.7259],[3.500,0.7533],[3.750,0.7788],[4.000,0.8066],[4.250,0.8342],[4.500,0.8594],[4.750,0.9243],[5.000,0.9805],[5.250,1.0412],[5.500,1.1051],[5.750,1.1439],[6.000,1.1776],[6.250,1.2039],[6.500,1.2300],[6.750,1.2563],[7.000,1.2824],[7.250,1.3079],[7.500,1.3333],[7.750,1.3590],[8.000,1.3842],[8.250,1.4088],[8.500,1.4329],[8.750,1.4577],[9.000,1.4818],[9.250,1.5048],[9.500,1.5265],[9.750,1.5499],[10.000,1.5720],[10.250,1.5926],[10.500,1.6107],[10.750,1.6289],[11.000,1.6474],[11.250,1.6626],[11.500,1.6689],[11.750,1.6491],[12.000,1.6502],[12.250,1.6565],[12.500,1.6591],[12.750,1.6581],[13.000,1.6524],[13.250,1.6573],[13.500,1.6626],[13.750,1.6646],[14.000,1.6632],[14.250,1.6560],[14.500,1.6595],[14.750,1.6652],[15.000,1.6702],[15.250,1.6705],[15.500,1.6696],[15.750,1.6651],[16.000,1.6717],[16.250,1.6769],[16.500,1.6775],[16.750,1.6772],[17.000,1.6701],[17.250,1.6759],[17.500,1.6805],[17.750,1.6779],[18.000,1.6755],[18.250,1.6699],[18.500,1.6738],[18.750,1.6726],[19.000,1.6613],[19.250,1.6616],],],
{"title":"Cl v Alpha","sortData":false,"legend":{"show":false,"placement":"insideGrid","location":"ne"},"series":[{"showLabel":true,"index":0,"showLine":true,"trendline":{"type":"none","show":false},"color":"#4bb2c5"},{"showLabel":true,"index":0,"showLine":true,"trendline":{"type":"none","show":false},"color":"#EAA228"},{"showLabel":true,"index":0,"showLine":true,"trendline":{"type":"none","show":false},"color":"#839557"},{"showLabel":true,"index":0,"showLine":true,"trendline":{"type":"none","show":false},"color":"#953579"},{"showLabel":true,"index":0,"showLine":true,"trendline":{"type":"none","show":false},"color":"#d8b83f"}],"show":"$.jqplot.config.enablePlugins","axes":{"xaxis":{"max":20,"min":-15,"tickInterval":5,"tickOptions":{"formatString":"%.1f"},"forceTickAt0":true,"rendererOptions":{"forceTickAt0":true}},"yaxis":{"max":2,"min":-0.5,"tickInterval":0.5,"tickOptions":{"formatString":"%.2f"},"forceTickAt0":true,"rendererOptions":{"forceTickAt0":true}}},"seriesDefaults":{"lineWidth":1,"showLabel":true,"markerOptions":{"size":5,"show":false}}});
jqplots.push(p);

var p = $.jqplot('momentaoa',[[[-14.500,-0.0081],[-14.250,-0.0107],[-14.000,-0.0137],[-13.750,-0.0158],[-13.500,-0.0156],[-13.250,-0.0170],[-13.000,-0.0182],[-12.750,-0.0210],[-12.500,-0.0239],[-12.250,-0.0272],[-12.000,-0.0278],[-11.750,-0.0287],[-11.500,-0.0295],[-11.250,-0.0331],[-11.000,-0.0372],[-10.750,-0.0414],[-10.500,-0.0382],[-10.250,-0.0407],[-10.000,-0.0431],[-9.750,-0.0462],[-9.500,-0.0502],[-9.250,-0.0493],[-9.000,-0.0511],[-8.750,-0.0535],[-8.500,-0.0580],[-8.250,-0.0563],[-8.000,-0.0586],[-7.750,-0.0615],[-7.500,-0.0657],[-7.250,-0.0647],[-7.000,-0.0638],[-6.750,-0.0666],[-6.500,-0.0678],[-6.250,-0.0690],[-5.750,-0.0304],[-5.500,-0.0441],[-5.250,-0.0416],[-5.000,-0.0518],[-4.750,-0.0523],[-3.500,-0.0237],[-3.250,-0.0228],[-3.000,-0.0272],[-2.500,-0.0293],[-2.250,-0.0268],[-2.000,-0.0282],[-1.750,-0.0302],[-1.500,-0.0273],[-1.250,-0.0281],[-1.000,-0.0265],[-0.750,-0.0238],[-0.500,-0.0219],[-0.250,-0.0181],[0.000,-0.0154],[0.250,-0.0130],[0.500,-0.0115],[0.750,-0.0114],[1.000,-0.0098],[1.250,-0.0139],[1.500,-0.0130],[1.750,-0.0194],[2.250,-0.0400],[2.500,-0.0373],[2.750,-0.0381],[3.000,-0.0377],[3.250,-0.0370],[3.500,-0.0386],[3.750,-0.0368],[4.000,-0.0369],[4.250,-0.0412],[4.500,-0.0391],[4.750,-0.0414],[5.000,-0.0452],[5.250,-0.0426],[5.500,-0.0436],[5.750,-0.0453],[6.000,-0.0433],[6.250,-0.0542],[6.500,-0.0547],[6.750,-0.0534],[7.000,-0.0526],[7.250,-0.0527],[7.500,-0.0537],[7.750,-0.0516],[8.000,-0.0513],[8.250,-0.0514],[8.500,-0.0524],[8.750,-0.0507],[9.000,-0.0505],[9.250,-0.0507],[9.500,-0.0515],[9.750,-0.0504],[10.000,-0.0502],[10.250,-0.0504],[10.500,-0.0511],[10.750,-0.0505],[11.000,-0.0506],[11.250,-0.0507],[11.500,-0.0512],[11.750,-0.0513],[12.000,-0.0514],],[[-13.250,0.0200],[-13.000,0.0193],[-12.750,0.0183],[-12.500,0.0169],[-12.250,0.0143],[-12.000,0.0115],[-11.750,0.0076],[-11.500,0.0073],[-11.250,0.0077],[-11.000,0.0059],[-10.750,0.0040],[-10.500,0.0022],[-10.250,0.0002],[-10.000,-0.0033],[-9.750,-0.0076],[-9.500,-0.0054],[-9.250,-0.0065],[-9.000,-0.0080],[-8.750,-0.0099],[-8.500,-0.0136],[-8.250,-0.0191],[-8.000,-0.0166],[-7.750,-0.0175],[-7.500,-0.0189],[-7.250,-0.0207],[-7.000,-0.0235],[-6.750,-0.0292],[-6.500,-0.0298],[-6.250,-0.0299],[-6.000,-0.0308],[-5.750,-0.0322],[-5.500,-0.0416],[-5.250,-0.0381],[-5.000,-0.0371],[-4.750,-0.0399],[-4.500,-0.0464],[-4.250,-0.0443],[-4.000,-0.0423],[-3.750,-0.0411],[-3.500,-0.0487],[-3.250,-0.0476],[-3.000,-0.0464],[-2.750,-0.0463],[-2.500,-0.0488],[-2.250,-0.0485],[-2.000,-0.0480],[-1.750,-0.0456],[-1.500,-0.0446],[-0.750,-0.0417],[-0.500,-0.0407],[-0.250,-0.0384],[0.000,-0.0377],[0.250,-0.0370],[0.500,-0.0365],[0.750,-0.0368],[1.000,-0.0342],[1.250,-0.0333],[1.500,-0.0327],[1.750,-0.0321],[2.000,-0.0311],[2.250,-0.0302],[2.500,-0.0299],[2.750,-0.0297],[3.000,-0.0298],[3.250,-0.0280],[3.500,-0.0279],[3.750,-0.0282],[4.000,-0.0275],[4.250,-0.0278],[4.500,-0.0285],[4.750,-0.0300],[5.000,-0.0278],[5.250,-0.0296],[5.500,-0.0414],[5.750,-0.0497],[6.000,-0.0489],[6.250,-0.0483],[6.500,-0.0480],[6.750,-0.0479],[7.000,-0.0472],[7.250,-0.0467],[7.500,-0.0462],[7.750,-0.0461],[8.000,-0.0459],[8.250,-0.0456],[8.500,-0.0453],[8.750,-0.0449],[9.000,-0.0449],[9.250,-0.0450],[9.500,-0.0447],[9.750,-0.0445],[10.000,-0.0443],[10.250,-0.0449],[10.500,-0.0448],],[[-7.750,-0.0011],[-7.500,-0.0047],[-7.250,-0.0112],[-7.000,-0.0095],[-6.750,-0.0080],[-6.500,-0.0081],[-6.250,-0.0094],[-6.000,-0.0113],[-5.750,-0.0137],[-5.500,-0.0215],[-5.250,-0.0204],[-5.000,-0.0200],[-4.750,-0.0202],[-4.500,-0.0211],[-4.250,-0.0261],[-4.000,-0.0256],[-3.750,-0.0255],[-3.500,-0.0282],[-3.250,-0.0274],[-3.000,-0.0266],[-2.750,-0.0277],[-2.500,-0.0276],[-2.250,-0.0278],[-2.000,-0.0276],[-1.750,-0.0270],[-1.500,-0.0265],[-1.250,-0.0258],[-1.000,-0.0256],[-0.750,-0.0254],[-0.500,-0.0250],[-0.250,-0.0222],[0.000,-0.0213],[0.250,-0.0206],[0.500,-0.0202],[0.750,-0.0205],[1.000,-0.0204],[1.250,-0.0201],[1.500,-0.0197],[1.750,-0.0192],[2.000,-0.0190],[2.250,-0.0187],[2.500,-0.0182],[2.750,-0.0175],[3.000,-0.0163],[3.250,-0.0452],[3.500,-0.0447],[3.750,-0.0441],[4.000,-0.0434],[4.250,-0.0428],[4.500,-0.0428],[4.750,-0.0423],[5.000,-0.0417],[5.250,-0.0410],[5.500,-0.0406],[5.750,-0.0403],[6.000,-0.0397],[6.250,-0.0391],[6.500,-0.0385],[6.750,-0.0380],[7.000,-0.0374],[7.250,-0.0368],[7.500,-0.0362],[7.750,-0.0355],[8.000,-0.0347],[8.250,-0.0339],[8.500,-0.0334],[8.750,-0.0329],[9.000,-0.0313],[9.250,-0.0302],[9.500,-0.0295],[9.750,-0.0291],[10.000,-0.0274],[10.250,-0.0250],[10.500,-0.0235],[10.750,-0.0228],[11.000,-0.0231],[11.250,-0.0183],[11.500,-0.0156],[11.750,-0.0148],[12.000,-0.0144],[12.250,-0.0143],[12.500,-0.0137],[12.750,-0.0127],[13.000,-0.0117],[13.250,-0.0109],[13.500,-0.0103],[13.750,-0.0424],[14.000,-0.0421],],[[-8.250,0.0045],[-8.000,-0.0012],[-7.750,-0.0041],[-7.500,-0.0037],[-7.250,-0.0035],[-7.000,-0.0038],[-6.750,-0.0040],[-6.500,-0.0051],[-6.250,-0.0064],[-6.000,-0.0079],[-5.750,-0.0096],[-5.500,-0.0116],[-5.250,-0.0186],[-5.000,-0.0185],[-4.750,-0.0186],[-4.500,-0.0189],[-4.250,-0.0194],[-4.000,-0.0231],[-3.750,-0.0227],[-3.500,-0.0224],[-3.250,-0.0222],[-3.000,-0.0221],[-2.750,-0.0214],[-2.500,-0.0212],[-2.250,-0.0209],[-2.000,-0.0205],[-1.750,-0.0190],[-1.500,-0.0187],[-1.250,-0.0184],[-1.000,-0.0174],[-0.750,-0.0149],[-0.500,-0.0148],[-0.250,-0.0147],[0.000,-0.0144],[0.250,-0.0143],[0.500,-0.0142],[0.750,-0.0141],[1.000,-0.0140],[1.250,-0.0138],[1.500,-0.0136],[1.750,-0.0134],[2.000,-0.0133],[2.250,-0.0129],[2.500,-0.0127],[2.750,-0.0125],[3.000,-0.0122],[3.250,-0.0119],[3.500,-0.0114],[3.750,-0.0112],[4.000,-0.0243],[4.250,-0.0417],[4.500,-0.0415],[4.750,-0.0414],[5.000,-0.0412],[5.250,-0.0410],[5.500,-0.0408],[5.750,-0.0406],[6.000,-0.0404],[6.250,-0.0402],[6.500,-0.0400],[6.750,-0.0398],[7.000,-0.0396],[7.250,-0.0393],[7.500,-0.0390],[7.750,-0.0388],[8.000,-0.0384],[8.250,-0.0380],[8.500,-0.0376],[8.750,-0.0372],[9.000,-0.0366],[9.250,-0.0358],[9.500,-0.0352],[9.750,-0.0345],[10.000,-0.0335],[10.250,-0.0321],[10.500,-0.0310],[10.750,-0.0292],[11.000,-0.0263],[11.250,-0.0244],[11.500,-0.0227],[11.750,-0.0214],[12.000,-0.0204],[12.250,-0.0194],[12.500,-0.0185],[12.750,-0.0175],[13.000,-0.0166],[13.250,-0.0161],[13.500,-0.0155],[13.750,-0.0150],[14.000,-0.0144],[14.250,-0.0138],[14.500,-0.0137],[14.750,-0.0136],[15.000,-0.0134],[15.250,-0.0131],[15.500,-0.0130],[15.750,-0.0131],[16.000,-0.0132],[16.250,-0.0133],[16.500,-0.0132],[16.750,-0.0131],[17.000,-0.0135],[17.250,-0.0139],[17.500,-0.0143],[17.750,-0.0144],[18.000,-0.0146],[18.250,-0.0153],[18.500,-0.0159],[18.750,-0.0165],[19.000,-0.0167],[19.250,-0.0176],],[[-9.000,0.0106],[-8.750,0.0080],[-8.500,0.0060],[-8.250,0.0053],[-8.000,0.0050],[-7.750,0.0042],[-7.500,0.0033],[-7.250,0.0024],[-7.000,0.0013],[-6.750,0.0003],[-6.500,-0.0008],[-6.250,-0.0015],[-6.000,-0.0032],[-5.750,-0.0051],[-5.500,-0.0117],[-5.000,-0.0185],[-4.750,-0.0188],[-4.500,-0.0192],[-4.250,-0.0196],[-4.000,-0.0199],[-3.750,-0.0207],[-3.500,-0.0204],[-3.250,-0.0201],[-3.000,-0.0197],[-2.750,-0.0167],[-2.500,-0.0153],[-2.250,-0.0141],[-2.000,-0.0136],[-1.750,-0.0132],[-1.500,-0.0129],[-1.250,-0.0127],[-1.000,-0.0125],[-0.750,-0.0123],[-0.500,-0.0122],[-0.250,-0.0120],[0.000,-0.0120],[0.250,-0.0118],[0.500,-0.0117],[0.750,-0.0116],[1.000,-0.0115],[1.250,-0.0113],[1.500,-0.0112],[1.750,-0.0111],[2.000,-0.0111],[2.250,-0.0109],[2.500,-0.0108],[2.750,-0.0108],[3.000,-0.0106],[3.250,-0.0106],[3.500,-0.0104],[3.750,-0.0100],[4.000,-0.0100],[4.250,-0.0099],[4.500,-0.0096],[4.750,-0.0175],[5.000,-0.0233],[5.250,-0.0301],[5.500,-0.0378],[5.750,-0.0402],[6.000,-0.0416],[6.250,-0.0415],[6.500,-0.0415],[6.750,-0.0413],[7.000,-0.0412],[7.250,-0.0412],[7.500,-0.0410],[7.750,-0.0409],[8.000,-0.0408],[8.250,-0.0406],[8.500,-0.0404],[8.750,-0.0402],[9.000,-0.0400],[9.250,-0.0397],[9.500,-0.0393],[9.750,-0.0390],[10.000,-0.0386],[10.250,-0.0381],[10.500,-0.0374],[10.750,-0.0366],[11.000,-0.0359],[11.250,-0.0350],[11.500,-0.0341],[11.750,-0.0297],[12.000,-0.0277],[12.250,-0.0264],[12.500,-0.0251],[12.750,-0.0238],[13.000,-0.0224],[13.250,-0.0216],[13.500,-0.0209],[13.750,-0.0201],[14.000,-0.0194],[14.250,-0.0187],[14.500,-0.0182],[14.750,-0.0179],[15.000,-0.0177],[15.250,-0.0174],[15.500,-0.0172],[15.750,-0.0170],[16.000,-0.0170],[16.250,-0.0170],[16.500,-0.0170],[16.750,-0.0170],[17.000,-0.0172],[17.250,-0.0173],[17.500,-0.0174],[17.750,-0.0177],[18.000,-0.0180],[18.250,-0.0184],[18.500,-0.0187],[18.750,-0.0191],[19.000,-0.0198],[19.250,-0.0203],],],
{"title":"Cm v Alpha","sortData":false,"legend":{"show":false,"placement":"insideGrid","location":"ne"},"series":[{"showLabel":true,"index":0,"showLine":true,"trendline":{"type":"none","show":false},"color":"#4bb2c5"},{"showLabel":true,"index":0,"showLine":true,"trendline":{"type":"none","show":false},"color":"#EAA228"},{"showLabel":true,"index":0,"showLine":true,"trendline":{"type":"none","show":false},"color":"#839557"},{"showLabel":true,"index":0,"showLine":true,"trendline":{"type":"none","show":false},"color":"#953579"},{"showLabel":true,"index":0,"showLine":true,"trendline":{"type":"none","show":false},"color":"#d8b83f"}],"show":"$.jqplot.config.enablePlugins","axes":{"xaxis":{"max":20,"min":-15,"tickInterval":5,"tickOptions":{"formatString":"%.1f"},"forceTickAt0":true,"rendererOptions":{"forceTickAt0":true}},"yaxis":{"max":0.02,"min":-0.07,"tickInterval":0.01,"tickOptions":{"formatString":"%.2f"},"forceTickAt0":true,"rendererOptions":{"forceTickAt0":true}}},"seriesDefaults":{"lineWidth":1,"showLabel":true,"markerOptions":{"size":5,"show":false}}});
jqplots.push(p);

var p = $.jqplot('dragaoa',[[[-14.500,0.17038],[-14.250,0.16982],[-14.000,0.17104],[-13.750,0.16826],[-13.500,0.16086],[-13.250,0.15742],[-13.000,0.15503],[-12.750,0.15274],[-12.500,0.15259],[-12.250,0.15490],[-12.000,0.14611],[-11.750,0.14232],[-11.500,0.14015],[-11.250,0.13823],[-11.000,0.13889],[-10.750,0.14084],[-10.500,0.13149],[-10.250,0.12797],[-10.000,0.12594],[-9.750,0.12589],[-9.500,0.12802],[-9.250,0.12007],[-9.000,0.11722],[-8.750,0.11623],[-8.500,0.11832],[-8.250,0.11293],[-8.000,0.10994],[-7.750,0.10920],[-7.500,0.11127],[-7.250,0.10647],[-7.000,0.10424],[-6.750,0.10411],[-6.500,0.10620],[-6.250,0.10927],[-5.750,0.12456],[-5.500,0.12447],[-5.250,0.11752],[-5.000,0.10922],[-4.750,0.10854],[-3.500,0.11208],[-3.250,0.10949],[-3.000,0.10873],[-2.500,0.10500],[-2.250,0.10242],[-2.000,0.10140],[-1.750,0.10042],[-1.500,0.09842],[-1.250,0.09821],[-1.000,0.09583],[-0.750,0.09410],[-0.500,0.09250],[-0.250,0.09067],[0.000,0.08885],[0.250,0.08769],[0.500,0.08616],[0.750,0.08592],[1.000,0.08427],[1.250,0.08577],[1.500,0.08464],[1.750,0.08703],[2.250,0.09521],[2.500,0.09382],[2.750,0.09454],[3.000,0.09542],[3.250,0.09542],[3.500,0.09793],[3.750,0.09752],[4.000,0.09858],[4.250,0.10280],[4.500,0.10156],[4.750,0.10412],[5.000,0.10896],[5.250,0.10712],[5.500,0.10920],[5.750,0.11288],[6.000,0.11196],[6.250,0.11547],[6.500,0.11951],[6.750,0.12032],[7.000,0.12142],[7.250,0.12447],[7.500,0.13013],[7.750,0.12808],[8.000,0.13009],[8.250,0.13333],[8.500,0.13911],[8.750,0.13681],[9.000,0.13890],[9.250,0.14226],[9.500,0.14789],[9.750,0.14599],[10.000,0.14779],[10.250,0.15094],[10.500,0.15656],[10.750,0.15532],[11.000,0.15682],[11.250,0.15966],[11.500,0.16456],[11.750,0.16501],[12.000,0.16591],],[[-13.250,0.16378],[-13.000,0.16007],[-12.750,0.15711],[-12.500,0.15434],[-12.250,0.15152],[-12.000,0.14964],[-11.750,0.14945],[-11.500,0.14460],[-11.250,0.14048],[-11.000,0.13716],[-10.750,0.13429],[-10.500,0.13163],[-10.250,0.12939],[-10.000,0.12877],[-9.750,0.12884],[-9.500,0.12138],[-9.250,0.11813],[-9.000,0.11558],[-8.750,0.11340],[-8.500,0.11268],[-8.250,0.11275],[-8.000,0.10659],[-7.750,0.10320],[-7.500,0.10071],[-7.250,0.09849],[-7.000,0.09690],[-6.750,0.09773],[-6.500,0.09445],[-6.250,0.09027],[-6.000,0.08796],[-5.750,0.08602],[-5.500,0.08789],[-5.250,0.08253],[-5.000,0.07986],[-4.750,0.07849],[-4.500,0.07871],[-4.250,0.07511],[-4.000,0.07270],[-3.750,0.07085],[-3.500,0.07191],[-3.250,0.06990],[-3.000,0.06829],[-2.750,0.06666],[-2.500,0.06813],[-2.250,0.06780],[-2.000,0.06663],[-1.750,0.06434],[-1.500,0.06339],[-0.750,0.08467],[-0.500,0.07090],[-0.250,0.07112],[0.000,0.06957],[0.250,0.08289],[0.500,0.08203],[0.750,0.08115],[1.000,0.08261],[1.250,0.08257],[1.500,0.08169],[1.750,0.08162],[2.000,0.07537],[2.250,0.07582],[2.500,0.07658],[2.750,0.07732],[3.000,0.07859],[3.250,0.07794],[3.500,0.07953],[3.750,0.08123],[4.000,0.08604],[4.250,0.08707],[4.500,0.08848],[4.750,0.09133],[5.000,0.09209],[5.250,0.09382],[5.500,0.09614],[5.750,0.10099],[6.000,0.10251],[6.250,0.10433],[6.500,0.10681],[6.750,0.11014],[7.000,0.11136],[7.250,0.11319],[7.500,0.11534],[7.750,0.11842],[8.000,0.12022],[8.250,0.12213],[8.500,0.12423],[8.750,0.12682],[9.000,0.13053],[9.250,0.13121],[9.500,0.13326],[9.750,0.13564],[10.000,0.13881],[10.250,0.14062],[10.500,0.14250],],[[-7.750,0.09689],[-7.500,0.09458],[-7.250,0.09289],[-7.000,0.08915],[-6.750,0.08613],[-6.500,0.08384],[-6.250,0.08136],[-6.000,0.07880],[-5.750,0.07612],[-5.500,0.07238],[-5.250,0.06965],[-5.000,0.06731],[-4.750,0.06509],[-4.500,0.06286],[-4.250,0.05906],[-4.000,0.05693],[-3.750,0.05506],[-3.500,0.05219],[-3.250,0.05011],[-3.000,0.04853],[-2.750,0.04629],[-2.500,0.04450],[-2.250,0.04452],[-2.000,0.04122],[-1.750,0.03972],[-1.500,0.03869],[-1.250,0.03685],[-1.000,0.03627],[-0.750,0.03484],[-0.500,0.03406],[-0.250,0.02705],[0.000,0.02557],[0.250,0.02434],[0.500,0.02376],[0.750,0.02357],[1.000,0.02320],[1.250,0.02270],[1.500,0.02223],[1.750,0.02168],[2.000,0.02176],[2.250,0.02173],[2.500,0.02153],[2.750,0.02118],[3.000,0.02057],[3.250,0.01939],[3.500,0.01952],[3.750,0.01950],[4.000,0.01943],[4.250,0.01967],[4.500,0.02023],[4.750,0.02038],[5.000,0.02033],[5.250,0.02023],[5.500,0.02068],[5.750,0.02119],[6.000,0.02134],[6.250,0.02132],[6.500,0.02130],[6.750,0.02208],[7.000,0.02244],[7.250,0.02247],[7.500,0.02243],[7.750,0.02307],[8.000,0.02381],[8.250,0.02409],[8.500,0.02415],[8.750,0.02428],[9.000,0.02552],[9.250,0.02611],[9.500,0.02627],[9.750,0.02631],[10.000,0.02750],[10.250,0.02897],[10.500,0.02981],[10.750,0.02998],[11.000,0.02975],[11.250,0.03268],[11.500,0.03679],[11.750,0.03762],[12.000,0.03717],[12.250,0.03621],[12.500,0.05898],[12.750,0.05602],[13.000,0.05250],[13.250,0.04997],[13.500,0.04756],[13.750,0.15983],[14.000,0.16092],],[[-8.250,0.09717],[-8.000,0.09327],[-7.750,0.08986],[-7.500,0.08679],[-7.250,0.08434],[-7.000,0.08194],[-6.750,0.07974],[-6.500,0.07727],[-6.250,0.07474],[-6.000,0.07217],[-5.750,0.06945],[-5.500,0.06650],[-5.250,0.05940],[-5.000,0.05726],[-4.750,0.05524],[-4.500,0.05326],[-4.250,0.05110],[-4.000,0.04306],[-3.750,0.04154],[-3.500,0.04034],[-3.250,0.03890],[-3.000,0.03739],[-2.750,0.03098],[-2.500,0.02985],[-2.250,0.02901],[-2.000,0.02803],[-1.750,0.02473],[-1.500,0.02389],[-1.250,0.02298],[-1.000,0.02145],[-0.750,0.01701],[-0.500,0.01624],[-0.250,0.01577],[0.000,0.01524],[0.250,0.01487],[0.500,0.01445],[0.750,0.01409],[1.000,0.01381],[1.250,0.01356],[1.500,0.01319],[1.750,0.01311],[2.000,0.01294],[2.250,0.01268],[2.500,0.01254],[2.750,0.01242],[3.000,0.01240],[3.250,0.01227],[3.500,0.01205],[3.750,0.01194],[4.000,0.01082],[4.250,0.01095],[4.500,0.01104],[4.750,0.01116],[5.000,0.01132],[5.250,0.01148],[5.500,0.01161],[5.750,0.01175],[6.000,0.01196],[6.250,0.01218],[6.500,0.01235],[6.750,0.01255],[7.000,0.01281],[7.250,0.01309],[7.500,0.01331],[7.750,0.01357],[8.000,0.01390],[8.250,0.01425],[8.500,0.01454],[8.750,0.01488],[9.000,0.01529],[9.250,0.01576],[9.500,0.01615],[9.750,0.01659],[10.000,0.01714],[10.250,0.01782],[10.500,0.01851],[10.750,0.01948],[11.000,0.02056],[11.250,0.02169],[11.500,0.02278],[11.750,0.02394],[12.000,0.02524],[12.250,0.02656],[12.500,0.02792],[12.750,0.02915],[13.000,0.03027],[13.250,0.03202],[13.500,0.03370],[13.750,0.03553],[14.000,0.03709],[14.250,0.03848],[14.500,0.04085],[14.750,0.04318],[15.000,0.04498],[15.250,0.04662],[15.500,0.04850],[15.750,0.05099],[16.000,0.05368],[16.250,0.05586],[16.500,0.05759],[16.750,0.05895],[17.000,0.06209],[17.250,0.06526],[17.500,0.06797],[17.750,0.07006],[18.000,0.07214],[18.250,0.07595],[18.500,0.07928],[18.750,0.08223],[19.000,0.08405],[19.250,0.08827],],[[-9.000,0.09904],[-8.750,0.09463],[-8.500,0.09053],[-8.250,0.08659],[-8.000,0.08390],[-7.750,0.08107],[-7.500,0.07822],[-7.250,0.07539],[-7.000,0.07236],[-6.750,0.06947],[-6.500,0.06655],[-6.250,0.06365],[-6.000,0.06029],[-5.750,0.05669],[-5.500,0.04874],[-5.000,0.05065],[-4.750,0.04879],[-4.500,0.04704],[-4.250,0.04506],[-4.000,0.04303],[-3.750,0.03078],[-3.500,0.02983],[-3.250,0.02860],[-3.000,0.02741],[-2.750,0.02039],[-2.500,0.01767],[-2.250,0.01554],[-2.000,0.01459],[-1.750,0.01382],[-1.500,0.01318],[-1.250,0.01266],[-1.000,0.01225],[-0.750,0.01195],[-0.500,0.01166],[-0.250,0.01125],[0.000,0.01105],[0.250,0.01085],[0.500,0.01068],[0.750,0.01053],[1.000,0.01046],[1.250,0.01024],[1.500,0.01010],[1.750,0.01002],[2.000,0.00998],[2.250,0.00990],[2.500,0.00990],[2.750,0.00985],[3.000,0.00978],[3.250,0.00976],[3.500,0.00977],[3.750,0.00958],[4.000,0.00957],[4.250,0.00958],[4.500,0.00948],[4.750,0.00848],[5.000,0.00873],[5.250,0.00900],[5.500,0.00914],[5.750,0.00920],[6.000,0.00931],[6.250,0.00949],[6.500,0.00970],[6.750,0.00982],[7.000,0.00999],[7.250,0.01023],[7.500,0.01047],[7.750,0.01063],[8.000,0.01084],[8.250,0.01113],[8.500,0.01145],[8.750,0.01164],[9.000,0.01191],[9.250,0.01226],[9.500,0.01270],[9.750,0.01294],[10.000,0.01326],[10.250,0.01369],[10.500,0.01426],[10.750,0.01476],[11.000,0.01519],[11.250,0.01583],[11.500,0.01715],[11.750,0.01908],[12.000,0.02041],[12.250,0.02157],[12.500,0.02307],[12.750,0.02493],[13.000,0.02720],[13.250,0.02876],[13.500,0.03030],[13.750,0.03214],[14.000,0.03431],[14.250,0.03705],[14.500,0.03891],[14.750,0.04067],[15.000,0.04248],[15.250,0.04481],[15.500,0.04724],[15.750,0.05007],[16.000,0.05185],[16.250,0.05380],[16.500,0.05624],[16.750,0.05877],[17.000,0.06207],[17.250,0.06400],[17.500,0.06609],[17.750,0.06904],[18.000,0.07192],[18.250,0.07524],[18.500,0.07749],[18.750,0.08033],[19.000,0.08444],[19.250,0.08713],],],
{"title":"Cd v Alpha","sortData":false,"legend":{"show":false,"placement":"insideGrid","location":"ne"},"series":[{"showLabel":true,"index":0,"showLine":true,"trendline":{"type":"none","show":false},"color":"#4bb2c5"},{"showLabel":true,"index":0,"showLine":true,"trendline":{"type":"none","show":false},"color":"#EAA228"},{"showLabel":true,"index":0,"showLine":true,"trendline":{"type":"none","show":false},"color":"#839557"},{"showLabel":true,"index":0,"showLine":true,"trendline":{"type":"none","show":false},"color":"#953579"},{"showLabel":true,"index":0,"showLine":true,"trendline":{"type":"none","show":false},"color":"#d8b83f"}],"show":"$.jqplot.config.enablePlugins","axes":{"xaxis":{"max":20,"min":-15,"tickInterval":5,"tickOptions":{"formatString":"%.1f"},"forceTickAt0":true,"rendererOptions":{"forceTickAt0":true}},"yaxis":{"max":0.18,"min":0,"tickInterval":0.02,"tickOptions":{"formatString":"%.2f"},"forceTickAt0":true,"rendererOptions":{"forceTickAt0":true}}},"seriesDefaults":{"lineWidth":1,"showLabel":true,"markerOptions":{"size":5,"show":false}}});
jqplots.push(p);

var p = $.jqplot('effaoa',[[[-14.500,-1.4690691395704],[-14.250,-1.4491814862796],[-14.000,-1.4505378858746],[-13.750,-1.4263639605373],[-13.500,-1.3402959094865],[-13.250,-1.2812857324355],[-13.000,-1.2397600464426],[-12.750,-1.1889485400026],[-12.500,-1.1802870437119],[-12.250,-1.2246610716591],[-12.000,-1.0793237971391],[-11.750,-0.9942383361439],[-11.500,-0.94898323225116],[-11.250,-0.88909788034435],[-11.000,-0.90215278277774],[-10.750,-0.96208463504686],[-10.500,-0.76051410753669],[-10.250,-0.62905368445729],[-10.000,-0.55899634746705],[-9.750,-0.56636746365875],[-9.500,-0.66317762849555],[-9.250,-0.40309819272091],[-9.000,-0.26531308650401],[-8.750,-0.23057730362213],[-8.500,-0.35496957403651],[-8.250,-0.16647480740282],[-8.000,0.022739676187011],[-7.750,0.049450549450549],[-7.500,-0.13750337018064],[-7.250,0.081713158636236],[-7.000,0.21105141980046],[-6.750,0.18249927960811],[-6.500,-0.069679849340866],[-6.250,-0.35782923034685],[-5.750,-2.3771676300578],[-5.500,-2.1426849843336],[-5.250,-1.9469026548673],[-5.000,-1.227797106757],[-4.750,-1.1986364473927],[-3.500,-3.1745182012848],[-3.250,-3.1354461594666],[-3.000,-3.0083693552837],[-2.500,-2.7961904761905],[-2.250,-2.8158562780707],[-2.000,-2.7130177514793],[-1.750,-2.4765982871938],[-1.500,-2.5309896362528],[-1.250,-2.3989410447001],[-1.000,-2.342690180528],[-0.750,-2.3708820403826],[-0.500,-2.2648648648649],[-0.250,-2.3657218484615],[0.000,-2.2993809791784],[0.250,-2.2727791082221],[0.500,-2.1843082636955],[0.750,-1.9145716945996],[1.000,-1.9140856769906],[1.250,-1.3664451439897],[1.500,-1.3894139886578],[1.750,-0.71699413995174],[2.250,0.89906522424115],[2.500,0.84416968663398],[2.750,1.1719906917707],[3.000,1.3330538671138],[3.250,1.4797736323622],[3.500,1.8533646482181],[3.750,1.8068088597211],[4.000,2.0237370663421],[4.250,2.4649805447471],[4.500,2.3572272548247],[4.750,2.6555897041875],[5.000,3.0056901615272],[5.250,2.8463405526512],[5.500,3.0457875457875],[5.750,3.3035081502481],[6.000,3.1850660950339],[6.250,3.6823417337837],[6.500,3.7971717847879],[6.750,3.7092752659574],[7.000,3.7119090759348],[7.250,3.8017192897887],[7.500,3.9037885191731],[7.750,3.7546845721424],[8.000,3.7850718733185],[8.250,3.8535963399085],[8.500,3.9299834663216],[8.750,3.8023536291207],[9.000,3.832973362131],[9.250,3.8886545761282],[9.500,3.9400906078842],[9.750,3.8372491266525],[10.000,3.8514107855741],[10.250,3.8982377103485],[10.500,3.9428972917731],[10.750,3.8649240278135],[11.000,3.866216043872],[11.250,3.8989101841413],[11.500,3.9347350510452],[11.750,3.887643173141],[12.000,3.880417093605],],[[-13.250,-1.9178165832214],[-13.000,-1.8804273130505],[-12.750,-1.8509324676978],[-12.500,-1.8225994557471],[-12.250,-1.7878827877508],[-12.000,-1.7775995723069],[-11.750,-1.8133154901305],[-11.500,-1.7717842323651],[-11.250,-1.7169703872437],[-11.000,-1.6550014581511],[-10.750,-1.606225333234],[-10.500,-1.5710704246752],[-10.250,-1.5549887935698],[-10.000,-1.6028578084958],[-9.750,-1.6966780502949],[-9.500,-1.4928324270885],[-9.250,-1.3967662744434],[-9.000,-1.339332064371],[-8.750,-1.3130511463845],[-8.500,-1.3746893858715],[-8.250,-1.5192904656319],[-8.000,-1.3059386433999],[-7.750,-1.1453488372093],[-7.500,-1.0584847582167],[-7.250,-1.0143161742309],[-7.000,-1.0515995872033],[-6.750,-1.2575463010335],[-6.500,-1.2398094229751],[-6.250,-0.96377534064473],[-6.000,-0.8231014097317],[-5.750,-0.73587537781911],[-5.500,-0.74183638639208],[-5.250,-0.65067248273355],[-5.000,-0.47082394189832],[-4.750,-0.24079500573321],[-4.500,-0.073688222589252],[-4.250,0.081214219145254],[-4.000,0.2544704264099],[-3.750,0.45165843330981],[-3.500,0.70643860381032],[-3.250,0.89985693848355],[-3.000,1.1407233855616],[-2.750,1.4341434143414],[-2.500,1.4428298840452],[-2.250,1.594395280236],[-2.000,1.8850367702236],[-1.750,2.2443270127448],[-1.500,2.5287900299732],[-0.750,-0.17361521199953],[-0.500,1.6135401974612],[-0.250,1.5452755905512],[0.000,1.9893632312778],[0.250,0.26782482808541],[0.500,0.56808484700719],[0.750,1.1916204559458],[1.000,0.74204091514345],[1.250,0.88652052803682],[1.500,1.3416574856164],[1.750,1.7875520705709],[2.000,2.5049754544248],[2.250,2.782906884727],[2.500,2.9955601984852],[2.750,3.2928091050181],[3.000,3.5538872630106],[3.250,3.6900179625353],[3.500,3.8513768389287],[3.750,4.024375230826],[4.000,3.1741050674105],[4.250,3.4443551165729],[4.500,3.9568264014467],[4.750,4.0567173984452],[5.000,3.6008252796178],[5.250,3.896823704967],[5.500,4.8502184314541],[5.750,4.5806515496584],[6.000,4.6161350112184],[6.250,4.7704399501582],[6.500,4.962082202041],[6.750,5.0236063192301],[7.000,4.5177801724138],[7.250,4.5878611184734],[7.500,4.7199583839084],[7.750,4.8902212464111],[8.000,4.4776243553485],[8.250,4.4960288217473],[8.500,4.5649199066248],[8.750,4.6735530673395],[9.000,4.7996629127404],[9.250,4.4295404313696],[9.500,4.4747110911001],[9.750,4.5480684163963],[10.000,4.6307902888841],[10.250,4.3770445171384],[10.500,4.3950877192982],],[[-7.750,-1.7194756940861],[-7.500,-1.8196235990696],[-7.250,-2.1240176552912],[-7.000,-2.0224340998317],[-6.750,-1.8704284221526],[-6.500,-1.8129770992366],[-6.250,-1.7527040314651],[-6.000,-1.6928934010152],[-5.750,-1.6276931161324],[-5.500,-1.5998894722299],[-5.250,-1.4587221823403],[-5.000,-1.2865844599614],[-4.750,-1.0892610231986],[-4.500,-0.85746102449889],[-4.250,-0.51642397561802],[-4.000,-0.23537677849991],[-3.750,0.098074827460952],[-3.500,0.62080858401993],[-3.250,0.98583117142287],[-3.000,1.4135586235318],[-2.750,2.0565996975589],[-2.500,2.5977528089888],[-2.250,3.2659478885894],[-2.000,3.9616690926735],[-1.750,4.6450151057402],[-1.500,5.4174205220987],[-1.250,6.2876526458616],[-1.000,7.1078025916736],[-0.750,8.0424799081515],[-0.500,8.9606576629477],[-0.250,12.447319778189],[0.000,14.270629644114],[0.250,16.175020542317],[0.500,17.765151515152],[0.750,19.066610097582],[1.000,20.586206896552],[1.250,22.299559471366],[1.500,24.057579847054],[1.750,25.94557195572],[2.000,27.022058823529],[2.250,28.214450069029],[2.500,29.684161634928],[2.750,31.416430594901],[3.000,33.509965969859],[3.250,44.419804022692],[3.500,45.414959016393],[3.750,46.774358974359],[4.000,48.270715388574],[4.250,48.952719877987],[4.500,48.739495798319],[4.750,49.582924435721],[5.000,50.959173635022],[5.250,52.501235788433],[5.500,52.466150870406],[5.750,52.236904200094],[6.000,52.999062792877],[6.250,54.240150093809],[6.500,55.521126760563],[6.750,54.388586956522],[7.000,54.465240641711],[7.250,55.478415665332],[7.500,56.740971912617],[7.750,55.990463805808],[8.000,54.930701385972],[8.250,55.180572851806],[8.500,56.066252587992],[8.750,56.841021416804],[9.000,54.302507836991],[9.250,53.661432401379],[9.500,54.179672630377],[9.750,55.127328012163],[10.000,52.96],[10.250,50.179496030376],[10.500,49.070781616907],[10.750,49.549699799867],[11.000,51.12268907563],[11.250,45.339657282742],[11.500,39.179124762164],[11.750,38.66028708134],[12.000,39.973096583266],[12.250,42.195526097763],[12.500,22.109189555782],[12.750,24.146733309532],[13.000,26.828571428571],[13.250,29.173504102461],[13.500,31.736753574432],[13.750,4.9170994181318],[14.000,4.9888143176734],],[[-8.250,-2.0345785736338],[-8.000,-2.3212179693363],[-7.750,-2.474961050523],[-7.500,-2.428851250144],[-7.250,-2.361868626986],[-7.000,-2.3639248230412],[-6.750,-2.3451216453474],[-6.500,-2.3113756956128],[-6.250,-2.2691998929623],[-6.000,-2.2100595815436],[-5.750,-2.133909287257],[-5.500,-2.0360902255639],[-5.250,-2.0690235690236],[-5.000,-1.8669228082431],[-4.750,-1.6147719044171],[-4.500,-1.3255726624108],[-4.250,-0.99608610567515],[-4.000,-0.5782628889921],[-3.750,-0.15166104959076],[-3.500,0.34457114526525],[-3.250,0.92287917737789],[-3.000,1.5699384862263],[-2.750,2.5984506132989],[-2.500,3.4874371859296],[-2.250,4.4295070665288],[-2.000,5.4620049946486],[-1.750,7.0966437525273],[-1.500,8.3968187526162],[-1.250,9.8651000870322],[-1.000,11.752913752914],[-0.750,16.384479717813],[-0.500,18.891625615764],[-0.250,21.255548509829],[0.000,23.871391076115],[0.250,26.381977135171],[0.500,29.155709342561],[0.750,31.94464158978],[1.000,34.670528602462],[1.250,37.411504424779],[1.500,40.538286580743],[1.750,42.883295194508],[2.000,45.618238021638],[2.250,48.682965299685],[2.500,51.419457735247],[2.750,54.106280193237],[3.000,56.370967741935],[3.250,59.136104319478],[3.500,62.323651452282],[3.750,65.092127303183],[4.000,80.332717190388],[4.250,89.662100456621],[4.500,91.340579710145],[4.750,92.732974910394],[5.000,93.727915194346],[5.250,94.703832752613],[5.500,95.908699397071],[5.750,96.970212765957],[6.000,97.399665551839],[6.250,97.733990147783],[6.500,98.461538461538],[6.750,98.900398406375],[7.000,98.821233411397],[7.250,98.55614973262],[7.500,98.782870022539],[7.750,98.666175386883],[8.000,97.985611510791],[8.250,97.178947368421],[8.500,96.829436038514],[8.750,96.102150537634],[9.000,94.885546108568],[9.250,93.312182741117],[9.500,92.315789473684],[9.750,91.000602772755],[10.000,89.04317386231],[10.250,86.402918069585],[10.500,83.884386817936],[10.750,79.964065708419],[11.000,75.651750972763],[11.250,71.830336560627],[11.500,68.625987708516],[11.750,65.568086883876],[12.000,62.412836767036],[12.250,59.536897590361],[12.500,56.844555873926],[12.750,54.692967409949],[13.000,52.969937231582],[13.250,50.174890693317],[13.500,47.792284866469],[13.750,45.401069518717],[14.000,43.623618225937],[14.250,42.234927234927],[14.500,39.767441860465],[14.750,37.626215840667],[15.000,36.233881725211],[15.250,35.092235092235],[15.500,33.826804123711],[15.750,32.176897430869],[16.000,30.540238450075],[16.250,29.402076620122],[16.500,28.626497655843],[16.750,28.123833757422],[17.000,26.635529070704],[17.250,25.278884462151],[17.500,24.262174488745],[17.750,23.59548958036],[18.000,22.97477127807],[18.250,21.712969058591],[18.500,20.742936427851],[18.750,19.979326279946],[19.000,19.621653777513],[19.250,18.565764132774],],[[-9.000,-1.9214458804523],[-8.750,-2.0342386135475],[-8.500,-2.1086932508561],[-8.250,-2.1353505023675],[-8.000,-2.0655542312277],[-7.750,-2.0414456642408],[-7.500,-2.0263359754538],[-7.250,-2.0228146969094],[-7.000,-2.0577667219458],[-6.750,-2.1059450122355],[-6.500,-2.2253944402705],[-6.250,-2.3802042419482],[-6.000,-2.4365566428927],[-5.750,-2.4801552301993],[-5.500,-2.8580221583915],[-5.000,-2.365251727542],[-4.750,-2.0618979299037],[-4.500,-1.7070578231293],[-4.250,-1.3160230803373],[-4.000,-0.87148501045782],[-3.750,-0.76998050682261],[-3.500,-0.010056989607777],[-3.250,0.81468531468531],[-3.000,1.7256475738781],[-2.750,2.932810201079],[-2.500,4.5783814374646],[-2.250,6.7438867438867],[-2.000,9.0198766278273],[-1.750,11.534008683068],[-1.500,14.233687405159],[-1.250,17.069510268562],[-1.000,19.975510204082],[-0.750,22.887029288703],[-0.500,25.90051457976],[-0.250,29.342222222222],[0.000,32.470588235294],[0.250,35.714285714286],[0.500,38.960674157303],[0.750,42.222222222222],[1.000,45.219885277247],[1.250,48.896484375],[1.500,52.386138613861],[1.750,55.63872255489],[2.000,58.717434869739],[2.250,61.989898989899],[2.500,64.828282828283],[2.750,68.040609137056],[3.000,71.370143149284],[3.250,74.375],[3.500,77.103377686796],[3.750,81.294363256785],[4.000,84.284221525601],[4.250,87.077244258873],[4.500,90.654008438819],[4.750,108.99764150943],[5.000,112.313860252],[5.250,115.68888888889],[5.500,120.90809628009],[5.750,124.33695652174],[6.000,126.48764769066],[6.250,126.85985247629],[6.500,126.80412371134],[6.750,127.93279022403],[7.000,128.36836836837],[7.250,127.84946236559],[7.500,127.34479465138],[7.750,127.84571966134],[8.000,127.69372693727],[8.250,126.57681940701],[8.500,125.14410480349],[8.750,125.23195876289],[9.000,124.41645675903],[9.250,122.74061990212],[9.500,120.1968503937],[9.750,119.77588871716],[10.000,118.5520361991],[10.250,116.3330898466],[10.500,112.9523141655],[10.750,110.35907859079],[11.000,108.45292955892],[11.250,105.02842703727],[11.500,97.31195335277],[11.750,86.430817610063],[12.000,80.852523272905],[12.250,76.796476587854],[12.500,71.915908105765],[12.750,66.510228640193],[13.000,60.75],[13.250,57.625173852573],[13.500,54.871287128713],[13.750,51.792159303049],[14.000,48.475663071991],[14.250,44.696356275304],[14.500,42.649704446158],[14.750,40.944184902877],[15.000,39.317325800377],[15.250,37.279625083687],[15.500,35.342929720576],[15.750,33.255442380667],[16.000,32.241080038573],[16.250,31.169144981413],[16.500,29.827524893314],[16.750,28.538369916624],[17.000,26.906718221363],[17.250,26.1859375],[17.500,25.427447420185],[17.750,24.303302433372],[18.000,23.296718576196],[18.250,22.194311536417],[18.500,21.600206478255],[18.750,20.821610855222],[19.000,19.674324964472],[19.250,19.070354642488],],],
{"title":"Cl\/Cd v Alpha","sortData":false,"legend":{"show":false,"placement":"insideGrid","location":"ne"},"series":[{"showLabel":true,"index":0,"showLine":true,"trendline":{"type":"none","show":false},"color":"#4bb2c5"},{"showLabel":true,"index":0,"showLine":true,"trendline":{"type":"none","show":false},"color":"#EAA228"},{"showLabel":true,"index":0,"showLine":true,"trendline":{"type":"none","show":false},"color":"#839557"},{"showLabel":true,"index":0,"showLine":true,"trendline":{"type":"none","show":false},"color":"#953579"},{"showLabel":true,"index":0,"showLine":true,"trendline":{"type":"none","show":false},"color":"#d8b83f"}],"show":"$.jqplot.config.enablePlugins","axes":{"xaxis":{"max":20,"min":-15,"tickInterval":5,"tickOptions":{"formatString":"%.1f"},"forceTickAt0":true,"rendererOptions":{"forceTickAt0":true}},"yaxis":{"max":140,"min":-20,"tickInterval":20,"tickOptions":{"formatString":"%d"},"forceTickAt0":true,"rendererOptions":{"forceTickAt0":true}}},"seriesDefaults":{"lineWidth":1,"showLabel":true,"markerOptions":{"size":5,"show":false}}});
jqplots.push(p);

});
/*]]>*/
</script>
</body>
</html>