<!DOCTYPE html>
<html lang="en">
<head>
<link rel="stylesheet" type="text/css" href="/assets/62ff72f1/jquery.jqplot.min.css" media="screen, projection, print" />
<style type="text/css">
/*<![CDATA[*/
.jqplot-title {font-size:1.8em;padding:3px;}.jqplot-xaxis {font-size:0.8em;padding-top:3px;}.jqplot-yaxis {font-size:0.8em;padding-right:3px;}
/*]]>*/
</style>
<!--[if lt IE 9]><script type="text/javascript" src="/assets/62ff72f1/excanvas.min.js"></script></script><![endif]-->
<script type="text/javascript" src="/assets/780cfc96/jquery.min.js"></script>
<script type="text/javascript" src="/assets/62ff72f1/jquery.min.js"></script>
<script type="text/javascript" src="/assets/62ff72f1/jquery.jqplot.min.js"></script>
<script type="text/javascript">
/*<![CDATA[*/
var jqplots = [];

/*]]>*/
</script>
<title>Airfoil polar plot</title>
<meta http-equiv="Content-Language" content="en-gb"/>
<meta http-equiv="Content-Type" content="text/html; charset=windows-1252"/>
<meta content="none" name="robots" />
<meta name="copyright" content="Copyright 2010-2013. All Rights Reserved" />
</head>
<body>

<table style="width:800px;">
<tr><td>
<div id="liftdrag" style="height:400px;width:398px;margin:auto;display:inline-block;"></div>
</td><td>
<div id="liftaoa" style="height:400px;width:398px;margin:auto;display:inline-block;"></div>
</td></tr>
<tr><td>
<div id="effaoa" style="height:400px;width:398px;margin:auto;display:inline-block;"></div>
</td><td>
<div id="dragaoa" style="height:400px;width:398px;margin:auto;display:inline-block;"></div>
</td></tr>
<tr><td>
<div id="momentaoa" style="height:400px;width:398px;margin:auto;display:inline-block;"></div>
</td><td>
</td></tr>

</table>
<script type="text/javascript">
/*<![CDATA[*/
jQuery(window).load(function() {
var p = $.jqplot('liftdrag',[[[0.13390,-0.2536],[0.13071,-0.2699],[0.11742,-0.3584],[0.10813,-0.4128],[0.10228,-0.4701],[0.10097,-0.5118],[0.10053,-0.5516],[0.09760,-0.5950],[0.09353,-0.6398],[0.08905,-0.6862],[0.07640,-0.6803],[0.07096,-0.7247],[0.06680,-0.7651],[0.06292,-0.8069],[0.05961,-0.8468],[0.05644,-0.8842],[0.05430,-0.8966],[0.06194,-0.8677],[0.06162,-0.8351],[0.06041,-0.8096],[0.05932,-0.7851],[0.05875,-0.7659],[0.08299,-0.0665],[0.08355,-0.0555],[0.08175,-0.0185],[0.08158,-0.0003],[0.08127,0.0064],[0.08136,0.0134],[0.08223,0.0116],[0.08170,0.0254],[0.08177,0.0364],[0.08204,0.0427],[0.08165,0.0592],[0.08250,0.0576],[0.08301,0.0574],[0.08321,0.0660],[0.08303,0.0769],[0.08314,0.0915],[0.08315,0.1101],[0.08322,0.1154],[0.08412,0.1277],[0.08799,0.0174],[0.08799,0.0233],[0.08800,0.0292],[0.08800,0.0350],[0.08801,0.0408],[0.08803,0.0465],[0.08804,0.0521],[0.08807,0.0577],[0.08810,0.0631],[0.08813,0.0684],[0.08816,0.0736],[0.08820,0.0787],[0.06715,-0.4103],[0.06614,-0.3989],[0.06551,-0.3803],[0.06547,-0.3530],[0.06563,-0.3227],[0.06579,-0.2951],[0.06648,-0.2636],[0.06663,-0.2396],[0.06776,-0.2080],[0.06782,-0.1877],[0.06948,-0.1546],[0.06933,-0.1361],[0.07110,-0.1032],[0.07132,-0.0794],[0.07216,-0.0530],[0.07393,-0.0233],[0.07411,-0.0070],[0.07534,0.0167],[0.07720,0.0492],[0.07776,0.0676],[0.07904,0.0862],[0.08123,0.1173],[0.08197,0.1359],[0.08306,0.1507],[0.08613,0.1851],[0.08714,0.2046],[0.08796,0.2153],[0.08949,0.2320],[0.09149,0.2530],[0.09428,0.2810],[0.09641,0.3038],[0.09782,0.3176],[0.09968,0.3347],[0.10189,0.3542],[0.10368,0.3676],[0.10475,0.3722],[0.10635,0.3911],[0.10410,0.4384],[0.09934,0.5122],[0.09817,0.5406],[0.09322,0.6212],[0.05637,0.8731],[0.05781,0.8896],[0.05913,0.9231],[0.05951,1.0038],[0.06237,1.0493],[0.06617,1.0931],[0.07000,1.0884],[0.07474,1.1289],[0.07884,1.1121],[0.08330,1.0917],[0.08820,1.0703],[0.09350,1.0466],[0.09927,1.0237],[0.10551,0.9994],[0.11226,0.9767],[0.13077,0.8612],],[[0.12381,-0.3042],[0.12551,-0.3366],[0.11805,-0.3743],[0.11605,-0.3037],[0.10762,-0.3379],[0.09947,-0.3750],[0.09526,-0.3386],[0.08673,-0.3737],[0.07874,-0.4065],[0.07173,-0.4395],[0.06549,-0.4670],[0.06045,-0.4926],[0.05702,-0.5222],[0.05159,-0.5264],[0.04887,-0.5427],[0.04449,-0.5506],[0.04349,-0.5719],[0.02754,-0.3697],[0.03677,-0.2900],[0.03630,-0.2278],[0.04360,-0.0891],[0.04329,-0.0752],[0.04185,-0.0778],[0.03955,-0.0872],[0.03709,-0.1044],[0.03417,-0.1242],[0.03171,-0.1480],[0.05884,0.1763],[0.05796,0.1984],[0.05722,0.2190],[0.05666,0.2372],[0.05619,0.2545],[0.05582,0.2708],[0.05748,0.2559],[0.05637,0.2796],[0.05550,0.3018],[0.05478,0.3238],[0.05418,0.3452],[0.05371,0.3656],[0.05346,0.3825],[0.05502,0.3651],[0.05436,0.3869],[0.05397,0.4069],[0.05380,0.4245],[0.05387,0.4384],[0.05555,0.4164],[0.05462,0.4446],[0.06704,-0.3662],[0.06596,-0.3627],[0.06462,-0.3381],[0.06128,-0.3085],[0.05955,-0.2384],[0.05824,-0.2238],[0.05846,-0.1885],[0.05792,-0.1730],[0.05784,-0.1426],[0.05854,-0.1021],[0.05792,-0.0927],[0.05873,-0.0626],[0.06048,-0.0248],[0.05959,-0.0236],[0.06100,0.0133],[0.06075,0.0193],[0.06188,0.0549],[0.06211,0.0673],[0.06303,0.1012],[0.06517,0.1404],[0.06468,0.1396],[0.06676,0.1791],[0.06656,0.1813],[0.06866,0.2252],[0.06859,0.2268],[0.07093,0.2684],[0.07086,0.2691],[0.07178,0.2797],[0.07348,0.3232],[0.07409,0.3277],[0.07525,0.3424],[0.07691,0.3978],[0.07741,0.4235],[0.07329,0.4797],[0.07329,0.5075],[0.07346,0.5310],[0.07358,0.5538],[0.07141,0.6212],[0.07039,0.6467],[0.05223,0.8936],[0.04502,0.9461],[0.04835,0.9253],[0.05116,0.9142],[0.05294,0.9175],[0.05410,0.9265],[0.05478,0.9420],[0.05537,0.9603],[0.05571,0.9842],[0.05658,1.0205],[0.05858,1.0629],[0.06119,1.0863],[0.06431,1.1198],[0.06778,1.1185],[0.07166,1.1161],[0.07556,1.1104],[0.07916,1.1077],[0.08244,1.1210],[0.08816,1.1107],[0.09368,1.0935],[0.09902,1.0739],[0.10456,1.0526],[0.11015,1.0305],[0.12571,0.9414],[0.13686,0.9063],[0.14704,0.8824],[0.15640,0.8666],[0.18203,0.5704],],[[0.09400,-0.4795],[0.09026,-0.5033],[0.08698,-0.5249],[0.08193,-0.5474],[0.07788,-0.5589],[0.07266,-0.5808],[0.06184,-0.5539],[0.05785,-0.5360],[0.05521,-0.5316],[0.05329,-0.5317],[0.05265,-0.5341],[0.05623,-0.5506],[0.04740,-0.5318],[0.04502,-0.5160],[0.01994,-0.3045],[0.03563,-0.4308],[0.03397,-0.2117],[0.03389,-0.1910],[0.03350,-0.1736],[0.03327,-0.1605],[0.03269,-0.1501],[0.03164,-0.1461],[0.03044,-0.1433],[0.02875,-0.1493],[0.02701,-0.1531],[0.02437,-0.1703],[0.02212,-0.1845],[0.02042,-0.2012],[0.01883,-0.2094],[0.01625,-0.2276],[0.01755,-0.2010],[0.01869,-0.1728],[0.02040,-0.1381],[0.02235,-0.1006],[0.02306,-0.0721],[0.02287,-0.0501],[0.02524,-0.0083],[0.02546,0.0183],[0.02455,0.0376],[0.02366,0.0586],[0.02296,0.0817],[0.02241,0.1061],[0.02199,0.1305],[0.02171,0.1537],[0.02163,0.1781],[0.02163,0.2030],[0.02166,0.2282],[0.02171,0.2538],[0.02174,0.2798],[0.02177,0.3063],[0.02184,0.3329],[0.02191,0.3598],[0.02200,0.3871],[0.02221,0.4112],[0.02264,0.4294],[0.02309,0.4480],[0.02358,0.4675],[0.02407,0.4877],[0.02441,0.5108],[0.02468,0.5360],[0.02494,0.5629],[0.02508,0.5911],[0.02535,0.6192],[0.02862,0.5759],[0.02937,0.5910],[0.02965,0.6179],[0.02971,0.6508],[0.02959,0.6865],[0.02953,0.7229],[0.03997,0.5401],[0.03955,0.5778],[0.03892,0.6194],[0.03817,0.6631],[0.03708,0.7089],[0.03627,0.7525],[0.03377,0.8285],[0.02482,0.9872],[0.02433,1.0125],[0.02247,1.0665],[0.02228,1.0806],[0.02112,1.1147],[0.02018,1.1418],[0.01965,1.1528],[0.01952,1.1520],[0.01969,1.1435],[0.01980,1.1382],[0.02113,1.1131],[0.02363,1.0841],[0.02675,1.0559],[0.03012,1.0308],[0.03358,1.0085],[0.03683,0.9921],[0.03975,0.9821],[0.04240,0.9758],[0.04489,0.9733],[0.04695,0.9761],[0.04904,0.9792],[0.05106,0.9832],[0.05273,0.9917],[0.05445,0.9996],[0.05600,1.0098],[0.05756,1.0199],[0.05867,1.0341],[0.06035,1.0443],[0.06187,1.0558],[0.06266,1.0760],[0.06460,1.0820],[0.06627,1.0887],[0.06731,1.0904],[0.06922,1.1081],[0.07216,1.1108],[0.07487,1.1169],[0.07753,1.1220],[0.08050,1.1305],[0.08463,1.1219],[0.08882,1.1182],[0.09278,1.1143],[0.09655,1.1121],[0.10075,1.1080],[0.10486,1.1050],[0.11005,1.0963],[0.11713,1.0772],[0.12371,1.0618],],[[0.15738,-0.3781],[0.15254,-0.3774],[0.03287,-0.4244],[0.03297,-0.3780],[0.03284,-0.3538],[0.03283,-0.3298],[0.03249,-0.2945],[0.03190,-0.2794],[0.03134,-0.2651],[0.03066,-0.2533],[0.02969,-0.2477],[0.02819,-0.2504],[0.02697,-0.2449],[0.02535,-0.2458],[0.02335,-0.2526],[0.02175,-0.2524],[0.02008,-0.2535],[0.01834,-0.2562],[0.01731,-0.2522],[0.01586,-0.2586],[0.01525,-0.2437],[0.01462,-0.2274],[0.01401,-0.2092],[0.01247,-0.1991],[0.01079,-0.1862],[0.01087,-0.1576],[0.01096,-0.1287],[0.01110,-0.0994],[0.01126,-0.0705],[0.01144,-0.0412],[0.01158,-0.0118],[0.01158,0.0172],[0.01164,0.0462],[0.01168,0.0750],[0.01171,0.1039],[0.01169,0.1329],[0.01168,0.1619],[0.01168,0.1910],[0.01170,0.2203],[0.01163,0.2492],[0.01161,0.2782],[0.01163,0.3074],[0.01167,0.3367],[0.01174,0.3661],[0.01185,0.3956],[0.01194,0.4247],[0.01199,0.4534],[0.01205,0.4820],[0.01205,0.5105],[0.01209,0.5389],[0.01216,0.5675],[0.01225,0.5962],[0.01235,0.6249],[0.01245,0.6536],[0.01256,0.6824],[0.01263,0.7112],[0.01271,0.7398],[0.01283,0.7686],[0.01296,0.7977],[0.01311,0.8272],[0.01335,0.8560],[0.01336,0.8822],[0.01319,0.9081],[0.01290,0.9393],[0.01253,0.9608],[0.01233,0.9875],[0.01220,1.0111],[0.01210,1.0377],[0.01205,1.0606],[0.01195,1.0839],[0.01189,1.1049],[0.01183,1.1256],[0.01180,1.1437],[0.01206,1.1451],[0.01321,1.1220],[0.01656,1.0811],[0.01846,1.0648],[0.02058,1.0508],[0.02288,1.0392],[0.02508,1.0326],[0.02721,1.0284],[0.02909,1.0290],[0.03094,1.0311],[0.03273,1.0344],[0.03456,1.0377],[0.03609,1.0455],[0.03813,1.0473],[0.03947,1.0583],[0.04124,1.0645],[0.04317,1.0692],[0.04468,1.0792],[0.04637,1.0877],[0.04879,1.0884],[0.05022,1.1004],[0.05183,1.1105],[0.05394,1.1159],[0.05588,1.1233],[0.05741,1.1351],[0.05925,1.1440],[0.06162,1.1482],[0.06331,1.1590],[0.06543,1.1662],[0.06786,1.1706],[0.07195,1.1862],[0.07404,1.1909],[0.07697,1.1854],[0.07957,1.1913],[0.08224,1.1969],[0.08509,1.2013],[0.08854,1.2016],[0.09269,1.1973],[0.09620,1.1982],[0.09999,1.1978],[0.10373,1.1979],[0.10769,1.1970],[0.11205,1.1940],[0.11684,1.1887],],[[0.09036,-0.2978],[0.08202,-0.3266],[0.07483,-0.3533],[0.06898,-0.3769],[0.06329,-0.3998],[0.03551,-0.5271],[0.03536,-0.5044],[0.03489,-0.4872],[0.03449,-0.4697],[0.03420,-0.4527],[0.03376,-0.4369],[0.03320,-0.4216],[0.03252,-0.4040],[0.03193,-0.3932],[0.03095,-0.3874],[0.03004,-0.3774],[0.02904,-0.3691],[0.02794,-0.3618],[0.02685,-0.3545],[0.02565,-0.3493],[0.02422,-0.3467],[0.02307,-0.3391],[0.02150,-0.3388],[0.01950,-0.3455],[0.01826,-0.3396],[0.01655,-0.3416],[0.01547,-0.3367],[0.01425,-0.3408],[0.01378,-0.3239],[0.01322,-0.3078],[0.01278,-0.2882],[0.01242,-0.2654],[0.01210,-0.2415],[0.01170,-0.2181],[0.01132,-0.1940],[0.01093,-0.1695],[0.00850,-0.1596],[0.00841,-0.1312],[0.00838,-0.1025],[0.00840,-0.0734],[0.00842,-0.0441],[0.00847,-0.0144],[0.00845,0.0147],[0.00845,0.0441],[0.00849,0.0736],[0.00851,0.1030],[0.00854,0.1325],[0.00848,0.1614],[0.00847,0.1906],[0.00847,0.2199],[0.00849,0.2492],[0.00852,0.2786],[0.00856,0.3081],[0.00863,0.3377],[0.00867,0.3673],[0.00870,0.3967],[0.00871,0.4260],[0.00869,0.4552],[0.00870,0.4845],[0.00872,0.5138],[0.00875,0.5430],[0.00878,0.5723],[0.00883,0.6017],[0.00889,0.6310],[0.00894,0.6604],[0.00896,0.6897],[0.00900,0.7190],[0.00906,0.7483],[0.00912,0.7776],[0.00919,0.8069],[0.00934,0.8363],[0.00921,0.8623],[0.00901,0.8876],[0.00894,0.9130],[0.00886,0.9388],[0.00893,0.9658],[0.00890,0.9926],[0.00890,1.0188],[0.00890,1.0448],[0.00893,1.0697],[0.00901,1.0935],[0.00981,1.0957],[0.01098,1.0839],[0.01214,1.0732],[0.01334,1.0638],[0.01451,1.0575],[0.01573,1.0531],[0.01699,1.0510],[0.01838,1.0494],[0.01975,1.0511],[0.02104,1.0564],[0.02240,1.0617],[0.02381,1.0675],[0.02526,1.0733],[0.02651,1.0826],[0.02800,1.0889],[0.02933,1.0982],[0.03077,1.1059],[0.03205,1.1162],[0.03342,1.1259],[0.03497,1.1333],[0.03627,1.1442],[0.03767,1.1544],[0.03921,1.1630],[0.04066,1.1730],[0.04211,1.1834],[0.04368,1.1926],[0.04543,1.2003],[0.04683,1.2121],[0.04843,1.2220],[0.05021,1.2300],[0.05192,1.2392],[0.05362,1.2489],[0.05543,1.2576],[0.05751,1.2638],[0.05928,1.2735],[0.06122,1.2817],[0.06344,1.2877],[0.06579,1.2929],[0.06796,1.2998],[0.07030,1.3054],[0.07319,1.3063],[0.07578,1.3082],[0.07787,1.3112],[0.08076,1.3144],[0.08388,1.3162],[0.08690,1.3189],[0.09074,1.3163],[0.09458,1.3142],],],
{"title":"Cl v Cd","sortData":false,"legend":{"show":false,"placement":"insideGrid","location":"ne"},"series":[{"showLabel":true,"index":0,"showLine":true,"trendline":{"type":"none","show":false},"color":"#4bb2c5"},{"showLabel":true,"index":0,"showLine":true,"trendline":{"type":"none","show":false},"color":"#EAA228"},{"showLabel":true,"index":0,"showLine":true,"trendline":{"type":"none","show":false},"color":"#839557"},{"showLabel":true,"index":0,"showLine":true,"trendline":{"type":"none","show":false},"color":"#953579"},{"showLabel":true,"index":0,"showLine":true,"trendline":{"type":"none","show":false},"color":"#d8b83f"}],"show":"$.jqplot.config.enablePlugins","axes":{"xaxis":{"max":0.2,"min":0,"tickInterval":0.02,"tickOptions":{"formatString":"%.2f"},"forceTickAt0":true,"rendererOptions":{"forceTickAt0":true}},"yaxis":{"max":1.5,"min":-1,"tickInterval":0.5,"tickOptions":{"formatString":"%.2f"},"forceTickAt0":true,"rendererOptions":{"forceTickAt0":true}}},"seriesDefaults":{"lineWidth":1,"showLabel":true,"markerOptions":{"size":5,"show":false}}});
jqplots.push(p);

var p = $.jqplot('liftaoa',[[[-12.000,-0.2536],[-11.750,-0.2699],[-11.500,-0.3584],[-11.250,-0.4128],[-11.000,-0.4701],[-10.750,-0.5118],[-10.500,-0.5516],[-10.250,-0.5950],[-10.000,-0.6398],[-9.750,-0.6862],[-9.500,-0.6803],[-9.250,-0.7247],[-9.000,-0.7651],[-8.750,-0.8069],[-8.500,-0.8468],[-8.250,-0.8842],[-8.000,-0.8966],[-7.500,-0.8677],[-7.250,-0.8351],[-7.000,-0.8096],[-6.750,-0.7851],[-6.500,-0.7659],[-6.250,-0.0665],[-6.000,-0.0555],[-5.750,-0.0185],[-5.500,-0.0003],[-5.250,0.0064],[-5.000,0.0134],[-4.750,0.0116],[-4.500,0.0254],[-4.250,0.0364],[-4.000,0.0427],[-3.750,0.0592],[-3.250,0.0576],[-3.000,0.0574],[-2.750,0.0660],[-2.500,0.0769],[-2.250,0.0915],[-2.000,0.1101],[-1.750,0.1154],[-1.250,0.1277],[-1.000,0.0174],[-0.750,0.0233],[-0.500,0.0292],[-0.250,0.0350],[0.000,0.0408],[0.250,0.0465],[0.500,0.0521],[0.750,0.0577],[1.000,0.0631],[1.250,0.0684],[1.500,0.0736],[1.750,0.0787],[2.000,-0.4103],[2.250,-0.3989],[2.500,-0.3803],[2.750,-0.3530],[3.000,-0.3227],[3.250,-0.2951],[3.500,-0.2636],[3.750,-0.2396],[4.000,-0.2080],[4.250,-0.1877],[4.500,-0.1546],[4.750,-0.1361],[5.000,-0.1032],[5.250,-0.0794],[5.500,-0.0530],[5.750,-0.0233],[6.000,-0.0070],[6.250,0.0167],[6.500,0.0492],[6.750,0.0676],[7.000,0.0862],[7.250,0.1173],[7.500,0.1359],[7.750,0.1507],[8.000,0.1851],[8.250,0.2046],[8.500,0.2153],[8.750,0.2320],[9.000,0.2530],[9.250,0.2810],[9.500,0.3038],[9.750,0.3176],[10.000,0.3347],[10.250,0.3542],[10.500,0.3676],[10.750,0.3722],[11.000,0.3911],[11.250,0.4384],[11.500,0.5122],[11.750,0.5406],[12.000,0.6212],[12.250,0.8731],[12.500,0.8896],[12.750,0.9231],[13.000,1.0038],[13.250,1.0493],[13.500,1.0931],[13.750,1.0884],[14.000,1.1289],[14.250,1.1121],[14.500,1.0917],[14.750,1.0703],[15.000,1.0466],[15.250,1.0237],[15.500,0.9994],[15.750,0.9767],[16.000,0.8612],],[[-13.500,-0.3042],[-13.250,-0.3366],[-13.000,-0.3743],[-12.750,-0.3037],[-12.500,-0.3379],[-12.250,-0.3750],[-12.000,-0.3386],[-11.750,-0.3737],[-11.500,-0.4065],[-11.250,-0.4395],[-11.000,-0.4670],[-10.750,-0.4926],[-10.500,-0.5222],[-10.250,-0.5264],[-10.000,-0.5427],[-9.750,-0.5506],[-9.500,-0.5719],[-8.250,-0.3697],[-8.000,-0.2900],[-7.750,-0.2278],[-7.500,-0.0891],[-7.250,-0.0752],[-7.000,-0.0778],[-6.750,-0.0872],[-6.500,-0.1044],[-6.250,-0.1242],[-6.000,-0.1480],[-5.750,0.1763],[-5.500,0.1984],[-5.250,0.2190],[-5.000,0.2372],[-4.750,0.2545],[-4.500,0.2708],[-4.250,0.2559],[-4.000,0.2796],[-3.750,0.3018],[-3.500,0.3238],[-3.250,0.3452],[-3.000,0.3656],[-2.750,0.3825],[-2.500,0.3651],[-2.250,0.3869],[-2.000,0.4069],[-1.750,0.4245],[-1.500,0.4384],[-1.250,0.4164],[-1.000,0.4446],[-0.750,-0.3662],[-0.500,-0.3627],[-0.250,-0.3381],[0.000,-0.3085],[0.750,-0.2384],[1.000,-0.2238],[1.250,-0.1885],[1.500,-0.1730],[1.750,-0.1426],[2.000,-0.1021],[2.250,-0.0927],[2.500,-0.0626],[2.750,-0.0248],[3.000,-0.0236],[3.250,0.0133],[3.500,0.0193],[3.750,0.0549],[4.000,0.0673],[4.250,0.1012],[4.500,0.1404],[4.750,0.1396],[5.000,0.1791],[5.250,0.1813],[5.500,0.2252],[5.750,0.2268],[6.000,0.2684],[6.250,0.2691],[6.500,0.2797],[6.750,0.3232],[7.000,0.3277],[7.250,0.3424],[7.500,0.3978],[7.750,0.4235],[8.000,0.4797],[8.250,0.5075],[8.500,0.5310],[8.750,0.5538],[9.000,0.6212],[9.250,0.6467],[11.000,0.8936],[11.250,0.9461],[11.500,0.9253],[11.750,0.9142],[12.000,0.9175],[12.250,0.9265],[12.500,0.9420],[12.750,0.9603],[13.000,0.9842],[13.500,1.0205],[13.750,1.0629],[14.000,1.0863],[14.250,1.1198],[14.500,1.1185],[14.750,1.1161],[15.000,1.1104],[15.250,1.1077],[15.500,1.1210],[15.750,1.1107],[16.000,1.0935],[16.250,1.0739],[16.500,1.0526],[16.750,1.0305],[17.000,0.9414],[17.250,0.9063],[17.500,0.8824],[17.750,0.8666],[18.000,0.5704],],[[-12.500,-0.4795],[-12.250,-0.5033],[-12.000,-0.5249],[-11.750,-0.5474],[-11.500,-0.5589],[-11.000,-0.5808],[-10.750,-0.5539],[-10.500,-0.5360],[-10.250,-0.5316],[-10.000,-0.5317],[-9.750,-0.5341],[-9.500,-0.5506],[-9.250,-0.5318],[-9.000,-0.5160],[-8.500,-0.3045],[-8.250,-0.4308],[-8.000,-0.2117],[-7.750,-0.1910],[-7.500,-0.1736],[-7.250,-0.1605],[-7.000,-0.1501],[-6.750,-0.1461],[-6.500,-0.1433],[-6.250,-0.1493],[-6.000,-0.1531],[-5.750,-0.1703],[-5.500,-0.1845],[-5.250,-0.2012],[-5.000,-0.2094],[-4.750,-0.2276],[-4.500,-0.2010],[-4.250,-0.1728],[-4.000,-0.1381],[-3.750,-0.1006],[-3.500,-0.0721],[-3.250,-0.0501],[-3.000,-0.0083],[-2.750,0.0183],[-2.500,0.0376],[-2.250,0.0586],[-2.000,0.0817],[-1.750,0.1061],[-1.500,0.1305],[-1.250,0.1537],[-1.000,0.1781],[-0.750,0.2030],[-0.500,0.2282],[-0.250,0.2538],[0.000,0.2798],[0.250,0.3063],[0.500,0.3329],[0.750,0.3598],[1.000,0.3871],[1.250,0.4112],[1.500,0.4294],[1.750,0.4480],[2.000,0.4675],[2.250,0.4877],[2.500,0.5108],[2.750,0.5360],[3.000,0.5629],[3.250,0.5911],[3.500,0.6192],[3.750,0.5759],[4.000,0.5910],[4.250,0.6179],[4.500,0.6508],[4.750,0.6865],[5.000,0.7229],[5.250,0.5401],[5.500,0.5778],[5.750,0.6194],[6.000,0.6631],[6.250,0.7089],[6.500,0.7525],[6.750,0.8285],[7.000,0.9872],[7.250,1.0125],[7.500,1.0665],[7.750,1.0806],[8.000,1.1147],[8.250,1.1418],[8.500,1.1528],[8.750,1.1520],[9.000,1.1435],[9.250,1.1382],[9.500,1.1131],[9.750,1.0841],[10.000,1.0559],[10.250,1.0308],[10.500,1.0085],[10.750,0.9921],[11.000,0.9821],[11.250,0.9758],[11.500,0.9733],[11.750,0.9761],[12.000,0.9792],[12.250,0.9832],[12.500,0.9917],[12.750,0.9996],[13.000,1.0098],[13.250,1.0199],[13.500,1.0341],[13.750,1.0443],[14.000,1.0558],[14.250,1.0760],[14.500,1.0820],[14.750,1.0887],[15.000,1.0904],[15.250,1.1081],[15.500,1.1108],[15.750,1.1169],[16.000,1.1220],[16.250,1.1305],[16.500,1.1219],[16.750,1.1182],[17.000,1.1143],[17.250,1.1121],[17.500,1.1080],[17.750,1.1050],[18.000,1.0963],[18.250,1.0772],[18.500,1.0618],],[[-16.000,-0.3781],[-15.750,-0.3774],[-10.000,-0.4244],[-9.750,-0.3780],[-9.500,-0.3538],[-9.250,-0.3298],[-8.750,-0.2945],[-8.500,-0.2794],[-8.250,-0.2651],[-8.000,-0.2533],[-7.750,-0.2477],[-7.500,-0.2504],[-7.250,-0.2449],[-7.000,-0.2458],[-6.750,-0.2526],[-6.500,-0.2524],[-6.250,-0.2535],[-6.000,-0.2562],[-5.750,-0.2522],[-5.500,-0.2586],[-5.250,-0.2437],[-5.000,-0.2274],[-4.750,-0.2092],[-4.500,-0.1991],[-4.250,-0.1862],[-4.000,-0.1576],[-3.750,-0.1287],[-3.500,-0.0994],[-3.250,-0.0705],[-3.000,-0.0412],[-2.750,-0.0118],[-2.500,0.0172],[-2.250,0.0462],[-2.000,0.0750],[-1.750,0.1039],[-1.500,0.1329],[-1.250,0.1619],[-1.000,0.1910],[-0.750,0.2203],[-0.500,0.2492],[-0.250,0.2782],[0.000,0.3074],[0.250,0.3367],[0.500,0.3661],[0.750,0.3956],[1.000,0.4247],[1.250,0.4534],[1.500,0.4820],[1.750,0.5105],[2.000,0.5389],[2.250,0.5675],[2.500,0.5962],[2.750,0.6249],[3.000,0.6536],[3.250,0.6824],[3.500,0.7112],[3.750,0.7398],[4.000,0.7686],[4.250,0.7977],[4.500,0.8272],[4.750,0.8560],[5.000,0.8822],[5.250,0.9081],[5.500,0.9393],[5.750,0.9608],[6.000,0.9875],[6.250,1.0111],[6.500,1.0377],[6.750,1.0606],[7.000,1.0839],[7.250,1.1049],[7.500,1.1256],[7.750,1.1437],[8.000,1.1451],[8.250,1.1220],[8.750,1.0811],[9.000,1.0648],[9.250,1.0508],[9.500,1.0392],[9.750,1.0326],[10.000,1.0284],[10.250,1.0290],[10.500,1.0311],[10.750,1.0344],[11.000,1.0377],[11.250,1.0455],[11.500,1.0473],[11.750,1.0583],[12.000,1.0645],[12.250,1.0692],[12.500,1.0792],[12.750,1.0877],[13.000,1.0884],[13.250,1.1004],[13.500,1.1105],[13.750,1.1159],[14.000,1.1233],[14.250,1.1351],[14.500,1.1440],[14.750,1.1482],[15.000,1.1590],[15.250,1.1662],[15.500,1.1706],[16.000,1.1862],[16.250,1.1909],[16.500,1.1854],[16.750,1.1913],[17.000,1.1969],[17.250,1.2013],[17.500,1.2016],[17.750,1.1973],[18.000,1.1982],[18.250,1.1978],[18.500,1.1979],[18.750,1.1970],[19.000,1.1940],[19.250,1.1887],],[[-14.000,-0.2978],[-13.750,-0.3266],[-13.500,-0.3533],[-13.250,-0.3769],[-13.000,-0.3998],[-11.750,-0.5271],[-11.500,-0.5044],[-11.250,-0.4872],[-11.000,-0.4697],[-10.750,-0.4527],[-10.500,-0.4369],[-10.250,-0.4216],[-10.000,-0.4040],[-9.750,-0.3932],[-9.500,-0.3874],[-9.250,-0.3774],[-9.000,-0.3691],[-8.750,-0.3618],[-8.500,-0.3545],[-8.250,-0.3493],[-8.000,-0.3467],[-7.750,-0.3391],[-7.500,-0.3388],[-7.250,-0.3455],[-7.000,-0.3396],[-6.750,-0.3416],[-6.500,-0.3367],[-6.250,-0.3408],[-6.000,-0.3239],[-5.750,-0.3078],[-5.500,-0.2882],[-5.250,-0.2654],[-5.000,-0.2415],[-4.750,-0.2181],[-4.500,-0.1940],[-4.250,-0.1695],[-4.000,-0.1596],[-3.750,-0.1312],[-3.500,-0.1025],[-3.250,-0.0734],[-3.000,-0.0441],[-2.750,-0.0144],[-2.500,0.0147],[-2.250,0.0441],[-2.000,0.0736],[-1.750,0.1030],[-1.500,0.1325],[-1.250,0.1614],[-1.000,0.1906],[-0.750,0.2199],[-0.500,0.2492],[-0.250,0.2786],[0.000,0.3081],[0.250,0.3377],[0.500,0.3673],[0.750,0.3967],[1.000,0.4260],[1.250,0.4552],[1.500,0.4845],[1.750,0.5138],[2.000,0.5430],[2.250,0.5723],[2.500,0.6017],[2.750,0.6310],[3.000,0.6604],[3.250,0.6897],[3.500,0.7190],[3.750,0.7483],[4.000,0.7776],[4.250,0.8069],[4.500,0.8363],[4.750,0.8623],[5.000,0.8876],[5.250,0.9130],[5.500,0.9388],[5.750,0.9658],[6.000,0.9926],[6.250,1.0188],[6.500,1.0448],[6.750,1.0697],[7.000,1.0935],[7.250,1.0957],[7.500,1.0839],[7.750,1.0732],[8.000,1.0638],[8.250,1.0575],[8.500,1.0531],[8.750,1.0510],[9.000,1.0494],[9.250,1.0511],[9.500,1.0564],[9.750,1.0617],[10.000,1.0675],[10.250,1.0733],[10.500,1.0826],[10.750,1.0889],[11.000,1.0982],[11.250,1.1059],[11.500,1.1162],[11.750,1.1259],[12.000,1.1333],[12.250,1.1442],[12.500,1.1544],[12.750,1.1630],[13.000,1.1730],[13.250,1.1834],[13.500,1.1926],[13.750,1.2003],[14.000,1.2121],[14.250,1.2220],[14.500,1.2300],[14.750,1.2392],[15.000,1.2489],[15.250,1.2576],[15.500,1.2638],[15.750,1.2735],[16.000,1.2817],[16.250,1.2877],[16.500,1.2929],[16.750,1.2998],[17.000,1.3054],[17.250,1.3063],[17.500,1.3082],[17.750,1.3112],[18.000,1.3144],[18.250,1.3162],[18.500,1.3189],[18.750,1.3163],[19.000,1.3142],],],
{"title":"Cl v Alpha","sortData":false,"legend":{"show":false,"placement":"insideGrid","location":"ne"},"series":[{"showLabel":true,"index":0,"showLine":true,"trendline":{"type":"none","show":false},"color":"#4bb2c5"},{"showLabel":true,"index":0,"showLine":true,"trendline":{"type":"none","show":false},"color":"#EAA228"},{"showLabel":true,"index":0,"showLine":true,"trendline":{"type":"none","show":false},"color":"#839557"},{"showLabel":true,"index":0,"showLine":true,"trendline":{"type":"none","show":false},"color":"#953579"},{"showLabel":true,"index":0,"showLine":true,"trendline":{"type":"none","show":false},"color":"#d8b83f"}],"show":"$.jqplot.config.enablePlugins","axes":{"xaxis":{"max":20,"min":-20,"tickInterval":5,"tickOptions":{"formatString":"%.1f"},"forceTickAt0":true,"rendererOptions":{"forceTickAt0":true}},"yaxis":{"max":1.5,"min":-1,"tickInterval":0.5,"tickOptions":{"formatString":"%.2f"},"forceTickAt0":true,"rendererOptions":{"forceTickAt0":true}}},"seriesDefaults":{"lineWidth":1,"showLabel":true,"markerOptions":{"size":5,"show":false}}});
jqplots.push(p);

var p = $.jqplot('momentaoa',[[[-12.000,-0.0392],[-11.750,-0.0398],[-11.500,-0.0482],[-11.250,-0.0526],[-11.000,-0.0533],[-10.750,-0.0489],[-10.500,-0.0438],[-10.250,-0.0413],[-10.000,-0.0397],[-9.750,-0.0381],[-9.500,-0.0484],[-9.250,-0.0468],[-9.000,-0.0443],[-8.750,-0.0410],[-8.500,-0.0370],[-8.250,-0.0330],[-8.000,-0.0305],[-7.500,-0.0319],[-7.250,-0.0306],[-7.000,-0.0289],[-6.750,-0.0272],[-6.500,-0.0249],[-6.250,-0.0438],[-6.000,-0.0425],[-5.750,-0.0463],[-5.500,-0.0472],[-5.250,-0.0456],[-5.000,-0.0441],[-4.750,-0.0409],[-4.500,-0.0408],[-4.250,-0.0401],[-4.000,-0.0386],[-3.750,-0.0391],[-3.250,-0.0333],[-3.000,-0.0306],[-2.750,-0.0296],[-2.500,-0.0293],[-2.250,-0.0297],[-2.000,-0.0310],[-1.750,-0.0300],[-1.250,-0.0285],[-1.000,-0.0028],[-0.750,-0.0016],[-0.500,-0.0003],[-0.250,0.0010],[0.000,0.0022],[0.250,0.0035],[0.500,0.0047],[0.750,0.0059],[1.000,0.0072],[1.250,0.0084],[1.500,0.0096],[1.750,0.0108],[2.000,0.0880],[2.250,0.0872],[2.500,0.0845],[2.750,0.0796],[3.000,0.0743],[3.250,0.0699],[3.500,0.0653],[3.750,0.0624],[4.000,0.0584],[4.250,0.0567],[4.500,0.0525],[4.750,0.0511],[5.000,0.0468],[5.250,0.0440],[5.500,0.0404],[5.750,0.0375],[6.000,0.0368],[6.250,0.0344],[6.500,0.0303],[6.750,0.0287],[7.000,0.0279],[7.250,0.0245],[7.500,0.0225],[7.750,0.0222],[8.000,0.0185],[8.250,0.0164],[8.500,0.0167],[8.750,0.0155],[9.000,0.0136],[9.250,0.0113],[9.500,0.0094],[9.750,0.0089],[10.000,0.0077],[10.250,0.0066],[10.500,0.0062],[10.750,0.0062],[11.000,0.0059],[11.250,0.0079],[11.500,0.0093],[11.750,0.0080],[12.000,0.0048],[12.250,0.0112],[12.500,0.0121],[12.750,0.0118],[13.000,0.0103],[13.250,0.0088],[13.500,0.0072],[13.750,0.0077],[14.000,0.0060],[14.250,0.0070],[14.500,0.0075],[14.750,0.0076],[15.000,0.0071],[15.250,0.0060],[15.500,0.0044],[15.750,0.0022],[16.000,-0.0093],],[[-13.500,-0.0628],[-13.250,-0.0574],[-13.000,-0.0641],[-12.750,-0.0637],[-12.500,-0.0703],[-12.250,-0.0761],[-12.000,-0.0779],[-11.750,-0.0830],[-11.500,-0.0879],[-11.250,-0.0916],[-11.000,-0.0952],[-10.750,-0.0980],[-10.500,-0.0986],[-10.250,-0.0989],[-10.000,-0.0972],[-9.750,-0.0961],[-9.500,-0.0922],[-8.250,-0.0944],[-8.000,-0.1021],[-7.750,-0.1024],[-7.500,-0.0984],[-7.250,-0.0971],[-7.000,-0.0955],[-6.750,-0.0941],[-6.500,-0.0920],[-6.250,-0.0900],[-6.000,-0.0870],[-5.750,-0.0874],[-5.500,-0.0879],[-5.250,-0.0881],[-5.000,-0.0881],[-4.750,-0.0879],[-4.500,-0.0876],[-4.250,-0.0832],[-4.000,-0.0839],[-3.750,-0.0845],[-3.500,-0.0849],[-3.250,-0.0853],[-3.000,-0.0854],[-2.750,-0.0849],[-2.500,-0.0799],[-2.250,-0.0804],[-2.000,-0.0805],[-1.750,-0.0803],[-1.500,-0.0794],[-1.250,-0.0732],[-1.000,-0.0745],[-0.750,0.0307],[-0.500,0.0340],[-0.250,0.0304],[0.000,0.0202],[0.750,0.0133],[1.000,0.0125],[1.250,0.0082],[1.500,0.0072],[1.750,0.0040],[2.000,-0.0013],[2.250,-0.0009],[2.500,-0.0027],[2.750,-0.0058],[3.000,-0.0035],[3.250,-0.0066],[3.500,-0.0053],[3.750,-0.0085],[4.000,-0.0086],[4.250,-0.0118],[4.500,-0.0147],[4.750,-0.0122],[5.000,-0.0152],[5.250,-0.0135],[5.500,-0.0178],[5.750,-0.0160],[6.000,-0.0188],[6.250,-0.0169],[6.500,-0.0167],[6.750,-0.0203],[7.000,-0.0189],[7.250,-0.0188],[7.500,-0.0224],[7.750,-0.0231],[8.000,-0.0218],[8.250,-0.0221],[8.500,-0.0221],[8.750,-0.0217],[9.000,-0.0238],[9.250,-0.0227],[11.000,-0.0152],[11.250,-0.0109],[11.500,-0.0081],[11.750,-0.0059],[12.000,-0.0044],[12.250,-0.0026],[12.500,-0.0010],[12.750,0.0006],[13.000,0.0023],[13.500,0.0062],[13.750,0.0038],[14.000,0.0026],[14.250,0.0010],[14.500,0.0012],[14.750,0.0013],[15.000,0.0013],[15.250,0.0010],[15.500,0.0003],[15.750,-0.0001],[16.000,-0.0008],[16.250,-0.0018],[16.500,-0.0034],[16.750,-0.0055],[17.000,-0.0141],[17.250,-0.0206],[17.500,-0.0265],[17.750,-0.0318],[18.000,-0.0344],],[[-12.500,-0.0758],[-12.250,-0.0756],[-12.000,-0.0749],[-11.750,-0.0814],[-11.500,-0.0864],[-11.000,-0.0914],[-10.750,-0.0963],[-10.500,-0.0988],[-10.250,-0.0986],[-10.000,-0.0967],[-9.750,-0.0936],[-9.500,-0.0877],[-9.250,-0.0895],[-9.000,-0.0891],[-8.500,-0.0916],[-8.250,-0.0872],[-8.000,-0.0937],[-7.750,-0.0925],[-7.500,-0.0914],[-7.250,-0.0893],[-7.000,-0.0877],[-6.750,-0.0861],[-6.500,-0.0844],[-6.250,-0.0823],[-6.000,-0.0805],[-5.750,-0.0780],[-5.500,-0.0754],[-5.250,-0.0719],[-5.000,-0.0689],[-4.750,-0.0652],[-4.500,-0.0648],[-4.250,-0.0645],[-4.000,-0.0643],[-3.750,-0.0642],[-3.500,-0.0642],[-3.250,-0.0641],[-3.000,-0.0637],[-2.750,-0.0637],[-2.500,-0.0640],[-2.250,-0.0646],[-2.000,-0.0653],[-1.750,-0.0661],[-1.500,-0.0668],[-1.250,-0.0672],[-1.000,-0.0674],[-0.750,-0.0676],[-0.500,-0.0678],[-0.250,-0.0681],[0.000,-0.0685],[0.250,-0.0689],[0.500,-0.0694],[0.750,-0.0701],[1.000,-0.0709],[1.250,-0.0711],[1.500,-0.0703],[1.750,-0.0696],[2.000,-0.0690],[2.250,-0.0686],[2.500,-0.0686],[2.750,-0.0690],[3.000,-0.0697],[3.250,-0.0702],[3.500,-0.0708],[3.750,-0.0620],[4.000,-0.0609],[4.250,-0.0614],[4.500,-0.0628],[4.750,-0.0643],[5.000,-0.0659],[5.250,-0.0427],[5.500,-0.0439],[5.750,-0.0455],[6.000,-0.0474],[6.250,-0.0493],[6.500,-0.0511],[6.750,-0.0569],[7.000,-0.0713],[7.250,-0.0707],[7.500,-0.0741],[7.750,-0.0717],[8.000,-0.0721],[8.250,-0.0714],[8.500,-0.0682],[8.750,-0.0631],[9.000,-0.0570],[9.250,-0.0516],[9.500,-0.0441],[9.750,-0.0378],[10.000,-0.0329],[10.250,-0.0291],[10.500,-0.0260],[10.750,-0.0236],[11.000,-0.0219],[11.250,-0.0203],[11.500,-0.0191],[11.750,-0.0182],[12.000,-0.0173],[12.250,-0.0165],[12.500,-0.0158],[12.750,-0.0153],[13.000,-0.0145],[13.250,-0.0140],[13.500,-0.0130],[13.750,-0.0127],[14.000,-0.0123],[14.250,-0.0111],[14.500,-0.0106],[14.750,-0.0096],[15.000,-0.0076],[15.250,-0.0077],[15.500,-0.0083],[15.750,-0.0087],[16.000,-0.0094],[16.250,-0.0094],[16.500,-0.0105],[16.750,-0.0112],[17.000,-0.0124],[17.250,-0.0137],[17.500,-0.0151],[17.750,-0.0166],[18.000,-0.0183],[18.250,-0.0210],[18.500,-0.0242],],[[-16.000,-0.0502],[-15.750,-0.0522],[-10.000,-0.0949],[-9.750,-0.0934],[-9.500,-0.0922],[-9.250,-0.0909],[-8.750,-0.0881],[-8.500,-0.0874],[-8.250,-0.0864],[-8.000,-0.0851],[-7.750,-0.0835],[-7.500,-0.0814],[-7.250,-0.0801],[-7.000,-0.0783],[-6.750,-0.0762],[-6.500,-0.0746],[-6.250,-0.0728],[-6.000,-0.0709],[-5.750,-0.0690],[-5.500,-0.0663],[-5.250,-0.0654],[-5.000,-0.0646],[-4.750,-0.0642],[-4.500,-0.0632],[-4.250,-0.0628],[-4.000,-0.0633],[-3.750,-0.0639],[-3.500,-0.0645],[-3.250,-0.0650],[-3.000,-0.0656],[-2.750,-0.0663],[-2.500,-0.0670],[-2.250,-0.0676],[-2.000,-0.0681],[-1.750,-0.0687],[-1.500,-0.0694],[-1.250,-0.0700],[-1.000,-0.0707],[-0.750,-0.0714],[-0.500,-0.0721],[-0.250,-0.0727],[0.000,-0.0734],[0.250,-0.0742],[0.500,-0.0749],[0.750,-0.0757],[1.000,-0.0764],[1.250,-0.0770],[1.500,-0.0776],[1.750,-0.0782],[2.000,-0.0787],[2.250,-0.0793],[2.500,-0.0799],[2.750,-0.0806],[3.000,-0.0812],[3.250,-0.0819],[3.500,-0.0825],[3.750,-0.0831],[4.000,-0.0838],[4.250,-0.0844],[4.500,-0.0852],[4.750,-0.0859],[5.000,-0.0860],[5.250,-0.0859],[5.500,-0.0866],[5.750,-0.0855],[6.000,-0.0854],[6.250,-0.0848],[6.500,-0.0848],[6.750,-0.0842],[7.000,-0.0835],[7.250,-0.0825],[7.500,-0.0814],[7.750,-0.0797],[8.000,-0.0749],[8.250,-0.0661],[8.750,-0.0519],[9.000,-0.0466],[9.250,-0.0423],[9.500,-0.0389],[9.750,-0.0363],[10.000,-0.0342],[10.250,-0.0325],[10.500,-0.0311],[10.750,-0.0299],[11.000,-0.0287],[11.250,-0.0279],[11.500,-0.0268],[11.750,-0.0263],[12.000,-0.0256],[12.250,-0.0248],[12.500,-0.0244],[12.750,-0.0241],[13.000,-0.0233],[13.250,-0.0231],[13.500,-0.0229],[13.750,-0.0227],[14.000,-0.0225],[14.250,-0.0225],[14.500,-0.0226],[14.750,-0.0224],[15.000,-0.0225],[15.250,-0.0226],[15.500,-0.0227],[16.000,-0.0230],[16.250,-0.0227],[16.500,-0.0221],[16.750,-0.0226],[17.000,-0.0233],[17.250,-0.0240],[17.500,-0.0249],[17.750,-0.0259],[18.000,-0.0270],[18.250,-0.0282],[18.500,-0.0296],[18.750,-0.0311],[19.000,-0.0329],[19.250,-0.0350],],[[-14.000,-0.0898],[-13.750,-0.0934],[-13.500,-0.0958],[-13.250,-0.0974],[-13.000,-0.0984],[-11.750,-0.0959],[-11.500,-0.0941],[-11.250,-0.0932],[-11.000,-0.0922],[-10.750,-0.0909],[-10.500,-0.0898],[-10.250,-0.0890],[-10.000,-0.0889],[-9.750,-0.0873],[-9.500,-0.0856],[-9.250,-0.0846],[-9.000,-0.0835],[-8.750,-0.0824],[-8.500,-0.0812],[-8.250,-0.0799],[-8.000,-0.0784],[-7.750,-0.0773],[-7.500,-0.0756],[-7.250,-0.0733],[-7.000,-0.0720],[-6.750,-0.0700],[-6.500,-0.0683],[-6.250,-0.0654],[-6.000,-0.0647],[-5.750,-0.0638],[-5.500,-0.0633],[-5.250,-0.0632],[-5.000,-0.0632],[-4.750,-0.0632],[-4.500,-0.0633],[-4.250,-0.0635],[-4.000,-0.0630],[-3.750,-0.0636],[-3.500,-0.0642],[-3.250,-0.0648],[-3.000,-0.0655],[-2.750,-0.0661],[-2.500,-0.0668],[-2.250,-0.0674],[-2.000,-0.0681],[-1.750,-0.0688],[-1.500,-0.0695],[-1.250,-0.0701],[-1.000,-0.0707],[-0.750,-0.0714],[-0.500,-0.0721],[-0.250,-0.0728],[0.000,-0.0735],[0.250,-0.0742],[0.500,-0.0750],[0.750,-0.0757],[1.000,-0.0763],[1.250,-0.0770],[1.500,-0.0777],[1.750,-0.0784],[2.000,-0.0791],[2.250,-0.0797],[2.500,-0.0804],[2.750,-0.0811],[3.000,-0.0818],[3.250,-0.0825],[3.500,-0.0832],[3.750,-0.0839],[4.000,-0.0846],[4.250,-0.0853],[4.500,-0.0861],[4.750,-0.0860],[5.000,-0.0857],[5.250,-0.0855],[5.500,-0.0854],[5.750,-0.0856],[6.000,-0.0857],[6.250,-0.0857],[6.500,-0.0857],[6.750,-0.0855],[7.000,-0.0851],[7.250,-0.0807],[7.500,-0.0738],[7.750,-0.0674],[8.000,-0.0616],[8.250,-0.0566],[8.500,-0.0523],[8.750,-0.0487],[9.000,-0.0456],[9.250,-0.0431],[9.500,-0.0413],[9.750,-0.0396],[10.000,-0.0381],[10.250,-0.0367],[10.500,-0.0356],[10.750,-0.0344],[11.000,-0.0336],[11.250,-0.0326],[11.500,-0.0319],[11.750,-0.0312],[12.000,-0.0303],[12.250,-0.0298],[12.500,-0.0293],[12.750,-0.0287],[13.000,-0.0283],[13.250,-0.0279],[13.500,-0.0275],[13.750,-0.0271],[14.000,-0.0269],[14.250,-0.0267],[14.500,-0.0264],[14.750,-0.0263],[15.000,-0.0262],[15.250,-0.0261],[15.500,-0.0260],[15.750,-0.0261],[16.000,-0.0261],[16.250,-0.0262],[16.500,-0.0263],[16.750,-0.0265],[17.000,-0.0267],[17.250,-0.0269],[17.500,-0.0268],[17.750,-0.0265],[18.000,-0.0271],[18.250,-0.0278],[18.500,-0.0286],[18.750,-0.0295],[19.000,-0.0306],],],
{"title":"Cm v Alpha","sortData":false,"legend":{"show":false,"placement":"insideGrid","location":"ne"},"series":[{"showLabel":true,"index":0,"showLine":true,"trendline":{"type":"none","show":false},"color":"#4bb2c5"},{"showLabel":true,"index":0,"showLine":true,"trendline":{"type":"none","show":false},"color":"#EAA228"},{"showLabel":true,"index":0,"showLine":true,"trendline":{"type":"none","show":false},"color":"#839557"},{"showLabel":true,"index":0,"showLine":true,"trendline":{"type":"none","show":false},"color":"#953579"},{"showLabel":true,"index":0,"showLine":true,"trendline":{"type":"none","show":false},"color":"#d8b83f"}],"show":"$.jqplot.config.enablePlugins","axes":{"xaxis":{"max":20,"min":-20,"tickInterval":5,"tickOptions":{"formatString":"%.1f"},"forceTickAt0":true,"rendererOptions":{"forceTickAt0":true}},"yaxis":{"max":0.1,"min":-0.12,"tickInterval":0.02,"tickOptions":{"formatString":"%.2f"},"forceTickAt0":true,"rendererOptions":{"forceTickAt0":true}}},"seriesDefaults":{"lineWidth":1,"showLabel":true,"markerOptions":{"size":5,"show":false}}});
jqplots.push(p);

var p = $.jqplot('dragaoa',[[[-12.000,0.13390],[-11.750,0.13071],[-11.500,0.11742],[-11.250,0.10813],[-11.000,0.10228],[-10.750,0.10097],[-10.500,0.10053],[-10.250,0.09760],[-10.000,0.09353],[-9.750,0.08905],[-9.500,0.07640],[-9.250,0.07096],[-9.000,0.06680],[-8.750,0.06292],[-8.500,0.05961],[-8.250,0.05644],[-8.000,0.05430],[-7.500,0.06194],[-7.250,0.06162],[-7.000,0.06041],[-6.750,0.05932],[-6.500,0.05875],[-6.250,0.08299],[-6.000,0.08355],[-5.750,0.08175],[-5.500,0.08158],[-5.250,0.08127],[-5.000,0.08136],[-4.750,0.08223],[-4.500,0.08170],[-4.250,0.08177],[-4.000,0.08204],[-3.750,0.08165],[-3.250,0.08250],[-3.000,0.08301],[-2.750,0.08321],[-2.500,0.08303],[-2.250,0.08314],[-2.000,0.08315],[-1.750,0.08322],[-1.250,0.08412],[-1.000,0.08799],[-0.750,0.08799],[-0.500,0.08800],[-0.250,0.08800],[0.000,0.08801],[0.250,0.08803],[0.500,0.08804],[0.750,0.08807],[1.000,0.08810],[1.250,0.08813],[1.500,0.08816],[1.750,0.08820],[2.000,0.06715],[2.250,0.06614],[2.500,0.06551],[2.750,0.06547],[3.000,0.06563],[3.250,0.06579],[3.500,0.06648],[3.750,0.06663],[4.000,0.06776],[4.250,0.06782],[4.500,0.06948],[4.750,0.06933],[5.000,0.07110],[5.250,0.07132],[5.500,0.07216],[5.750,0.07393],[6.000,0.07411],[6.250,0.07534],[6.500,0.07720],[6.750,0.07776],[7.000,0.07904],[7.250,0.08123],[7.500,0.08197],[7.750,0.08306],[8.000,0.08613],[8.250,0.08714],[8.500,0.08796],[8.750,0.08949],[9.000,0.09149],[9.250,0.09428],[9.500,0.09641],[9.750,0.09782],[10.000,0.09968],[10.250,0.10189],[10.500,0.10368],[10.750,0.10475],[11.000,0.10635],[11.250,0.10410],[11.500,0.09934],[11.750,0.09817],[12.000,0.09322],[12.250,0.05637],[12.500,0.05781],[12.750,0.05913],[13.000,0.05951],[13.250,0.06237],[13.500,0.06617],[13.750,0.07000],[14.000,0.07474],[14.250,0.07884],[14.500,0.08330],[14.750,0.08820],[15.000,0.09350],[15.250,0.09927],[15.500,0.10551],[15.750,0.11226],[16.000,0.13077],],[[-13.500,0.12381],[-13.250,0.12551],[-13.000,0.11805],[-12.750,0.11605],[-12.500,0.10762],[-12.250,0.09947],[-12.000,0.09526],[-11.750,0.08673],[-11.500,0.07874],[-11.250,0.07173],[-11.000,0.06549],[-10.750,0.06045],[-10.500,0.05702],[-10.250,0.05159],[-10.000,0.04887],[-9.750,0.04449],[-9.500,0.04349],[-8.250,0.02754],[-8.000,0.03677],[-7.750,0.03630],[-7.500,0.04360],[-7.250,0.04329],[-7.000,0.04185],[-6.750,0.03955],[-6.500,0.03709],[-6.250,0.03417],[-6.000,0.03171],[-5.750,0.05884],[-5.500,0.05796],[-5.250,0.05722],[-5.000,0.05666],[-4.750,0.05619],[-4.500,0.05582],[-4.250,0.05748],[-4.000,0.05637],[-3.750,0.05550],[-3.500,0.05478],[-3.250,0.05418],[-3.000,0.05371],[-2.750,0.05346],[-2.500,0.05502],[-2.250,0.05436],[-2.000,0.05397],[-1.750,0.05380],[-1.500,0.05387],[-1.250,0.05555],[-1.000,0.05462],[-0.750,0.06704],[-0.500,0.06596],[-0.250,0.06462],[0.000,0.06128],[0.750,0.05955],[1.000,0.05824],[1.250,0.05846],[1.500,0.05792],[1.750,0.05784],[2.000,0.05854],[2.250,0.05792],[2.500,0.05873],[2.750,0.06048],[3.000,0.05959],[3.250,0.06100],[3.500,0.06075],[3.750,0.06188],[4.000,0.06211],[4.250,0.06303],[4.500,0.06517],[4.750,0.06468],[5.000,0.06676],[5.250,0.06656],[5.500,0.06866],[5.750,0.06859],[6.000,0.07093],[6.250,0.07086],[6.500,0.07178],[6.750,0.07348],[7.000,0.07409],[7.250,0.07525],[7.500,0.07691],[7.750,0.07741],[8.000,0.07329],[8.250,0.07329],[8.500,0.07346],[8.750,0.07358],[9.000,0.07141],[9.250,0.07039],[11.000,0.05223],[11.250,0.04502],[11.500,0.04835],[11.750,0.05116],[12.000,0.05294],[12.250,0.05410],[12.500,0.05478],[12.750,0.05537],[13.000,0.05571],[13.500,0.05658],[13.750,0.05858],[14.000,0.06119],[14.250,0.06431],[14.500,0.06778],[14.750,0.07166],[15.000,0.07556],[15.250,0.07916],[15.500,0.08244],[15.750,0.08816],[16.000,0.09368],[16.250,0.09902],[16.500,0.10456],[16.750,0.11015],[17.000,0.12571],[17.250,0.13686],[17.500,0.14704],[17.750,0.15640],[18.000,0.18203],],[[-12.500,0.09400],[-12.250,0.09026],[-12.000,0.08698],[-11.750,0.08193],[-11.500,0.07788],[-11.000,0.07266],[-10.750,0.06184],[-10.500,0.05785],[-10.250,0.05521],[-10.000,0.05329],[-9.750,0.05265],[-9.500,0.05623],[-9.250,0.04740],[-9.000,0.04502],[-8.500,0.01994],[-8.250,0.03563],[-8.000,0.03397],[-7.750,0.03389],[-7.500,0.03350],[-7.250,0.03327],[-7.000,0.03269],[-6.750,0.03164],[-6.500,0.03044],[-6.250,0.02875],[-6.000,0.02701],[-5.750,0.02437],[-5.500,0.02212],[-5.250,0.02042],[-5.000,0.01883],[-4.750,0.01625],[-4.500,0.01755],[-4.250,0.01869],[-4.000,0.02040],[-3.750,0.02235],[-3.500,0.02306],[-3.250,0.02287],[-3.000,0.02524],[-2.750,0.02546],[-2.500,0.02455],[-2.250,0.02366],[-2.000,0.02296],[-1.750,0.02241],[-1.500,0.02199],[-1.250,0.02171],[-1.000,0.02163],[-0.750,0.02163],[-0.500,0.02166],[-0.250,0.02171],[0.000,0.02174],[0.250,0.02177],[0.500,0.02184],[0.750,0.02191],[1.000,0.02200],[1.250,0.02221],[1.500,0.02264],[1.750,0.02309],[2.000,0.02358],[2.250,0.02407],[2.500,0.02441],[2.750,0.02468],[3.000,0.02494],[3.250,0.02508],[3.500,0.02535],[3.750,0.02862],[4.000,0.02937],[4.250,0.02965],[4.500,0.02971],[4.750,0.02959],[5.000,0.02953],[5.250,0.03997],[5.500,0.03955],[5.750,0.03892],[6.000,0.03817],[6.250,0.03708],[6.500,0.03627],[6.750,0.03377],[7.000,0.02482],[7.250,0.02433],[7.500,0.02247],[7.750,0.02228],[8.000,0.02112],[8.250,0.02018],[8.500,0.01965],[8.750,0.01952],[9.000,0.01969],[9.250,0.01980],[9.500,0.02113],[9.750,0.02363],[10.000,0.02675],[10.250,0.03012],[10.500,0.03358],[10.750,0.03683],[11.000,0.03975],[11.250,0.04240],[11.500,0.04489],[11.750,0.04695],[12.000,0.04904],[12.250,0.05106],[12.500,0.05273],[12.750,0.05445],[13.000,0.05600],[13.250,0.05756],[13.500,0.05867],[13.750,0.06035],[14.000,0.06187],[14.250,0.06266],[14.500,0.06460],[14.750,0.06627],[15.000,0.06731],[15.250,0.06922],[15.500,0.07216],[15.750,0.07487],[16.000,0.07753],[16.250,0.08050],[16.500,0.08463],[16.750,0.08882],[17.000,0.09278],[17.250,0.09655],[17.500,0.10075],[17.750,0.10486],[18.000,0.11005],[18.250,0.11713],[18.500,0.12371],],[[-16.000,0.15738],[-15.750,0.15254],[-10.000,0.03287],[-9.750,0.03297],[-9.500,0.03284],[-9.250,0.03283],[-8.750,0.03249],[-8.500,0.03190],[-8.250,0.03134],[-8.000,0.03066],[-7.750,0.02969],[-7.500,0.02819],[-7.250,0.02697],[-7.000,0.02535],[-6.750,0.02335],[-6.500,0.02175],[-6.250,0.02008],[-6.000,0.01834],[-5.750,0.01731],[-5.500,0.01586],[-5.250,0.01525],[-5.000,0.01462],[-4.750,0.01401],[-4.500,0.01247],[-4.250,0.01079],[-4.000,0.01087],[-3.750,0.01096],[-3.500,0.01110],[-3.250,0.01126],[-3.000,0.01144],[-2.750,0.01158],[-2.500,0.01158],[-2.250,0.01164],[-2.000,0.01168],[-1.750,0.01171],[-1.500,0.01169],[-1.250,0.01168],[-1.000,0.01168],[-0.750,0.01170],[-0.500,0.01163],[-0.250,0.01161],[0.000,0.01163],[0.250,0.01167],[0.500,0.01174],[0.750,0.01185],[1.000,0.01194],[1.250,0.01199],[1.500,0.01205],[1.750,0.01205],[2.000,0.01209],[2.250,0.01216],[2.500,0.01225],[2.750,0.01235],[3.000,0.01245],[3.250,0.01256],[3.500,0.01263],[3.750,0.01271],[4.000,0.01283],[4.250,0.01296],[4.500,0.01311],[4.750,0.01335],[5.000,0.01336],[5.250,0.01319],[5.500,0.01290],[5.750,0.01253],[6.000,0.01233],[6.250,0.01220],[6.500,0.01210],[6.750,0.01205],[7.000,0.01195],[7.250,0.01189],[7.500,0.01183],[7.750,0.01180],[8.000,0.01206],[8.250,0.01321],[8.750,0.01656],[9.000,0.01846],[9.250,0.02058],[9.500,0.02288],[9.750,0.02508],[10.000,0.02721],[10.250,0.02909],[10.500,0.03094],[10.750,0.03273],[11.000,0.03456],[11.250,0.03609],[11.500,0.03813],[11.750,0.03947],[12.000,0.04124],[12.250,0.04317],[12.500,0.04468],[12.750,0.04637],[13.000,0.04879],[13.250,0.05022],[13.500,0.05183],[13.750,0.05394],[14.000,0.05588],[14.250,0.05741],[14.500,0.05925],[14.750,0.06162],[15.000,0.06331],[15.250,0.06543],[15.500,0.06786],[16.000,0.07195],[16.250,0.07404],[16.500,0.07697],[16.750,0.07957],[17.000,0.08224],[17.250,0.08509],[17.500,0.08854],[17.750,0.09269],[18.000,0.09620],[18.250,0.09999],[18.500,0.10373],[18.750,0.10769],[19.000,0.11205],[19.250,0.11684],],[[-14.000,0.09036],[-13.750,0.08202],[-13.500,0.07483],[-13.250,0.06898],[-13.000,0.06329],[-11.750,0.03551],[-11.500,0.03536],[-11.250,0.03489],[-11.000,0.03449],[-10.750,0.03420],[-10.500,0.03376],[-10.250,0.03320],[-10.000,0.03252],[-9.750,0.03193],[-9.500,0.03095],[-9.250,0.03004],[-9.000,0.02904],[-8.750,0.02794],[-8.500,0.02685],[-8.250,0.02565],[-8.000,0.02422],[-7.750,0.02307],[-7.500,0.02150],[-7.250,0.01950],[-7.000,0.01826],[-6.750,0.01655],[-6.500,0.01547],[-6.250,0.01425],[-6.000,0.01378],[-5.750,0.01322],[-5.500,0.01278],[-5.250,0.01242],[-5.000,0.01210],[-4.750,0.01170],[-4.500,0.01132],[-4.250,0.01093],[-4.000,0.00850],[-3.750,0.00841],[-3.500,0.00838],[-3.250,0.00840],[-3.000,0.00842],[-2.750,0.00847],[-2.500,0.00845],[-2.250,0.00845],[-2.000,0.00849],[-1.750,0.00851],[-1.500,0.00854],[-1.250,0.00848],[-1.000,0.00847],[-0.750,0.00847],[-0.500,0.00849],[-0.250,0.00852],[0.000,0.00856],[0.250,0.00863],[0.500,0.00867],[0.750,0.00870],[1.000,0.00871],[1.250,0.00869],[1.500,0.00870],[1.750,0.00872],[2.000,0.00875],[2.250,0.00878],[2.500,0.00883],[2.750,0.00889],[3.000,0.00894],[3.250,0.00896],[3.500,0.00900],[3.750,0.00906],[4.000,0.00912],[4.250,0.00919],[4.500,0.00934],[4.750,0.00921],[5.000,0.00901],[5.250,0.00894],[5.500,0.00886],[5.750,0.00893],[6.000,0.00890],[6.250,0.00890],[6.500,0.00890],[6.750,0.00893],[7.000,0.00901],[7.250,0.00981],[7.500,0.01098],[7.750,0.01214],[8.000,0.01334],[8.250,0.01451],[8.500,0.01573],[8.750,0.01699],[9.000,0.01838],[9.250,0.01975],[9.500,0.02104],[9.750,0.02240],[10.000,0.02381],[10.250,0.02526],[10.500,0.02651],[10.750,0.02800],[11.000,0.02933],[11.250,0.03077],[11.500,0.03205],[11.750,0.03342],[12.000,0.03497],[12.250,0.03627],[12.500,0.03767],[12.750,0.03921],[13.000,0.04066],[13.250,0.04211],[13.500,0.04368],[13.750,0.04543],[14.000,0.04683],[14.250,0.04843],[14.500,0.05021],[14.750,0.05192],[15.000,0.05362],[15.250,0.05543],[15.500,0.05751],[15.750,0.05928],[16.000,0.06122],[16.250,0.06344],[16.500,0.06579],[16.750,0.06796],[17.000,0.07030],[17.250,0.07319],[17.500,0.07578],[17.750,0.07787],[18.000,0.08076],[18.250,0.08388],[18.500,0.08690],[18.750,0.09074],[19.000,0.09458],],],
{"title":"Cd v Alpha","sortData":false,"legend":{"show":false,"placement":"insideGrid","location":"ne"},"series":[{"showLabel":true,"index":0,"showLine":true,"trendline":{"type":"none","show":false},"color":"#4bb2c5"},{"showLabel":true,"index":0,"showLine":true,"trendline":{"type":"none","show":false},"color":"#EAA228"},{"showLabel":true,"index":0,"showLine":true,"trendline":{"type":"none","show":false},"color":"#839557"},{"showLabel":true,"index":0,"showLine":true,"trendline":{"type":"none","show":false},"color":"#953579"},{"showLabel":true,"index":0,"showLine":true,"trendline":{"type":"none","show":false},"color":"#d8b83f"}],"show":"$.jqplot.config.enablePlugins","axes":{"xaxis":{"max":20,"min":-20,"tickInterval":5,"tickOptions":{"formatString":"%.1f"},"forceTickAt0":true,"rendererOptions":{"forceTickAt0":true}},"yaxis":{"max":0.2,"min":0,"tickInterval":0.02,"tickOptions":{"formatString":"%.2f"},"forceTickAt0":true,"rendererOptions":{"forceTickAt0":true}}},"seriesDefaults":{"lineWidth":1,"showLabel":true,"markerOptions":{"size":5,"show":false}}});
jqplots.push(p);

var p = $.jqplot('effaoa',[[[-12.000,-1.8939507094847],[-11.750,-2.0648764440364],[-11.500,-3.0522909214785],[-11.250,-3.8176269305466],[-11.000,-4.5962064919828],[-10.750,-5.0688323264336],[-10.500,-5.4869193275639],[-10.250,-6.0963114754098],[-10.000,-6.8405859082647],[-9.750,-7.7057832678271],[-9.500,-8.9044502617801],[-9.250,-10.212795941375],[-9.000,-11.453592814371],[-8.750,-12.824221233312],[-8.500,-14.205670189566],[-8.250,-15.666194188519],[-8.000,-16.51197053407],[-7.500,-14.008718114304],[-7.250,-13.552418046089],[-7.000,-13.401754676378],[-6.750,-13.234996628456],[-6.500,-13.036595744681],[-6.250,-0.80130136160983],[-6.000,-0.66427289048474],[-5.750,-0.2262996941896],[-5.500,-0.0036773719048786],[-5.250,0.078749846191707],[-5.000,0.16470009832842],[-4.750,0.1410677368357],[-4.500,0.3108935128519],[-4.250,0.44515103338633],[-4.000,0.52047781569966],[-3.750,0.72504592774036],[-3.250,0.69818181818182],[-3.000,0.69148295386098],[-2.750,0.7931738973681],[-2.500,0.92617126339877],[-2.250,1.100553283618],[-2.000,1.3241130487072],[-1.750,1.3866858928142],[-1.250,1.5180694246315],[-1.000,0.19774974428912],[-0.750,0.2648028185021],[-0.500,0.33181818181818],[-0.250,0.39772727272727],[0.000,0.46358368367231],[0.250,0.52822901283653],[0.500,0.59177646524307],[0.750,0.65516066765073],[1.000,0.71623155505108],[1.250,0.77612617723817],[1.500,0.83484573502722],[1.750,0.89229024943311],[2.000,-6.1102010424423],[2.250,-6.0311460538252],[2.500,-5.8052205770111],[2.750,-5.3917824957996],[3.000,-4.916958707908],[3.250,-4.4854841161271],[3.500,-3.9651022864019],[3.750,-3.5959777877833],[4.000,-3.0696576151122],[4.250,-2.767620171041],[4.500,-2.2251007484168],[4.750,-1.9630751478436],[5.000,-1.4514767932489],[5.250,-1.1132922041503],[5.500,-0.73447893569845],[5.750,-0.31516299201948],[6.000,-0.094454189717987],[6.250,0.22166179984072],[6.500,0.63730569948187],[6.750,0.86934156378601],[7.000,1.0905870445344],[7.250,1.4440477656038],[7.500,1.6579236305966],[7.750,1.8143510715146],[8.000,2.1490769766632],[8.250,2.3479458342896],[8.500,2.4477035015916],[8.750,2.5924684322271],[9.000,2.7653295442125],[9.250,2.9804836656767],[9.500,3.1511254019293],[9.750,3.246779799632],[10.000,3.3577447833066],[10.250,3.4762979683973],[10.500,3.545524691358],[10.750,3.5532219570406],[11.000,3.6774800188058],[11.250,4.2113352545629],[11.500,5.1560297966579],[11.750,5.5067739635326],[12.000,6.6638060502038],[12.250,15.488735142806],[12.500,15.388341117454],[12.750,15.611364789447],[13.000,16.86775331877],[13.250,16.82379349046],[13.500,16.519570802478],[13.750,15.548571428571],[14.000,15.10436178753],[14.250,14.105783866058],[14.500,13.105642256903],[14.750,12.134920634921],[15.000,11.193582887701],[15.250,10.312279641382],[15.500,9.4720879537485],[15.750,8.7003384999109],[16.000,6.5856083199511],],[[-13.500,-2.4569905500363],[-13.250,-2.6818580192813],[-13.000,-3.1706903854299],[-12.750,-2.61697544162],[-12.500,-3.1397509756551],[-12.250,-3.7699808987634],[-12.000,-3.5544824690321],[-11.750,-4.3087743572005],[-11.500,-5.1625603251206],[-11.250,-6.1271434546215],[-11.000,-7.1308596732326],[-10.750,-8.1488833746898],[-10.500,-9.1581901087338],[-10.250,-10.203527815468],[-10.000,-11.104972375691],[-9.750,-12.37581478984],[-9.500,-13.150149459646],[-8.250,-13.424110384895],[-8.000,-7.886864291542],[-7.750,-6.2754820936639],[-7.500,-2.0435779816514],[-7.250,-1.7371217371217],[-7.000,-1.8590203106332],[-6.750,-2.204804045512],[-6.500,-2.8147748719331],[-6.250,-3.6347673397717],[-6.000,-4.6672973825292],[-5.750,2.9962610469069],[-5.500,3.4230503795721],[-5.250,3.8273331003146],[-5.000,4.1863748676315],[-4.750,4.5292756718277],[-4.500,4.851307774991],[-4.250,4.4519832985386],[-4.000,4.9600851516764],[-3.750,5.4378378378378],[-3.500,5.9109163928441],[-3.250,6.3713547434478],[-3.000,6.806926084528],[-2.750,7.1548821548822],[-2.500,6.6357688113413],[-2.250,7.1173657100809],[-2.000,7.5393737261442],[-1.750,7.8903345724907],[-1.500,8.1381102654539],[-1.250,7.4959495949595],[-1.000,8.1398755034786],[-0.750,-5.4624105011933],[-0.500,-5.4987871437235],[-0.250,-5.2321262766945],[0.000,-5.0342689295039],[0.750,-4.0033585222502],[1.000,-3.8427197802198],[1.250,-3.2244269586042],[1.500,-2.9868784530387],[1.750,-2.4654218533887],[2.000,-1.744106593782],[2.250,-1.6004834254144],[2.500,-1.0658947726886],[2.750,-0.41005291005291],[3.000,-0.3960396039604],[3.250,0.21803278688525],[3.500,0.31769547325103],[3.750,0.88720103425986],[4.000,1.0835614232813],[4.250,1.6055846422339],[4.500,2.1543655056007],[4.750,2.1583178726036],[5.000,2.6827441581786],[5.250,2.7238581730769],[5.500,3.2799300903],[5.750,3.3066044612917],[6.000,3.7840124065981],[6.250,3.7976291278577],[6.500,3.8966285873502],[6.750,4.3984757757213],[7.000,4.4229990552031],[7.250,4.5501661129568],[7.500,5.1722792874789],[7.750,5.4708693967188],[8.000,6.545231273025],[8.250,6.9245463228271],[8.500,7.2284236319085],[8.750,7.5265017667845],[9.000,8.6990617560566],[9.250,9.1873845716721],[11.000,17.10894122152],[11.250,21.015104398045],[11.500,19.137538779731],[11.750,17.869429241595],[12.000,17.330940687571],[12.250,17.125693160813],[12.500,17.196056955093],[12.750,17.343326711215],[13.000,17.666487165679],[13.500,18.036408624956],[13.750,18.144417890065],[14.000,17.752900800784],[14.250,17.412533043073],[14.500,16.501917969903],[14.750,15.574937203461],[15.000,14.695606140815],[15.250,13.993178372916],[15.500,13.597768073751],[15.750,12.598684210526],[16.000,11.672715627669],[16.250,10.845283781054],[16.500,10.066947207345],[16.750,9.3554244212438],[17.000,7.4886643862859],[17.250,6.6220955721175],[17.500,6.0010881392818],[17.750,5.5409207161125],[18.000,3.1335494149316],],[[-12.500,-5.1010638297872],[-12.250,-5.5761134500332],[-12.000,-6.0347206254311],[-11.750,-6.6813133162456],[-11.500,-7.1764252696456],[-11.000,-7.9933938893476],[-10.750,-8.9569857697283],[-10.500,-9.2653414001729],[-10.250,-9.6286904546278],[-10.000,-9.9774817038844],[-9.750,-10.144349477683],[-9.500,-9.7919260181398],[-9.250,-11.2194092827],[-9.000,-11.461572634385],[-8.500,-15.270812437312],[-8.250,-12.090934605669],[-8.000,-6.2319693847513],[-7.750,-5.6358807907937],[-7.500,-5.1820895522388],[-7.250,-4.824165915239],[-7.000,-4.5916182318752],[-6.750,-4.6175726927939],[-6.500,-4.7076215505913],[-6.250,-5.1930434782609],[-6.000,-5.6682710107368],[-5.750,-6.9881001231022],[-5.500,-8.3408679927667],[-5.250,-9.8530852105779],[-5.000,-11.120552310143],[-4.750,-14.006153846154],[-4.500,-11.452991452991],[-4.250,-9.2455858747994],[-4.000,-6.7696078431373],[-3.750,-4.5011185682327],[-3.500,-3.1266261925412],[-3.250,-2.1906427634456],[-3.000,-0.32884310618067],[-2.750,0.71877454831108],[-2.500,1.5315682281059],[-2.250,2.4767540152156],[-2.000,3.558362369338],[-1.750,4.7344935296743],[-1.500,5.9345156889495],[-1.250,7.0796867802856],[-1.000,8.2339343504392],[-0.750,9.3851132686084],[-0.500,10.535549399815],[-0.250,11.690465223399],[0.000,12.870285188592],[0.250,14.069820854387],[0.500,15.242673992674],[0.750,16.421725239617],[1.000,17.595454545455],[1.250,18.51418280054],[1.500,18.966431095406],[1.750,19.402338674751],[2.000,19.826123833757],[2.250,20.261736601579],[2.500,20.92585006145],[2.750,21.717990275527],[3.000,22.57016840417],[3.250,23.568580542265],[3.500,24.426035502959],[3.750,20.122292103424],[4.000,20.122574055158],[4.250,20.839797639123],[4.500,21.905082463817],[4.750,23.200405542413],[5.000,24.480189637657],[5.250,13.512634475857],[5.500,14.609355246523],[5.750,15.914696813977],[6.000,17.372281896778],[6.250,19.118122977346],[6.500,20.74717397298],[6.750,24.533609712763],[7.000,39.774375503626],[7.250,41.615289765721],[7.500,47.463284379172],[7.750,48.500897666068],[8.000,52.779356060606],[8.250,56.580773042616],[8.500,58.666666666667],[8.750,59.016393442623],[9.000,58.075165058405],[9.250,57.484848484848],[9.500,52.678655939423],[9.750,45.878121032586],[10.000,39.472897196262],[10.250,34.223107569721],[10.500,30.032757593806],[10.750,26.9372793918],[11.000,24.706918238994],[11.250,23.014150943396],[11.500,21.681889062152],[11.750,20.790202342918],[12.000,19.967373572594],[12.250,19.255777516647],[12.500,18.807130665655],[12.750,18.358126721763],[13.000,18.032142857143],[13.250,17.718902015288],[13.500,17.625703085052],[13.750,17.30405965203],[14.000,17.064813318248],[14.250,17.172039578679],[14.500,16.749226006192],[14.750,16.428248076053],[15.000,16.199673154063],[15.250,16.00837908119],[15.500,15.393569844789],[15.750,14.917857619874],[16.000,14.471817361022],[16.250,14.04347826087],[16.500,13.256528417819],[16.750,12.589506867823],[17.000,12.010131493856],[17.250,11.518384256862],[17.500,10.997518610422],[17.750,10.537860003815],[18.000,9.9618355293049],[18.250,9.1966191411252],[18.500,8.5829763155768],],[[-16.000,-2.402465370441],[-15.750,-2.4741051527468],[-10.000,-12.911469425008],[-9.750,-11.464968152866],[-9.500,-10.773447015834],[-9.250,-10.045689917758],[-8.750,-9.0643274853801],[-8.500,-8.7586206896552],[-8.250,-8.4588385449904],[-8.000,-8.2615786040444],[-7.750,-8.3428763893567],[-7.500,-8.8825824760553],[-7.250,-9.0804597701149],[-7.000,-9.6962524654832],[-6.750,-10.817987152034],[-6.500,-11.604597701149],[-6.250,-12.624501992032],[-6.000,-13.969465648855],[-5.750,-14.569612940497],[-5.500,-16.305170239596],[-5.250,-15.980327868852],[-5.000,-15.554035567715],[-4.750,-14.932191291934],[-4.500,-15.966319165998],[-4.250,-17.25671918443],[-4.000,-14.498620055198],[-3.750,-11.742700729927],[-3.500,-8.954954954955],[-3.250,-6.2611012433393],[-3.000,-3.6013986013986],[-2.750,-1.0189982728843],[-2.500,1.4853195164076],[-2.250,3.9690721649485],[-2.000,6.4212328767123],[-1.750,8.8727583262169],[-1.500,11.36869118905],[-1.250,13.861301369863],[-1.000,16.352739726027],[-0.750,18.82905982906],[-0.500,21.427343078246],[-0.250,23.96210163652],[0.000,26.431642304385],[0.250,28.85175664096],[0.500,31.18398637138],[0.750,33.383966244726],[1.000,35.569514237856],[1.250,37.814845704754],[1.500,40],[1.750,42.365145228216],[2.000,44.574028122415],[2.250,46.669407894737],[2.500,48.669387755102],[2.750,50.599190283401],[3.000,52.497991967871],[3.250,54.331210191083],[3.500,56.31037212985],[3.750,58.206136900079],[4.000,59.906469212783],[4.250,61.550925925926],[4.500,63.096872616323],[4.750,64.119850187266],[5.000,66.032934131737],[5.250,68.847611827142],[5.500,72.813953488372],[5.750,76.679968076616],[6.000,80.089213300892],[6.250,82.877049180328],[6.500,85.760330578512],[6.750,88.016597510373],[7.000,90.702928870293],[7.250,92.926829268293],[7.500,95.147928994083],[7.750,96.923728813559],[8.000,94.950248756219],[8.250,84.935654806964],[8.750,65.283816425121],[9.000,57.681473456121],[9.250,51.059280855199],[9.500,45.41958041958],[9.750,41.172248803828],[10.000,37.794928335171],[10.250,35.372980405638],[10.500,33.325791855204],[10.750,31.60403299725],[11.000,30.026041666667],[11.250,28.969243557772],[11.500,27.466561762392],[11.750,26.812769191791],[12.000,25.81231813773],[12.250,24.767199444058],[12.500,24.153983885407],[12.750,23.456976493422],[13.000,22.307849969256],[13.250,21.911589008363],[13.500,21.425815164962],[13.750,20.68780126066],[14.000,20.102004294918],[14.250,19.771816756663],[14.500,19.308016877637],[14.750,18.633560532295],[15.000,18.306744590112],[15.250,17.823628305059],[15.500,17.250221043324],[16.000,16.486448922863],[16.250,16.084548892491],[16.500,15.40080550864],[16.750,14.971723011185],[17.000,14.553745136187],[17.250,14.117992713597],[17.500,13.571267223854],[17.750,12.917251051893],[18.000,12.455301455301],[18.250,11.979197919792],[18.500,11.548250265111],[18.750,11.115238183675],[19.000,10.655957161981],[19.250,10.173741869223],],[[-14.000,-3.2957060646304],[-13.750,-3.9819556205803],[-13.500,-4.7213684351196],[-13.250,-5.4639025804581],[-13.000,-6.3169537051667],[-11.750,-14.84370599831],[-11.500,-14.264705882353],[-11.250,-13.96388650043],[-11.000,-13.618440127573],[-10.750,-13.236842105263],[-10.500,-12.9413507109],[-10.250,-12.698795180723],[-10.000,-12.423124231242],[-9.750,-12.314437832759],[-9.500,-12.516962843296],[-9.250,-12.563249001332],[-9.000,-12.710055096419],[-8.750,-12.949176807445],[-8.500,-13.202979515829],[-8.250,-13.617933723197],[-8.000,-14.314616019818],[-7.750,-14.69874295622],[-7.500,-15.758139534884],[-7.250,-17.717948717949],[-7.000,-18.598028477547],[-6.750,-20.640483383686],[-6.500,-21.764705882353],[-6.250,-23.915789473684],[-6.000,-23.505079825835],[-5.750,-23.282904689864],[-5.500,-22.550860719875],[-5.250,-21.368760064412],[-5.000,-19.95867768595],[-4.750,-18.641025641026],[-4.500,-17.137809187279],[-4.250,-15.507776761208],[-4.000,-18.776470588235],[-3.750,-15.600475624257],[-3.500,-12.231503579952],[-3.250,-8.7380952380952],[-3.000,-5.2375296912114],[-2.750,-1.7001180637544],[-2.500,1.7396449704142],[-2.250,5.2189349112426],[-2.000,8.6690223792697],[-1.750,12.103407755582],[-1.500,15.515222482436],[-1.250,19.033018867925],[-1.000,22.502951593861],[-0.750,25.962219598583],[-0.500,29.352179034158],[-0.250,32.699530516432],[0.000,35.992990654206],[0.250,39.130938586327],[0.500,42.364475201845],[0.750,45.597701149425],[1.000,48.909299655568],[1.250,52.382048331415],[1.500,55.689655172414],[1.750,58.922018348624],[2.000,62.057142857143],[2.250,65.182232346241],[2.500,68.142695356738],[2.750,70.978627671541],[3.000,73.870246085011],[3.250,76.975446428571],[3.500,79.888888888889],[3.750,82.593818984547],[4.000,85.263157894737],[4.250,87.801958650707],[4.500,89.539614561028],[4.750,93.626492942454],[5.000,98.512763596004],[5.250,102.12527964206],[5.500,105.95936794582],[5.750,108.1522956327],[6.000,111.52808988764],[6.250,114.47191011236],[6.500,117.39325842697],[6.750,119.78723404255],[7.000,121.36514983352],[7.250,111.69215086646],[7.500,98.715846994536],[7.750,88.40197693575],[8.000,79.745127436282],[8.250,72.880771881461],[8.500,66.948506039415],[8.750,61.859917598587],[9.000,57.094668117519],[9.250,53.220253164557],[9.500,50.209125475285],[9.750,47.397321428571],[10.000,44.834103317934],[10.250,42.490102929533],[10.500,40.837419841569],[10.750,38.889285714286],[11.000,37.442891237641],[11.250,35.940851478713],[11.500,34.826833073323],[11.750,33.689407540395],[12.000,32.40777809551],[12.250,31.546732837055],[12.500,30.645075657022],[12.750,29.660800816118],[13.000,28.848991637973],[13.250,28.102588458798],[13.500,27.303113553114],[13.750,26.420867268325],[14.000,25.882980995089],[14.250,25.232294032624],[14.500,24.497112129058],[14.750,23.86748844376],[15.000,23.291682208131],[15.250,22.688075049612],[15.500,21.975308641975],[15.750,21.482793522267],[16.000,20.9359686377],[16.250,20.297919293821],[16.500,19.651922784618],[16.750,19.125956444968],[17.000,18.568990042674],[17.250,17.848066675775],[17.500,17.263130113486],[17.750,16.838320277385],[18.000,16.275383853393],[18.250,15.691463996185],[18.500,15.177215189873],[18.750,14.506281683932],[19.000,13.895115246352],],],
{"title":"Cl\/Cd v Alpha","sortData":false,"legend":{"show":false,"placement":"insideGrid","location":"ne"},"series":[{"showLabel":true,"index":0,"showLine":true,"trendline":{"type":"none","show":false},"color":"#4bb2c5"},{"showLabel":true,"index":0,"showLine":true,"trendline":{"type":"none","show":false},"color":"#EAA228"},{"showLabel":true,"index":0,"showLine":true,"trendline":{"type":"none","show":false},"color":"#839557"},{"showLabel":true,"index":0,"showLine":true,"trendline":{"type":"none","show":false},"color":"#953579"},{"showLabel":true,"index":0,"showLine":true,"trendline":{"type":"none","show":false},"color":"#d8b83f"}],"show":"$.jqplot.config.enablePlugins","axes":{"xaxis":{"max":20,"min":-20,"tickInterval":5,"tickOptions":{"formatString":"%.1f"},"forceTickAt0":true,"rendererOptions":{"forceTickAt0":true}},"yaxis":{"max":140,"min":-40,"tickInterval":20,"tickOptions":{"formatString":"%d"},"forceTickAt0":true,"rendererOptions":{"forceTickAt0":true}}},"seriesDefaults":{"lineWidth":1,"showLabel":true,"markerOptions":{"size":5,"show":false}}});
jqplots.push(p);

});
/*]]>*/
</script>
</body>
</html>