<!DOCTYPE html>
<html lang="en">
<head>
<link rel="stylesheet" type="text/css" href="/assets/62ff72f1/jquery.jqplot.min.css" media="screen, projection, print" />
<style type="text/css">
/*<![CDATA[*/
.jqplot-title {font-size:1.8em;padding:3px;}.jqplot-xaxis {font-size:0.8em;padding-top:3px;}.jqplot-yaxis {font-size:0.8em;padding-right:3px;}
/*]]>*/
</style>
<!--[if lt IE 9]><script type="text/javascript" src="/assets/62ff72f1/excanvas.min.js"></script></script><![endif]-->
<script type="text/javascript" src="/assets/780cfc96/jquery.min.js"></script>
<script type="text/javascript" src="/assets/62ff72f1/jquery.min.js"></script>
<script type="text/javascript" src="/assets/62ff72f1/jquery.jqplot.min.js"></script>
<script type="text/javascript">
/*<![CDATA[*/
var jqplots = [];

/*]]>*/
</script>
<title>Airfoil polar plot</title>
<meta http-equiv="Content-Language" content="en-gb"/>
<meta http-equiv="Content-Type" content="text/html; charset=windows-1252"/>
<meta content="none" name="robots" />
<meta name="copyright" content="Copyright 2010-2013. All Rights Reserved" />
</head>
<body>

<table style="width:800px;">
<tr><td>
<div id="liftdrag" style="height:400px;width:398px;margin:auto;display:inline-block;"></div>
</td><td>
<div id="liftaoa" style="height:400px;width:398px;margin:auto;display:inline-block;"></div>
</td></tr>
<tr><td>
<div id="effaoa" style="height:400px;width:398px;margin:auto;display:inline-block;"></div>
</td><td>
<div id="dragaoa" style="height:400px;width:398px;margin:auto;display:inline-block;"></div>
</td></tr>
<tr><td>
<div id="momentaoa" style="height:400px;width:398px;margin:auto;display:inline-block;"></div>
</td><td>
</td></tr>

</table>
<script type="text/javascript">
/*<![CDATA[*/
jQuery(window).load(function() {
var p = $.jqplot('liftdrag',[[[0.10872,-0.3778],[0.10286,-0.3591],[0.10027,-0.3553],[0.10014,-0.3652],[0.09451,-0.3487],[0.09224,-0.3458],[0.08973,-0.3453],[0.08643,-0.3368],[0.08486,-0.3407],[0.08156,-0.3342],[0.07960,-0.3368],[0.07873,-0.3377],[0.07497,-0.3356],[0.07280,-0.3356],[0.07062,-0.3343],[0.06841,-0.3320],[0.06654,-0.3274],[0.03957,0.0703],[0.03804,0.0806],[0.03667,0.0893],[0.03553,0.0954],[0.03709,0.0500],[0.05352,-0.3314],[0.05140,-0.3349],[0.04936,-0.3355],[0.04715,-0.3372],[0.04507,-0.3323],[0.04287,-0.3246],[0.04066,-0.3025],[0.03823,0.0450],[0.03688,0.1123],[0.03577,0.1700],[0.03494,0.2245],[0.03411,0.2764],[0.03360,0.3256],[0.03299,0.3736],[0.03259,0.4204],[0.03195,0.4676],[0.03134,0.5148],[0.02888,0.5524],[0.02906,0.5925],[0.02913,0.6297],[0.02915,0.6644],[0.02966,0.6883],[0.02997,0.7156],[0.03025,0.7432],[0.03057,0.7702],[0.03092,0.7966],[0.03136,0.8222],[0.03189,0.8471],[0.03252,0.8714],[0.03328,0.8951],[0.03405,0.9191],[0.03444,0.9469],[0.03536,0.9699],[0.03708,0.9867],[0.03907,1.0025],[0.03929,1.0341],[0.04237,1.0404],[0.04554,1.0466],[0.04686,1.0702],[0.05362,1.0473],[0.05529,1.0686],[0.06558,1.0117],[0.07231,0.9860],[0.07754,0.9742],[0.07919,0.9991],[0.08517,0.9746],[0.08668,0.9910],[0.03482,1.2564],[0.03763,1.2467],[0.04029,1.2409],[0.04300,1.2391],[0.04558,1.2436],[0.04785,1.2627],[0.05057,1.3112],[0.05349,1.3368],[0.05834,1.3846],[0.06180,1.3918],[0.06541,1.3921],[0.06911,1.3862],[0.07277,1.3736],[0.07674,1.3574],[0.08116,1.3387],[0.08610,1.3183],[0.09160,1.2970],[0.09766,1.2761],[0.10423,1.2570],[0.13013,1.1164],[0.13919,1.1031],],[[0.09759,-0.3495],[0.09565,-0.3498],[0.09450,-0.3465],[0.09303,-0.3390],[0.08662,-0.3350],[0.08302,-0.3298],[0.08045,-0.3270],[0.07838,-0.3277],[0.07658,-0.3308],[0.07487,-0.3328],[0.07563,-0.3161],[0.07069,-0.3193],[0.06775,-0.3193],[0.06517,-0.3116],[0.06127,-0.2665],[0.05653,-0.2174],[0.04917,-0.1269],[0.04600,-0.0859],[0.04291,-0.0397],[0.04116,-0.0001],[0.03778,0.0413],[0.03562,0.0755],[0.03130,0.1402],[0.02907,0.1728],[0.02717,0.2020],[0.02562,0.3056],[0.02460,0.3411],[0.02297,0.3735],[0.02198,0.4057],[0.02124,0.4334],[0.02056,0.4611],[0.01989,0.4880],[0.01922,0.5141],[0.01862,0.5393],[0.01822,0.5640],[0.01773,0.5891],[0.01736,0.6153],[0.01518,0.6383],[0.01526,0.6642],[0.01536,0.6900],[0.01548,0.7160],[0.01563,0.7421],[0.01581,0.7683],[0.01602,0.7946],[0.01627,0.8207],[0.01655,0.8467],[0.01684,0.8728],[0.01715,0.8989],[0.01749,0.9251],[0.01786,0.9514],[0.01825,0.9777],[0.01868,1.0042],[0.01918,1.0300],[0.01973,1.0557],[0.02032,1.0817],[0.02082,1.1074],[0.02122,1.1322],[0.02155,1.1557],[0.02175,1.1783],[0.02188,1.2005],[0.02197,1.2205],[0.02199,1.2395],[0.02202,1.2531],[0.02514,1.2450],[0.02784,1.2466],[0.02996,1.2502],[0.03163,1.2574],[0.03362,1.2580],[0.03538,1.2636],[0.03712,1.2745],[0.03900,1.2917],[0.04181,1.3274],[0.04386,1.3488],[0.04651,1.3750],[0.04945,1.3965],[0.05245,1.4102],[0.05539,1.4193],[0.05846,1.4284],[0.06182,1.4326],[0.06488,1.4192],[0.06832,1.4002],[0.07232,1.3794],[0.07686,1.3579],[0.08190,1.3351],[0.08750,1.3111],[0.09369,1.2859],[0.10050,1.2599],[0.10806,1.2332],[0.11632,1.2067],[0.12503,1.1830],[0.13049,1.1859],],[[0.10681,-0.3752],[0.10499,-0.3756],[0.10270,-0.3755],[0.09958,-0.3690],[0.09435,-0.3631],[0.09026,-0.3542],[0.08707,-0.3450],[0.08417,-0.3370],[0.08144,-0.3309],[0.07913,-0.3302],[0.07763,-0.3390],[0.07534,-0.3371],[0.07004,-0.2723],[0.06364,-0.2339],[0.05897,-0.2122],[0.05552,-0.1818],[0.05174,-0.1415],[0.04934,-0.0840],[0.04363,-0.0520],[0.04055,-0.0270],[0.03825,-0.0005],[0.03613,0.0283],[0.03372,0.0611],[0.03170,0.0826],[0.03013,0.1074],[0.02856,0.1372],[0.02679,0.1604],[0.02577,0.1891],[0.02413,0.2131],[0.02292,0.2402],[0.02182,0.2667],[0.02103,0.2925],[0.01701,0.3888],[0.01588,0.4161],[0.01505,0.4435],[0.01443,0.4708],[0.01406,0.4982],[0.01364,0.5255],[0.01327,0.5529],[0.01285,0.5802],[0.01257,0.6077],[0.01246,0.6352],[0.01220,0.6629],[0.01035,0.6837],[0.01050,0.7108],[0.01067,0.7377],[0.01087,0.7646],[0.01107,0.7915],[0.01128,0.8184],[0.01153,0.8451],[0.01180,0.8717],[0.01210,0.8983],[0.01243,0.9247],[0.01278,0.9511],[0.01316,0.9773],[0.01358,1.0035],[0.01398,1.0293],[0.01433,1.0548],[0.01464,1.0801],[0.01494,1.1049],[0.01515,1.1295],[0.01541,1.1543],[0.01567,1.1788],[0.01599,1.2021],[0.01655,1.2232],[0.01970,1.2233],[0.02153,1.2350],[0.02283,1.2496],[0.02455,1.2579],[0.02577,1.2710],[0.02713,1.2813],[0.02893,1.2847],[0.03074,1.2893],[0.03214,1.2999],[0.03369,1.3113],[0.03528,1.3241],[0.03687,1.3365],[0.03866,1.3502],[0.04185,1.3812],[0.04375,1.3939],[0.04603,1.4068],[0.04864,1.4176],[0.05148,1.4243],[0.05433,1.4251],[0.05728,1.4218],[0.06044,1.4156],[0.06390,1.4067],[0.06784,1.3956],[0.07218,1.3817],[0.07703,1.3660],[0.08223,1.3488],[0.08784,1.3306],[0.09383,1.3118],[0.10025,1.2935],[0.10436,1.2977],[0.11320,1.2571],[0.13398,1.1787],],[[0.09359,-0.3633],[0.09048,-0.3609],[0.08661,-0.3545],[0.08255,-0.3434],[0.07307,-0.3161],[0.06961,-0.2939],[0.06612,-0.2692],[0.06268,-0.2441],[0.05927,-0.2213],[0.05579,-0.1994],[0.05107,-0.1581],[0.04772,-0.1329],[0.04220,-0.1146],[0.03994,-0.0954],[0.03801,-0.0736],[0.03596,-0.0494],[0.03378,-0.0232],[0.03144,0.0057],[0.03029,0.0416],[0.02554,0.0664],[0.02401,0.0923],[0.02284,0.1188],[0.02170,0.1464],[0.02067,0.1760],[0.01900,0.2066],[0.01756,0.2337],[0.01674,0.2616],[0.01618,0.2902],[0.01727,0.3196],[0.01410,0.3759],[0.01218,0.4074],[0.01125,0.4360],[0.01071,0.4645],[0.01035,0.4929],[0.01009,0.5212],[0.00989,0.5494],[0.00979,0.5777],[0.00971,0.6059],[0.00952,0.6343],[0.00948,0.6625],[0.00953,0.6904],[0.00757,0.7110],[0.00780,0.7385],[0.00802,0.7660],[0.00825,0.7934],[0.00867,0.8484],[0.00887,0.8759],[0.00912,0.9031],[0.00931,0.9305],[0.00952,0.9576],[0.00973,0.9847],[0.00996,1.0116],[0.01022,1.0382],[0.01049,1.0647],[0.01076,1.0911],[0.01106,1.1172],[0.01142,1.1428],[0.01187,1.1676],[0.01250,1.1909],[0.01491,1.2009],[0.01597,1.2208],[0.01664,1.2430],[0.01739,1.2644],[0.01806,1.2859],[0.01922,1.3025],[0.01991,1.3227],[0.02065,1.3419],[0.02147,1.3595],[0.02260,1.3726],[0.02439,1.3761],[0.02531,1.3874],[0.02643,1.3951],[0.02774,1.4016],[0.02919,1.4080],[0.03070,1.4147],[0.03231,1.4212],[0.03405,1.4270],[0.03619,1.4298],[0.03903,1.4276],[0.04123,1.4322],[0.04326,1.4379],[0.04547,1.4427],[0.04783,1.4466],[0.05035,1.4494],[0.05304,1.4513],[0.05592,1.4519],[0.05899,1.4511],[0.06232,1.4489],[0.06590,1.4450],[0.06970,1.4398],[0.07367,1.4338],[0.07767,1.4284],[0.08189,1.4221],[0.08659,1.4139],[0.09159,1.4049],[0.09690,1.3949],[0.10254,1.3838],[0.10878,1.3706],[0.11538,1.3568],[0.12274,1.3406],[0.13130,1.3206],[0.14226,1.2931],],[[0.11040,-0.4134],[0.10664,-0.4098],[0.10203,-0.4068],[0.09906,-0.3979],[0.09632,-0.3898],[0.09359,-0.3820],[0.09083,-0.3746],[0.08803,-0.3678],[0.08519,-0.3620],[0.08143,-0.3464],[0.07479,-0.3185],[0.07047,-0.3025],[0.06629,-0.2851],[0.06192,-0.2652],[0.05211,-0.2139],[0.04945,-0.1907],[0.04649,-0.1656],[0.04231,-0.1288],[0.03895,-0.0998],[0.03555,-0.0719],[0.02948,-0.0474],[0.02794,-0.0221],[0.02655,0.0041],[0.02511,0.0312],[0.02353,0.0591],[0.02203,0.0902],[0.02097,0.1199],[0.01950,0.1486],[0.01326,-0.0263],[0.01061,0.3503],[0.01013,0.3790],[0.00970,0.4077],[0.00929,0.4362],[0.00875,0.4648],[0.00851,0.4934],[0.00841,0.5219],[0.00834,0.5504],[0.00834,0.5787],[0.00838,0.6069],[0.00847,0.6349],[0.00852,0.6631],[0.00855,0.6914],[0.00861,0.7197],[0.00670,0.7414],[0.00686,0.7696],[0.00698,0.7979],[0.00713,0.8259],[0.00728,0.8540],[0.00741,0.8820],[0.00759,0.9098],[0.00777,0.9375],[0.00800,0.9648],[0.00827,0.9918],[0.00851,1.0190],[0.00876,1.0459],[0.00905,1.0726],[0.00934,1.0991],[0.00968,1.1253],[0.01008,1.1509],[0.01173,1.1678],[0.01265,1.1895],[0.01323,1.2133],[0.01376,1.2373],[0.01416,1.2620],[0.01478,1.2849],[0.01516,1.3093],[0.01562,1.3329],[0.01620,1.3552],[0.01707,1.3748],[0.01757,1.3970],[0.01815,1.4182],[0.01877,1.4385],[0.01941,1.4581],[0.02024,1.4749],[0.02184,1.4810],[0.02253,1.4969],[0.02331,1.5093],[0.02424,1.5178],[0.02532,1.5256],[0.02656,1.5328],[0.02794,1.5395],[0.02949,1.5456],[0.03118,1.5513],[0.03310,1.5555],[0.03531,1.5581],[0.03797,1.5573],[0.04121,1.5521],[0.04511,1.5416],[0.04911,1.5311],[0.05179,1.5337],[0.05469,1.5350],[0.05791,1.5339],[0.06133,1.5318],[0.06497,1.5288],[0.06887,1.5246],[0.07296,1.5197],[0.07723,1.5141],[0.08165,1.5082],[0.08624,1.5017],[0.09097,1.4948],[0.09585,1.4874],[0.10088,1.4796],[0.10605,1.4714],[0.11129,1.4630],[0.11666,1.4542],[0.12215,1.4455],[0.12784,1.4362],[0.13352,1.4274],[0.13943,1.4179],],],
{"title":"Cl v Cd","sortData":false,"legend":{"show":false,"placement":"insideGrid","location":"ne"},"series":[{"showLabel":true,"index":0,"showLine":true,"trendline":{"type":"none","show":false},"color":"#4bb2c5"},{"showLabel":true,"index":0,"showLine":true,"trendline":{"type":"none","show":false},"color":"#EAA228"},{"showLabel":true,"index":0,"showLine":true,"trendline":{"type":"none","show":false},"color":"#839557"},{"showLabel":true,"index":0,"showLine":true,"trendline":{"type":"none","show":false},"color":"#953579"},{"showLabel":true,"index":0,"showLine":true,"trendline":{"type":"none","show":false},"color":"#d8b83f"}],"show":"$.jqplot.config.enablePlugins","axes":{"xaxis":{"max":0.16,"min":0,"tickInterval":0.02,"tickOptions":{"formatString":"%.2f"},"forceTickAt0":true,"rendererOptions":{"forceTickAt0":true}},"yaxis":{"max":1.6,"min":-0.6,"tickInterval":0.2,"tickOptions":{"formatString":"%.2f"},"forceTickAt0":true,"rendererOptions":{"forceTickAt0":true}}},"seriesDefaults":{"lineWidth":1,"showLabel":true,"markerOptions":{"size":5,"show":false}}});
jqplots.push(p);

var p = $.jqplot('liftaoa',[[[-8.000,-0.3778],[-7.750,-0.3591],[-7.500,-0.3553],[-7.250,-0.3652],[-7.000,-0.3487],[-6.750,-0.3458],[-6.500,-0.3453],[-6.250,-0.3368],[-6.000,-0.3407],[-5.750,-0.3342],[-5.500,-0.3368],[-5.250,-0.3377],[-5.000,-0.3356],[-4.750,-0.3356],[-4.500,-0.3343],[-4.250,-0.3320],[-4.000,-0.3274],[-3.750,0.0703],[-3.500,0.0806],[-3.250,0.0893],[-3.000,0.0954],[-2.750,0.0500],[-2.500,-0.3314],[-2.250,-0.3349],[-2.000,-0.3355],[-1.750,-0.3372],[-1.500,-0.3323],[-1.250,-0.3246],[-1.000,-0.3025],[-0.750,0.0450],[-0.500,0.1123],[-0.250,0.1700],[0.000,0.2245],[0.250,0.2764],[0.500,0.3256],[0.750,0.3736],[1.000,0.4204],[1.250,0.4676],[1.500,0.5148],[1.750,0.5524],[2.000,0.5925],[2.250,0.6297],[2.500,0.6644],[2.750,0.6883],[3.000,0.7156],[3.250,0.7432],[3.500,0.7702],[3.750,0.7966],[4.000,0.8222],[4.250,0.8471],[4.500,0.8714],[4.750,0.8951],[5.000,0.9191],[5.250,0.9469],[5.500,0.9699],[5.750,0.9867],[6.000,1.0025],[6.250,1.0341],[6.500,1.0404],[6.750,1.0466],[7.000,1.0702],[7.250,1.0473],[7.500,1.0686],[7.750,1.0117],[8.000,0.9860],[8.250,0.9742],[8.500,0.9991],[8.750,0.9746],[9.000,0.9910],[9.250,1.2564],[9.500,1.2467],[9.750,1.2409],[10.000,1.2391],[10.250,1.2436],[10.500,1.2627],[10.750,1.3112],[11.000,1.3368],[11.250,1.3846],[11.500,1.3918],[11.750,1.3921],[12.000,1.3862],[12.250,1.3736],[12.500,1.3574],[12.750,1.3387],[13.000,1.3183],[13.250,1.2970],[13.500,1.2761],[13.750,1.2570],[14.000,1.1164],[14.250,1.1031],],[[-7.750,-0.3495],[-7.500,-0.3498],[-7.250,-0.3465],[-7.000,-0.3390],[-6.750,-0.3350],[-6.500,-0.3298],[-6.250,-0.3270],[-6.000,-0.3277],[-5.750,-0.3308],[-5.500,-0.3328],[-5.250,-0.3161],[-5.000,-0.3193],[-4.750,-0.3193],[-4.500,-0.3116],[-4.250,-0.2665],[-4.000,-0.2174],[-3.500,-0.1269],[-3.250,-0.0859],[-3.000,-0.0397],[-2.750,-0.0001],[-2.500,0.0413],[-2.250,0.0755],[-1.750,0.1402],[-1.500,0.1728],[-1.250,0.2020],[-1.000,0.3056],[-0.750,0.3411],[-0.500,0.3735],[-0.250,0.4057],[0.000,0.4334],[0.250,0.4611],[0.500,0.4880],[0.750,0.5141],[1.000,0.5393],[1.250,0.5640],[1.500,0.5891],[1.750,0.6153],[2.000,0.6383],[2.250,0.6642],[2.500,0.6900],[2.750,0.7160],[3.000,0.7421],[3.250,0.7683],[3.500,0.7946],[3.750,0.8207],[4.000,0.8467],[4.250,0.8728],[4.500,0.8989],[4.750,0.9251],[5.000,0.9514],[5.250,0.9777],[5.500,1.0042],[5.750,1.0300],[6.000,1.0557],[6.250,1.0817],[6.500,1.1074],[6.750,1.1322],[7.000,1.1557],[7.250,1.1783],[7.500,1.2005],[7.750,1.2205],[8.000,1.2395],[8.250,1.2531],[8.500,1.2450],[8.750,1.2466],[9.000,1.2502],[9.250,1.2574],[9.500,1.2580],[9.750,1.2636],[10.000,1.2745],[10.250,1.2917],[10.500,1.3274],[10.750,1.3488],[11.000,1.3750],[11.250,1.3965],[11.500,1.4102],[11.750,1.4193],[12.000,1.4284],[12.250,1.4326],[12.500,1.4192],[12.750,1.4002],[13.000,1.3794],[13.250,1.3579],[13.500,1.3351],[13.750,1.3111],[14.000,1.2859],[14.250,1.2599],[14.500,1.2332],[14.750,1.2067],[15.000,1.1830],[15.250,1.1859],],[[-8.750,-0.3752],[-8.500,-0.3756],[-8.250,-0.3755],[-8.000,-0.3690],[-7.750,-0.3631],[-7.500,-0.3542],[-7.250,-0.3450],[-7.000,-0.3370],[-6.750,-0.3309],[-6.500,-0.3302],[-6.250,-0.3390],[-6.000,-0.3371],[-5.750,-0.2723],[-5.500,-0.2339],[-5.250,-0.2122],[-5.000,-0.1818],[-4.750,-0.1415],[-4.500,-0.0840],[-4.250,-0.0520],[-4.000,-0.0270],[-3.750,-0.0005],[-3.500,0.0283],[-3.250,0.0611],[-3.000,0.0826],[-2.750,0.1074],[-2.500,0.1372],[-2.250,0.1604],[-2.000,0.1891],[-1.750,0.2131],[-1.500,0.2402],[-1.250,0.2667],[-1.000,0.2925],[-0.250,0.3888],[0.000,0.4161],[0.250,0.4435],[0.500,0.4708],[0.750,0.4982],[1.000,0.5255],[1.250,0.5529],[1.500,0.5802],[1.750,0.6077],[2.000,0.6352],[2.250,0.6629],[2.500,0.6837],[2.750,0.7108],[3.000,0.7377],[3.250,0.7646],[3.500,0.7915],[3.750,0.8184],[4.000,0.8451],[4.250,0.8717],[4.500,0.8983],[4.750,0.9247],[5.000,0.9511],[5.250,0.9773],[5.500,1.0035],[5.750,1.0293],[6.000,1.0548],[6.250,1.0801],[6.500,1.1049],[6.750,1.1295],[7.000,1.1543],[7.250,1.1788],[7.500,1.2021],[7.750,1.2232],[8.000,1.2233],[8.250,1.2350],[8.500,1.2496],[8.750,1.2579],[9.000,1.2710],[9.250,1.2813],[9.500,1.2847],[9.750,1.2893],[10.000,1.2999],[10.250,1.3113],[10.500,1.3241],[10.750,1.3365],[11.000,1.3502],[11.250,1.3812],[11.500,1.3939],[11.750,1.4068],[12.000,1.4176],[12.250,1.4243],[12.500,1.4251],[12.750,1.4218],[13.000,1.4156],[13.250,1.4067],[13.500,1.3956],[13.750,1.3817],[14.000,1.3660],[14.250,1.3488],[14.500,1.3306],[14.750,1.3118],[15.000,1.2935],[15.250,1.2977],[15.500,1.2571],[15.750,1.1787],],[[-8.000,-0.3633],[-7.750,-0.3609],[-7.500,-0.3545],[-7.250,-0.3434],[-6.750,-0.3161],[-6.500,-0.2939],[-6.250,-0.2692],[-6.000,-0.2441],[-5.750,-0.2213],[-5.500,-0.1994],[-5.250,-0.1581],[-5.000,-0.1329],[-4.750,-0.1146],[-4.500,-0.0954],[-4.250,-0.0736],[-4.000,-0.0494],[-3.750,-0.0232],[-3.500,0.0057],[-3.250,0.0416],[-3.000,0.0664],[-2.750,0.0923],[-2.500,0.1188],[-2.250,0.1464],[-2.000,0.1760],[-1.750,0.2066],[-1.500,0.2337],[-1.250,0.2616],[-1.000,0.2902],[-0.750,0.3196],[-0.250,0.3759],[0.000,0.4074],[0.250,0.4360],[0.500,0.4645],[0.750,0.4929],[1.000,0.5212],[1.250,0.5494],[1.500,0.5777],[1.750,0.6059],[2.000,0.6343],[2.250,0.6625],[2.500,0.6904],[2.750,0.7110],[3.000,0.7385],[3.250,0.7660],[3.500,0.7934],[4.000,0.8484],[4.250,0.8759],[4.500,0.9031],[4.750,0.9305],[5.000,0.9576],[5.250,0.9847],[5.500,1.0116],[5.750,1.0382],[6.000,1.0647],[6.250,1.0911],[6.500,1.1172],[6.750,1.1428],[7.000,1.1676],[7.250,1.1909],[7.500,1.2009],[7.750,1.2208],[8.000,1.2430],[8.250,1.2644],[8.500,1.2859],[8.750,1.3025],[9.000,1.3227],[9.250,1.3419],[9.500,1.3595],[9.750,1.3726],[10.000,1.3761],[10.250,1.3874],[10.500,1.3951],[10.750,1.4016],[11.000,1.4080],[11.250,1.4147],[11.500,1.4212],[11.750,1.4270],[12.000,1.4298],[12.250,1.4276],[12.500,1.4322],[12.750,1.4379],[13.000,1.4427],[13.250,1.4466],[13.500,1.4494],[13.750,1.4513],[14.000,1.4519],[14.250,1.4511],[14.500,1.4489],[14.750,1.4450],[15.000,1.4398],[15.250,1.4338],[15.500,1.4284],[15.750,1.4221],[16.000,1.4139],[16.250,1.4049],[16.500,1.3949],[16.750,1.3838],[17.000,1.3706],[17.250,1.3568],[17.500,1.3406],[17.750,1.3206],[18.000,1.2931],],[[-9.500,-0.4134],[-9.250,-0.4098],[-9.000,-0.4068],[-8.750,-0.3979],[-8.500,-0.3898],[-8.250,-0.3820],[-8.000,-0.3746],[-7.750,-0.3678],[-7.500,-0.3620],[-7.250,-0.3464],[-7.000,-0.3185],[-6.750,-0.3025],[-6.500,-0.2851],[-6.250,-0.2652],[-5.500,-0.2139],[-5.250,-0.1907],[-5.000,-0.1656],[-4.750,-0.1288],[-4.500,-0.0998],[-4.250,-0.0719],[-4.000,-0.0474],[-3.750,-0.0221],[-3.500,0.0041],[-3.250,0.0312],[-3.000,0.0591],[-2.750,0.0902],[-2.500,0.1199],[-2.250,0.1486],[-1.750,-0.0263],[-0.500,0.3503],[-0.250,0.3790],[0.000,0.4077],[0.250,0.4362],[0.500,0.4648],[0.750,0.4934],[1.000,0.5219],[1.250,0.5504],[1.500,0.5787],[1.750,0.6069],[2.000,0.6349],[2.250,0.6631],[2.500,0.6914],[2.750,0.7197],[3.000,0.7414],[3.250,0.7696],[3.500,0.7979],[3.750,0.8259],[4.000,0.8540],[4.250,0.8820],[4.500,0.9098],[4.750,0.9375],[5.000,0.9648],[5.250,0.9918],[5.500,1.0190],[5.750,1.0459],[6.000,1.0726],[6.250,1.0991],[6.500,1.1253],[6.750,1.1509],[7.000,1.1678],[7.250,1.1895],[7.500,1.2133],[7.750,1.2373],[8.000,1.2620],[8.250,1.2849],[8.500,1.3093],[8.750,1.3329],[9.000,1.3552],[9.250,1.3748],[9.500,1.3970],[9.750,1.4182],[10.000,1.4385],[10.250,1.4581],[10.500,1.4749],[10.750,1.4810],[11.000,1.4969],[11.250,1.5093],[11.500,1.5178],[11.750,1.5256],[12.000,1.5328],[12.250,1.5395],[12.500,1.5456],[12.750,1.5513],[13.000,1.5555],[13.250,1.5581],[13.500,1.5573],[13.750,1.5521],[14.000,1.5416],[14.250,1.5311],[14.500,1.5337],[14.750,1.5350],[15.000,1.5339],[15.250,1.5318],[15.500,1.5288],[15.750,1.5246],[16.000,1.5197],[16.250,1.5141],[16.500,1.5082],[16.750,1.5017],[17.000,1.4948],[17.250,1.4874],[17.500,1.4796],[17.750,1.4714],[18.000,1.4630],[18.250,1.4542],[18.500,1.4455],[18.750,1.4362],[19.000,1.4274],[19.250,1.4179],],],
{"title":"Cl v Alpha","sortData":false,"legend":{"show":false,"placement":"insideGrid","location":"ne"},"series":[{"showLabel":true,"index":0,"showLine":true,"trendline":{"type":"none","show":false},"color":"#4bb2c5"},{"showLabel":true,"index":0,"showLine":true,"trendline":{"type":"none","show":false},"color":"#EAA228"},{"showLabel":true,"index":0,"showLine":true,"trendline":{"type":"none","show":false},"color":"#839557"},{"showLabel":true,"index":0,"showLine":true,"trendline":{"type":"none","show":false},"color":"#953579"},{"showLabel":true,"index":0,"showLine":true,"trendline":{"type":"none","show":false},"color":"#d8b83f"}],"show":"$.jqplot.config.enablePlugins","axes":{"xaxis":{"max":20,"min":-10,"tickInterval":5,"tickOptions":{"formatString":"%.1f"},"forceTickAt0":true,"rendererOptions":{"forceTickAt0":true}},"yaxis":{"max":1.6,"min":-0.6,"tickInterval":0.2,"tickOptions":{"formatString":"%.2f"},"forceTickAt0":true,"rendererOptions":{"forceTickAt0":true}}},"seriesDefaults":{"lineWidth":1,"showLabel":true,"markerOptions":{"size":5,"show":false}}});
jqplots.push(p);

var p = $.jqplot('momentaoa',[[[-8.000,-0.0205],[-7.750,-0.0189],[-7.500,-0.0195],[-7.250,-0.0256],[-7.000,-0.0217],[-6.750,-0.0234],[-6.500,-0.0260],[-6.250,-0.0238],[-6.000,-0.0274],[-5.750,-0.0236],[-5.500,-0.0249],[-5.250,-0.0272],[-5.000,-0.0210],[-4.750,-0.0202],[-4.500,-0.0192],[-4.250,-0.0177],[-4.000,-0.0186],[-3.750,-0.0296],[-3.500,-0.0304],[-3.250,-0.0310],[-3.000,-0.0310],[-2.750,-0.0195],[-2.500,0.0101],[-2.250,0.0173],[-2.000,0.0230],[-1.750,0.0302],[-1.500,0.0336],[-1.250,0.0365],[-1.000,0.0338],[-0.750,-0.0622],[-0.500,-0.0695],[-0.250,-0.0751],[0.000,-0.0799],[0.250,-0.0842],[0.500,-0.0877],[0.750,-0.0910],[1.000,-0.0938],[1.250,-0.0967],[1.500,-0.0994],[1.750,-0.1001],[2.000,-0.1003],[2.250,-0.1007],[2.500,-0.1005],[2.750,-0.0994],[3.000,-0.0985],[3.250,-0.0976],[3.500,-0.0966],[3.750,-0.0956],[4.000,-0.0945],[4.250,-0.0935],[4.500,-0.0926],[4.750,-0.0917],[5.000,-0.0908],[5.250,-0.0900],[5.500,-0.0892],[5.750,-0.0886],[6.000,-0.0881],[6.250,-0.0875],[6.500,-0.0871],[6.750,-0.0868],[7.000,-0.0863],[7.250,-0.0867],[7.500,-0.0863],[7.750,-0.0875],[8.000,-0.0883],[8.250,-0.0889],[8.500,-0.0884],[8.750,-0.0889],[9.000,-0.0875],[9.250,-0.0540],[9.500,-0.0501],[9.750,-0.0468],[10.000,-0.0441],[10.250,-0.0418],[10.500,-0.0398],[10.750,-0.0402],[11.000,-0.0396],[11.250,-0.0415],[11.500,-0.0395],[11.750,-0.0373],[12.000,-0.0349],[12.250,-0.0322],[12.500,-0.0301],[12.750,-0.0288],[13.000,-0.0284],[13.250,-0.0289],[13.500,-0.0302],[13.750,-0.0320],[14.000,-0.0543],[14.250,-0.0585],],[[-7.750,-0.0214],[-7.500,-0.0244],[-7.250,-0.0341],[-7.000,-0.0423],[-6.750,-0.0364],[-6.500,-0.0326],[-6.250,-0.0308],[-6.000,-0.0297],[-5.750,-0.0287],[-5.500,-0.0289],[-5.250,-0.0398],[-5.000,-0.0360],[-4.750,-0.0331],[-4.500,-0.0321],[-4.250,-0.0402],[-4.000,-0.0495],[-3.500,-0.0625],[-3.250,-0.0679],[-3.000,-0.0738],[-2.750,-0.0779],[-2.500,-0.0824],[-2.250,-0.0850],[-1.750,-0.0883],[-1.500,-0.0890],[-1.250,-0.0891],[-1.000,-0.1005],[-0.750,-0.0999],[-0.500,-0.1001],[-0.250,-0.0999],[0.000,-0.0990],[0.250,-0.0980],[0.500,-0.0968],[0.750,-0.0955],[1.000,-0.0939],[1.250,-0.0923],[1.500,-0.0909],[1.750,-0.0897],[2.000,-0.0875],[2.250,-0.0864],[2.500,-0.0854],[2.750,-0.0845],[3.000,-0.0837],[3.250,-0.0830],[3.500,-0.0823],[3.750,-0.0817],[4.000,-0.0812],[4.250,-0.0807],[4.500,-0.0802],[4.750,-0.0798],[5.000,-0.0794],[5.250,-0.0790],[5.500,-0.0786],[5.750,-0.0783],[6.000,-0.0780],[6.250,-0.0777],[6.500,-0.0773],[6.750,-0.0766],[7.000,-0.0758],[7.250,-0.0747],[7.500,-0.0736],[7.750,-0.0722],[8.000,-0.0707],[8.250,-0.0683],[8.500,-0.0641],[8.750,-0.0609],[9.000,-0.0580],[9.250,-0.0554],[9.500,-0.0523],[9.750,-0.0495],[10.000,-0.0473],[10.250,-0.0458],[10.500,-0.0466],[10.750,-0.0457],[11.000,-0.0454],[11.250,-0.0446],[11.500,-0.0432],[11.750,-0.0415],[12.000,-0.0400],[12.250,-0.0382],[12.500,-0.0345],[12.750,-0.0314],[13.000,-0.0293],[13.250,-0.0282],[13.500,-0.0282],[13.750,-0.0291],[14.000,-0.0310],[14.250,-0.0339],[14.500,-0.0378],[14.750,-0.0426],[15.000,-0.0476],[15.250,-0.0481],],[[-8.750,-0.0158],[-8.500,-0.0208],[-8.250,-0.0252],[-8.000,-0.0310],[-7.750,-0.0312],[-7.500,-0.0274],[-7.250,-0.0266],[-7.000,-0.0273],[-6.750,-0.0286],[-6.500,-0.0290],[-6.250,-0.0274],[-6.000,-0.0286],[-5.750,-0.0494],[-5.500,-0.0586],[-5.250,-0.0603],[-5.000,-0.0637],[-4.750,-0.0699],[-4.500,-0.0792],[-4.250,-0.0838],[-4.000,-0.0853],[-3.750,-0.0865],[-3.500,-0.0878],[-3.250,-0.0894],[-3.000,-0.0893],[-2.750,-0.0892],[-2.500,-0.0894],[-2.250,-0.0893],[-2.000,-0.0893],[-1.750,-0.0891],[-1.500,-0.0891],[-1.250,-0.0891],[-1.000,-0.0889],[-0.250,-0.0861],[0.000,-0.0856],[0.250,-0.0850],[0.500,-0.0844],[0.750,-0.0839],[1.000,-0.0835],[1.250,-0.0831],[1.500,-0.0827],[1.750,-0.0825],[2.000,-0.0822],[2.250,-0.0820],[2.500,-0.0802],[2.750,-0.0798],[3.000,-0.0795],[3.250,-0.0793],[3.500,-0.0790],[3.750,-0.0788],[4.000,-0.0786],[4.250,-0.0783],[4.500,-0.0781],[4.750,-0.0779],[5.000,-0.0777],[5.250,-0.0774],[5.500,-0.0772],[5.750,-0.0769],[6.000,-0.0766],[6.250,-0.0763],[6.500,-0.0758],[6.750,-0.0754],[7.000,-0.0750],[7.250,-0.0745],[7.500,-0.0739],[7.750,-0.0730],[8.000,-0.0700],[8.250,-0.0679],[8.500,-0.0662],[8.750,-0.0637],[9.000,-0.0617],[9.250,-0.0596],[9.500,-0.0566],[9.750,-0.0537],[10.000,-0.0516],[10.250,-0.0496],[10.500,-0.0480],[10.750,-0.0464],[11.000,-0.0451],[11.250,-0.0454],[11.500,-0.0438],[11.750,-0.0423],[12.000,-0.0407],[12.250,-0.0389],[12.500,-0.0368],[12.750,-0.0348],[13.000,-0.0330],[13.250,-0.0315],[13.500,-0.0305],[13.750,-0.0299],[14.000,-0.0300],[14.250,-0.0306],[14.500,-0.0318],[14.750,-0.0335],[15.000,-0.0356],[15.250,-0.0357],[15.500,-0.0423],[15.750,-0.0586],],[[-8.000,-0.0176],[-7.750,-0.0224],[-7.500,-0.0298],[-7.250,-0.0353],[-6.750,-0.0429],[-6.500,-0.0455],[-6.250,-0.0496],[-6.000,-0.0540],[-5.750,-0.0579],[-5.500,-0.0614],[-5.250,-0.0694],[-5.000,-0.0716],[-4.750,-0.0738],[-4.500,-0.0742],[-4.250,-0.0747],[-4.000,-0.0755],[-3.750,-0.0765],[-3.500,-0.0775],[-3.250,-0.0777],[-3.000,-0.0792],[-2.750,-0.0797],[-2.500,-0.0800],[-2.250,-0.0803],[-2.000,-0.0804],[-1.750,-0.0805],[-1.500,-0.0809],[-1.250,-0.0811],[-1.000,-0.0811],[-0.750,-0.0805],[-0.250,-0.0814],[0.000,-0.0806],[0.250,-0.0805],[0.500,-0.0805],[0.750,-0.0804],[1.000,-0.0804],[1.250,-0.0804],[1.500,-0.0805],[1.750,-0.0805],[2.000,-0.0806],[2.250,-0.0806],[2.500,-0.0806],[2.750,-0.0795],[3.000,-0.0794],[3.250,-0.0794],[3.500,-0.0794],[4.000,-0.0793],[4.250,-0.0793],[4.500,-0.0793],[4.750,-0.0793],[5.000,-0.0792],[5.250,-0.0792],[5.500,-0.0791],[5.750,-0.0791],[6.000,-0.0790],[6.250,-0.0788],[6.500,-0.0787],[6.750,-0.0785],[7.000,-0.0782],[7.250,-0.0778],[7.500,-0.0759],[7.750,-0.0748],[8.000,-0.0741],[8.250,-0.0732],[8.500,-0.0724],[8.750,-0.0710],[9.000,-0.0700],[9.250,-0.0689],[9.500,-0.0676],[9.750,-0.0658],[10.000,-0.0626],[10.250,-0.0604],[10.500,-0.0578],[10.750,-0.0554],[11.000,-0.0533],[11.250,-0.0515],[11.500,-0.0500],[11.750,-0.0486],[12.000,-0.0471],[12.250,-0.0450],[12.500,-0.0436],[12.750,-0.0427],[13.000,-0.0417],[13.250,-0.0407],[13.500,-0.0398],[13.750,-0.0390],[14.000,-0.0383],[14.250,-0.0378],[14.500,-0.0375],[14.750,-0.0374],[15.000,-0.0376],[15.250,-0.0381],[15.500,-0.0389],[15.750,-0.0399],[16.000,-0.0414],[16.250,-0.0432],[16.500,-0.0452],[16.750,-0.0476],[17.000,-0.0505],[17.250,-0.0537],[17.500,-0.0577],[17.750,-0.0626],[18.000,-0.0695],],[[-9.500,-0.0097],[-9.250,-0.0123],[-9.000,-0.0137],[-8.750,-0.0138],[-8.500,-0.0147],[-8.250,-0.0160],[-8.000,-0.0174],[-7.750,-0.0191],[-7.500,-0.0209],[-7.250,-0.0260],[-7.000,-0.0405],[-6.750,-0.0454],[-6.500,-0.0496],[-6.250,-0.0539],[-5.500,-0.0597],[-5.250,-0.0621],[-5.000,-0.0647],[-4.750,-0.0690],[-4.500,-0.0711],[-4.250,-0.0728],[-4.000,-0.0753],[-3.750,-0.0759],[-3.500,-0.0765],[-3.250,-0.0771],[-3.000,-0.0776],[-2.750,-0.0776],[-2.500,-0.0777],[-2.250,-0.0779],[-1.750,-0.1032],[-0.500,-0.0796],[-0.250,-0.0797],[0.000,-0.0798],[0.250,-0.0799],[0.500,-0.0800],[0.750,-0.0802],[1.000,-0.0803],[1.250,-0.0804],[1.500,-0.0806],[1.750,-0.0807],[2.000,-0.0807],[2.250,-0.0808],[2.500,-0.0810],[2.750,-0.0811],[3.000,-0.0803],[3.250,-0.0804],[3.500,-0.0805],[3.750,-0.0806],[4.000,-0.0807],[4.250,-0.0808],[4.500,-0.0808],[4.750,-0.0809],[5.000,-0.0809],[5.250,-0.0809],[5.500,-0.0809],[5.750,-0.0809],[6.000,-0.0809],[6.250,-0.0808],[6.500,-0.0807],[6.750,-0.0805],[7.000,-0.0794],[7.250,-0.0787],[7.500,-0.0782],[7.750,-0.0778],[8.000,-0.0774],[8.250,-0.0768],[8.500,-0.0764],[8.750,-0.0759],[9.000,-0.0752],[9.250,-0.0742],[9.500,-0.0735],[9.750,-0.0727],[10.000,-0.0717],[10.250,-0.0708],[10.500,-0.0694],[10.750,-0.0665],[11.000,-0.0650],[11.250,-0.0630],[11.500,-0.0604],[11.750,-0.0581],[12.000,-0.0560],[12.250,-0.0542],[12.500,-0.0526],[12.750,-0.0513],[13.000,-0.0501],[13.250,-0.0491],[13.500,-0.0482],[13.750,-0.0474],[14.000,-0.0466],[14.250,-0.0458],[14.500,-0.0459],[14.750,-0.0460],[15.000,-0.0462],[15.250,-0.0466],[15.500,-0.0471],[15.750,-0.0477],[16.000,-0.0486],[16.250,-0.0495],[16.500,-0.0506],[16.750,-0.0519],[17.000,-0.0533],[17.250,-0.0549],[17.500,-0.0566],[17.750,-0.0585],[18.000,-0.0605],[18.250,-0.0627],[18.500,-0.0651],[18.750,-0.0676],[19.000,-0.0704],[19.250,-0.0734],],],
{"title":"Cm v Alpha","sortData":false,"legend":{"show":false,"placement":"insideGrid","location":"ne"},"series":[{"showLabel":true,"index":0,"showLine":true,"trendline":{"type":"none","show":false},"color":"#4bb2c5"},{"showLabel":true,"index":0,"showLine":true,"trendline":{"type":"none","show":false},"color":"#EAA228"},{"showLabel":true,"index":0,"showLine":true,"trendline":{"type":"none","show":false},"color":"#839557"},{"showLabel":true,"index":0,"showLine":true,"trendline":{"type":"none","show":false},"color":"#953579"},{"showLabel":true,"index":0,"showLine":true,"trendline":{"type":"none","show":false},"color":"#d8b83f"}],"show":"$.jqplot.config.enablePlugins","axes":{"xaxis":{"max":20,"min":-10,"tickInterval":5,"tickOptions":{"formatString":"%.1f"},"forceTickAt0":true,"rendererOptions":{"forceTickAt0":true}},"yaxis":{"max":0.04,"min":-0.12,"tickInterval":0.02,"tickOptions":{"formatString":"%.2f"},"forceTickAt0":true,"rendererOptions":{"forceTickAt0":true}}},"seriesDefaults":{"lineWidth":1,"showLabel":true,"markerOptions":{"size":5,"show":false}}});
jqplots.push(p);

var p = $.jqplot('dragaoa',[[[-8.000,0.10872],[-7.750,0.10286],[-7.500,0.10027],[-7.250,0.10014],[-7.000,0.09451],[-6.750,0.09224],[-6.500,0.08973],[-6.250,0.08643],[-6.000,0.08486],[-5.750,0.08156],[-5.500,0.07960],[-5.250,0.07873],[-5.000,0.07497],[-4.750,0.07280],[-4.500,0.07062],[-4.250,0.06841],[-4.000,0.06654],[-3.750,0.03957],[-3.500,0.03804],[-3.250,0.03667],[-3.000,0.03553],[-2.750,0.03709],[-2.500,0.05352],[-2.250,0.05140],[-2.000,0.04936],[-1.750,0.04715],[-1.500,0.04507],[-1.250,0.04287],[-1.000,0.04066],[-0.750,0.03823],[-0.500,0.03688],[-0.250,0.03577],[0.000,0.03494],[0.250,0.03411],[0.500,0.03360],[0.750,0.03299],[1.000,0.03259],[1.250,0.03195],[1.500,0.03134],[1.750,0.02888],[2.000,0.02906],[2.250,0.02913],[2.500,0.02915],[2.750,0.02966],[3.000,0.02997],[3.250,0.03025],[3.500,0.03057],[3.750,0.03092],[4.000,0.03136],[4.250,0.03189],[4.500,0.03252],[4.750,0.03328],[5.000,0.03405],[5.250,0.03444],[5.500,0.03536],[5.750,0.03708],[6.000,0.03907],[6.250,0.03929],[6.500,0.04237],[6.750,0.04554],[7.000,0.04686],[7.250,0.05362],[7.500,0.05529],[7.750,0.06558],[8.000,0.07231],[8.250,0.07754],[8.500,0.07919],[8.750,0.08517],[9.000,0.08668],[9.250,0.03482],[9.500,0.03763],[9.750,0.04029],[10.000,0.04300],[10.250,0.04558],[10.500,0.04785],[10.750,0.05057],[11.000,0.05349],[11.250,0.05834],[11.500,0.06180],[11.750,0.06541],[12.000,0.06911],[12.250,0.07277],[12.500,0.07674],[12.750,0.08116],[13.000,0.08610],[13.250,0.09160],[13.500,0.09766],[13.750,0.10423],[14.000,0.13013],[14.250,0.13919],],[[-7.750,0.09759],[-7.500,0.09565],[-7.250,0.09450],[-7.000,0.09303],[-6.750,0.08662],[-6.500,0.08302],[-6.250,0.08045],[-6.000,0.07838],[-5.750,0.07658],[-5.500,0.07487],[-5.250,0.07563],[-5.000,0.07069],[-4.750,0.06775],[-4.500,0.06517],[-4.250,0.06127],[-4.000,0.05653],[-3.500,0.04917],[-3.250,0.04600],[-3.000,0.04291],[-2.750,0.04116],[-2.500,0.03778],[-2.250,0.03562],[-1.750,0.03130],[-1.500,0.02907],[-1.250,0.02717],[-1.000,0.02562],[-0.750,0.02460],[-0.500,0.02297],[-0.250,0.02198],[0.000,0.02124],[0.250,0.02056],[0.500,0.01989],[0.750,0.01922],[1.000,0.01862],[1.250,0.01822],[1.500,0.01773],[1.750,0.01736],[2.000,0.01518],[2.250,0.01526],[2.500,0.01536],[2.750,0.01548],[3.000,0.01563],[3.250,0.01581],[3.500,0.01602],[3.750,0.01627],[4.000,0.01655],[4.250,0.01684],[4.500,0.01715],[4.750,0.01749],[5.000,0.01786],[5.250,0.01825],[5.500,0.01868],[5.750,0.01918],[6.000,0.01973],[6.250,0.02032],[6.500,0.02082],[6.750,0.02122],[7.000,0.02155],[7.250,0.02175],[7.500,0.02188],[7.750,0.02197],[8.000,0.02199],[8.250,0.02202],[8.500,0.02514],[8.750,0.02784],[9.000,0.02996],[9.250,0.03163],[9.500,0.03362],[9.750,0.03538],[10.000,0.03712],[10.250,0.03900],[10.500,0.04181],[10.750,0.04386],[11.000,0.04651],[11.250,0.04945],[11.500,0.05245],[11.750,0.05539],[12.000,0.05846],[12.250,0.06182],[12.500,0.06488],[12.750,0.06832],[13.000,0.07232],[13.250,0.07686],[13.500,0.08190],[13.750,0.08750],[14.000,0.09369],[14.250,0.10050],[14.500,0.10806],[14.750,0.11632],[15.000,0.12503],[15.250,0.13049],],[[-8.750,0.10681],[-8.500,0.10499],[-8.250,0.10270],[-8.000,0.09958],[-7.750,0.09435],[-7.500,0.09026],[-7.250,0.08707],[-7.000,0.08417],[-6.750,0.08144],[-6.500,0.07913],[-6.250,0.07763],[-6.000,0.07534],[-5.750,0.07004],[-5.500,0.06364],[-5.250,0.05897],[-5.000,0.05552],[-4.750,0.05174],[-4.500,0.04934],[-4.250,0.04363],[-4.000,0.04055],[-3.750,0.03825],[-3.500,0.03613],[-3.250,0.03372],[-3.000,0.03170],[-2.750,0.03013],[-2.500,0.02856],[-2.250,0.02679],[-2.000,0.02577],[-1.750,0.02413],[-1.500,0.02292],[-1.250,0.02182],[-1.000,0.02103],[-0.250,0.01701],[0.000,0.01588],[0.250,0.01505],[0.500,0.01443],[0.750,0.01406],[1.000,0.01364],[1.250,0.01327],[1.500,0.01285],[1.750,0.01257],[2.000,0.01246],[2.250,0.01220],[2.500,0.01035],[2.750,0.01050],[3.000,0.01067],[3.250,0.01087],[3.500,0.01107],[3.750,0.01128],[4.000,0.01153],[4.250,0.01180],[4.500,0.01210],[4.750,0.01243],[5.000,0.01278],[5.250,0.01316],[5.500,0.01358],[5.750,0.01398],[6.000,0.01433],[6.250,0.01464],[6.500,0.01494],[6.750,0.01515],[7.000,0.01541],[7.250,0.01567],[7.500,0.01599],[7.750,0.01655],[8.000,0.01970],[8.250,0.02153],[8.500,0.02283],[8.750,0.02455],[9.000,0.02577],[9.250,0.02713],[9.500,0.02893],[9.750,0.03074],[10.000,0.03214],[10.250,0.03369],[10.500,0.03528],[10.750,0.03687],[11.000,0.03866],[11.250,0.04185],[11.500,0.04375],[11.750,0.04603],[12.000,0.04864],[12.250,0.05148],[12.500,0.05433],[12.750,0.05728],[13.000,0.06044],[13.250,0.06390],[13.500,0.06784],[13.750,0.07218],[14.000,0.07703],[14.250,0.08223],[14.500,0.08784],[14.750,0.09383],[15.000,0.10025],[15.250,0.10436],[15.500,0.11320],[15.750,0.13398],],[[-8.000,0.09359],[-7.750,0.09048],[-7.500,0.08661],[-7.250,0.08255],[-6.750,0.07307],[-6.500,0.06961],[-6.250,0.06612],[-6.000,0.06268],[-5.750,0.05927],[-5.500,0.05579],[-5.250,0.05107],[-5.000,0.04772],[-4.750,0.04220],[-4.500,0.03994],[-4.250,0.03801],[-4.000,0.03596],[-3.750,0.03378],[-3.500,0.03144],[-3.250,0.03029],[-3.000,0.02554],[-2.750,0.02401],[-2.500,0.02284],[-2.250,0.02170],[-2.000,0.02067],[-1.750,0.01900],[-1.500,0.01756],[-1.250,0.01674],[-1.000,0.01618],[-0.750,0.01727],[-0.250,0.01410],[0.000,0.01218],[0.250,0.01125],[0.500,0.01071],[0.750,0.01035],[1.000,0.01009],[1.250,0.00989],[1.500,0.00979],[1.750,0.00971],[2.000,0.00952],[2.250,0.00948],[2.500,0.00953],[2.750,0.00757],[3.000,0.00780],[3.250,0.00802],[3.500,0.00825],[4.000,0.00867],[4.250,0.00887],[4.500,0.00912],[4.750,0.00931],[5.000,0.00952],[5.250,0.00973],[5.500,0.00996],[5.750,0.01022],[6.000,0.01049],[6.250,0.01076],[6.500,0.01106],[6.750,0.01142],[7.000,0.01187],[7.250,0.01250],[7.500,0.01491],[7.750,0.01597],[8.000,0.01664],[8.250,0.01739],[8.500,0.01806],[8.750,0.01922],[9.000,0.01991],[9.250,0.02065],[9.500,0.02147],[9.750,0.02260],[10.000,0.02439],[10.250,0.02531],[10.500,0.02643],[10.750,0.02774],[11.000,0.02919],[11.250,0.03070],[11.500,0.03231],[11.750,0.03405],[12.000,0.03619],[12.250,0.03903],[12.500,0.04123],[12.750,0.04326],[13.000,0.04547],[13.250,0.04783],[13.500,0.05035],[13.750,0.05304],[14.000,0.05592],[14.250,0.05899],[14.500,0.06232],[14.750,0.06590],[15.000,0.06970],[15.250,0.07367],[15.500,0.07767],[15.750,0.08189],[16.000,0.08659],[16.250,0.09159],[16.500,0.09690],[16.750,0.10254],[17.000,0.10878],[17.250,0.11538],[17.500,0.12274],[17.750,0.13130],[18.000,0.14226],],[[-9.500,0.11040],[-9.250,0.10664],[-9.000,0.10203],[-8.750,0.09906],[-8.500,0.09632],[-8.250,0.09359],[-8.000,0.09083],[-7.750,0.08803],[-7.500,0.08519],[-7.250,0.08143],[-7.000,0.07479],[-6.750,0.07047],[-6.500,0.06629],[-6.250,0.06192],[-5.500,0.05211],[-5.250,0.04945],[-5.000,0.04649],[-4.750,0.04231],[-4.500,0.03895],[-4.250,0.03555],[-4.000,0.02948],[-3.750,0.02794],[-3.500,0.02655],[-3.250,0.02511],[-3.000,0.02353],[-2.750,0.02203],[-2.500,0.02097],[-2.250,0.01950],[-1.750,0.01326],[-0.500,0.01061],[-0.250,0.01013],[0.000,0.00970],[0.250,0.00929],[0.500,0.00875],[0.750,0.00851],[1.000,0.00841],[1.250,0.00834],[1.500,0.00834],[1.750,0.00838],[2.000,0.00847],[2.250,0.00852],[2.500,0.00855],[2.750,0.00861],[3.000,0.00670],[3.250,0.00686],[3.500,0.00698],[3.750,0.00713],[4.000,0.00728],[4.250,0.00741],[4.500,0.00759],[4.750,0.00777],[5.000,0.00800],[5.250,0.00827],[5.500,0.00851],[5.750,0.00876],[6.000,0.00905],[6.250,0.00934],[6.500,0.00968],[6.750,0.01008],[7.000,0.01173],[7.250,0.01265],[7.500,0.01323],[7.750,0.01376],[8.000,0.01416],[8.250,0.01478],[8.500,0.01516],[8.750,0.01562],[9.000,0.01620],[9.250,0.01707],[9.500,0.01757],[9.750,0.01815],[10.000,0.01877],[10.250,0.01941],[10.500,0.02024],[10.750,0.02184],[11.000,0.02253],[11.250,0.02331],[11.500,0.02424],[11.750,0.02532],[12.000,0.02656],[12.250,0.02794],[12.500,0.02949],[12.750,0.03118],[13.000,0.03310],[13.250,0.03531],[13.500,0.03797],[13.750,0.04121],[14.000,0.04511],[14.250,0.04911],[14.500,0.05179],[14.750,0.05469],[15.000,0.05791],[15.250,0.06133],[15.500,0.06497],[15.750,0.06887],[16.000,0.07296],[16.250,0.07723],[16.500,0.08165],[16.750,0.08624],[17.000,0.09097],[17.250,0.09585],[17.500,0.10088],[17.750,0.10605],[18.000,0.11129],[18.250,0.11666],[18.500,0.12215],[18.750,0.12784],[19.000,0.13352],[19.250,0.13943],],],
{"title":"Cd v Alpha","sortData":false,"legend":{"show":false,"placement":"insideGrid","location":"ne"},"series":[{"showLabel":true,"index":0,"showLine":true,"trendline":{"type":"none","show":false},"color":"#4bb2c5"},{"showLabel":true,"index":0,"showLine":true,"trendline":{"type":"none","show":false},"color":"#EAA228"},{"showLabel":true,"index":0,"showLine":true,"trendline":{"type":"none","show":false},"color":"#839557"},{"showLabel":true,"index":0,"showLine":true,"trendline":{"type":"none","show":false},"color":"#953579"},{"showLabel":true,"index":0,"showLine":true,"trendline":{"type":"none","show":false},"color":"#d8b83f"}],"show":"$.jqplot.config.enablePlugins","axes":{"xaxis":{"max":20,"min":-10,"tickInterval":5,"tickOptions":{"formatString":"%.1f"},"forceTickAt0":true,"rendererOptions":{"forceTickAt0":true}},"yaxis":{"max":0.16,"min":0,"tickInterval":0.02,"tickOptions":{"formatString":"%.2f"},"forceTickAt0":true,"rendererOptions":{"forceTickAt0":true}}},"seriesDefaults":{"lineWidth":1,"showLabel":true,"markerOptions":{"size":5,"show":false}}});
jqplots.push(p);

var p = $.jqplot('effaoa',[[[-8.000,-3.4749816041207],[-7.750,-3.4911530235271],[-7.500,-3.5434327316246],[-7.250,-3.6468943479129],[-7.000,-3.6895566606708],[-6.750,-3.7489158716392],[-6.500,-3.8482113005684],[-6.250,-3.896795094296],[-6.000,-4.0148479849163],[-5.750,-4.0975968612065],[-5.500,-4.2311557788945],[-5.250,-4.289343325289],[-5.000,-4.4764572495665],[-4.750,-4.6098901098901],[-4.500,-4.7337864627584],[-4.250,-4.8530916532671],[-4.000,-4.9203486624587],[-3.750,1.7765984331564],[-3.500,2.1188222923239],[-3.250,2.4352331606218],[-3.000,2.6850548831973],[-2.750,1.348072256673],[-2.500,-6.1920777279522],[-2.250,-6.5155642023346],[-2.000,-6.7970016207455],[-1.750,-7.1516436903499],[-1.500,-7.3729753716441],[-1.250,-7.5717284814556],[-1.000,-7.439744220364],[-0.750,1.1770860580696],[-0.500,3.045010845987],[-0.250,4.7525859658932],[0.000,6.4253005151689],[0.250,8.1031955438288],[0.500,9.6904761904762],[0.750,11.324643831464],[1.000,12.899662473151],[1.250,14.635367762128],[1.500,16.426292278239],[1.750,19.127423822715],[2.000,20.38885065382],[2.250,21.616889804325],[2.500,22.792452830189],[2.750,23.206338503034],[3.000,23.877210543877],[3.250,24.568595041322],[3.500,25.19463526333],[3.750,25.763260025873],[4.000,26.218112244898],[4.250,26.563185951709],[4.500,26.79581795818],[4.750,26.896033653846],[5.000,26.992657856094],[5.250,27.494192799071],[5.500,27.429298642534],[5.750,26.61003236246],[6.000,25.659073457896],[6.250,26.319674217358],[6.500,24.555109747463],[6.750,22.981993851559],[7.000,22.838241570636],[7.250,19.531891085416],[7.500,19.32718393923],[7.750,15.426959438853],[8.000,13.635735029733],[8.250,12.563838019087],[8.500,12.616491981311],[8.750,11.442996360221],[9.000,11.432856483618],[9.250,36.082711085583],[9.500,33.130480999203],[9.750,30.799205758253],[10.000,28.816279069767],[10.250,27.28389644581],[10.500,26.388714733542],[10.750,25.928416056951],[11.000,24.991587212563],[11.250,23.733287624272],[11.500,22.521035598705],[11.750,21.282678489528],[12.000,20.057878744031],[12.250,18.875910402638],[12.500,17.688298149596],[12.750,16.494578610153],[13.000,15.311265969803],[13.250,14.159388646288],[13.500,13.06676223633],[13.750,12.059867600499],[14.000,8.5791131944978],[14.250,7.9251383001652],],[[-7.750,-3.5813095604058],[-7.500,-3.6570831155254],[-7.250,-3.6666666666667],[-7.000,-3.6439858110287],[-6.750,-3.867467097668],[-6.500,-3.9725367381354],[-6.250,-4.0646364201367],[-6.000,-4.1809134983414],[-5.750,-4.3196657090624],[-5.500,-4.445038065981],[-5.250,-4.1795583763057],[-5.000,-4.5169047955864],[-4.750,-4.7129151291513],[-4.500,-4.7813411078717],[-4.250,-4.3496001305696],[-4.000,-3.8457456217937],[-3.500,-2.5808419768151],[-3.250,-1.8673913043478],[-3.000,-0.92519226287579],[-2.750,-0.0024295432458698],[-2.500,1.0931709899418],[-2.250,2.1195957327344],[-1.750,4.4792332268371],[-1.500,5.9442724458204],[-1.250,7.4346705925653],[-1.000,11.928181108509],[-0.750,13.865853658537],[-0.500,16.260339573357],[-0.250,18.457688808007],[0.000,20.404896421846],[0.250,22.427042801556],[0.500,24.534942182001],[0.750,26.748178980229],[1.000,28.963480128894],[1.250,30.954994511526],[1.500,33.226170332769],[1.750,35.443548387097],[2.000,42.048748353096],[2.250,43.525557011796],[2.500,44.921875],[2.750,46.25322997416],[3.000,47.479206653871],[3.250,48.595825426945],[3.500,49.60049937578],[3.750,50.442532267978],[4.000,51.160120845921],[4.250,51.828978622328],[4.500,52.413994169096],[4.750,52.893081761006],[5.000,53.269876819709],[5.250,53.572602739726],[5.500,53.758029978587],[5.750,53.701772679875],[6.000,53.507349214394],[6.250,53.233267716535],[6.500,53.189241114313],[6.750,53.355325164939],[7.000,53.628770301624],[7.250,54.174712643678],[7.500,54.867458866545],[7.750,55.553026854802],[8.000,56.366530241019],[8.250,56.907356948229],[8.500,49.522673031026],[8.750,44.777298850575],[9.000,41.728971962617],[9.250,39.753398672147],[9.500,37.418203450327],[9.750,35.715093273036],[10.000,34.334590517241],[10.250,33.120512820513],[10.500,31.748385553695],[10.750,30.752393980848],[11.000,29.563534723715],[11.250,28.240647118301],[11.500,26.886558627264],[11.750,25.623758801228],[12.000,24.433800889497],[12.250,23.173730184406],[12.500,21.874229346486],[12.750,20.494730679157],[13.000,19.073561946903],[13.250,17.667187093417],[13.500,16.301587301587],[13.750,14.984],[14.000,13.725050699114],[14.250,12.53631840796],[14.500,11.412178419397],[14.750,10.373968363136],[15.000,9.4617291849956],[15.250,9.0880527243467],],[[-8.750,-3.5127797022751],[-8.500,-3.5774835698638],[-8.250,-3.6562804284323],[-8.000,-3.7055633661378],[-7.750,-3.8484366719661],[-7.500,-3.924218923111],[-7.250,-3.9623291604456],[-7.000,-4.0038018296305],[-6.750,-4.0631139489195],[-6.500,-4.1728800707696],[-6.250,-4.3668684786809],[-6.000,-4.4743827979825],[-5.750,-3.8877784123358],[-5.500,-3.6753614079195],[-5.250,-3.5984398846871],[-5.000,-3.2744956772334],[-4.750,-2.7348279860843],[-4.500,-1.7024726388326],[-4.250,-1.1918404767362],[-4.000,-0.66584463625154],[-3.750,-0.013071895424837],[-3.500,0.78328259064489],[-3.250,1.8119810201661],[-3.000,2.6056782334385],[-2.750,3.5645536010621],[-2.500,4.8039215686275],[-2.250,5.9873086972751],[-2.000,7.3379899107489],[-1.750,8.8313302942395],[-1.500,10.479930191972],[-1.250,12.222731439047],[-1.000,13.908701854494],[-0.250,22.857142857143],[0.000,26.202770780856],[0.250,29.468438538206],[0.500,32.626472626473],[0.750,35.433854907539],[1.000,38.526392961877],[1.250,41.665410700829],[1.500,45.151750972763],[1.750,48.345266507558],[2.000,50.979133226324],[2.250,54.33606557377],[2.500,66.057971014493],[2.750,67.695238095238],[3.000,69.137769447048],[3.250,70.340386384545],[3.500,71.499548328817],[3.750,72.553191489362],[4.000,73.295750216826],[4.250,73.872881355932],[4.500,74.239669421488],[4.750,74.392598551891],[5.000,74.420970266041],[5.250,74.262917933131],[5.500,73.895434462445],[5.750,73.62660944206],[6.000,73.60781577111],[6.250,73.777322404372],[6.500,73.955823293173],[6.750,74.554455445545],[7.000,74.905905256327],[7.250,75.226547543076],[7.500,75.178236397749],[7.750,73.909365558912],[8.000,62.096446700508],[8.250,57.361820715281],[8.500,54.734997809899],[8.750,51.238289205703],[9.000,49.320915793558],[9.250,47.228160707704],[9.500,44.407189768406],[9.750,41.942094990241],[10.000,40.444928438083],[10.250,38.922528940338],[10.500,37.531179138322],[10.750,36.248982912937],[11.000,34.924987066736],[11.250,33.003584229391],[11.500,31.860571428571],[11.750,30.562676515316],[12.000,29.144736842105],[12.250,27.667055167055],[12.500,26.230443585496],[12.750,24.821927374302],[13.000,23.421575115817],[13.250,22.014084507042],[13.500,20.571933962264],[13.750,19.142421723469],[14.000,17.733350642607],[14.250,16.40277271069],[14.500,15.147996357013],[14.750,13.980603218587],[15.000,12.902743142145],[15.250,12.434840935224],[15.500,11.105123674912],[15.750,8.7975817286162],],[[-8.000,-3.8818249813014],[-7.750,-3.9887267904509],[-7.500,-4.0930608474772],[-7.250,-4.1599030890369],[-6.750,-4.3259887778842],[-6.500,-4.2220945266485],[-6.250,-4.0713853599516],[-6.000,-3.8943841735801],[-5.750,-3.733760755863],[-5.500,-3.5741172253092],[-5.250,-3.0957509300959],[-5.000,-2.7849958088852],[-4.750,-2.7156398104265],[-4.500,-2.3885828743115],[-4.250,-1.9363325440674],[-4.000,-1.3737486095662],[-3.750,-0.68679692125518],[-3.500,0.18129770992366],[-3.250,1.3733905579399],[-3.000,2.5998433829287],[-2.750,3.8442315701791],[-2.500,5.2014010507881],[-2.250,6.7465437788018],[-2.000,8.514755684567],[-1.750,10.873684210526],[-1.500,13.308656036446],[-1.250,15.627240143369],[-1.000,17.935723114957],[-0.750,18.506079907354],[-0.250,26.659574468085],[0.000,33.448275862069],[0.250,38.755555555556],[0.500,43.370681605976],[0.750,47.623188405797],[1.000,51.655104063429],[1.250,55.551061678463],[1.500,59.009193054137],[1.750,62.399588053553],[2.000,66.628151260504],[2.250,69.883966244726],[2.500,72.444910807975],[2.750,93.923381770145],[3.000,94.679487179487],[3.250,95.511221945137],[3.500,96.169696969697],[4.000,97.854671280277],[4.250,98.748590755355],[4.500,99.024122807018],[4.750,99.946294307197],[5.000,100.58823529412],[5.250,101.20246659815],[5.500,101.56626506024],[5.750,101.58512720157],[6.000,101.49666348904],[6.250,101.40334572491],[6.500,101.01265822785],[6.750,100.0700525394],[7.000,98.365627632687],[7.250,95.272],[7.500,80.543259557344],[7.750,76.443331246086],[8.000,74.699519230769],[8.250,72.708453133985],[8.500,71.201550387597],[8.750,67.767950052029],[9.000,66.433952787544],[9.250,64.983050847458],[9.500,63.320912901723],[9.750,60.734513274336],[10.000,56.420664206642],[10.250,54.816278150928],[10.500,52.784714339765],[10.750,50.526315789474],[11.000,48.23569715656],[11.250,46.081433224756],[11.500,43.986381925101],[11.750,41.908957415565],[12.000,39.508151423045],[12.250,36.576992057392],[12.500,34.736842105263],[12.750,33.238557558946],[13.000,31.728612271828],[13.250,30.244616349571],[13.500,28.786494538232],[13.750,27.362368024133],[14.000,25.963876967096],[14.250,24.599084590609],[14.500,23.249358151476],[14.750,21.927162367223],[15.000,20.657101865136],[15.250,19.46246776164],[15.500,18.390627011716],[15.750,17.365978751984],[16.000,16.328675366671],[16.250,15.33901080904],[16.500,14.395252837977],[16.750,13.495221377024],[17.000,12.599742599743],[17.250,11.759403709482],[17.500,10.922274727065],[17.750,10.057882711348],[18.000,9.0896949247856],],[[-9.500,-3.7445652173913],[-9.250,-3.8428357089272],[-9.000,-3.9870626286386],[-8.750,-4.0167575206945],[-8.500,-4.046926910299],[-8.250,-4.0816326530612],[-8.000,-4.1241880435979],[-7.750,-4.1781210950812],[-7.500,-4.24932503815],[-7.250,-4.2539604568341],[-7.000,-4.2585907206846],[-6.750,-4.2926067830282],[-6.500,-4.3007995172726],[-6.250,-4.2829457364341],[-5.500,-4.104778353483],[-5.250,-3.8564206268959],[-5.000,-3.5620563562056],[-4.750,-3.0441975892224],[-4.500,-2.5622593068036],[-4.250,-2.0225035161744],[-4.000,-1.6078697421981],[-3.750,-0.79098067287044],[-3.500,0.15442561205273],[-3.250,1.2425328554361],[-3.000,2.5116872078198],[-2.750,4.0944167044939],[-2.500,5.7176919408679],[-2.250,7.6205128205128],[-1.750,-1.9834087481146],[-0.500,33.01602262017],[-0.250,37.41362290227],[0.000,42.030927835052],[0.250,46.953713670614],[0.500,53.12],[0.750,57.978848413631],[1.000,62.05707491082],[1.250,65.99520383693],[1.500,69.388489208633],[1.750,72.422434367542],[2.000,74.95867768595],[2.250,77.828638497653],[2.500,80.865497076023],[2.750,83.588850174216],[3.000,110.65671641791],[3.250,112.18658892128],[3.500,114.31232091691],[3.750,115.83450210379],[4.000,117.30769230769],[4.250,119.02834008097],[4.500,119.86824769433],[4.750,120.65637065637],[5.000,120.6],[5.250,119.92744860943],[5.500,119.74148061105],[5.750,119.39497716895],[6.000,118.51933701657],[6.250,117.67665952891],[6.500,116.25],[6.750,114.17658730159],[7.000,99.556692242114],[7.250,94.03162055336],[7.500,91.708238851096],[7.750,89.920058139535],[8.000,89.124293785311],[8.250,86.935047361299],[8.500,86.365435356201],[8.750,85.33290653009],[9.000,83.654320987654],[9.250,80.538957234915],[9.500,79.510529311326],[9.750,78.137741046832],[10.000,76.638252530634],[10.250,75.121071612571],[10.500,72.870553359684],[10.750,67.811355311355],[11.000,66.440301819796],[11.250,64.749034749035],[11.500,62.615511551155],[11.750,60.252764612954],[12.000,57.710843373494],[12.250,55.100214745884],[12.500,52.410986775178],[12.750,49.753046824888],[13.000,46.993957703927],[13.250,44.126309827244],[13.500,41.013958388201],[13.750,37.663188546469],[14.000,34.174240744846],[14.250,31.176949704744],[14.500,29.613825062753],[14.750,28.067288352532],[15.000,26.487653255051],[15.250,24.976357410729],[15.500,23.530860397106],[15.750,22.137360243938],[16.000,20.829221491228],[16.250,19.605075747766],[16.500,18.47152480098],[16.750,17.413033395176],[17.000,16.431790700231],[17.250,15.51799687011],[17.500,14.666931007137],[17.750,13.874587458746],[18.000,13.145835205319],[18.250,12.465283730499],[18.500,11.833810888252],[18.750,11.234355444305],[19.000,10.690533253445],[19.250,10.169260560855],],],
{"title":"Cl\/Cd v Alpha","sortData":false,"legend":{"show":false,"placement":"insideGrid","location":"ne"},"series":[{"showLabel":true,"index":0,"showLine":true,"trendline":{"type":"none","show":false},"color":"#4bb2c5"},{"showLabel":true,"index":0,"showLine":true,"trendline":{"type":"none","show":false},"color":"#EAA228"},{"showLabel":true,"index":0,"showLine":true,"trendline":{"type":"none","show":false},"color":"#839557"},{"showLabel":true,"index":0,"showLine":true,"trendline":{"type":"none","show":false},"color":"#953579"},{"showLabel":true,"index":0,"showLine":true,"trendline":{"type":"none","show":false},"color":"#d8b83f"}],"show":"$.jqplot.config.enablePlugins","axes":{"xaxis":{"max":20,"min":-10,"tickInterval":5,"tickOptions":{"formatString":"%.1f"},"forceTickAt0":true,"rendererOptions":{"forceTickAt0":true}},"yaxis":{"max":140,"min":-20,"tickInterval":20,"tickOptions":{"formatString":"%d"},"forceTickAt0":true,"rendererOptions":{"forceTickAt0":true}}},"seriesDefaults":{"lineWidth":1,"showLabel":true,"markerOptions":{"size":5,"show":false}}});
jqplots.push(p);

});
/*]]>*/
</script>
</body>
</html>