<!DOCTYPE html>
<html lang="en">
<head>
<link rel="stylesheet" type="text/css" href="/assets/62ff72f1/jquery.jqplot.min.css" media="screen, projection, print" />
<style type="text/css">
/*<![CDATA[*/
.jqplot-title {font-size:1.8em;padding:3px;}.jqplot-xaxis {font-size:0.8em;padding-top:3px;}.jqplot-yaxis {font-size:0.8em;padding-right:3px;}
/*]]>*/
</style>
<!--[if lt IE 9]><script type="text/javascript" src="/assets/62ff72f1/excanvas.min.js"></script></script><![endif]-->
<script type="text/javascript" src="/assets/780cfc96/jquery.min.js"></script>
<script type="text/javascript" src="/assets/62ff72f1/jquery.min.js"></script>
<script type="text/javascript" src="/assets/62ff72f1/jquery.jqplot.min.js"></script>
<script type="text/javascript">
/*<![CDATA[*/
var jqplots = [];

/*]]>*/
</script>
<title>Airfoil polar plot</title>
<meta http-equiv="Content-Language" content="en-gb"/>
<meta http-equiv="Content-Type" content="text/html; charset=windows-1252"/>
<meta content="none" name="robots" />
<meta name="copyright" content="Copyright 2010-2013. All Rights Reserved" />
</head>
<body>

<table style="width:800px;">
<tr><td>
<div id="liftdrag" style="height:400px;width:398px;margin:auto;display:inline-block;"></div>
</td><td>
<div id="liftaoa" style="height:400px;width:398px;margin:auto;display:inline-block;"></div>
</td></tr>
<tr><td>
<div id="effaoa" style="height:400px;width:398px;margin:auto;display:inline-block;"></div>
</td><td>
<div id="dragaoa" style="height:400px;width:398px;margin:auto;display:inline-block;"></div>
</td></tr>
<tr><td>
<div id="momentaoa" style="height:400px;width:398px;margin:auto;display:inline-block;"></div>
</td><td>
</td></tr>

</table>
<script type="text/javascript">
/*<![CDATA[*/
jQuery(window).load(function() {
var p = $.jqplot('liftdrag',[[[0.13791,-0.2835],[0.13873,-0.3066],[0.14109,-0.3448],[0.13635,-0.3289],[0.13375,-0.3179],[0.13376,-0.3319],[0.12660,-0.2806],[0.12650,-0.2951],[0.12021,-0.2456],[0.12202,-0.2859],[0.11501,-0.2253],[0.11322,-0.2319],[0.11080,-0.2161],[0.10756,-0.2001],[0.10847,-0.2327],[0.10440,-0.1983],[0.10157,-0.1797],[0.10355,-0.2375],[0.10099,-0.2221],[0.09812,-0.2013],[0.09727,-0.2191],[0.09450,-0.1925],[0.09689,-0.2674],[0.09572,-0.2723],[0.07462,-0.2946],[0.07045,-0.2779],[0.06670,-0.2497],[0.06415,-0.2290],[0.06211,-0.2196],[0.06766,-0.4378],[0.06493,-0.4082],[0.06170,-0.3793],[0.05976,-0.3424],[0.05872,-0.3199],[0.05836,-0.2916],[0.05816,-0.2631],[0.05771,-0.2357],[0.05847,-0.2064],[0.05812,-0.1845],[0.05957,-0.1500],[0.05924,-0.1316],[0.06109,-0.0967],[0.06077,-0.0803],[0.06303,-0.0401],[0.06281,-0.0230],[0.06491,0.0182],[0.06319,0.0522],[0.06534,0.0769],[0.06732,0.1055],[0.06823,0.1167],[0.07175,0.1546],[0.07228,0.1655],[0.07363,0.1778],[0.07752,0.2197],[0.07785,0.2254],[0.07927,0.2355],[0.08318,0.2762],[0.08361,0.2797],[0.08527,0.2879],[0.08920,0.3304],[0.08943,0.3244],[0.09252,0.3469],[0.09394,0.3578],[0.09605,0.3660],[0.09870,0.3925],[0.10025,0.3917],[0.10301,0.4161],[0.10524,0.4213],[0.10727,0.4369],[0.11029,0.4527],[0.11164,0.4581],[0.11619,0.4940],[0.11623,0.4763],[0.11937,0.5020],[0.12144,0.5036],[0.12347,0.5164],[0.12823,0.5504],[0.12812,0.5325],[0.13143,0.5580],[0.13353,0.5590],[0.13555,0.5701],[0.14099,0.6060],[0.14027,0.5880],[0.14499,0.6214],],[[0.09953,-0.1010],[0.09541,-0.0584],[0.09285,-0.0823],[0.08708,-0.0327],[0.08320,0.0076],[0.08163,-0.0682],[0.07630,0.0342],[0.07401,0.0128],[0.07080,0.0248],[0.06794,0.0623],[0.06552,0.0236],[0.06370,0.0496],[0.04648,-0.0549],[0.04339,-0.0361],[0.04054,-0.0243],[0.03831,-0.0137],[0.03559,0.0121],[0.03457,0.0180],[0.03284,0.0446],[0.03156,0.0623],[0.03075,0.0848],[0.02948,0.1174],[0.02903,0.1297],[0.02838,0.1566],[0.02728,0.1912],[0.02757,0.2010],[0.02697,0.2285],[0.02625,0.2627],[0.02679,0.2706],[0.02635,0.2976],[0.02573,0.3311],[0.02631,0.3373],[0.02608,0.3590],[0.02491,0.3872],[0.02438,0.3991],[0.02383,0.5575],[0.02405,0.5753],[0.02401,0.6042],[0.02544,0.5932],[0.02580,0.6114],[0.02565,0.6448],[0.02718,0.6353],[0.02775,0.6497],[0.02742,0.6877],[0.02900,0.6792],[0.02957,0.6936],[0.02871,0.7420],[0.03055,0.7266],[0.03017,0.7608],[0.02908,0.8135],[0.03135,0.7888],[0.03087,0.8272],[0.02996,0.8778],[0.03268,0.8437],[0.03197,0.8878],[0.03103,0.9397],[0.03427,0.8940],[0.03310,0.9479],[0.03176,1.0083],[0.03514,0.9548],[0.03355,1.0194],[0.03213,1.0847],[0.03563,1.0231],[0.03398,1.0923],[0.03806,1.0238],[0.03605,1.0929],[0.03388,1.1780],[0.03804,1.0994],[0.03546,1.1841],[0.04012,1.1098],[0.03783,1.1789],[0.03513,1.2789],[0.04122,1.1674],[0.03738,1.2674],[0.04611,1.1450],[0.03997,1.2605],[0.05843,1.0618],[0.05389,1.1265],[0.04807,1.2120],[0.05930,1.1192],[0.05362,1.1937],[0.06528,1.1101],[0.06017,1.1752],[0.05421,1.2575],[0.06904,1.1472],[0.06384,1.2134],[0.05650,1.3079],[0.05572,1.3908],[0.12317,0.9245],[0.13447,0.8771],],[[0.14787,-0.2121],[0.14529,-0.2109],[0.14297,-0.2374],[0.13971,-0.2177],[0.13768,-0.2108],[0.13617,-0.2116],[0.13572,-0.2224],[0.13116,-0.2054],[0.12527,-0.2123],[0.12139,-0.1791],[0.11774,-0.1541],[0.11389,-0.1362],[0.10725,-0.1539],[0.10377,-0.1213],[0.10041,-0.0942],[0.09684,-0.0700],[0.08549,-0.0504],[0.08266,-0.0158],[0.07917,0.0118],[0.06837,-0.0428],[0.06598,-0.0124],[0.06497,0.0216],[0.03929,-0.1638],[0.03622,-0.1568],[0.03356,-0.1507],[0.03093,-0.1407],[0.02872,-0.1299],[0.02688,-0.1115],[0.02629,-0.0891],[0.02540,-0.0658],[0.02425,-0.0469],[0.02299,-0.0238],[0.02208,-0.0035],[0.02114,0.0218],[0.02075,0.0459],[0.02023,0.0706],[0.01946,0.0963],[0.01905,0.1202],[0.01859,0.1468],[0.01816,0.1710],[0.01775,0.1962],[0.01733,0.2234],[0.01696,0.2464],[0.01668,0.2719],[0.01636,0.2991],[0.01622,0.3221],[0.01594,0.3470],[0.01580,0.3745],[0.01566,0.3979],[0.01546,0.4219],[0.01514,0.4470],[0.01458,0.4678],[0.01421,0.4850],[0.01385,0.5044],[0.01353,0.5401],[0.01374,0.6107],[0.01389,0.6775],[0.01394,0.7397],[0.01412,0.7611],[0.01426,0.7784],[0.01433,0.8004],[0.01446,0.8236],[0.01458,0.8407],[0.01469,0.8633],[0.01489,0.8895],[0.01511,0.9065],[0.01529,0.9272],[0.01544,0.9516],[0.01567,0.9755],[0.01587,0.9927],[0.01604,1.0150],[0.01621,1.0415],[0.01648,1.0596],[0.01668,1.0790],[0.01683,1.1035],[0.01708,1.1272],[0.01731,1.1430],[0.01746,1.1656],[0.01766,1.1917],[0.01787,1.2043],[0.01799,1.2261],[0.01819,1.2456],[0.01837,1.2604],[0.01849,1.2844],[0.01875,1.2938],[0.01891,1.3113],[0.01918,1.3260],[0.01942,1.3364],[0.01967,1.3532],[0.02003,1.3566],[0.02030,1.3727],[0.02078,1.3749],[0.02116,1.3901],[0.02179,1.3939],[0.02226,1.4095],[0.02303,1.4123],[0.02451,1.4298],[0.02521,1.4424],[0.02611,1.4512],[0.02702,1.4599],[0.02765,1.4780],[0.02885,1.4813],[0.02984,1.4908],[0.03044,1.5107],[0.03185,1.5124],[0.03304,1.5194],[0.03371,1.5376],[0.03513,1.5423],[0.03660,1.5461],[0.03767,1.5571],[0.03863,1.5716],[0.04063,1.5687],[0.04212,1.5744],[0.04245,1.5983],[0.04523,1.5866],[0.04720,1.5873],[0.04777,1.6063],[0.05080,1.5954],[0.05323,1.5927],[0.05377,1.6112],[0.05754,1.5955],[0.06033,1.5910],[0.06076,1.6100],[0.06520,1.5915],[0.06838,1.5857],[0.06991,1.5942],[0.07306,1.5899],[0.07738,1.5766],[0.08008,1.5768],[0.08103,1.5902],[0.08643,1.5707],[0.09071,1.5602],],[[0.11133,-0.1845],[0.10889,-0.1623],[0.03257,-0.4754],[0.02929,-0.4728],[0.02729,-0.4680],[0.02574,-0.4613],[0.02475,-0.4502],[0.02300,-0.4393],[0.02208,-0.4220],[0.02145,-0.4025],[0.02077,-0.3834],[0.02006,-0.3640],[0.01935,-0.3438],[0.01867,-0.3232],[0.01808,-0.3017],[0.01754,-0.2796],[0.01683,-0.2579],[0.01619,-0.2355],[0.01578,-0.2121],[0.01539,-0.1883],[0.01500,-0.1645],[0.01464,-0.1404],[0.01433,-0.1158],[0.01351,-0.0684],[0.01329,-0.0436],[0.01307,-0.0184],[0.01271,0.0055],[0.01253,0.0307],[0.01236,0.0563],[0.01214,0.0809],[0.01203,0.1071],[0.01188,0.1325],[0.01179,0.1585],[0.01174,0.1851],[0.01163,0.2106],[0.01161,0.2371],[0.01147,0.2629],[0.01141,0.2889],[0.01141,0.3155],[0.01121,0.3408],[0.01115,0.3667],[0.01115,0.3931],[0.01100,0.4187],[0.01092,0.4447],[0.01084,0.4705],[0.01071,0.4958],[0.01037,0.5193],[0.01007,0.5422],[0.00987,0.5651],[0.00973,0.5882],[0.00945,0.6086],[0.00912,0.6267],[0.00920,0.6810],[0.00934,0.7397],[0.00947,0.7905],[0.00963,0.8410],[0.00976,0.8749],[0.00982,0.8959],[0.00991,0.9168],[0.01002,0.9376],[0.01020,0.9589],[0.01027,0.9795],[0.01035,1.0000],[0.01046,1.0200],[0.01064,1.0403],[0.01070,1.0602],[0.01081,1.0801],[0.01097,1.0997],[0.01110,1.1197],[0.01121,1.1393],[0.01137,1.1574],[0.01153,1.1759],[0.01166,1.1933],[0.01185,1.2077],[0.01201,1.2240],[0.01220,1.2396],[0.01246,1.2542],[0.01267,1.2714],[0.01327,1.3017],[0.01368,1.3139],[0.01406,1.3285],[0.01453,1.3412],[0.01507,1.3528],[0.01560,1.3661],[0.01691,1.3886],[0.01776,1.3971],[0.01848,1.4094],[0.01946,1.4171],[0.02021,1.4305],[0.02118,1.4401],[0.02223,1.4493],[0.02309,1.4622],[0.02417,1.4721],[0.02546,1.4790],[0.02644,1.4913],[0.02751,1.5027],[0.02875,1.5120],[0.03022,1.5181],[0.03151,1.5276],[0.03269,1.5389],[0.03409,1.5475],[0.03576,1.5531],[0.03748,1.5583],[0.03906,1.5666],[0.04091,1.5717],[0.04311,1.5725],[0.04485,1.5803],[0.04688,1.5845],[0.04939,1.5838],[0.05141,1.5892],[0.05374,1.5915],[0.05667,1.5879],[0.05889,1.5922],[0.06179,1.5899],[0.06462,1.5885],[0.06741,1.5876],[0.07079,1.5815],[0.07356,1.5814],[0.07666,1.5784],[0.08026,1.5712],[0.08289,1.5724],[0.08600,1.5700],[0.08949,1.5646],],[[0.06691,-0.7118],[0.05521,-0.7694],[0.04761,-0.8028],[0.04179,-0.8259],[0.03328,-0.8348],[0.03012,-0.8258],[0.02814,-0.8069],[0.02549,-0.7648],[0.02419,-0.7295],[0.02295,-0.6947],[0.02192,-0.6613],[0.02124,-0.6369],[0.02060,-0.6204],[0.02003,-0.6053],[0.01952,-0.5893],[0.01905,-0.5724],[0.01807,-0.5601],[0.01726,-0.5447],[0.01671,-0.5264],[0.01629,-0.5063],[0.01589,-0.4852],[0.01519,-0.4414],[0.01447,-0.3963],[0.01413,-0.3735],[0.01382,-0.3496],[0.01351,-0.3259],[0.01290,-0.3052],[0.01254,-0.2816],[0.01230,-0.2575],[0.01204,-0.2322],[0.01182,-0.2074],[0.01159,-0.1821],[0.01139,-0.1567],[0.01113,-0.1322],[0.01082,-0.1074],[0.01065,-0.0823],[0.01048,-0.0561],[0.01034,-0.0302],[0.01015,-0.0047],[0.00999,0.0212],[0.00989,0.0470],[0.00972,0.0733],[0.00962,0.0993],[0.00951,0.1256],[0.00942,0.1522],[0.00939,0.1783],[0.00936,0.2057],[0.00930,0.2325],[0.00932,0.2591],[0.00925,0.2858],[0.00921,0.3130],[0.00921,0.3399],[0.00920,0.3656],[0.00913,0.3929],[0.00910,0.4200],[0.00909,0.4463],[0.00908,0.4718],[0.00902,0.4991],[0.00895,0.5254],[0.00880,0.5500],[0.00863,0.5738],[0.00841,0.5989],[0.00824,0.6232],[0.00812,0.6470],[0.00804,0.6701],[0.00784,0.6936],[0.00757,0.7133],[0.00730,0.7383],[0.00748,0.7906],[0.00763,0.8351],[0.00774,0.8811],[0.00789,0.9238],[0.00805,0.9663],[0.00812,1.0040],[0.00820,1.0245],[0.00832,1.0435],[0.00842,1.0630],[0.00850,1.0838],[0.00863,1.1023],[0.00876,1.1213],[0.00886,1.1416],[0.00902,1.1598],[0.00916,1.1796],[0.00931,1.1977],[0.00950,1.2118],[0.00964,1.2294],[0.00989,1.2434],[0.01007,1.2617],[0.01036,1.2765],[0.01062,1.2932],[0.01095,1.3085],[0.01135,1.3223],[0.01169,1.3385],[0.01210,1.3531],[0.01257,1.3669],[0.01299,1.3827],[0.01353,1.3961],[0.01401,1.4116],[0.01459,1.4254],[0.01517,1.4399],[0.01570,1.4559],[0.01639,1.4694],[0.01711,1.4830],[0.01768,1.4996],[0.01838,1.5145],[0.01921,1.5276],[0.02020,1.5385],[0.02094,1.5539],[0.02173,1.5686],[0.02272,1.5809],[0.02406,1.5883],[0.02507,1.6008],[0.02607,1.6139],[0.02740,1.6226],[0.02909,1.6273],[0.03015,1.6403],[0.03157,1.6491],[0.03351,1.6518],[0.03497,1.6609],[0.03699,1.6638],[0.03905,1.6663],[0.04156,1.6646],[0.04390,1.6653],[0.04691,1.6592],[0.04956,1.6575],[0.05257,1.6526],[0.05528,1.6510],[0.05804,1.6492],[0.06103,1.6458],[0.06399,1.6427],[0.06678,1.6417],[0.06923,1.6436],[0.07204,1.6425],[0.07494,1.6408],[0.07837,1.6348],[0.08203,1.6269],[0.08423,1.6314],[0.08692,1.6321],],],
{"title":"Cl v Cd","sortData":false,"legend":{"show":false,"placement":"insideGrid","location":"ne"},"series":[{"showLabel":true,"index":0,"showLine":true,"trendline":{"type":"none","show":false},"color":"#4bb2c5"},{"showLabel":true,"index":0,"showLine":true,"trendline":{"type":"none","show":false},"color":"#EAA228"},{"showLabel":true,"index":0,"showLine":true,"trendline":{"type":"none","show":false},"color":"#839557"},{"showLabel":true,"index":0,"showLine":true,"trendline":{"type":"none","show":false},"color":"#953579"},{"showLabel":true,"index":0,"showLine":true,"trendline":{"type":"none","show":false},"color":"#d8b83f"}],"show":"$.jqplot.config.enablePlugins","axes":{"xaxis":{"max":0.16,"min":0,"tickInterval":0.02,"tickOptions":{"formatString":"%.2f"},"forceTickAt0":true,"rendererOptions":{"forceTickAt0":true}},"yaxis":{"max":2,"min":-1,"tickInterval":0.5,"tickOptions":{"formatString":"%.2f"},"forceTickAt0":true,"rendererOptions":{"forceTickAt0":true}}},"seriesDefaults":{"lineWidth":1,"showLabel":true,"markerOptions":{"size":5,"show":false}}});
jqplots.push(p);

var p = $.jqplot('liftaoa',[[[-10.000,-0.2835],[-9.750,-0.3066],[-9.500,-0.3448],[-9.250,-0.3289],[-9.000,-0.3179],[-8.750,-0.3319],[-8.500,-0.2806],[-8.250,-0.2951],[-8.000,-0.2456],[-7.750,-0.2859],[-7.500,-0.2253],[-7.250,-0.2319],[-7.000,-0.2161],[-6.750,-0.2001],[-6.500,-0.2327],[-6.250,-0.1983],[-6.000,-0.1797],[-5.750,-0.2375],[-5.500,-0.2221],[-5.250,-0.2013],[-5.000,-0.2191],[-4.750,-0.1925],[-4.500,-0.2674],[-4.250,-0.2723],[-4.000,-0.2946],[-3.750,-0.2779],[-3.500,-0.2497],[-3.250,-0.2290],[-3.000,-0.2196],[-2.750,-0.4378],[-2.500,-0.4082],[-2.250,-0.3793],[-2.000,-0.3424],[-1.750,-0.3199],[-1.500,-0.2916],[-1.250,-0.2631],[-1.000,-0.2357],[-0.750,-0.2064],[-0.500,-0.1845],[-0.250,-0.1500],[0.000,-0.1316],[0.250,-0.0967],[0.500,-0.0803],[0.750,-0.0401],[1.000,-0.0230],[1.250,0.0182],[1.500,0.0522],[1.750,0.0769],[2.000,0.1055],[2.250,0.1167],[2.500,0.1546],[2.750,0.1655],[3.000,0.1778],[3.250,0.2197],[3.500,0.2254],[3.750,0.2355],[4.000,0.2762],[4.250,0.2797],[4.500,0.2879],[4.750,0.3304],[5.000,0.3244],[5.250,0.3469],[5.500,0.3578],[5.750,0.3660],[6.000,0.3925],[6.250,0.3917],[6.500,0.4161],[6.750,0.4213],[7.000,0.4369],[7.250,0.4527],[7.500,0.4581],[7.750,0.4940],[8.000,0.4763],[8.250,0.5020],[8.500,0.5036],[8.750,0.5164],[9.000,0.5504],[9.250,0.5325],[9.500,0.5580],[9.750,0.5590],[10.000,0.5701],[10.250,0.6060],[10.500,0.5880],[10.750,0.6214],],[[-9.250,-0.1010],[-9.000,-0.0584],[-8.750,-0.0823],[-8.500,-0.0327],[-8.250,0.0076],[-8.000,-0.0682],[-7.750,0.0342],[-7.500,0.0128],[-7.250,0.0248],[-7.000,0.0623],[-6.750,0.0236],[-6.500,0.0496],[-6.250,-0.0549],[-6.000,-0.0361],[-5.750,-0.0243],[-5.500,-0.0137],[-5.250,0.0121],[-5.000,0.0180],[-4.750,0.0446],[-4.500,0.0623],[-4.250,0.0848],[-4.000,0.1174],[-3.750,0.1297],[-3.500,0.1566],[-3.250,0.1912],[-3.000,0.2010],[-2.750,0.2285],[-2.500,0.2627],[-2.250,0.2706],[-2.000,0.2976],[-1.750,0.3311],[-1.500,0.3373],[-1.250,0.3590],[-1.000,0.3872],[-0.750,0.3991],[-0.500,0.5575],[-0.250,0.5753],[0.000,0.6042],[0.250,0.5932],[0.500,0.6114],[0.750,0.6448],[1.000,0.6353],[1.250,0.6497],[1.500,0.6877],[1.750,0.6792],[2.000,0.6936],[2.250,0.7420],[2.500,0.7266],[2.750,0.7608],[3.000,0.8135],[3.250,0.7888],[3.500,0.8272],[3.750,0.8778],[4.000,0.8437],[4.250,0.8878],[4.500,0.9397],[4.750,0.8940],[5.000,0.9479],[5.250,1.0083],[5.500,0.9548],[5.750,1.0194],[6.000,1.0847],[6.250,1.0231],[6.500,1.0923],[6.750,1.0238],[7.000,1.0929],[7.250,1.1780],[7.500,1.0994],[7.750,1.1841],[8.000,1.1098],[8.250,1.1789],[8.500,1.2789],[8.750,1.1674],[9.000,1.2674],[9.250,1.1450],[9.500,1.2605],[9.750,1.0618],[10.000,1.1265],[10.250,1.2120],[10.500,1.1192],[10.750,1.1937],[11.000,1.1101],[11.250,1.1752],[11.500,1.2575],[11.750,1.1472],[12.000,1.2134],[12.250,1.3079],[13.000,1.3908],[13.250,0.9245],[13.500,0.8771],],[[-14.000,-0.2121],[-13.750,-0.2109],[-13.500,-0.2374],[-13.250,-0.2177],[-13.000,-0.2108],[-12.750,-0.2116],[-12.500,-0.2224],[-12.250,-0.2054],[-12.000,-0.2123],[-11.750,-0.1791],[-11.500,-0.1541],[-11.250,-0.1362],[-11.000,-0.1539],[-10.750,-0.1213],[-10.500,-0.0942],[-10.250,-0.0700],[-9.750,-0.0504],[-9.500,-0.0158],[-9.250,0.0118],[-9.000,-0.0428],[-8.750,-0.0124],[-8.500,0.0216],[-8.250,-0.1638],[-8.000,-0.1568],[-7.750,-0.1507],[-7.500,-0.1407],[-7.250,-0.1299],[-7.000,-0.1115],[-6.750,-0.0891],[-6.500,-0.0658],[-6.250,-0.0469],[-6.000,-0.0238],[-5.750,-0.0035],[-5.500,0.0218],[-5.250,0.0459],[-5.000,0.0706],[-4.750,0.0963],[-4.500,0.1202],[-4.250,0.1468],[-4.000,0.1710],[-3.750,0.1962],[-3.500,0.2234],[-3.250,0.2464],[-3.000,0.2719],[-2.750,0.2991],[-2.500,0.3221],[-2.250,0.3470],[-2.000,0.3745],[-1.750,0.3979],[-1.500,0.4219],[-1.250,0.4470],[-1.000,0.4678],[-0.750,0.4850],[-0.500,0.5044],[-0.250,0.5401],[0.000,0.6107],[0.250,0.6775],[0.500,0.7397],[0.750,0.7611],[1.000,0.7784],[1.250,0.8004],[1.500,0.8236],[1.750,0.8407],[2.000,0.8633],[2.250,0.8895],[2.500,0.9065],[2.750,0.9272],[3.000,0.9516],[3.250,0.9755],[3.500,0.9927],[3.750,1.0150],[4.000,1.0415],[4.250,1.0596],[4.500,1.0790],[4.750,1.1035],[5.000,1.1272],[5.250,1.1430],[5.500,1.1656],[5.750,1.1917],[6.000,1.2043],[6.250,1.2261],[6.500,1.2456],[6.750,1.2604],[7.000,1.2844],[7.250,1.2938],[7.500,1.3113],[7.750,1.3260],[8.000,1.3364],[8.250,1.3532],[8.500,1.3566],[8.750,1.3727],[9.000,1.3749],[9.250,1.3901],[9.500,1.3939],[9.750,1.4095],[10.000,1.4123],[10.500,1.4298],[10.750,1.4424],[11.000,1.4512],[11.250,1.4599],[11.500,1.4780],[11.750,1.4813],[12.000,1.4908],[12.250,1.5107],[12.500,1.5124],[12.750,1.5194],[13.000,1.5376],[13.250,1.5423],[13.500,1.5461],[13.750,1.5571],[14.000,1.5716],[14.250,1.5687],[14.500,1.5744],[14.750,1.5983],[15.000,1.5866],[15.250,1.5873],[15.500,1.6063],[15.750,1.5954],[16.000,1.5927],[16.250,1.6112],[16.500,1.5955],[16.750,1.5910],[17.000,1.6100],[17.250,1.5915],[17.500,1.5857],[17.750,1.5942],[18.000,1.5899],[18.250,1.5766],[18.500,1.5768],[18.750,1.5902],[19.000,1.5707],[19.250,1.5602],],[[-12.250,-0.1845],[-12.000,-0.1623],[-11.750,-0.4754],[-11.500,-0.4728],[-11.250,-0.4680],[-11.000,-0.4613],[-10.750,-0.4502],[-10.500,-0.4393],[-10.250,-0.4220],[-10.000,-0.4025],[-9.750,-0.3834],[-9.500,-0.3640],[-9.250,-0.3438],[-9.000,-0.3232],[-8.750,-0.3017],[-8.500,-0.2796],[-8.250,-0.2579],[-8.000,-0.2355],[-7.750,-0.2121],[-7.500,-0.1883],[-7.250,-0.1645],[-7.000,-0.1404],[-6.750,-0.1158],[-6.250,-0.0684],[-6.000,-0.0436],[-5.750,-0.0184],[-5.500,0.0055],[-5.250,0.0307],[-5.000,0.0563],[-4.750,0.0809],[-4.500,0.1071],[-4.250,0.1325],[-4.000,0.1585],[-3.750,0.1851],[-3.500,0.2106],[-3.250,0.2371],[-3.000,0.2629],[-2.750,0.2889],[-2.500,0.3155],[-2.250,0.3408],[-2.000,0.3667],[-1.750,0.3931],[-1.500,0.4187],[-1.250,0.4447],[-1.000,0.4705],[-0.750,0.4958],[-0.500,0.5193],[-0.250,0.5422],[0.000,0.5651],[0.250,0.5882],[0.500,0.6086],[0.750,0.6267],[1.000,0.6810],[1.250,0.7397],[1.500,0.7905],[1.750,0.8410],[2.000,0.8749],[2.250,0.8959],[2.500,0.9168],[2.750,0.9376],[3.000,0.9589],[3.250,0.9795],[3.500,1.0000],[3.750,1.0200],[4.000,1.0403],[4.250,1.0602],[4.500,1.0801],[4.750,1.0997],[5.000,1.1197],[5.250,1.1393],[5.500,1.1574],[5.750,1.1759],[6.000,1.1933],[6.250,1.2077],[6.500,1.2240],[6.750,1.2396],[7.000,1.2542],[7.250,1.2714],[7.750,1.3017],[8.000,1.3139],[8.250,1.3285],[8.500,1.3412],[8.750,1.3528],[9.000,1.3661],[9.500,1.3886],[9.750,1.3971],[10.000,1.4094],[10.250,1.4171],[10.500,1.4305],[10.750,1.4401],[11.000,1.4493],[11.250,1.4622],[11.500,1.4721],[11.750,1.4790],[12.000,1.4913],[12.250,1.5027],[12.500,1.5120],[12.750,1.5181],[13.000,1.5276],[13.250,1.5389],[13.500,1.5475],[13.750,1.5531],[14.000,1.5583],[14.250,1.5666],[14.500,1.5717],[14.750,1.5725],[15.000,1.5803],[15.250,1.5845],[15.500,1.5838],[15.750,1.5892],[16.000,1.5915],[16.250,1.5879],[16.500,1.5922],[16.750,1.5899],[17.000,1.5885],[17.250,1.5876],[17.500,1.5815],[17.750,1.5814],[18.000,1.5784],[18.250,1.5712],[18.500,1.5724],[18.750,1.5700],[19.000,1.5646],],[[-15.750,-0.7118],[-15.500,-0.7694],[-15.250,-0.8028],[-15.000,-0.8259],[-14.750,-0.8348],[-14.500,-0.8258],[-14.250,-0.8069],[-13.750,-0.7648],[-13.500,-0.7295],[-13.250,-0.6947],[-13.000,-0.6613],[-12.750,-0.6369],[-12.500,-0.6204],[-12.250,-0.6053],[-12.000,-0.5893],[-11.750,-0.5724],[-11.500,-0.5601],[-11.250,-0.5447],[-11.000,-0.5264],[-10.750,-0.5063],[-10.500,-0.4852],[-10.000,-0.4414],[-9.500,-0.3963],[-9.250,-0.3735],[-9.000,-0.3496],[-8.750,-0.3259],[-8.500,-0.3052],[-8.250,-0.2816],[-8.000,-0.2575],[-7.750,-0.2322],[-7.500,-0.2074],[-7.250,-0.1821],[-7.000,-0.1567],[-6.750,-0.1322],[-6.500,-0.1074],[-6.250,-0.0823],[-6.000,-0.0561],[-5.750,-0.0302],[-5.500,-0.0047],[-5.250,0.0212],[-5.000,0.0470],[-4.750,0.0733],[-4.500,0.0993],[-4.250,0.1256],[-4.000,0.1522],[-3.750,0.1783],[-3.500,0.2057],[-3.250,0.2325],[-3.000,0.2591],[-2.750,0.2858],[-2.500,0.3130],[-2.250,0.3399],[-2.000,0.3656],[-1.750,0.3929],[-1.500,0.4200],[-1.250,0.4463],[-1.000,0.4718],[-0.750,0.4991],[-0.500,0.5254],[-0.250,0.5500],[0.000,0.5738],[0.250,0.5989],[0.500,0.6232],[0.750,0.6470],[1.000,0.6701],[1.250,0.6936],[1.500,0.7133],[1.750,0.7383],[2.000,0.7906],[2.250,0.8351],[2.500,0.8811],[2.750,0.9238],[3.000,0.9663],[3.250,1.0040],[3.500,1.0245],[3.750,1.0435],[4.000,1.0630],[4.250,1.0838],[4.500,1.1023],[4.750,1.1213],[5.000,1.1416],[5.250,1.1598],[5.500,1.1796],[5.750,1.1977],[6.000,1.2118],[6.250,1.2294],[6.500,1.2434],[6.750,1.2617],[7.000,1.2765],[7.250,1.2932],[7.500,1.3085],[7.750,1.3223],[8.000,1.3385],[8.250,1.3531],[8.500,1.3669],[8.750,1.3827],[9.000,1.3961],[9.250,1.4116],[9.500,1.4254],[9.750,1.4399],[10.000,1.4559],[10.250,1.4694],[10.500,1.4830],[10.750,1.4996],[11.000,1.5145],[11.250,1.5276],[11.500,1.5385],[11.750,1.5539],[12.000,1.5686],[12.250,1.5809],[12.500,1.5883],[12.750,1.6008],[13.000,1.6139],[13.250,1.6226],[13.500,1.6273],[13.750,1.6403],[14.000,1.6491],[14.250,1.6518],[14.500,1.6609],[14.750,1.6638],[15.000,1.6663],[15.250,1.6646],[15.500,1.6653],[15.750,1.6592],[16.000,1.6575],[16.250,1.6526],[16.500,1.6510],[16.750,1.6492],[17.000,1.6458],[17.250,1.6427],[17.500,1.6417],[17.750,1.6436],[18.000,1.6425],[18.250,1.6408],[18.500,1.6348],[18.750,1.6269],[19.000,1.6314],[19.250,1.6321],],],
{"title":"Cl v Alpha","sortData":false,"legend":{"show":false,"placement":"insideGrid","location":"ne"},"series":[{"showLabel":true,"index":0,"showLine":true,"trendline":{"type":"none","show":false},"color":"#4bb2c5"},{"showLabel":true,"index":0,"showLine":true,"trendline":{"type":"none","show":false},"color":"#EAA228"},{"showLabel":true,"index":0,"showLine":true,"trendline":{"type":"none","show":false},"color":"#839557"},{"showLabel":true,"index":0,"showLine":true,"trendline":{"type":"none","show":false},"color":"#953579"},{"showLabel":true,"index":0,"showLine":true,"trendline":{"type":"none","show":false},"color":"#d8b83f"}],"show":"$.jqplot.config.enablePlugins","axes":{"xaxis":{"max":20,"min":-20,"tickInterval":5,"tickOptions":{"formatString":"%.1f"},"forceTickAt0":true,"rendererOptions":{"forceTickAt0":true}},"yaxis":{"max":2,"min":-1,"tickInterval":0.5,"tickOptions":{"formatString":"%.2f"},"forceTickAt0":true,"rendererOptions":{"forceTickAt0":true}}},"seriesDefaults":{"lineWidth":1,"showLabel":true,"markerOptions":{"size":5,"show":false}}});
jqplots.push(p);

var p = $.jqplot('momentaoa',[[[-10.000,-0.0211],[-9.750,-0.0195],[-9.500,-0.0183],[-9.250,-0.0162],[-9.000,-0.0154],[-8.750,-0.0213],[-8.500,-0.0247],[-8.250,-0.0287],[-8.000,-0.0322],[-7.750,-0.0343],[-7.500,-0.0367],[-7.250,-0.0384],[-7.000,-0.0394],[-6.750,-0.0408],[-6.500,-0.0388],[-6.250,-0.0400],[-6.000,-0.0413],[-5.750,-0.0344],[-5.500,-0.0350],[-5.250,-0.0336],[-5.000,-0.0298],[-4.750,-0.0311],[-4.500,-0.0220],[-4.250,-0.0180],[-4.000,-0.0598],[-3.750,-0.0610],[-3.500,-0.0645],[-3.250,-0.0659],[-3.000,-0.0653],[-2.750,-0.0290],[-2.500,-0.0322],[-2.250,-0.0354],[-2.000,-0.0391],[-1.750,-0.0398],[-1.500,-0.0414],[-1.250,-0.0428],[-1.000,-0.0440],[-0.750,-0.0455],[-0.500,-0.0457],[-0.250,-0.0479],[0.000,-0.0478],[0.250,-0.0499],[0.500,-0.0494],[0.750,-0.0525],[1.000,-0.0522],[1.250,-0.0554],[1.500,-0.0575],[1.750,-0.0585],[2.000,-0.0599],[2.250,-0.0590],[2.500,-0.0619],[2.750,-0.0608],[3.000,-0.0602],[3.250,-0.0634],[3.500,-0.0618],[3.750,-0.0610],[4.000,-0.0639],[4.250,-0.0622],[4.500,-0.0614],[4.750,-0.0643],[5.000,-0.0618],[5.250,-0.0628],[5.500,-0.0622],[5.750,-0.0617],[6.000,-0.0627],[6.250,-0.0615],[6.500,-0.0624],[6.750,-0.0619],[7.000,-0.0620],[7.250,-0.0624],[7.500,-0.0617],[7.750,-0.0637],[8.000,-0.0615],[8.250,-0.0625],[8.500,-0.0620],[8.750,-0.0620],[9.000,-0.0638],[9.250,-0.0621],[9.500,-0.0629],[9.750,-0.0627],[10.000,-0.0628],[10.250,-0.0645],[10.500,-0.0631],[10.750,-0.0644],],[[-9.250,-0.0819],[-9.000,-0.0841],[-8.750,-0.0962],[-8.500,-0.0965],[-8.250,-0.1000],[-8.000,-0.1109],[-7.750,-0.1075],[-7.500,-0.1130],[-7.250,-0.1118],[-7.000,-0.1131],[-6.750,-0.1150],[-6.500,-0.1123],[-6.250,-0.1196],[-6.000,-0.1193],[-5.750,-0.1181],[-5.500,-0.1162],[-5.250,-0.1163],[-5.000,-0.1131],[-4.750,-0.1127],[-4.500,-0.1113],[-4.250,-0.1103],[-4.000,-0.1105],[-3.750,-0.1083],[-3.500,-0.1078],[-3.250,-0.1085],[-3.000,-0.1057],[-2.750,-0.1055],[-2.500,-0.1061],[-2.250,-0.1030],[-2.000,-0.1027],[-1.750,-0.1031],[-1.500,-0.1000],[-1.250,-0.0988],[-1.000,-0.0984],[-0.750,-0.0948],[-0.500,-0.1175],[-0.250,-0.1159],[0.000,-0.1158],[0.250,-0.1102],[0.500,-0.1086],[0.750,-0.1090],[1.000,-0.1037],[1.250,-0.1015],[1.500,-0.1025],[1.750,-0.0974],[2.000,-0.0953],[2.250,-0.0975],[2.500,-0.0916],[2.750,-0.0919],[3.000,-0.0947],[3.250,-0.0876],[3.500,-0.0885],[3.750,-0.0911],[4.000,-0.0830],[4.250,-0.0847],[4.500,-0.0874],[4.750,-0.0780],[5.000,-0.0808],[5.250,-0.0846],[5.500,-0.0742],[5.750,-0.0783],[6.000,-0.0829],[6.250,-0.0712],[6.500,-0.0762],[6.750,-0.0644],[7.000,-0.0686],[7.250,-0.0757],[7.500,-0.0624],[7.750,-0.0686],[8.000,-0.0573],[8.250,-0.0609],[8.500,-0.0696],[8.750,-0.0541],[9.000,-0.0607],[9.250,-0.0480],[9.500,-0.0538],[9.750,-0.0425],[10.000,-0.0424],[10.250,-0.0438],[10.500,-0.0400],[10.750,-0.0401],[11.000,-0.0381],[11.250,-0.0375],[11.500,-0.0380],[11.750,-0.0362],[12.000,-0.0355],[12.250,-0.0360],[13.000,-0.0349],[13.250,-0.0451],[13.500,-0.0489],],[[-14.000,-0.0462],[-13.750,-0.0468],[-13.500,-0.0506],[-13.250,-0.0482],[-13.000,-0.0467],[-12.750,-0.0450],[-12.500,-0.0417],[-12.250,-0.0472],[-12.000,-0.0570],[-11.750,-0.0579],[-11.500,-0.0611],[-11.250,-0.0652],[-11.000,-0.0785],[-10.750,-0.0777],[-10.500,-0.0799],[-10.250,-0.0838],[-9.750,-0.1009],[-9.500,-0.1031],[-9.250,-0.1078],[-9.000,-0.1297],[-8.750,-0.1269],[-8.500,-0.1248],[-8.250,-0.1302],[-8.000,-0.1289],[-7.750,-0.1268],[-7.500,-0.1251],[-7.250,-0.1230],[-7.000,-0.1220],[-6.750,-0.1212],[-6.500,-0.1205],[-6.250,-0.1190],[-6.000,-0.1181],[-5.750,-0.1165],[-5.500,-0.1162],[-5.250,-0.1154],[-5.000,-0.1145],[-4.750,-0.1141],[-4.500,-0.1132],[-4.250,-0.1127],[-4.000,-0.1120],[-3.750,-0.1113],[-3.500,-0.1111],[-3.250,-0.1101],[-3.000,-0.1096],[-2.750,-0.1093],[-2.500,-0.1084],[-2.250,-0.1077],[-2.000,-0.1075],[-1.750,-0.1066],[-1.500,-0.1058],[-1.250,-0.1052],[-1.000,-0.1041],[-0.750,-0.1020],[-0.500,-0.1000],[-0.250,-0.1005],[0.000,-0.1084],[0.250,-0.1161],[0.500,-0.1231],[0.750,-0.1220],[1.000,-0.1201],[1.250,-0.1189],[1.500,-0.1180],[1.750,-0.1159],[2.000,-0.1148],[2.250,-0.1145],[2.500,-0.1125],[2.750,-0.1111],[3.000,-0.1104],[3.250,-0.1097],[3.500,-0.1077],[3.750,-0.1066],[4.000,-0.1063],[4.250,-0.1046],[4.500,-0.1030],[4.750,-0.1023],[5.000,-0.1016],[5.250,-0.0994],[5.500,-0.0985],[5.750,-0.0982],[6.000,-0.0954],[6.250,-0.0943],[6.500,-0.0928],[6.750,-0.0905],[7.000,-0.0898],[7.250,-0.0866],[7.500,-0.0848],[7.750,-0.0826],[8.000,-0.0796],[8.250,-0.0778],[8.500,-0.0737],[8.750,-0.0718],[9.000,-0.0679],[9.250,-0.0660],[9.500,-0.0627],[9.750,-0.0611],[10.000,-0.0579],[10.500,-0.0536],[10.750,-0.0520],[11.000,-0.0500],[11.250,-0.0482],[11.500,-0.0474],[11.750,-0.0452],[12.000,-0.0437],[12.250,-0.0432],[12.500,-0.0412],[12.750,-0.0397],[13.000,-0.0391],[13.250,-0.0376],[13.500,-0.0361],[13.750,-0.0352],[14.000,-0.0344],[14.250,-0.0329],[14.500,-0.0318],[14.750,-0.0316],[15.000,-0.0300],[15.250,-0.0290],[15.500,-0.0286],[15.750,-0.0275],[16.000,-0.0267],[16.250,-0.0263],[16.500,-0.0256],[16.750,-0.0252],[17.000,-0.0249],[17.250,-0.0247],[17.500,-0.0247],[17.750,-0.0246],[18.000,-0.0246],[18.250,-0.0251],[18.500,-0.0254],[18.750,-0.0253],[19.000,-0.0264],[19.250,-0.0273],],[[-12.250,-0.0690],[-12.000,-0.0708],[-11.750,-0.1374],[-11.500,-0.1383],[-11.250,-0.1369],[-11.000,-0.1349],[-10.750,-0.1329],[-10.500,-0.1311],[-10.250,-0.1297],[-10.000,-0.1285],[-9.750,-0.1273],[-9.500,-0.1260],[-9.250,-0.1248],[-9.000,-0.1236],[-8.750,-0.1225],[-8.500,-0.1214],[-8.250,-0.1203],[-8.000,-0.1194],[-7.750,-0.1186],[-7.500,-0.1177],[-7.250,-0.1168],[-7.000,-0.1160],[-6.750,-0.1152],[-6.250,-0.1135],[-6.000,-0.1128],[-5.750,-0.1121],[-5.500,-0.1112],[-5.250,-0.1106],[-5.000,-0.1099],[-4.750,-0.1092],[-4.500,-0.1087],[-4.250,-0.1081],[-4.000,-0.1075],[-3.750,-0.1071],[-3.500,-0.1065],[-3.250,-0.1061],[-3.000,-0.1056],[-2.750,-0.1051],[-2.500,-0.1047],[-2.250,-0.1041],[-2.000,-0.1036],[-1.750,-0.1032],[-1.500,-0.1027],[-1.250,-0.1022],[-1.000,-0.1017],[-0.750,-0.1012],[-0.500,-0.1005],[-0.250,-0.0996],[0.000,-0.0986],[0.250,-0.0976],[0.500,-0.0960],[0.750,-0.0937],[1.000,-0.0986],[1.250,-0.1050],[1.500,-0.1097],[1.750,-0.1145],[2.000,-0.1159],[2.250,-0.1145],[2.500,-0.1132],[2.750,-0.1117],[3.000,-0.1105],[3.250,-0.1090],[3.500,-0.1075],[3.750,-0.1060],[4.000,-0.1045],[4.250,-0.1029],[4.500,-0.1014],[4.750,-0.0998],[5.000,-0.0983],[5.250,-0.0967],[5.500,-0.0949],[5.750,-0.0931],[6.000,-0.0911],[6.250,-0.0886],[6.500,-0.0864],[6.750,-0.0842],[7.000,-0.0819],[7.250,-0.0800],[7.750,-0.0759],[8.000,-0.0734],[8.250,-0.0714],[8.500,-0.0693],[8.750,-0.0670],[9.000,-0.0651],[9.500,-0.0610],[9.750,-0.0587],[10.000,-0.0571],[10.250,-0.0550],[10.500,-0.0537],[10.750,-0.0520],[11.000,-0.0504],[11.250,-0.0493],[11.500,-0.0479],[11.750,-0.0464],[12.000,-0.0454],[12.250,-0.0444],[12.500,-0.0434],[12.750,-0.0421],[13.000,-0.0412],[13.250,-0.0404],[13.500,-0.0396],[13.750,-0.0387],[14.000,-0.0377],[14.250,-0.0372],[14.500,-0.0365],[14.750,-0.0357],[15.000,-0.0353],[15.250,-0.0348],[15.500,-0.0342],[15.750,-0.0339],[16.000,-0.0336],[16.250,-0.0332],[16.500,-0.0330],[16.750,-0.0328],[17.000,-0.0327],[17.250,-0.0326],[17.500,-0.0325],[17.750,-0.0325],[18.000,-0.0326],[18.250,-0.0327],[18.500,-0.0329],[18.750,-0.0331],[19.000,-0.0335],],[[-15.750,-0.0895],[-15.500,-0.0978],[-15.250,-0.1030],[-15.000,-0.1071],[-14.750,-0.1202],[-14.500,-0.1244],[-14.250,-0.1273],[-13.750,-0.1302],[-13.500,-0.1338],[-13.250,-0.1370],[-13.000,-0.1397],[-12.750,-0.1400],[-12.500,-0.1387],[-12.250,-0.1369],[-12.000,-0.1351],[-11.750,-0.1334],[-11.500,-0.1313],[-11.250,-0.1295],[-11.000,-0.1280],[-10.750,-0.1267],[-10.500,-0.1255],[-10.000,-0.1234],[-9.500,-0.1213],[-9.250,-0.1204],[-9.000,-0.1195],[-8.750,-0.1187],[-8.500,-0.1174],[-8.250,-0.1166],[-8.000,-0.1157],[-7.750,-0.1151],[-7.500,-0.1144],[-7.250,-0.1137],[-7.000,-0.1131],[-6.750,-0.1123],[-6.500,-0.1116],[-6.250,-0.1109],[-6.000,-0.1104],[-5.750,-0.1098],[-5.500,-0.1092],[-5.250,-0.1087],[-5.000,-0.1081],[-4.750,-0.1076],[-4.500,-0.1071],[-4.250,-0.1066],[-4.000,-0.1062],[-3.750,-0.1057],[-3.500,-0.1054],[-3.250,-0.1050],[-3.000,-0.1046],[-2.750,-0.1042],[-2.500,-0.1040],[-2.250,-0.1036],[-2.000,-0.1031],[-1.750,-0.1028],[-1.500,-0.1025],[-1.250,-0.1021],[-1.000,-0.1015],[-0.750,-0.1013],[-0.500,-0.1009],[-0.250,-0.1002],[0.000,-0.0994],[0.250,-0.0989],[0.500,-0.0982],[0.750,-0.0974],[1.000,-0.0964],[1.250,-0.0955],[1.500,-0.0937],[1.750,-0.0927],[2.000,-0.0979],[2.250,-0.1014],[2.500,-0.1052],[2.750,-0.1084],[3.000,-0.1117],[3.250,-0.1138],[3.500,-0.1123],[3.750,-0.1106],[4.000,-0.1089],[4.250,-0.1075],[4.500,-0.1056],[4.750,-0.1039],[5.000,-0.1024],[5.250,-0.1005],[5.500,-0.0990],[5.750,-0.0971],[6.000,-0.0944],[6.250,-0.0924],[6.500,-0.0898],[6.750,-0.0881],[7.000,-0.0858],[7.250,-0.0839],[7.500,-0.0818],[7.750,-0.0795],[8.000,-0.0777],[8.250,-0.0756],[8.500,-0.0736],[8.750,-0.0719],[9.000,-0.0699],[9.250,-0.0684],[9.500,-0.0666],[9.750,-0.0651],[10.000,-0.0638],[10.250,-0.0623],[10.500,-0.0609],[10.750,-0.0599],[11.000,-0.0588],[11.250,-0.0575],[11.500,-0.0562],[11.750,-0.0553],[12.000,-0.0544],[12.250,-0.0534],[12.500,-0.0521],[12.750,-0.0512],[13.000,-0.0504],[13.250,-0.0494],[13.500,-0.0482],[13.750,-0.0476],[14.000,-0.0468],[14.250,-0.0458],[14.500,-0.0451],[14.750,-0.0442],[15.000,-0.0434],[15.250,-0.0425],[15.500,-0.0417],[15.750,-0.0409],[16.000,-0.0402],[16.250,-0.0396],[16.500,-0.0392],[16.750,-0.0388],[17.000,-0.0384],[17.250,-0.0381],[17.500,-0.0380],[17.750,-0.0378],[18.000,-0.0378],[18.250,-0.0377],[18.500,-0.0378],[18.750,-0.0378],[19.000,-0.0379],[19.250,-0.0381],],],
{"title":"Cm v Alpha","sortData":false,"legend":{"show":false,"placement":"insideGrid","location":"ne"},"series":[{"showLabel":true,"index":0,"showLine":true,"trendline":{"type":"none","show":false},"color":"#4bb2c5"},{"showLabel":true,"index":0,"showLine":true,"trendline":{"type":"none","show":false},"color":"#EAA228"},{"showLabel":true,"index":0,"showLine":true,"trendline":{"type":"none","show":false},"color":"#839557"},{"showLabel":true,"index":0,"showLine":true,"trendline":{"type":"none","show":false},"color":"#953579"},{"showLabel":true,"index":0,"showLine":true,"trendline":{"type":"none","show":false},"color":"#d8b83f"}],"show":"$.jqplot.config.enablePlugins","axes":{"xaxis":{"max":20,"min":-20,"tickInterval":5,"tickOptions":{"formatString":"%.1f"},"forceTickAt0":true,"rendererOptions":{"forceTickAt0":true}},"yaxis":{"max":0,"min":-0.16,"tickInterval":0.02,"tickOptions":{"formatString":"%.2f"},"forceTickAt0":true,"rendererOptions":{"forceTickAt0":true}}},"seriesDefaults":{"lineWidth":1,"showLabel":true,"markerOptions":{"size":5,"show":false}}});
jqplots.push(p);

var p = $.jqplot('dragaoa',[[[-10.000,0.13791],[-9.750,0.13873],[-9.500,0.14109],[-9.250,0.13635],[-9.000,0.13375],[-8.750,0.13376],[-8.500,0.12660],[-8.250,0.12650],[-8.000,0.12021],[-7.750,0.12202],[-7.500,0.11501],[-7.250,0.11322],[-7.000,0.11080],[-6.750,0.10756],[-6.500,0.10847],[-6.250,0.10440],[-6.000,0.10157],[-5.750,0.10355],[-5.500,0.10099],[-5.250,0.09812],[-5.000,0.09727],[-4.750,0.09450],[-4.500,0.09689],[-4.250,0.09572],[-4.000,0.07462],[-3.750,0.07045],[-3.500,0.06670],[-3.250,0.06415],[-3.000,0.06211],[-2.750,0.06766],[-2.500,0.06493],[-2.250,0.06170],[-2.000,0.05976],[-1.750,0.05872],[-1.500,0.05836],[-1.250,0.05816],[-1.000,0.05771],[-0.750,0.05847],[-0.500,0.05812],[-0.250,0.05957],[0.000,0.05924],[0.250,0.06109],[0.500,0.06077],[0.750,0.06303],[1.000,0.06281],[1.250,0.06491],[1.500,0.06319],[1.750,0.06534],[2.000,0.06732],[2.250,0.06823],[2.500,0.07175],[2.750,0.07228],[3.000,0.07363],[3.250,0.07752],[3.500,0.07785],[3.750,0.07927],[4.000,0.08318],[4.250,0.08361],[4.500,0.08527],[4.750,0.08920],[5.000,0.08943],[5.250,0.09252],[5.500,0.09394],[5.750,0.09605],[6.000,0.09870],[6.250,0.10025],[6.500,0.10301],[6.750,0.10524],[7.000,0.10727],[7.250,0.11029],[7.500,0.11164],[7.750,0.11619],[8.000,0.11623],[8.250,0.11937],[8.500,0.12144],[8.750,0.12347],[9.000,0.12823],[9.250,0.12812],[9.500,0.13143],[9.750,0.13353],[10.000,0.13555],[10.250,0.14099],[10.500,0.14027],[10.750,0.14499],],[[-9.250,0.09953],[-9.000,0.09541],[-8.750,0.09285],[-8.500,0.08708],[-8.250,0.08320],[-8.000,0.08163],[-7.750,0.07630],[-7.500,0.07401],[-7.250,0.07080],[-7.000,0.06794],[-6.750,0.06552],[-6.500,0.06370],[-6.250,0.04648],[-6.000,0.04339],[-5.750,0.04054],[-5.500,0.03831],[-5.250,0.03559],[-5.000,0.03457],[-4.750,0.03284],[-4.500,0.03156],[-4.250,0.03075],[-4.000,0.02948],[-3.750,0.02903],[-3.500,0.02838],[-3.250,0.02728],[-3.000,0.02757],[-2.750,0.02697],[-2.500,0.02625],[-2.250,0.02679],[-2.000,0.02635],[-1.750,0.02573],[-1.500,0.02631],[-1.250,0.02608],[-1.000,0.02491],[-0.750,0.02438],[-0.500,0.02383],[-0.250,0.02405],[0.000,0.02401],[0.250,0.02544],[0.500,0.02580],[0.750,0.02565],[1.000,0.02718],[1.250,0.02775],[1.500,0.02742],[1.750,0.02900],[2.000,0.02957],[2.250,0.02871],[2.500,0.03055],[2.750,0.03017],[3.000,0.02908],[3.250,0.03135],[3.500,0.03087],[3.750,0.02996],[4.000,0.03268],[4.250,0.03197],[4.500,0.03103],[4.750,0.03427],[5.000,0.03310],[5.250,0.03176],[5.500,0.03514],[5.750,0.03355],[6.000,0.03213],[6.250,0.03563],[6.500,0.03398],[6.750,0.03806],[7.000,0.03605],[7.250,0.03388],[7.500,0.03804],[7.750,0.03546],[8.000,0.04012],[8.250,0.03783],[8.500,0.03513],[8.750,0.04122],[9.000,0.03738],[9.250,0.04611],[9.500,0.03997],[9.750,0.05843],[10.000,0.05389],[10.250,0.04807],[10.500,0.05930],[10.750,0.05362],[11.000,0.06528],[11.250,0.06017],[11.500,0.05421],[11.750,0.06904],[12.000,0.06384],[12.250,0.05650],[13.000,0.05572],[13.250,0.12317],[13.500,0.13447],],[[-14.000,0.14787],[-13.750,0.14529],[-13.500,0.14297],[-13.250,0.13971],[-13.000,0.13768],[-12.750,0.13617],[-12.500,0.13572],[-12.250,0.13116],[-12.000,0.12527],[-11.750,0.12139],[-11.500,0.11774],[-11.250,0.11389],[-11.000,0.10725],[-10.750,0.10377],[-10.500,0.10041],[-10.250,0.09684],[-9.750,0.08549],[-9.500,0.08266],[-9.250,0.07917],[-9.000,0.06837],[-8.750,0.06598],[-8.500,0.06497],[-8.250,0.03929],[-8.000,0.03622],[-7.750,0.03356],[-7.500,0.03093],[-7.250,0.02872],[-7.000,0.02688],[-6.750,0.02629],[-6.500,0.02540],[-6.250,0.02425],[-6.000,0.02299],[-5.750,0.02208],[-5.500,0.02114],[-5.250,0.02075],[-5.000,0.02023],[-4.750,0.01946],[-4.500,0.01905],[-4.250,0.01859],[-4.000,0.01816],[-3.750,0.01775],[-3.500,0.01733],[-3.250,0.01696],[-3.000,0.01668],[-2.750,0.01636],[-2.500,0.01622],[-2.250,0.01594],[-2.000,0.01580],[-1.750,0.01566],[-1.500,0.01546],[-1.250,0.01514],[-1.000,0.01458],[-0.750,0.01421],[-0.500,0.01385],[-0.250,0.01353],[0.000,0.01374],[0.250,0.01389],[0.500,0.01394],[0.750,0.01412],[1.000,0.01426],[1.250,0.01433],[1.500,0.01446],[1.750,0.01458],[2.000,0.01469],[2.250,0.01489],[2.500,0.01511],[2.750,0.01529],[3.000,0.01544],[3.250,0.01567],[3.500,0.01587],[3.750,0.01604],[4.000,0.01621],[4.250,0.01648],[4.500,0.01668],[4.750,0.01683],[5.000,0.01708],[5.250,0.01731],[5.500,0.01746],[5.750,0.01766],[6.000,0.01787],[6.250,0.01799],[6.500,0.01819],[6.750,0.01837],[7.000,0.01849],[7.250,0.01875],[7.500,0.01891],[7.750,0.01918],[8.000,0.01942],[8.250,0.01967],[8.500,0.02003],[8.750,0.02030],[9.000,0.02078],[9.250,0.02116],[9.500,0.02179],[9.750,0.02226],[10.000,0.02303],[10.500,0.02451],[10.750,0.02521],[11.000,0.02611],[11.250,0.02702],[11.500,0.02765],[11.750,0.02885],[12.000,0.02984],[12.250,0.03044],[12.500,0.03185],[12.750,0.03304],[13.000,0.03371],[13.250,0.03513],[13.500,0.03660],[13.750,0.03767],[14.000,0.03863],[14.250,0.04063],[14.500,0.04212],[14.750,0.04245],[15.000,0.04523],[15.250,0.04720],[15.500,0.04777],[15.750,0.05080],[16.000,0.05323],[16.250,0.05377],[16.500,0.05754],[16.750,0.06033],[17.000,0.06076],[17.250,0.06520],[17.500,0.06838],[17.750,0.06991],[18.000,0.07306],[18.250,0.07738],[18.500,0.08008],[18.750,0.08103],[19.000,0.08643],[19.250,0.09071],],[[-12.250,0.11133],[-12.000,0.10889],[-11.750,0.03257],[-11.500,0.02929],[-11.250,0.02729],[-11.000,0.02574],[-10.750,0.02475],[-10.500,0.02300],[-10.250,0.02208],[-10.000,0.02145],[-9.750,0.02077],[-9.500,0.02006],[-9.250,0.01935],[-9.000,0.01867],[-8.750,0.01808],[-8.500,0.01754],[-8.250,0.01683],[-8.000,0.01619],[-7.750,0.01578],[-7.500,0.01539],[-7.250,0.01500],[-7.000,0.01464],[-6.750,0.01433],[-6.250,0.01351],[-6.000,0.01329],[-5.750,0.01307],[-5.500,0.01271],[-5.250,0.01253],[-5.000,0.01236],[-4.750,0.01214],[-4.500,0.01203],[-4.250,0.01188],[-4.000,0.01179],[-3.750,0.01174],[-3.500,0.01163],[-3.250,0.01161],[-3.000,0.01147],[-2.750,0.01141],[-2.500,0.01141],[-2.250,0.01121],[-2.000,0.01115],[-1.750,0.01115],[-1.500,0.01100],[-1.250,0.01092],[-1.000,0.01084],[-0.750,0.01071],[-0.500,0.01037],[-0.250,0.01007],[0.000,0.00987],[0.250,0.00973],[0.500,0.00945],[0.750,0.00912],[1.000,0.00920],[1.250,0.00934],[1.500,0.00947],[1.750,0.00963],[2.000,0.00976],[2.250,0.00982],[2.500,0.00991],[2.750,0.01002],[3.000,0.01020],[3.250,0.01027],[3.500,0.01035],[3.750,0.01046],[4.000,0.01064],[4.250,0.01070],[4.500,0.01081],[4.750,0.01097],[5.000,0.01110],[5.250,0.01121],[5.500,0.01137],[5.750,0.01153],[6.000,0.01166],[6.250,0.01185],[6.500,0.01201],[6.750,0.01220],[7.000,0.01246],[7.250,0.01267],[7.750,0.01327],[8.000,0.01368],[8.250,0.01406],[8.500,0.01453],[8.750,0.01507],[9.000,0.01560],[9.500,0.01691],[9.750,0.01776],[10.000,0.01848],[10.250,0.01946],[10.500,0.02021],[10.750,0.02118],[11.000,0.02223],[11.250,0.02309],[11.500,0.02417],[11.750,0.02546],[12.000,0.02644],[12.250,0.02751],[12.500,0.02875],[12.750,0.03022],[13.000,0.03151],[13.250,0.03269],[13.500,0.03409],[13.750,0.03576],[14.000,0.03748],[14.250,0.03906],[14.500,0.04091],[14.750,0.04311],[15.000,0.04485],[15.250,0.04688],[15.500,0.04939],[15.750,0.05141],[16.000,0.05374],[16.250,0.05667],[16.500,0.05889],[16.750,0.06179],[17.000,0.06462],[17.250,0.06741],[17.500,0.07079],[17.750,0.07356],[18.000,0.07666],[18.250,0.08026],[18.500,0.08289],[18.750,0.08600],[19.000,0.08949],],[[-15.750,0.06691],[-15.500,0.05521],[-15.250,0.04761],[-15.000,0.04179],[-14.750,0.03328],[-14.500,0.03012],[-14.250,0.02814],[-13.750,0.02549],[-13.500,0.02419],[-13.250,0.02295],[-13.000,0.02192],[-12.750,0.02124],[-12.500,0.02060],[-12.250,0.02003],[-12.000,0.01952],[-11.750,0.01905],[-11.500,0.01807],[-11.250,0.01726],[-11.000,0.01671],[-10.750,0.01629],[-10.500,0.01589],[-10.000,0.01519],[-9.500,0.01447],[-9.250,0.01413],[-9.000,0.01382],[-8.750,0.01351],[-8.500,0.01290],[-8.250,0.01254],[-8.000,0.01230],[-7.750,0.01204],[-7.500,0.01182],[-7.250,0.01159],[-7.000,0.01139],[-6.750,0.01113],[-6.500,0.01082],[-6.250,0.01065],[-6.000,0.01048],[-5.750,0.01034],[-5.500,0.01015],[-5.250,0.00999],[-5.000,0.00989],[-4.750,0.00972],[-4.500,0.00962],[-4.250,0.00951],[-4.000,0.00942],[-3.750,0.00939],[-3.500,0.00936],[-3.250,0.00930],[-3.000,0.00932],[-2.750,0.00925],[-2.500,0.00921],[-2.250,0.00921],[-2.000,0.00920],[-1.750,0.00913],[-1.500,0.00910],[-1.250,0.00909],[-1.000,0.00908],[-0.750,0.00902],[-0.500,0.00895],[-0.250,0.00880],[0.000,0.00863],[0.250,0.00841],[0.500,0.00824],[0.750,0.00812],[1.000,0.00804],[1.250,0.00784],[1.500,0.00757],[1.750,0.00730],[2.000,0.00748],[2.250,0.00763],[2.500,0.00774],[2.750,0.00789],[3.000,0.00805],[3.250,0.00812],[3.500,0.00820],[3.750,0.00832],[4.000,0.00842],[4.250,0.00850],[4.500,0.00863],[4.750,0.00876],[5.000,0.00886],[5.250,0.00902],[5.500,0.00916],[5.750,0.00931],[6.000,0.00950],[6.250,0.00964],[6.500,0.00989],[6.750,0.01007],[7.000,0.01036],[7.250,0.01062],[7.500,0.01095],[7.750,0.01135],[8.000,0.01169],[8.250,0.01210],[8.500,0.01257],[8.750,0.01299],[9.000,0.01353],[9.250,0.01401],[9.500,0.01459],[9.750,0.01517],[10.000,0.01570],[10.250,0.01639],[10.500,0.01711],[10.750,0.01768],[11.000,0.01838],[11.250,0.01921],[11.500,0.02020],[11.750,0.02094],[12.000,0.02173],[12.250,0.02272],[12.500,0.02406],[12.750,0.02507],[13.000,0.02607],[13.250,0.02740],[13.500,0.02909],[13.750,0.03015],[14.000,0.03157],[14.250,0.03351],[14.500,0.03497],[14.750,0.03699],[15.000,0.03905],[15.250,0.04156],[15.500,0.04390],[15.750,0.04691],[16.000,0.04956],[16.250,0.05257],[16.500,0.05528],[16.750,0.05804],[17.000,0.06103],[17.250,0.06399],[17.500,0.06678],[17.750,0.06923],[18.000,0.07204],[18.250,0.07494],[18.500,0.07837],[18.750,0.08203],[19.000,0.08423],[19.250,0.08692],],],
{"title":"Cd v Alpha","sortData":false,"legend":{"show":false,"placement":"insideGrid","location":"ne"},"series":[{"showLabel":true,"index":0,"showLine":true,"trendline":{"type":"none","show":false},"color":"#4bb2c5"},{"showLabel":true,"index":0,"showLine":true,"trendline":{"type":"none","show":false},"color":"#EAA228"},{"showLabel":true,"index":0,"showLine":true,"trendline":{"type":"none","show":false},"color":"#839557"},{"showLabel":true,"index":0,"showLine":true,"trendline":{"type":"none","show":false},"color":"#953579"},{"showLabel":true,"index":0,"showLine":true,"trendline":{"type":"none","show":false},"color":"#d8b83f"}],"show":"$.jqplot.config.enablePlugins","axes":{"xaxis":{"max":20,"min":-20,"tickInterval":5,"tickOptions":{"formatString":"%.1f"},"forceTickAt0":true,"rendererOptions":{"forceTickAt0":true}},"yaxis":{"max":0.16,"min":0,"tickInterval":0.02,"tickOptions":{"formatString":"%.2f"},"forceTickAt0":true,"rendererOptions":{"forceTickAt0":true}}},"seriesDefaults":{"lineWidth":1,"showLabel":true,"markerOptions":{"size":5,"show":false}}});
jqplots.push(p);

var p = $.jqplot('effaoa',[[[-10.000,-2.0556884924951],[-9.750,-2.2100482952498],[-9.500,-2.4438301793182],[-9.250,-2.4121745507884],[-9.000,-2.3768224299065],[-8.750,-2.4813098086124],[-8.500,-2.216429699842],[-8.250,-2.3328063241107],[-8.000,-2.043091256967],[-7.750,-2.3430585149975],[-7.500,-1.9589600904269],[-7.250,-2.0482246952835],[-7.000,-1.9503610108303],[-6.750,-1.8603570100409],[-6.500,-2.145293629575],[-6.250,-1.8994252873563],[-6.000,-1.7692231958255],[-5.750,-2.2935779816514],[-5.500,-2.1992276463016],[-5.250,-2.0515695067265],[-5.000,-2.2524930605531],[-4.750,-2.037037037037],[-4.500,-2.7598307358861],[-4.250,-2.8447555369829],[-4.000,-3.9480032162959],[-3.750,-3.94464158978],[-3.500,-3.743628185907],[-3.250,-3.5697583787997],[-3.000,-3.5356625342135],[-2.750,-6.4705882352941],[-2.500,-6.2867703680887],[-2.250,-6.1474878444084],[-2.000,-5.7295850066934],[-1.750,-5.4478882833787],[-1.500,-4.9965729952022],[-1.250,-4.523727647868],[-1.000,-4.0842141743199],[-0.750,-3.530015392509],[-0.500,-3.1744666207846],[-0.250,-2.5180459963069],[0.000,-2.221471978393],[0.250,-1.5829104599771],[0.500,-1.3213756787889],[0.750,-0.63620498175472],[1.000,-0.36618372870562],[1.250,0.28038822985672],[1.500,0.82608007596139],[1.750,1.1769207223753],[2.000,1.5671420083185],[2.250,1.7103913234648],[2.500,2.1547038327526],[2.750,2.2897066961815],[3.000,2.4147765856309],[3.250,2.8341073271414],[3.500,2.8953114964676],[3.750,2.9708590891888],[4.000,3.3205097379178],[4.250,3.3452936251645],[4.500,3.3763339978891],[4.750,3.7040358744395],[5.000,3.6274180923627],[5.250,3.7494595763078],[5.500,3.808814136683],[5.750,3.8105153565851],[6.000,3.9766970618034],[6.250,3.9072319201995],[6.500,4.0394136491603],[6.750,4.0032307107564],[7.000,4.0729001584786],[7.250,4.1046332396409],[7.500,4.1033679684701],[7.750,4.2516567690851],[8.000,4.0979093177321],[8.250,4.2054117449946],[8.500,4.1469038208169],[8.750,4.1823924840042],[9.000,4.2922872962645],[9.250,4.1562597564783],[9.500,4.2456060260215],[9.750,4.1863251703737],[10.000,4.2058281077093],[10.250,4.2981771756862],[10.500,4.1919155913595],[10.750,4.2858128146769],],[[-9.250,-1.0147694162564],[-9.000,-0.61209516822136],[-8.750,-0.88637587506731],[-8.500,-0.37551676619201],[-8.250,0.091346153846154],[-8.000,-0.83547715300747],[-7.750,0.44823066841415],[-7.500,0.17294960140522],[-7.250,0.35028248587571],[-7.000,0.9169855755078],[-6.750,0.36019536019536],[-6.500,0.77864992150706],[-6.250,-1.1811531841652],[-6.000,-0.83198893754321],[-5.750,-0.59940799210656],[-5.500,-0.35760897937875],[-5.250,0.33998314133183],[-5.000,0.52068267283772],[-4.750,1.3580998781973],[-4.500,1.9740177439797],[-4.250,2.7577235772358],[-4.000,3.9823609226594],[-3.750,4.4677919393731],[-3.500,5.5179704016913],[-3.250,7.0087976539589],[-3.000,7.2905331882481],[-2.750,8.4723767148684],[-2.500,10.007619047619],[-2.250,10.10078387458],[-2.000,11.294117647059],[-1.750,12.868247182277],[-1.500,12.820220448499],[-1.250,13.765337423313],[-1.000,15.543958249699],[-0.750,16.369975389664],[-0.500,23.394880402854],[-0.250,23.920997920998],[0.000,25.164514785506],[0.250,23.317610062893],[0.500,23.697674418605],[0.750,25.138401559454],[1.000,23.373804267844],[1.250,23.412612612613],[1.500,25.080233406273],[1.750,23.420689655172],[2.000,23.456205613798],[2.250,25.84465343086],[2.500,23.783960720131],[2.750,25.217103082532],[3.000,27.974552957359],[3.250,25.161084529506],[3.500,26.796242306446],[3.750,29.299065420561],[4.000,25.817013463892],[4.250,27.769784172662],[4.500,30.283596519497],[4.750,26.086956521739],[5.000,28.63746223565],[5.250,31.747481108312],[5.500,27.171314741036],[5.750,30.384500745156],[6.000,33.759726112667],[6.250,28.714566376649],[6.500,32.145379635079],[6.750,26.899632159748],[7.000,30.316227461859],[7.250,34.769775678867],[7.500,28.901156677182],[7.750,33.39255499154],[8.000,27.662013958126],[8.250,31.163098070315],[8.500,36.404782237404],[8.750,28.321203299369],[9.000,33.90583199572],[9.250,24.831923660811],[9.500,31.536152114086],[9.750,18.17217182954],[10.000,20.903692707367],[10.250,25.213230705222],[10.500,18.873524451939],[10.750,22.262215591197],[11.000,17.005208333333],[11.250,19.531327904271],[11.500,23.196827153662],[11.750,16.616454229432],[12.000,19.006892230576],[12.250,23.148672566372],[13.000,24.960516870065],[13.250,7.5058861735812],[13.500,6.5226444560125],],[[-14.000,-1.4343680259688],[-13.750,-1.4515795994218],[-13.500,-1.6604882143107],[-13.250,-1.5582277574977],[-13.000,-1.5310865775712],[-12.750,-1.5539399280311],[-12.500,-1.6386678455644],[-12.250,-1.5660262275084],[-12.000,-1.694739362976],[-11.750,-1.4754098360656],[-11.500,-1.3088160353321],[-11.250,-1.1958907717973],[-11.000,-1.434965034965],[-10.750,-1.1689312903537],[-10.500,-0.93815357036152],[-10.250,-0.72284180090872],[-9.750,-0.58954263656568],[-9.500,-0.19114444713283],[-9.250,0.14904635594291],[-9.000,-0.62600555799327],[-8.750,-0.18793573810246],[-8.500,0.33246113590888],[-8.250,-4.1689997454823],[-8.000,-4.3290999447819],[-7.750,-4.4904648390942],[-7.500,-4.54898157129],[-7.250,-4.5229805013928],[-7.000,-4.1480654761905],[-6.750,-3.3891213389121],[-6.500,-2.5905511811024],[-6.250,-1.9340206185567],[-6.000,-1.0352327098739],[-5.750,-0.15851449275362],[-5.500,1.0312204351939],[-5.250,2.2120481927711],[-5.000,3.4898665348492],[-4.750,4.9486125385406],[-4.500,6.3097112860892],[-4.250,7.8967186659494],[-4.000,9.4162995594714],[-3.750,11.053521126761],[-3.500,12.890940565493],[-3.250,14.528301886792],[-3.000,16.300959232614],[-2.750,18.28239608802],[-2.500,19.858199753391],[-2.250,21.76913425345],[-2.000,23.70253164557],[-1.750,25.408684546616],[-1.500,27.28978007762],[-1.250,29.524438573316],[-1.000,32.085048010974],[-0.750,34.130893736805],[-0.500,36.418772563177],[-0.250,39.918699186992],[0.000,44.446870451237],[0.250,48.776097912167],[0.500,53.0631276901],[0.750,53.902266288952],[1.000,54.586255259467],[1.250,55.854849965108],[1.500,56.957123098202],[1.750,57.661179698217],[2.000,58.767869298843],[2.250,59.738079247817],[2.500,59.993381866314],[2.750,60.640941792021],[3.000,61.632124352332],[3.250,62.252712188896],[3.500,62.551984877127],[3.750,63.279301745636],[4.000,64.25046267736],[4.250,64.296116504854],[4.500,64.68824940048],[4.750,65.567439096851],[5.000,65.995316159251],[5.250,66.031195840555],[5.500,66.758304696449],[5.750,67.480181200453],[6.000,67.392277560157],[6.250,68.154530294608],[6.500,68.47718526663],[6.750,68.611867174741],[7.000,69.464575446187],[7.250,69.002666666667],[7.500,69.344262295082],[7.750,69.134515119917],[8.000,68.815653964985],[8.250,68.795119471276],[8.500,67.728407388917],[8.750,67.620689655172],[9.000,66.1645813282],[9.250,65.694706994329],[9.500,63.969710876549],[9.750,63.319856244385],[10.000,61.324359531046],[10.500,58.335373317013],[10.750,57.215390717969],[11.000,55.580237456913],[11.250,54.030347890452],[11.500,53.453887884268],[11.750,51.344887348354],[12.000,49.959785522788],[12.250,49.628777923784],[12.500,47.485086342229],[12.750,45.986682808717],[13.000,45.612577870068],[13.250,43.902647309991],[13.500,42.243169398907],[13.750,41.335280063711],[14.000,40.683406678747],[14.250,38.609401919764],[14.500,37.378917378917],[14.750,37.651354534747],[15.000,35.078487729383],[15.250,33.629237288136],[15.500,33.625706510362],[15.750,31.405511811024],[16.000,29.921097125681],[16.250,29.964664310954],[16.500,27.728536670143],[16.750,26.371622741588],[17.000,26.497695852535],[17.250,24.409509202454],[17.500,23.189529102077],[17.750,22.80360463453],[18.000,21.761565836299],[18.250,20.37477384337],[18.500,19.69030969031],[18.750,19.624830309762],[19.000,18.173088048131],[19.250,17.199867710286],],[[-12.250,-1.6572352465643],[-12.000,-1.490494994949],[-11.750,-14.596254221676],[-11.500,-16.142027995903],[-11.250,-17.14913887871],[-11.000,-17.921522921523],[-10.750,-18.189898989899],[-10.500,-19.1],[-10.250,-19.11231884058],[-10.000,-18.764568764569],[-9.750,-18.459316321618],[-9.500,-18.14556331007],[-9.250,-17.767441860465],[-9.000,-17.311194429566],[-8.750,-16.686946902655],[-8.500,-15.94070695553],[-8.250,-15.323826500297],[-8.000,-14.546016059296],[-7.750,-13.441064638783],[-7.500,-12.235217673814],[-7.250,-10.966666666667],[-7.000,-9.5901639344262],[-6.750,-8.0809490579204],[-6.250,-5.0629163582531],[-6.000,-3.280662151994],[-5.750,-1.4078041315991],[-5.500,0.43273013375295],[-5.250,2.4501197126895],[-5.000,4.5550161812298],[-4.750,6.66392092257],[-4.500,8.9027431421446],[-4.250,11.153198653199],[-4.000,13.443596268024],[-3.750,15.76660988075],[-3.500,18.10834049871],[-3.250,20.422049956934],[-3.000,22.920662598082],[-2.750,25.319894829097],[-2.500,27.651183172656],[-2.250,30.401427297056],[-2.000,32.887892376682],[-1.750,35.255605381166],[-1.500,38.063636363636],[-1.250,40.723443223443],[-1.000,43.40405904059],[-0.750,46.293183940243],[-0.500,50.077145612343],[-0.250,53.843098311817],[0.000,57.25430597771],[0.250,60.452209660843],[0.500,64.402116402116],[0.750,68.717105263158],[1.000,74.021739130435],[1.250,79.197002141328],[1.500,83.474128827878],[1.750,87.331256490135],[2.000,89.641393442623],[2.250,91.232179226069],[2.500,92.512613521695],[2.750,93.572854291417],[3.000,94.009803921569],[3.250,95.374878286271],[3.500,96.618357487923],[3.750,97.514340344168],[4.000,97.772556390977],[4.250,99.084112149533],[4.500,99.916743755782],[4.750,100.24612579763],[5.000,100.87387387387],[5.250,101.63247100803],[5.500,101.79419525066],[5.750,101.98612315698],[6.000,102.34133790738],[6.250,101.91561181435],[6.500,101.91507077435],[6.750,101.60655737705],[7.000,100.658105939],[7.250,100.34727703236],[7.750,98.093443858327],[8.000,96.045321637427],[8.250,94.487908961593],[8.500,92.30557467309],[8.750,89.767750497678],[9.000,87.570512820513],[9.500,82.117090479007],[9.750,78.665540540541],[10.000,76.266233766234],[10.250,72.821171634121],[10.500,70.781791192479],[10.750,67.993389990557],[11.000,65.195681511471],[11.250,63.326115201386],[11.500,60.906081919735],[11.750,58.091123330715],[12.000,56.403177004539],[12.250,54.623773173391],[12.500,52.591304347826],[12.750,50.234943745864],[13.000,48.479847667407],[13.250,47.075558274702],[13.500,45.394543854503],[13.750,43.431208053691],[14.000,41.576840981857],[14.250,40.10752688172],[14.500,38.418479589342],[14.750,36.476455578752],[15.000,35.235228539576],[15.250,33.799061433447],[15.500,32.067220085037],[15.750,30.912273876678],[16.000,29.614812058057],[16.250,28.020116463737],[16.500,27.036848361352],[16.750,25.730700760641],[17.000,24.58217270195],[17.250,23.551401869159],[17.500,22.340726091256],[17.750,21.498096791735],[18.000,20.58961648839],[18.250,19.57637677548],[18.500,18.969718904572],[18.750,18.255813953488],[19.000,17.483517711476],],[[-15.750,-10.638170677029],[-15.500,-13.935881180945],[-15.250,-16.862003780718],[-15.000,-19.763101220388],[-14.750,-25.084134615385],[-14.500,-27.416998671979],[-14.250,-28.674484719261],[-13.750,-30.003923107101],[-13.500,-30.15708970649],[-13.250,-30.270152505447],[-13.000,-30.168795620438],[-12.750,-29.985875706215],[-12.500,-30.116504854369],[-12.250,-30.219670494259],[-12.000,-30.189549180328],[-11.750,-30.047244094488],[-11.500,-30.996126175982],[-11.250,-31.558516801854],[-11.000,-31.502094554159],[-10.750,-31.080417434009],[-10.500,-30.534927627439],[-10.000,-29.058591178407],[-9.500,-27.387698686938],[-9.250,-26.433121019108],[-9.000,-25.296671490593],[-8.750,-24.122871946706],[-8.500,-23.658914728682],[-8.250,-22.456140350877],[-8.000,-20.934959349593],[-7.750,-19.285714285714],[-7.500,-17.546531302876],[-7.250,-15.711820534944],[-7.000,-13.757682177349],[-6.750,-11.877807726864],[-6.500,-9.9260628465804],[-6.250,-7.7276995305164],[-6.000,-5.3530534351145],[-5.750,-2.9206963249516],[-5.500,-0.46305418719212],[-5.250,2.1221221221221],[-5.000,4.7522750252781],[-4.750,7.5411522633745],[-4.500,10.322245322245],[-4.250,13.207150368034],[-4.000,16.157112526539],[-3.750,18.988285410011],[-3.500,21.976495726496],[-3.250,25],[-3.000,27.800429184549],[-2.750,30.897297297297],[-2.500,33.984799131379],[-2.250,36.905537459283],[-2.000,39.739130434783],[-1.750,43.033953997809],[-1.500,46.153846153846],[-1.250,49.097909790979],[-1.000,51.960352422907],[-0.750,55.332594235033],[-0.500,58.703910614525],[-0.250,62.5],[0.000,66.48899188876],[0.250,71.212841854935],[0.500,75.631067961165],[0.750,79.679802955665],[1.000,83.345771144279],[1.250,88.469387755102],[1.500,94.227212681638],[1.750,101.13698630137],[2.000,105.69518716578],[2.250,109.4495412844],[2.500,113.83720930233],[2.750,117.08491761724],[3.000,120.03726708075],[3.250,123.64532019704],[3.500,124.93902439024],[3.750,125.42067307692],[4.000,126.24703087886],[4.250,127.50588235294],[4.500,127.72885283893],[4.750,128.00228310502],[5.000,128.84875846501],[5.250,128.58093126386],[5.500,128.77729257642],[5.750,128.64661654135],[6.000,127.55789473684],[6.250,127.53112033195],[6.500,125.72295247725],[6.750,125.29294935452],[7.000,123.21428571429],[7.250,121.77024482109],[7.500,119.49771689498],[7.750,116.50220264317],[8.000,114.499572284],[8.250,111.82644628099],[8.500,108.7430389817],[8.750,106.44341801386],[9.000,103.18551367332],[9.250,100.75660242684],[9.500,97.697052775874],[9.750,94.917600527357],[10.000,92.732484076433],[10.250,89.652226967663],[10.500,86.674459380479],[10.750,84.819004524887],[11.000,82.399347116431],[11.250,79.521082769391],[11.500,76.163366336634],[11.750,74.207258834766],[12.000,72.185918085596],[12.250,69.581866197183],[12.500,66.014131338321],[12.750,63.853211009174],[13.000,61.906405830456],[13.250,59.21897810219],[13.500,55.940185630801],[13.750,54.40464344942],[14.000,52.236300285081],[14.250,49.292748433303],[14.500,47.494995710609],[14.750,44.979724249797],[15.000,42.670934699104],[15.250,40.052935514918],[15.500,37.933940774487],[15.750,35.369857173311],[16.000,33.444309927361],[16.250,31.436180330987],[16.500,29.866136034732],[16.750,28.41488628532],[17.000,26.967065377683],[17.250,25.671198624785],[17.500,24.583707696915],[17.750,23.741152679474],[18.000,22.799833425875],[18.250,21.894849212703],[18.500,20.860022967972],[18.750,19.832987931245],[19.000,19.368396058411],[19.250,18.777036355269],],],
{"title":"Cl\/Cd v Alpha","sortData":false,"legend":{"show":false,"placement":"insideGrid","location":"ne"},"series":[{"showLabel":true,"index":0,"showLine":true,"trendline":{"type":"none","show":false},"color":"#4bb2c5"},{"showLabel":true,"index":0,"showLine":true,"trendline":{"type":"none","show":false},"color":"#EAA228"},{"showLabel":true,"index":0,"showLine":true,"trendline":{"type":"none","show":false},"color":"#839557"},{"showLabel":true,"index":0,"showLine":true,"trendline":{"type":"none","show":false},"color":"#953579"},{"showLabel":true,"index":0,"showLine":true,"trendline":{"type":"none","show":false},"color":"#d8b83f"}],"show":"$.jqplot.config.enablePlugins","axes":{"xaxis":{"max":20,"min":-20,"tickInterval":5,"tickOptions":{"formatString":"%.1f"},"forceTickAt0":true,"rendererOptions":{"forceTickAt0":true}},"yaxis":{"max":140,"min":-40,"tickInterval":20,"tickOptions":{"formatString":"%d"},"forceTickAt0":true,"rendererOptions":{"forceTickAt0":true}}},"seriesDefaults":{"lineWidth":1,"showLabel":true,"markerOptions":{"size":5,"show":false}}});
jqplots.push(p);

});
/*]]>*/
</script>
</body>
</html>