<!DOCTYPE html>
<html lang="en">
<head>
<link rel="stylesheet" type="text/css" href="/assets/62ff72f1/jquery.jqplot.min.css" media="screen, projection, print" />
<style type="text/css">
/*<![CDATA[*/
.jqplot-title {font-size:1.8em;padding:3px;}.jqplot-xaxis {font-size:0.8em;padding-top:3px;}.jqplot-yaxis {font-size:0.8em;padding-right:3px;}
/*]]>*/
</style>
<!--[if lt IE 9]><script type="text/javascript" src="/assets/62ff72f1/excanvas.min.js"></script></script><![endif]-->
<script type="text/javascript" src="/assets/780cfc96/jquery.min.js"></script>
<script type="text/javascript" src="/assets/62ff72f1/jquery.min.js"></script>
<script type="text/javascript" src="/assets/62ff72f1/jquery.jqplot.min.js"></script>
<script type="text/javascript">
/*<![CDATA[*/
var jqplots = [];

/*]]>*/
</script>
<title>Airfoil polar plot</title>
<meta http-equiv="Content-Language" content="en-gb"/>
<meta http-equiv="Content-Type" content="text/html; charset=windows-1252"/>
<meta content="none" name="robots" />
<meta name="copyright" content="Copyright 2010-2013. All Rights Reserved" />
</head>
<body>

<table style="width:800px;">
<tr><td>
<div id="liftdrag" style="height:400px;width:398px;margin:auto;display:inline-block;"></div>
</td><td>
<div id="liftaoa" style="height:400px;width:398px;margin:auto;display:inline-block;"></div>
</td></tr>
<tr><td>
<div id="effaoa" style="height:400px;width:398px;margin:auto;display:inline-block;"></div>
</td><td>
<div id="dragaoa" style="height:400px;width:398px;margin:auto;display:inline-block;"></div>
</td></tr>
<tr><td>
<div id="momentaoa" style="height:400px;width:398px;margin:auto;display:inline-block;"></div>
</td><td>
</td></tr>

</table>
<script type="text/javascript">
/*<![CDATA[*/
jQuery(window).load(function() {
var p = $.jqplot('liftdrag',[[[0.10849,-0.2921],[0.10820,-0.2976],[0.10889,-0.3085],[0.10132,-0.2867],[0.09951,-0.2877],[0.09930,-0.2937],[0.09826,-0.2953],[0.09258,-0.2839],[0.09084,-0.2831],[0.09186,-0.2833],[0.08599,-0.2791],[0.08401,-0.2765],[0.08251,-0.2724],[0.07923,-0.2710],[0.07770,-0.2632],[0.07484,-0.2625],[0.07253,-0.2563],[0.06850,-0.2345],[0.06132,-0.2082],[0.05943,-0.1934],[0.05687,-0.1903],[0.05488,-0.1816],[0.04813,-0.1683],[0.04528,-0.1546],[0.04253,-0.1360],[0.03990,-0.1058],[0.03736,0.2587],[0.03566,0.3216],[0.03423,0.3766],[0.03286,0.4307],[0.03141,0.4893],[0.02998,0.5494],[0.02895,0.5944],[0.02799,0.6353],[0.02687,0.6773],[0.02469,0.7172],[0.02488,0.7453],[0.02492,0.7757],[0.02493,0.8068],[0.02544,0.8305],[0.02579,0.8573],[0.02614,0.8847],[0.02683,0.9086],[0.02759,0.9317],[0.02835,0.9556],[0.02919,0.9792],[0.03018,1.0022],[0.03124,1.0254],[0.03203,1.0516],[0.03362,1.0696],[0.03525,1.0880],[0.03615,1.1144],[0.03891,1.1238],[0.04024,1.1477],[0.04382,1.1504],[0.04593,1.1668],[0.04940,1.1717],[0.05703,1.1390],[0.06689,1.0837],[0.07615,1.0345],[0.08231,1.0165],[0.08703,1.0167],[0.03890,1.3586],[0.03569,1.3719],[0.03490,1.3711],[0.03566,1.3650],[0.03768,1.3571],[0.04062,1.3429],[0.04393,1.3306],[0.04745,1.3196],[0.05106,1.3106],[0.05466,1.3041],[0.05844,1.2971],[0.06161,1.2977],[0.06429,1.3034],[0.06447,1.3455],[0.06669,1.3742],[0.07004,1.3859],[0.07386,1.3897],[0.07814,1.3876],[0.08301,1.3782],[0.08860,1.3623],[0.09500,1.3415],[0.10226,1.3176],[0.11041,1.2921],[0.11930,1.2668],[0.12836,1.2453],[0.13711,1.2291],[0.16632,1.1485],],[[0.09458,-0.2776],[0.09354,-0.2816],[0.09319,-0.2831],[0.09280,-0.2793],[0.08992,-0.2756],[0.08476,-0.2796],[0.08197,-0.2796],[0.07981,-0.2791],[0.07781,-0.2777],[0.07589,-0.2742],[0.07598,-0.2324],[0.07156,-0.2437],[0.06690,-0.2207],[0.06239,-0.1371],[0.05774,-0.1177],[0.05355,-0.0561],[0.05012,0.0008],[0.04630,0.0282],[0.04273,0.0819],[0.03994,0.1325],[0.03706,0.1710],[0.03443,0.2236],[0.02330,0.4571],[0.02143,0.4878],[0.02005,0.5178],[0.01942,0.5483],[0.01843,0.5770],[0.01774,0.6035],[0.01718,0.6301],[0.01673,0.6568],[0.01645,0.6824],[0.01625,0.7090],[0.01611,0.7363],[0.01445,0.7675],[0.01474,0.7925],[0.01504,0.8178],[0.01535,0.8431],[0.01568,0.8677],[0.01602,0.8926],[0.01637,0.9176],[0.01677,0.9427],[0.01720,0.9674],[0.01766,0.9922],[0.01816,1.0172],[0.01870,1.0426],[0.01928,1.0677],[0.01991,1.0926],[0.02058,1.1187],[0.02126,1.1434],[0.02198,1.1694],[0.02240,1.1930],[0.02247,1.2151],[0.02260,1.2362],[0.02276,1.2576],[0.02280,1.2770],[0.02272,1.2949],[0.02267,1.3104],[0.02295,1.3258],[0.02463,1.3312],[0.02758,1.3319],[0.02948,1.3401],[0.03116,1.3480],[0.03287,1.3530],[0.03465,1.3525],[0.03663,1.3489],[0.03899,1.3423],[0.04176,1.3344],[0.04391,1.3375],[0.04591,1.3465],[0.04765,1.3673],[0.04967,1.4033],[0.05256,1.4391],[0.05558,1.4569],[0.05870,1.4648],[0.06220,1.4680],[0.06606,1.4674],[0.07023,1.4631],[0.07489,1.4579],[0.08069,1.4728],[0.08337,1.4528],[0.08751,1.4284],[0.09297,1.3997],],[[0.08925,-0.2852],[0.08715,-0.2859],[0.08532,-0.2888],[0.08360,-0.2926],[0.08193,-0.2962],[0.07955,-0.2899],[0.07460,-0.2187],[0.06815,-0.1716],[0.06364,-0.1559],[0.05975,-0.1225],[0.05572,-0.0807],[0.04964,-0.0087],[0.04627,0.0179],[0.04299,0.0589],[0.03837,0.1188],[0.03589,0.1493],[0.03302,0.2012],[0.03023,0.2299],[0.02846,0.2709],[0.02624,0.2947],[0.02462,0.3255],[0.02188,0.3775],[0.02071,0.4040],[0.01971,0.4303],[0.01791,0.4805],[0.01550,0.5225],[0.01481,0.5504],[0.01400,0.5767],[0.01347,0.6029],[0.01309,0.6288],[0.01281,0.6545],[0.01262,0.6802],[0.01253,0.7058],[0.01237,0.7313],[0.01236,0.7569],[0.01085,0.8145],[0.01108,0.8398],[0.01134,0.8649],[0.01163,0.8898],[0.01194,0.9147],[0.01226,0.9396],[0.01261,0.9644],[0.01299,0.9891],[0.01338,1.0139],[0.01415,1.0639],[0.01457,1.0890],[0.01493,1.1134],[0.01520,1.1371],[0.01542,1.1606],[0.01566,1.1844],[0.01593,1.2079],[0.01619,1.2303],[0.01647,1.2520],[0.01707,1.2716],[0.02128,1.2892],[0.02248,1.3049],[0.02356,1.3204],[0.02481,1.3325],[0.02626,1.3406],[0.02786,1.3450],[0.02956,1.3447],[0.03149,1.3433],[0.03354,1.3450],[0.03588,1.3522],[0.03829,1.3696],[0.03969,1.3792],[0.04140,1.3911],[0.04371,1.4118],[0.04665,1.4368],[0.05229,1.4992],[0.05262,1.4944],],[[0.08862,-0.2942],[0.08719,-0.3010],[0.08313,-0.2750],[0.05489,-0.0729],[0.05165,-0.0409],[0.04807,-0.0040],[0.04376,0.0463],[0.03955,0.0967],[0.03410,0.1232],[0.03218,0.1463],[0.03036,0.1708],[0.02836,0.1972],[0.02673,0.2311],[0.02250,0.2588],[0.02111,0.2819],[0.02009,0.3065],[0.01899,0.3326],[0.01934,0.3620],[0.01646,0.3864],[0.01583,0.4123],[0.01695,0.4409],[0.01442,0.4654],[0.01100,0.6017],[0.01032,0.6278],[0.01002,0.6539],[0.00984,0.6799],[0.00975,0.7060],[0.00972,0.7320],[0.00975,0.7580],[0.00981,0.7840],[0.00989,0.8101],[0.00999,0.8362],[0.00976,0.8617],[0.00869,0.8935],[0.00890,0.9194],[0.00913,0.9451],[0.00936,0.9708],[0.00960,0.9963],[0.00986,1.0216],[0.01013,1.0468],[0.01040,1.0718],[0.01093,1.1219],[0.01118,1.1470],[0.01146,1.1718],[0.01180,1.1959],[0.01273,1.2151],[0.01514,1.2225],[0.01571,1.2449],[0.01633,1.2665],[0.01724,1.2855],[0.01829,1.3026],[0.01902,1.3219],[0.01989,1.3394],[0.02085,1.3551],[0.02181,1.3699],[0.02295,1.3814],[0.02478,1.3821],[0.02804,1.3822],[0.02914,1.3907],[0.03062,1.3963],[0.03226,1.4020],[0.03400,1.4084],[0.03588,1.4159],[0.03782,1.4244],[0.03975,1.4328],[0.04167,1.4400],[0.04358,1.4462],[0.04565,1.4515],[0.04812,1.4598],[0.05078,1.4666],[0.05375,1.4722],[0.05977,1.3366],[0.06595,1.3273],[0.07267,1.3116],[0.07924,1.2928],],[[0.09340,-0.2860],[0.09130,-0.2890],[0.08889,-0.2887],[0.08419,-0.2642],[0.07969,-0.2408],[0.07550,-0.2238],[0.07252,-0.2021],[0.06899,-0.1734],[0.04793,-0.0122],[0.04609,0.0090],[0.04372,0.0322],[0.04029,0.0672],[0.03684,0.0972],[0.03337,0.1252],[0.02773,0.1497],[0.02649,0.1725],[0.02518,0.1971],[0.02359,0.2235],[0.02224,0.2546],[0.02032,0.2832],[0.01860,0.3104],[0.01474,0.3359],[0.01400,0.3621],[0.01340,0.3886],[0.01283,0.4154],[0.01240,0.4426],[0.01290,0.4702],[0.01082,0.4962],[0.01054,0.5227],[0.01036,0.5494],[0.00998,0.5757],[0.00983,0.6022],[0.00970,0.6288],[0.00888,0.6557],[0.00872,0.6822],[0.00863,0.7087],[0.00860,0.7353],[0.00862,0.7619],[0.00866,0.7884],[0.00871,0.8150],[0.00875,0.8416],[0.00884,0.8681],[0.00895,0.8944],[0.00907,0.9207],[0.00771,0.9511],[0.00792,0.9770],[0.00817,1.0026],[0.00839,1.0283],[0.00859,1.0541],[0.00880,1.0798],[0.00903,1.1054],[0.00927,1.1307],[0.00952,1.1560],[0.00986,1.1803],[0.01228,1.1875],[0.01277,1.2107],[0.01316,1.2345],[0.01355,1.2582],[0.01405,1.2809],[0.01477,1.3017],[0.01520,1.3245],[0.01569,1.3466],[0.01616,1.3686],[0.01675,1.3892],[0.01796,1.4032],[0.01893,1.4186],[0.01954,1.4374],[0.02034,1.4534],[0.02122,1.4672],[0.02205,1.4809],[0.02294,1.4907],[0.02378,1.4984],[0.02456,1.5076],[0.02575,1.5104],[0.02768,1.5039],[0.03082,1.4863],[0.03297,1.4852],[0.03472,1.4897],[0.03663,1.4938],[0.03914,1.4936],[0.04165,1.4947],[0.04445,1.4943],[0.04743,1.4934],[0.05051,1.4924],[0.05378,1.4906],[0.05716,1.4885],[0.06058,1.4868],[0.06433,1.4834],[0.06821,1.4799],[0.07242,1.4750],[0.07686,1.4696],[0.08108,1.4664],[0.08609,1.4591],[0.09131,1.4515],[0.09622,1.4467],[0.10186,1.4385],[0.10796,1.4285],[0.11383,1.4203],[0.12017,1.4106],[0.12694,1.3996],[0.13393,1.3881],[0.14083,1.3778],[0.14829,1.3659],[0.15567,1.3550],[0.16509,1.3373],[0.17684,1.3129],],],
{"title":"Cl v Cd","sortData":false,"legend":{"show":false,"placement":"insideGrid","location":"ne"},"series":[{"showLabel":true,"index":0,"showLine":true,"trendline":{"type":"none","show":false},"color":"#4bb2c5"},{"showLabel":true,"index":0,"showLine":true,"trendline":{"type":"none","show":false},"color":"#EAA228"},{"showLabel":true,"index":0,"showLine":true,"trendline":{"type":"none","show":false},"color":"#839557"},{"showLabel":true,"index":0,"showLine":true,"trendline":{"type":"none","show":false},"color":"#953579"},{"showLabel":true,"index":0,"showLine":true,"trendline":{"type":"none","show":false},"color":"#d8b83f"}],"show":"$.jqplot.config.enablePlugins","axes":{"xaxis":{"max":0.18,"min":0,"tickInterval":0.02,"tickOptions":{"formatString":"%.2f"},"forceTickAt0":true,"rendererOptions":{"forceTickAt0":true}},"yaxis":{"max":1.6,"min":-0.4,"tickInterval":0.2,"tickOptions":{"formatString":"%.2f"},"forceTickAt0":true,"rendererOptions":{"forceTickAt0":true}}},"seriesDefaults":{"lineWidth":1,"showLabel":true,"markerOptions":{"size":5,"show":false}}});
jqplots.push(p);

var p = $.jqplot('liftaoa',[[[-8.250,-0.2921],[-8.000,-0.2976],[-7.750,-0.3085],[-7.500,-0.2867],[-7.250,-0.2877],[-7.000,-0.2937],[-6.750,-0.2953],[-6.500,-0.2839],[-6.250,-0.2831],[-6.000,-0.2833],[-5.750,-0.2791],[-5.500,-0.2765],[-5.250,-0.2724],[-5.000,-0.2710],[-4.750,-0.2632],[-4.500,-0.2625],[-4.250,-0.2563],[-3.750,-0.2345],[-3.000,-0.2082],[-2.750,-0.1934],[-2.500,-0.1903],[-2.250,-0.1816],[-1.500,-0.1683],[-1.250,-0.1546],[-1.000,-0.1360],[-0.750,-0.1058],[-0.500,0.2587],[-0.250,0.3216],[0.000,0.3766],[0.250,0.4307],[0.500,0.4893],[0.750,0.5494],[1.000,0.5944],[1.250,0.6353],[1.500,0.6773],[1.750,0.7172],[2.000,0.7453],[2.250,0.7757],[2.500,0.8068],[2.750,0.8305],[3.000,0.8573],[3.250,0.8847],[3.500,0.9086],[3.750,0.9317],[4.000,0.9556],[4.250,0.9792],[4.500,1.0022],[4.750,1.0254],[5.000,1.0516],[5.250,1.0696],[5.500,1.0880],[5.750,1.1144],[6.000,1.1238],[6.250,1.1477],[6.500,1.1504],[6.750,1.1668],[7.000,1.1717],[7.250,1.1390],[7.500,1.0837],[7.750,1.0345],[8.000,1.0165],[8.250,1.0167],[8.500,1.3586],[8.750,1.3719],[9.000,1.3711],[9.250,1.3650],[9.500,1.3571],[9.750,1.3429],[10.000,1.3306],[10.250,1.3196],[10.500,1.3106],[10.750,1.3041],[11.000,1.2971],[11.250,1.2977],[11.500,1.3034],[11.750,1.3455],[12.000,1.3742],[12.250,1.3859],[12.500,1.3897],[12.750,1.3876],[13.000,1.3782],[13.250,1.3623],[13.500,1.3415],[13.750,1.3176],[14.000,1.2921],[14.250,1.2668],[14.500,1.2453],[14.750,1.2291],[15.000,1.1485],],[[-7.250,-0.2776],[-7.000,-0.2816],[-6.750,-0.2831],[-6.500,-0.2793],[-6.250,-0.2756],[-6.000,-0.2796],[-5.750,-0.2796],[-5.500,-0.2791],[-5.250,-0.2777],[-5.000,-0.2742],[-4.750,-0.2324],[-4.500,-0.2437],[-4.250,-0.2207],[-4.000,-0.1371],[-3.750,-0.1177],[-3.500,-0.0561],[-3.250,0.0008],[-3.000,0.0282],[-2.750,0.0819],[-2.500,0.1325],[-2.250,0.1710],[-2.000,0.2236],[-0.750,0.4571],[-0.500,0.4878],[-0.250,0.5178],[0.000,0.5483],[0.250,0.5770],[0.500,0.6035],[0.750,0.6301],[1.000,0.6568],[1.250,0.6824],[1.500,0.7090],[1.750,0.7363],[2.000,0.7675],[2.250,0.7925],[2.500,0.8178],[2.750,0.8431],[3.000,0.8677],[3.250,0.8926],[3.500,0.9176],[3.750,0.9427],[4.000,0.9674],[4.250,0.9922],[4.500,1.0172],[4.750,1.0426],[5.000,1.0677],[5.250,1.0926],[5.500,1.1187],[5.750,1.1434],[6.000,1.1694],[6.250,1.1930],[6.500,1.2151],[6.750,1.2362],[7.000,1.2576],[7.250,1.2770],[7.500,1.2949],[7.750,1.3104],[8.000,1.3258],[8.250,1.3312],[8.500,1.3319],[8.750,1.3401],[9.000,1.3480],[9.250,1.3530],[9.500,1.3525],[9.750,1.3489],[10.000,1.3423],[10.250,1.3344],[10.500,1.3375],[10.750,1.3465],[11.000,1.3673],[11.250,1.4033],[11.500,1.4391],[11.750,1.4569],[12.000,1.4648],[12.250,1.4680],[12.500,1.4674],[12.750,1.4631],[13.000,1.4579],[13.250,1.4728],[13.500,1.4528],[13.750,1.4284],[14.000,1.3997],],[[-7.000,-0.2852],[-6.750,-0.2859],[-6.500,-0.2888],[-6.250,-0.2926],[-6.000,-0.2962],[-5.750,-0.2899],[-5.500,-0.2187],[-5.250,-0.1716],[-5.000,-0.1559],[-4.750,-0.1225],[-4.500,-0.0807],[-4.250,-0.0087],[-4.000,0.0179],[-3.750,0.0589],[-3.500,0.1188],[-3.250,0.1493],[-3.000,0.2012],[-2.750,0.2299],[-2.500,0.2709],[-2.250,0.2947],[-2.000,0.3255],[-1.500,0.3775],[-1.250,0.4040],[-1.000,0.4303],[-0.500,0.4805],[-0.250,0.5225],[0.000,0.5504],[0.250,0.5767],[0.500,0.6029],[0.750,0.6288],[1.000,0.6545],[1.250,0.6802],[1.500,0.7058],[1.750,0.7313],[2.000,0.7569],[2.500,0.8145],[2.750,0.8398],[3.000,0.8649],[3.250,0.8898],[3.500,0.9147],[3.750,0.9396],[4.000,0.9644],[4.250,0.9891],[4.500,1.0139],[5.000,1.0639],[5.250,1.0890],[5.500,1.1134],[5.750,1.1371],[6.000,1.1606],[6.250,1.1844],[6.500,1.2079],[6.750,1.2303],[7.000,1.2520],[7.250,1.2716],[7.750,1.2892],[8.000,1.3049],[8.250,1.3204],[8.500,1.3325],[8.750,1.3406],[9.000,1.3450],[9.250,1.3447],[9.500,1.3433],[9.750,1.3450],[10.000,1.3522],[10.250,1.3696],[10.500,1.3792],[10.750,1.3911],[11.000,1.4118],[11.250,1.4368],[11.500,1.4992],[11.750,1.4944],],[[-7.250,-0.2942],[-7.000,-0.3010],[-6.750,-0.2750],[-5.250,-0.0729],[-5.000,-0.0409],[-4.750,-0.0040],[-4.500,0.0463],[-4.250,0.0967],[-4.000,0.1232],[-3.750,0.1463],[-3.500,0.1708],[-3.250,0.1972],[-3.000,0.2311],[-2.750,0.2588],[-2.500,0.2819],[-2.250,0.3065],[-2.000,0.3326],[-1.750,0.3620],[-1.500,0.3864],[-1.250,0.4123],[-1.000,0.4409],[-0.750,0.4654],[0.500,0.6017],[0.750,0.6278],[1.000,0.6539],[1.250,0.6799],[1.500,0.7060],[1.750,0.7320],[2.000,0.7580],[2.250,0.7840],[2.500,0.8101],[2.750,0.8362],[3.000,0.8617],[3.250,0.8935],[3.500,0.9194],[3.750,0.9451],[4.000,0.9708],[4.250,0.9963],[4.500,1.0216],[4.750,1.0468],[5.000,1.0718],[5.500,1.1219],[5.750,1.1470],[6.000,1.1718],[6.250,1.1959],[6.500,1.2151],[6.750,1.2225],[7.000,1.2449],[7.250,1.2665],[7.500,1.2855],[7.750,1.3026],[8.000,1.3219],[8.250,1.3394],[8.500,1.3551],[8.750,1.3699],[9.000,1.3814],[9.250,1.3821],[9.750,1.3822],[10.000,1.3907],[10.250,1.3963],[10.500,1.4020],[10.750,1.4084],[11.000,1.4159],[11.250,1.4244],[11.500,1.4328],[11.750,1.4400],[12.000,1.4462],[12.250,1.4515],[12.500,1.4598],[12.750,1.4666],[13.000,1.4722],[13.250,1.3366],[13.500,1.3273],[13.750,1.3116],[14.000,1.2928],],[[-8.000,-0.2860],[-7.750,-0.2890],[-7.500,-0.2887],[-7.250,-0.2642],[-7.000,-0.2408],[-6.750,-0.2238],[-6.500,-0.2021],[-6.250,-0.1734],[-5.250,-0.0122],[-5.000,0.0090],[-4.750,0.0322],[-4.500,0.0672],[-4.250,0.0972],[-4.000,0.1252],[-3.750,0.1497],[-3.500,0.1725],[-3.250,0.1971],[-3.000,0.2235],[-2.750,0.2546],[-2.500,0.2832],[-2.250,0.3104],[-2.000,0.3359],[-1.750,0.3621],[-1.500,0.3886],[-1.250,0.4154],[-1.000,0.4426],[-0.750,0.4702],[-0.500,0.4962],[-0.250,0.5227],[0.000,0.5494],[0.250,0.5757],[0.500,0.6022],[0.750,0.6288],[1.000,0.6557],[1.250,0.6822],[1.500,0.7087],[1.750,0.7353],[2.000,0.7619],[2.250,0.7884],[2.500,0.8150],[2.750,0.8416],[3.000,0.8681],[3.250,0.8944],[3.500,0.9207],[3.750,0.9511],[4.000,0.9770],[4.250,1.0026],[4.500,1.0283],[4.750,1.0541],[5.000,1.0798],[5.250,1.1054],[5.500,1.1307],[5.750,1.1560],[6.000,1.1803],[6.250,1.1875],[6.500,1.2107],[6.750,1.2345],[7.000,1.2582],[7.250,1.2809],[7.500,1.3017],[7.750,1.3245],[8.000,1.3466],[8.250,1.3686],[8.500,1.3892],[8.750,1.4032],[9.000,1.4186],[9.250,1.4374],[9.500,1.4534],[9.750,1.4672],[10.000,1.4809],[10.250,1.4907],[10.500,1.4984],[10.750,1.5076],[11.000,1.5104],[11.250,1.5039],[11.500,1.4863],[11.750,1.4852],[12.000,1.4897],[12.250,1.4938],[12.500,1.4936],[12.750,1.4947],[13.000,1.4943],[13.250,1.4934],[13.500,1.4924],[13.750,1.4906],[14.000,1.4885],[14.250,1.4868],[14.500,1.4834],[14.750,1.4799],[15.000,1.4750],[15.250,1.4696],[15.500,1.4664],[15.750,1.4591],[16.000,1.4515],[16.250,1.4467],[16.500,1.4385],[16.750,1.4285],[17.000,1.4203],[17.250,1.4106],[17.500,1.3996],[17.750,1.3881],[18.000,1.3778],[18.250,1.3659],[18.500,1.3550],[18.750,1.3373],[19.000,1.3129],],],
{"title":"Cl v Alpha","sortData":false,"legend":{"show":false,"placement":"insideGrid","location":"ne"},"series":[{"showLabel":true,"index":0,"showLine":true,"trendline":{"type":"none","show":false},"color":"#4bb2c5"},{"showLabel":true,"index":0,"showLine":true,"trendline":{"type":"none","show":false},"color":"#EAA228"},{"showLabel":true,"index":0,"showLine":true,"trendline":{"type":"none","show":false},"color":"#839557"},{"showLabel":true,"index":0,"showLine":true,"trendline":{"type":"none","show":false},"color":"#953579"},{"showLabel":true,"index":0,"showLine":true,"trendline":{"type":"none","show":false},"color":"#d8b83f"}],"show":"$.jqplot.config.enablePlugins","axes":{"xaxis":{"max":20,"min":-10,"tickInterval":5,"tickOptions":{"formatString":"%.1f"},"forceTickAt0":true,"rendererOptions":{"forceTickAt0":true}},"yaxis":{"max":1.6,"min":-0.4,"tickInterval":0.2,"tickOptions":{"formatString":"%.2f"},"forceTickAt0":true,"rendererOptions":{"forceTickAt0":true}}},"seriesDefaults":{"lineWidth":1,"showLabel":true,"markerOptions":{"size":5,"show":false}}});
jqplots.push(p);

var p = $.jqplot('momentaoa',[[[-8.250,-0.0228],[-8.000,-0.0236],[-7.750,-0.0245],[-7.500,-0.0223],[-7.250,-0.0217],[-7.000,-0.0233],[-6.750,-0.0261],[-6.500,-0.0213],[-6.250,-0.0220],[-6.000,-0.0293],[-5.750,-0.0219],[-5.500,-0.0221],[-5.250,-0.0258],[-5.000,-0.0216],[-4.750,-0.0260],[-4.500,-0.0223],[-4.250,-0.0234],[-3.750,-0.0281],[-3.000,-0.0280],[-2.750,-0.0298],[-2.500,-0.0267],[-2.250,-0.0258],[-1.500,-0.0124],[-1.250,-0.0077],[-1.000,-0.0047],[-0.750,-0.0054],[-0.500,-0.0945],[-0.250,-0.1002],[0.000,-0.1044],[0.250,-0.1084],[0.500,-0.1125],[0.750,-0.1162],[1.000,-0.1175],[1.250,-0.1182],[1.500,-0.1190],[1.750,-0.1188],[2.000,-0.1175],[2.250,-0.1165],[2.500,-0.1155],[2.750,-0.1142],[3.000,-0.1130],[3.250,-0.1119],[3.500,-0.1108],[3.750,-0.1096],[4.000,-0.1086],[4.250,-0.1077],[4.500,-0.1069],[4.750,-0.1062],[5.000,-0.1055],[5.250,-0.1048],[5.500,-0.1041],[5.750,-0.1035],[6.000,-0.1029],[6.250,-0.1025],[6.500,-0.1018],[6.750,-0.1013],[7.000,-0.1007],[7.250,-0.1006],[7.500,-0.1013],[7.750,-0.1030],[8.000,-0.1042],[8.250,-0.1053],[8.500,-0.0865],[8.750,-0.0816],[9.000,-0.0766],[9.250,-0.0720],[9.500,-0.0681],[9.750,-0.0644],[10.000,-0.0616],[10.250,-0.0596],[10.500,-0.0583],[10.750,-0.0573],[11.000,-0.0566],[11.250,-0.0556],[11.500,-0.0542],[11.750,-0.0496],[12.000,-0.0476],[12.250,-0.0465],[12.500,-0.0458],[12.750,-0.0454],[13.000,-0.0458],[13.250,-0.0470],[13.500,-0.0493],[13.750,-0.0528],[14.000,-0.0572],[14.250,-0.0624],[14.500,-0.0676],[14.750,-0.0723],[15.000,-0.0938],],[[-7.250,-0.0230],[-7.000,-0.0233],[-6.750,-0.0265],[-6.500,-0.0318],[-6.250,-0.0336],[-6.000,-0.0258],[-5.750,-0.0227],[-5.500,-0.0215],[-5.250,-0.0212],[-5.000,-0.0221],[-4.750,-0.0396],[-4.500,-0.0336],[-4.250,-0.0341],[-4.000,-0.0551],[-3.750,-0.0548],[-3.500,-0.0671],[-3.250,-0.0767],[-3.000,-0.0781],[-2.750,-0.0858],[-2.500,-0.0928],[-2.250,-0.0961],[-2.000,-0.1023],[-0.750,-0.1166],[-0.500,-0.1159],[-0.250,-0.1153],[0.000,-0.1142],[0.250,-0.1135],[0.500,-0.1125],[0.750,-0.1115],[1.000,-0.1105],[1.250,-0.1093],[1.500,-0.1085],[1.750,-0.1077],[2.000,-0.1080],[2.250,-0.1070],[2.500,-0.1061],[2.750,-0.1052],[3.000,-0.1044],[3.250,-0.1035],[3.500,-0.1028],[3.750,-0.1020],[4.000,-0.1013],[4.250,-0.1006],[4.500,-0.1000],[4.750,-0.0995],[5.000,-0.0990],[5.250,-0.0985],[5.500,-0.0981],[5.750,-0.0977],[6.000,-0.0974],[6.250,-0.0966],[6.500,-0.0954],[6.750,-0.0941],[7.000,-0.0929],[7.250,-0.0913],[7.500,-0.0895],[7.750,-0.0873],[8.000,-0.0851],[8.250,-0.0823],[8.500,-0.0791],[8.750,-0.0766],[9.000,-0.0740],[9.250,-0.0712],[9.500,-0.0677],[9.750,-0.0644],[10.000,-0.0613],[10.250,-0.0587],[10.500,-0.0568],[10.750,-0.0549],[11.000,-0.0532],[11.250,-0.0523],[11.500,-0.0521],[11.750,-0.0511],[12.000,-0.0496],[12.250,-0.0479],[12.500,-0.0464],[12.750,-0.0450],[13.000,-0.0441],[13.250,-0.0438],[13.500,-0.0427],[13.750,-0.0431],[14.000,-0.0449],],[[-7.000,-0.0214],[-6.750,-0.0202],[-6.500,-0.0189],[-6.250,-0.0176],[-6.000,-0.0166],[-5.750,-0.0182],[-5.500,-0.0409],[-5.250,-0.0532],[-5.000,-0.0527],[-4.750,-0.0575],[-4.500,-0.0653],[-4.250,-0.0822],[-4.000,-0.0841],[-3.750,-0.0895],[-3.500,-0.0996],[-3.250,-0.1017],[-3.000,-0.1079],[-2.750,-0.1095],[-2.500,-0.1123],[-2.250,-0.1125],[-2.000,-0.1131],[-1.500,-0.1126],[-1.250,-0.1124],[-1.000,-0.1121],[-0.500,-0.1113],[-0.250,-0.1099],[0.000,-0.1088],[0.250,-0.1082],[0.500,-0.1074],[0.750,-0.1066],[1.000,-0.1059],[1.250,-0.1052],[1.500,-0.1045],[1.750,-0.1039],[2.000,-0.1032],[2.500,-0.1036],[2.750,-0.1030],[3.000,-0.1023],[3.250,-0.1016],[3.500,-0.1010],[3.750,-0.1004],[4.000,-0.0997],[4.250,-0.0992],[4.500,-0.0986],[5.000,-0.0975],[5.250,-0.0970],[5.500,-0.0964],[5.750,-0.0957],[6.000,-0.0950],[6.250,-0.0943],[6.500,-0.0936],[6.750,-0.0927],[7.000,-0.0917],[7.250,-0.0904],[7.750,-0.0854],[8.000,-0.0836],[8.250,-0.0817],[8.500,-0.0795],[8.750,-0.0769],[9.000,-0.0738],[9.250,-0.0701],[9.500,-0.0665],[9.750,-0.0636],[10.000,-0.0613],[10.250,-0.0600],[10.500,-0.0582],[10.750,-0.0566],[11.000,-0.0557],[11.250,-0.0552],[11.500,-0.0595],[11.750,-0.0551],],[[-7.250,-0.0201],[-7.000,-0.0173],[-6.750,-0.0230],[-5.250,-0.0741],[-5.000,-0.0787],[-4.750,-0.0850],[-4.500,-0.0945],[-4.250,-0.1023],[-4.000,-0.1061],[-3.750,-0.1069],[-3.500,-0.1076],[-3.250,-0.1084],[-3.000,-0.1089],[-2.750,-0.1102],[-2.500,-0.1101],[-2.250,-0.1100],[-2.000,-0.1098],[-1.750,-0.1089],[-1.500,-0.1094],[-1.250,-0.1092],[-1.000,-0.1083],[-0.750,-0.1086],[0.500,-0.1057],[0.750,-0.1052],[1.000,-0.1047],[1.250,-0.1041],[1.500,-0.1037],[1.750,-0.1032],[2.000,-0.1027],[2.250,-0.1023],[2.500,-0.1019],[2.750,-0.1015],[3.000,-0.1012],[3.250,-0.1024],[3.500,-0.1020],[3.750,-0.1015],[4.000,-0.1011],[4.250,-0.1007],[4.500,-0.1002],[4.750,-0.0997],[5.000,-0.0992],[5.500,-0.0983],[5.750,-0.0978],[6.000,-0.0973],[6.250,-0.0968],[6.500,-0.0956],[6.750,-0.0928],[7.000,-0.0918],[7.250,-0.0908],[7.500,-0.0894],[7.750,-0.0877],[8.000,-0.0864],[8.250,-0.0848],[8.500,-0.0831],[8.750,-0.0812],[9.000,-0.0790],[9.250,-0.0753],[9.750,-0.0676],[10.000,-0.0652],[10.250,-0.0628],[10.500,-0.0605],[10.750,-0.0585],[11.000,-0.0567],[11.250,-0.0550],[11.500,-0.0536],[11.750,-0.0522],[12.000,-0.0511],[12.250,-0.0501],[12.500,-0.0490],[12.750,-0.0480],[13.000,-0.0470],[13.250,-0.0431],[13.500,-0.0430],[13.750,-0.0435],[14.000,-0.0447],],[[-8.000,-0.0226],[-7.750,-0.0223],[-7.500,-0.0228],[-7.250,-0.0304],[-7.000,-0.0373],[-6.750,-0.0397],[-6.500,-0.0437],[-6.250,-0.0500],[-5.250,-0.0907],[-5.000,-0.0922],[-4.750,-0.0944],[-4.500,-0.0993],[-4.250,-0.1023],[-4.000,-0.1044],[-3.750,-0.1073],[-3.500,-0.1075],[-3.250,-0.1078],[-3.000,-0.1083],[-2.750,-0.1082],[-2.500,-0.1084],[-2.250,-0.1085],[-2.000,-0.1090],[-1.750,-0.1089],[-1.500,-0.1087],[-1.250,-0.1085],[-1.000,-0.1082],[-0.750,-0.1077],[-0.500,-0.1076],[-0.250,-0.1073],[0.000,-0.1069],[0.250,-0.1067],[0.500,-0.1063],[0.750,-0.1059],[1.000,-0.1050],[1.250,-0.1046],[1.500,-0.1042],[1.750,-0.1039],[2.000,-0.1036],[2.250,-0.1032],[2.500,-0.1029],[2.750,-0.1026],[3.000,-0.1023],[3.250,-0.1019],[3.500,-0.1016],[3.750,-0.1029],[4.000,-0.1025],[4.250,-0.1021],[4.500,-0.1017],[4.750,-0.1013],[5.000,-0.1009],[5.250,-0.1005],[5.500,-0.1001],[5.750,-0.0997],[6.000,-0.0991],[6.250,-0.0962],[6.500,-0.0954],[6.750,-0.0947],[7.000,-0.0940],[7.250,-0.0932],[7.500,-0.0920],[7.750,-0.0912],[8.000,-0.0903],[8.250,-0.0895],[8.500,-0.0884],[8.750,-0.0864],[9.000,-0.0845],[9.250,-0.0832],[9.500,-0.0815],[9.750,-0.0795],[10.000,-0.0775],[10.250,-0.0749],[10.500,-0.0720],[10.750,-0.0694],[11.000,-0.0663],[11.250,-0.0625],[11.500,-0.0585],[11.750,-0.0564],[12.000,-0.0551],[12.250,-0.0540],[12.500,-0.0529],[12.750,-0.0522],[13.000,-0.0517],[13.250,-0.0512],[13.500,-0.0510],[13.750,-0.0509],[14.000,-0.0509],[14.250,-0.0514],[14.500,-0.0517],[14.750,-0.0525],[15.000,-0.0533],[15.250,-0.0544],[15.500,-0.0562],[15.750,-0.0579],[16.000,-0.0599],[16.250,-0.0624],[16.500,-0.0649],[16.750,-0.0677],[17.000,-0.0707],[17.250,-0.0740],[17.500,-0.0777],[17.750,-0.0817],[18.000,-0.0858],[18.250,-0.0903],[18.500,-0.0950],[18.750,-0.1009],[19.000,-0.1085],],],
{"title":"Cm v Alpha","sortData":false,"legend":{"show":false,"placement":"insideGrid","location":"ne"},"series":[{"showLabel":true,"index":0,"showLine":true,"trendline":{"type":"none","show":false},"color":"#4bb2c5"},{"showLabel":true,"index":0,"showLine":true,"trendline":{"type":"none","show":false},"color":"#EAA228"},{"showLabel":true,"index":0,"showLine":true,"trendline":{"type":"none","show":false},"color":"#839557"},{"showLabel":true,"index":0,"showLine":true,"trendline":{"type":"none","show":false},"color":"#953579"},{"showLabel":true,"index":0,"showLine":true,"trendline":{"type":"none","show":false},"color":"#d8b83f"}],"show":"$.jqplot.config.enablePlugins","axes":{"xaxis":{"max":20,"min":-10,"tickInterval":5,"tickOptions":{"formatString":"%.1f"},"forceTickAt0":true,"rendererOptions":{"forceTickAt0":true}},"yaxis":{"max":0,"min":-0.12,"tickInterval":0.02,"tickOptions":{"formatString":"%.2f"},"forceTickAt0":true,"rendererOptions":{"forceTickAt0":true}}},"seriesDefaults":{"lineWidth":1,"showLabel":true,"markerOptions":{"size":5,"show":false}}});
jqplots.push(p);

var p = $.jqplot('dragaoa',[[[-8.250,0.10849],[-8.000,0.10820],[-7.750,0.10889],[-7.500,0.10132],[-7.250,0.09951],[-7.000,0.09930],[-6.750,0.09826],[-6.500,0.09258],[-6.250,0.09084],[-6.000,0.09186],[-5.750,0.08599],[-5.500,0.08401],[-5.250,0.08251],[-5.000,0.07923],[-4.750,0.07770],[-4.500,0.07484],[-4.250,0.07253],[-3.750,0.06850],[-3.000,0.06132],[-2.750,0.05943],[-2.500,0.05687],[-2.250,0.05488],[-1.500,0.04813],[-1.250,0.04528],[-1.000,0.04253],[-0.750,0.03990],[-0.500,0.03736],[-0.250,0.03566],[0.000,0.03423],[0.250,0.03286],[0.500,0.03141],[0.750,0.02998],[1.000,0.02895],[1.250,0.02799],[1.500,0.02687],[1.750,0.02469],[2.000,0.02488],[2.250,0.02492],[2.500,0.02493],[2.750,0.02544],[3.000,0.02579],[3.250,0.02614],[3.500,0.02683],[3.750,0.02759],[4.000,0.02835],[4.250,0.02919],[4.500,0.03018],[4.750,0.03124],[5.000,0.03203],[5.250,0.03362],[5.500,0.03525],[5.750,0.03615],[6.000,0.03891],[6.250,0.04024],[6.500,0.04382],[6.750,0.04593],[7.000,0.04940],[7.250,0.05703],[7.500,0.06689],[7.750,0.07615],[8.000,0.08231],[8.250,0.08703],[8.500,0.03890],[8.750,0.03569],[9.000,0.03490],[9.250,0.03566],[9.500,0.03768],[9.750,0.04062],[10.000,0.04393],[10.250,0.04745],[10.500,0.05106],[10.750,0.05466],[11.000,0.05844],[11.250,0.06161],[11.500,0.06429],[11.750,0.06447],[12.000,0.06669],[12.250,0.07004],[12.500,0.07386],[12.750,0.07814],[13.000,0.08301],[13.250,0.08860],[13.500,0.09500],[13.750,0.10226],[14.000,0.11041],[14.250,0.11930],[14.500,0.12836],[14.750,0.13711],[15.000,0.16632],],[[-7.250,0.09458],[-7.000,0.09354],[-6.750,0.09319],[-6.500,0.09280],[-6.250,0.08992],[-6.000,0.08476],[-5.750,0.08197],[-5.500,0.07981],[-5.250,0.07781],[-5.000,0.07589],[-4.750,0.07598],[-4.500,0.07156],[-4.250,0.06690],[-4.000,0.06239],[-3.750,0.05774],[-3.500,0.05355],[-3.250,0.05012],[-3.000,0.04630],[-2.750,0.04273],[-2.500,0.03994],[-2.250,0.03706],[-2.000,0.03443],[-0.750,0.02330],[-0.500,0.02143],[-0.250,0.02005],[0.000,0.01942],[0.250,0.01843],[0.500,0.01774],[0.750,0.01718],[1.000,0.01673],[1.250,0.01645],[1.500,0.01625],[1.750,0.01611],[2.000,0.01445],[2.250,0.01474],[2.500,0.01504],[2.750,0.01535],[3.000,0.01568],[3.250,0.01602],[3.500,0.01637],[3.750,0.01677],[4.000,0.01720],[4.250,0.01766],[4.500,0.01816],[4.750,0.01870],[5.000,0.01928],[5.250,0.01991],[5.500,0.02058],[5.750,0.02126],[6.000,0.02198],[6.250,0.02240],[6.500,0.02247],[6.750,0.02260],[7.000,0.02276],[7.250,0.02280],[7.500,0.02272],[7.750,0.02267],[8.000,0.02295],[8.250,0.02463],[8.500,0.02758],[8.750,0.02948],[9.000,0.03116],[9.250,0.03287],[9.500,0.03465],[9.750,0.03663],[10.000,0.03899],[10.250,0.04176],[10.500,0.04391],[10.750,0.04591],[11.000,0.04765],[11.250,0.04967],[11.500,0.05256],[11.750,0.05558],[12.000,0.05870],[12.250,0.06220],[12.500,0.06606],[12.750,0.07023],[13.000,0.07489],[13.250,0.08069],[13.500,0.08337],[13.750,0.08751],[14.000,0.09297],],[[-7.000,0.08925],[-6.750,0.08715],[-6.500,0.08532],[-6.250,0.08360],[-6.000,0.08193],[-5.750,0.07955],[-5.500,0.07460],[-5.250,0.06815],[-5.000,0.06364],[-4.750,0.05975],[-4.500,0.05572],[-4.250,0.04964],[-4.000,0.04627],[-3.750,0.04299],[-3.500,0.03837],[-3.250,0.03589],[-3.000,0.03302],[-2.750,0.03023],[-2.500,0.02846],[-2.250,0.02624],[-2.000,0.02462],[-1.500,0.02188],[-1.250,0.02071],[-1.000,0.01971],[-0.500,0.01791],[-0.250,0.01550],[0.000,0.01481],[0.250,0.01400],[0.500,0.01347],[0.750,0.01309],[1.000,0.01281],[1.250,0.01262],[1.500,0.01253],[1.750,0.01237],[2.000,0.01236],[2.500,0.01085],[2.750,0.01108],[3.000,0.01134],[3.250,0.01163],[3.500,0.01194],[3.750,0.01226],[4.000,0.01261],[4.250,0.01299],[4.500,0.01338],[5.000,0.01415],[5.250,0.01457],[5.500,0.01493],[5.750,0.01520],[6.000,0.01542],[6.250,0.01566],[6.500,0.01593],[6.750,0.01619],[7.000,0.01647],[7.250,0.01707],[7.750,0.02128],[8.000,0.02248],[8.250,0.02356],[8.500,0.02481],[8.750,0.02626],[9.000,0.02786],[9.250,0.02956],[9.500,0.03149],[9.750,0.03354],[10.000,0.03588],[10.250,0.03829],[10.500,0.03969],[10.750,0.04140],[11.000,0.04371],[11.250,0.04665],[11.500,0.05229],[11.750,0.05262],],[[-7.250,0.08862],[-7.000,0.08719],[-6.750,0.08313],[-5.250,0.05489],[-5.000,0.05165],[-4.750,0.04807],[-4.500,0.04376],[-4.250,0.03955],[-4.000,0.03410],[-3.750,0.03218],[-3.500,0.03036],[-3.250,0.02836],[-3.000,0.02673],[-2.750,0.02250],[-2.500,0.02111],[-2.250,0.02009],[-2.000,0.01899],[-1.750,0.01934],[-1.500,0.01646],[-1.250,0.01583],[-1.000,0.01695],[-0.750,0.01442],[0.500,0.01100],[0.750,0.01032],[1.000,0.01002],[1.250,0.00984],[1.500,0.00975],[1.750,0.00972],[2.000,0.00975],[2.250,0.00981],[2.500,0.00989],[2.750,0.00999],[3.000,0.00976],[3.250,0.00869],[3.500,0.00890],[3.750,0.00913],[4.000,0.00936],[4.250,0.00960],[4.500,0.00986],[4.750,0.01013],[5.000,0.01040],[5.500,0.01093],[5.750,0.01118],[6.000,0.01146],[6.250,0.01180],[6.500,0.01273],[6.750,0.01514],[7.000,0.01571],[7.250,0.01633],[7.500,0.01724],[7.750,0.01829],[8.000,0.01902],[8.250,0.01989],[8.500,0.02085],[8.750,0.02181],[9.000,0.02295],[9.250,0.02478],[9.750,0.02804],[10.000,0.02914],[10.250,0.03062],[10.500,0.03226],[10.750,0.03400],[11.000,0.03588],[11.250,0.03782],[11.500,0.03975],[11.750,0.04167],[12.000,0.04358],[12.250,0.04565],[12.500,0.04812],[12.750,0.05078],[13.000,0.05375],[13.250,0.05977],[13.500,0.06595],[13.750,0.07267],[14.000,0.07924],],[[-8.000,0.09340],[-7.750,0.09130],[-7.500,0.08889],[-7.250,0.08419],[-7.000,0.07969],[-6.750,0.07550],[-6.500,0.07252],[-6.250,0.06899],[-5.250,0.04793],[-5.000,0.04609],[-4.750,0.04372],[-4.500,0.04029],[-4.250,0.03684],[-4.000,0.03337],[-3.750,0.02773],[-3.500,0.02649],[-3.250,0.02518],[-3.000,0.02359],[-2.750,0.02224],[-2.500,0.02032],[-2.250,0.01860],[-2.000,0.01474],[-1.750,0.01400],[-1.500,0.01340],[-1.250,0.01283],[-1.000,0.01240],[-0.750,0.01290],[-0.500,0.01082],[-0.250,0.01054],[0.000,0.01036],[0.250,0.00998],[0.500,0.00983],[0.750,0.00970],[1.000,0.00888],[1.250,0.00872],[1.500,0.00863],[1.750,0.00860],[2.000,0.00862],[2.250,0.00866],[2.500,0.00871],[2.750,0.00875],[3.000,0.00884],[3.250,0.00895],[3.500,0.00907],[3.750,0.00771],[4.000,0.00792],[4.250,0.00817],[4.500,0.00839],[4.750,0.00859],[5.000,0.00880],[5.250,0.00903],[5.500,0.00927],[5.750,0.00952],[6.000,0.00986],[6.250,0.01228],[6.500,0.01277],[6.750,0.01316],[7.000,0.01355],[7.250,0.01405],[7.500,0.01477],[7.750,0.01520],[8.000,0.01569],[8.250,0.01616],[8.500,0.01675],[8.750,0.01796],[9.000,0.01893],[9.250,0.01954],[9.500,0.02034],[9.750,0.02122],[10.000,0.02205],[10.250,0.02294],[10.500,0.02378],[10.750,0.02456],[11.000,0.02575],[11.250,0.02768],[11.500,0.03082],[11.750,0.03297],[12.000,0.03472],[12.250,0.03663],[12.500,0.03914],[12.750,0.04165],[13.000,0.04445],[13.250,0.04743],[13.500,0.05051],[13.750,0.05378],[14.000,0.05716],[14.250,0.06058],[14.500,0.06433],[14.750,0.06821],[15.000,0.07242],[15.250,0.07686],[15.500,0.08108],[15.750,0.08609],[16.000,0.09131],[16.250,0.09622],[16.500,0.10186],[16.750,0.10796],[17.000,0.11383],[17.250,0.12017],[17.500,0.12694],[17.750,0.13393],[18.000,0.14083],[18.250,0.14829],[18.500,0.15567],[18.750,0.16509],[19.000,0.17684],],],
{"title":"Cd v Alpha","sortData":false,"legend":{"show":false,"placement":"insideGrid","location":"ne"},"series":[{"showLabel":true,"index":0,"showLine":true,"trendline":{"type":"none","show":false},"color":"#4bb2c5"},{"showLabel":true,"index":0,"showLine":true,"trendline":{"type":"none","show":false},"color":"#EAA228"},{"showLabel":true,"index":0,"showLine":true,"trendline":{"type":"none","show":false},"color":"#839557"},{"showLabel":true,"index":0,"showLine":true,"trendline":{"type":"none","show":false},"color":"#953579"},{"showLabel":true,"index":0,"showLine":true,"trendline":{"type":"none","show":false},"color":"#d8b83f"}],"show":"$.jqplot.config.enablePlugins","axes":{"xaxis":{"max":20,"min":-10,"tickInterval":5,"tickOptions":{"formatString":"%.1f"},"forceTickAt0":true,"rendererOptions":{"forceTickAt0":true}},"yaxis":{"max":0.18,"min":0,"tickInterval":0.02,"tickOptions":{"formatString":"%.2f"},"forceTickAt0":true,"rendererOptions":{"forceTickAt0":true}}},"seriesDefaults":{"lineWidth":1,"showLabel":true,"markerOptions":{"size":5,"show":false}}});
jqplots.push(p);

var p = $.jqplot('effaoa',[[[-8.250,-2.6924140473776],[-8.000,-2.7504621072089],[-7.750,-2.8331343557719],[-7.500,-2.8296486379787],[-7.250,-2.8911667169129],[-7.000,-2.9577039274924],[-6.750,-3.0052920822308],[-6.500,-3.0665370490387],[-6.250,-3.1164685160722],[-6.000,-3.0840409318528],[-5.750,-3.2457262472381],[-5.500,-3.2912748482324],[-5.250,-3.3014180099382],[-5.000,-3.4204215574909],[-4.750,-3.3873873873874],[-4.500,-3.5074826296098],[-4.250,-3.5337101888874],[-3.750,-3.4233576642336],[-3.000,-3.3953033268102],[-2.750,-3.2542486959448],[-2.500,-3.3462282398453],[-2.250,-3.3090379008746],[-1.500,-3.4967795553709],[-1.250,-3.4143109540636],[-1.000,-3.1977427698095],[-0.750,-2.6516290726817],[-0.500,6.9245182012848],[-0.250,9.0185081323612],[0.000,11.002044989775],[0.250,13.107121119903],[0.500,15.577841451767],[0.750,18.325550366911],[1.000,20.53195164076],[1.250,22.697391925688],[1.500,25.206550055824],[1.750,29.048197650871],[2.000,29.95578778135],[2.250,31.127608346709],[2.500,32.362615322904],[2.750,32.645440251572],[3.000,33.241566498643],[3.250,33.844682478959],[3.500,33.865076407007],[3.750,33.769481696267],[4.000,33.707231040564],[4.250,33.545734840699],[4.500,33.207422133863],[4.750,32.823303457106],[5.000,32.831720262254],[5.250,31.814396192742],[5.500,30.86524822695],[5.750,30.827109266943],[6.000,28.882035466461],[6.250,28.521371769384],[6.500,26.252852578731],[6.750,25.403875462661],[7.000,23.718623481781],[7.250,19.971944590566],[7.500,16.201225893258],[7.750,13.585029546947],[8.000,12.349653748026],[8.250,11.682178559118],[8.500,34.925449871465],[8.750,38.43933875035],[9.000,39.286532951289],[9.250,38.278182837914],[9.500,36.016454352442],[9.750,33.060068931561],[10.000,30.289096289552],[10.250,27.810326659642],[10.500,25.667841754798],[10.750,23.858397365532],[11.000,22.195414099932],[11.250,21.063139100795],[11.500,20.273759527143],[11.750,20.870172173104],[12.000,20.605787974209],[12.250,19.787264420331],[12.500,18.815326292987],[12.750,17.757870488866],[13.000,16.602818937477],[13.250,15.375846501129],[13.500,14.121052631579],[13.750,12.884803442206],[14.000,11.702744316638],[14.250,10.618608549874],[14.500,9.7016204425055],[14.750,8.9643352053096],[15.000,6.9053631553632],],[[-7.250,-2.9350814125608],[-7.000,-3.0104768013684],[-6.750,-3.0378796008155],[-6.500,-3.0096982758621],[-6.250,-3.0649466192171],[-6.000,-3.2987258140632],[-5.750,-3.4110040258631],[-5.500,-3.4970555068287],[-5.250,-3.5689500064259],[-5.000,-3.6131242587956],[-4.750,-3.0586996578047],[-4.500,-3.4055338177753],[-4.250,-3.2989536621824],[-4.000,-2.1974675428755],[-3.750,-2.0384482161413],[-3.500,-1.047619047619],[-3.250,0.015961691939346],[-3.000,0.60907127429806],[-2.750,1.9166861689679],[-2.500,3.3174762143215],[-2.250,4.6141392336751],[-2.000,6.4943363345919],[-0.750,19.618025751073],[-0.500,22.762482501167],[-0.250,25.825436408978],[0.000,28.233779608651],[0.250,31.307650569723],[0.500,34.01916572717],[0.750,36.676367869616],[1.000,39.25881649731],[1.250,41.483282674772],[1.500,43.630769230769],[1.750,45.704531346989],[2.000,53.114186851211],[2.250,53.76526458616],[2.500,54.375],[2.750,54.925081433225],[3.000,55.338010204082],[3.250,55.717852684145],[3.500,56.053756872327],[3.750,56.213476446035],[4.000,56.244186046512],[4.250,56.183465458664],[4.500,56.013215859031],[4.750,55.754010695187],[5.000,55.378630705394],[5.250,54.876946258162],[5.500,54.35860058309],[5.750,53.781749764817],[6.000,53.202911737944],[6.250,53.258928571429],[6.500,54.076546506453],[6.750,54.699115044248],[7.000,55.254833040422],[7.250,56.008771929825],[7.500,56.993838028169],[7.750,57.803264225849],[8.000,57.769063180828],[8.250,54.047909053999],[8.500,48.29224075417],[8.750,45.457937584803],[9.000,43.260590500642],[9.250,41.162153939763],[9.500,39.033189033189],[9.750,36.825006825007],[10.000,34.426776096435],[10.250,31.954022988506],[10.500,30.460031883398],[10.750,29.3291221956],[11.000,28.694648478489],[11.250,28.252466277431],[11.500,27.380136986301],[11.750,26.212666426772],[12.000,24.954003407155],[12.250,23.601286173633],[12.500,22.213139570088],[12.750,20.832977360103],[13.000,19.467218587261],[13.250,18.252571570207],[13.500,17.425932589661],[13.750,16.32270597646],[14.000,15.055394213187],],[[-7.000,-3.1955182072829],[-6.750,-3.2805507745267],[-6.500,-3.384903891233],[-6.250,-3.5],[-6.000,-3.6152813377273],[-5.750,-3.6442489000629],[-5.500,-2.9316353887399],[-5.250,-2.5179750550257],[-5.000,-2.4497171590195],[-4.750,-2.0502092050209],[-4.500,-1.4483129935391],[-4.250,-0.17526188557615],[-4.000,0.38685973633024],[-3.750,1.3700860665271],[-3.500,3.096168881939],[-3.250,4.1599331290053],[-3.000,6.0932768019382],[-2.750,7.6050281177638],[-2.500,9.5186226282502],[-2.250,11.230945121951],[-2.000,13.220958570268],[-1.500,17.253199268739],[-1.250,19.507484307098],[-1.000,21.831557584982],[-0.500,26.828587381351],[-0.250,33.709677419355],[0.000,37.164078325456],[0.250,41.192857142857],[0.500,44.758723088344],[0.750,48.03666921314],[1.000,51.092896174863],[1.250,53.898573692552],[1.500,56.328810853951],[1.750,59.11883589329],[2.000,61.23786407767],[2.500,75.069124423963],[2.750,75.794223826715],[3.000,76.269841269841],[3.250,76.509028374893],[3.500,76.608040201005],[3.750,76.639477977162],[4.000,76.478984932593],[4.250,76.143187066975],[4.500,75.777279521674],[5.000,75.187279151943],[5.250,74.742621825669],[5.500,74.574681848627],[5.750,74.809210526316],[6.000,75.26588845655],[6.250,75.632183908046],[6.500,75.825486503453],[6.750,75.991352686844],[7.000,76.017000607165],[7.250,74.493263034564],[7.750,60.582706766917],[8.000,58.047153024911],[8.250,56.044142614601],[8.500,53.708182184603],[8.750,51.051028179741],[9.000,48.277099784637],[9.250,45.490527740189],[9.500,42.657986662433],[9.750,40.10137149672],[10.000,37.686733556299],[10.250,35.769130321233],[10.500,34.74930713026],[10.750,33.601449275362],[11.000,32.299245024022],[11.250,30.799571275456],[11.500,28.670873972079],[11.750,28.399847966553],],[[-7.250,-3.3197923719251],[-7.000,-3.4522307604083],[-6.750,-3.3080716949356],[-5.250,-1.3281107669885],[-5.000,-0.7918683446273],[-4.750,-0.083211982525484],[-4.500,1.0580438756856],[-4.250,2.4450063211125],[-4.000,3.6129032258065],[-3.750,4.5463020509633],[-3.500,5.6258234519104],[-3.250,6.9534555712271],[-3.000,8.6457164234942],[-2.750,11.502222222222],[-2.500,13.353860729512],[-2.250,15.256346441015],[-2.000,17.514481305951],[-1.750,18.717683557394],[-1.500,23.475091130012],[-1.250,26.045483259634],[-1.000,26.01179941003],[-0.750,32.274618585298],[0.500,54.7],[0.750,60.833333333333],[1.000,65.259481037924],[1.250,69.095528455285],[1.500,72.410256410256],[1.750,75.308641975309],[2.000,77.74358974359],[2.250,79.918450560652],[2.500,81.911021233569],[2.750,83.703703703704],[3.000,88.28893442623],[3.250,102.81933256617],[3.500,103.30337078652],[3.750,103.51588170865],[4.000,103.71794871795],[4.250,103.78125],[4.500,103.61054766734],[4.750,103.33662388944],[5.000,103.05769230769],[5.500,102.64409881061],[5.750,102.5939177102],[6.000,102.25130890052],[6.250,101.34745762712],[6.500,95.451688923802],[6.750,80.746367239102],[7.000,79.24252068746],[7.250,77.556644213105],[7.500,74.564965197216],[7.750,71.219245489338],[8.000,69.500525762355],[8.250,67.340372046254],[8.500,64.992805755396],[8.750,62.810637322329],[9.000,60.191721132898],[9.250,55.774818401937],[9.750,49.293865905849],[10.000,47.724776938916],[10.250,45.60091443501],[10.500,43.459392436454],[10.750,41.423529411765],[11.000,39.462095875139],[11.250,37.662612374405],[11.500,36.045283018868],[11.750,34.557235421166],[12.000,33.184947223497],[12.250,31.796276013143],[12.500,30.336658354115],[12.750,28.881449389523],[13.000,27.38976744186],[13.250,22.362389158441],[13.500,20.125852918878],[13.750,18.048713361772],[14.000,16.314992428067],],[[-8.000,-3.0620985010707],[-7.750,-3.1653888280394],[-7.500,-3.24783440207],[-7.250,-3.1381399216059],[-7.000,-3.021709122851],[-6.750,-2.964238410596],[-6.500,-2.7868174296746],[-6.250,-2.5134077402522],[-5.250,-0.25453786772376],[-5.000,0.19527012367108],[-4.750,0.73650503202196],[-4.500,1.6679076693969],[-4.250,2.6384364820847],[-4.000,3.7518729397663],[-3.750,5.3984853948792],[-3.500,6.5118912797282],[-3.250,7.8276409849087],[-3.000,9.4743535396354],[-2.750,11.447841726619],[-2.500,13.937007874016],[-2.250,16.688172043011],[-2.000,22.788331071913],[-1.750,25.864285714286],[-1.500,29],[-1.250,32.377240841777],[-1.000,35.693548387097],[-0.750,36.449612403101],[-0.500,45.859519408503],[-0.250,49.592030360531],[0.000,53.030888030888],[0.250,57.685370741483],[0.500,61.261444557477],[0.750,64.824742268041],[1.000,73.84009009009],[1.250,78.233944954128],[1.500,82.120509849363],[1.750,85.5],[2.000,88.38747099768],[2.250,91.039260969977],[2.500,93.570608495982],[2.750,96.182857142857],[3.000,98.201357466063],[3.250,99.932960893855],[3.500,101.51047409041],[3.750,123.35927367056],[4.000,123.35858585859],[4.250,122.71725826193],[4.500,122.56257449344],[4.750,122.71245634459],[5.000,122.70454545455],[5.250,122.41417497231],[5.500,121.97411003236],[5.750,121.42857142857],[6.000,119.70588235294],[6.250,96.701954397394],[6.500,94.808144087706],[6.750,93.806990881459],[7.000,92.856088560886],[7.250,91.167259786477],[7.500,88.13134732566],[7.750,87.138157894737],[8.000,85.825366475462],[8.250,84.690594059406],[8.500,82.937313432836],[8.750,78.129175946548],[9.000,74.939249867935],[9.250,73.561924257932],[9.500,71.455260570305],[9.750,69.142318567389],[10.000,67.160997732426],[10.250,64.98256320837],[10.500,63.010933557611],[10.750,61.384364820847],[11.000,58.656310679612],[11.250,54.331647398844],[11.500,48.225178455548],[11.750,45.047012435547],[12.000,42.906105990783],[12.250,40.780780780781],[12.500,38.160449667859],[12.750,35.887154861945],[13.000,33.617547806524],[13.250,31.486401012018],[13.500,29.546624430806],[13.750,27.71662328003],[14.000,26.040937718684],[14.250,24.542753383955],[14.500,23.059225866625],[14.750,21.696232224014],[15.000,20.367301850318],[15.250,19.12047879261],[15.500,18.085841144549],[15.750,16.948542223255],[16.000,15.896396889716],[16.250,15.035335689046],[16.500,14.122324759474],[16.750,13.231752500926],[17.000,12.477378546956],[17.250,11.738370641591],[17.500,11.025681424295],[17.750,10.364369446726],[18.000,9.7834268266705],[18.250,9.2110054622699],[18.500,8.7043104002056],[18.750,8.1004300684475],[19.000,7.4242252883963],],],
{"title":"Cl\/Cd v Alpha","sortData":false,"legend":{"show":false,"placement":"insideGrid","location":"ne"},"series":[{"showLabel":true,"index":0,"showLine":true,"trendline":{"type":"none","show":false},"color":"#4bb2c5"},{"showLabel":true,"index":0,"showLine":true,"trendline":{"type":"none","show":false},"color":"#EAA228"},{"showLabel":true,"index":0,"showLine":true,"trendline":{"type":"none","show":false},"color":"#839557"},{"showLabel":true,"index":0,"showLine":true,"trendline":{"type":"none","show":false},"color":"#953579"},{"showLabel":true,"index":0,"showLine":true,"trendline":{"type":"none","show":false},"color":"#d8b83f"}],"show":"$.jqplot.config.enablePlugins","axes":{"xaxis":{"max":20,"min":-10,"tickInterval":5,"tickOptions":{"formatString":"%.1f"},"forceTickAt0":true,"rendererOptions":{"forceTickAt0":true}},"yaxis":{"max":140,"min":-20,"tickInterval":20,"tickOptions":{"formatString":"%d"},"forceTickAt0":true,"rendererOptions":{"forceTickAt0":true}}},"seriesDefaults":{"lineWidth":1,"showLabel":true,"markerOptions":{"size":5,"show":false}}});
jqplots.push(p);

});
/*]]>*/
</script>
</body>
</html>